; Calibration constants for run   52446,  34833 events processed

hcal_pos_gain_cor= 0.471, 0.311, 0.442, 0.421, 0.305, 0.430, 0.403, 0.378, 0.404, 0.421, 0.294, 0.361, 0.394,
                   0.344, 0.287, 0.304, 0.343, 0.336, 0.345, 0.338, 0.393, 0.315, 0.362, 0.368, 0.593, 0.079,
                   0.576, 0.639, 0.609, 0.852, 0.616, 0.687, 0.558, 0.600, 0.891, 0.711, 0.514, 0.627, 0.749,
                  -0.270, 0.356, 0.452, 0.550, 0.586, 0.703, 0.655, 0.670, 0.778, 0.540, 0.642, 0.619,-0.249,
hcal_neg_gain_cor= 0.440, 0.340, 0.306, 0.384, 0.325, 0.159, 0.419, 0.481, 0.336, 0.341, 0.350, 0.298, 0.176,
                   0.510, 0.476, 0.460, 0.578, 0.490, 0.455, 0.421, 0.420, 0.446, 0.351, 0.394, 0.394, 0.707,
                   0.000, 0.000, 0.000, 0.000, 0.000, 0.000, 0.000, 0.000, 0.000, 0.000, 0.000, 0.000, 0.000,
                   0.000, 0.000, 0.000, 0.000, 0.000, 0.000, 0.000, 0.000, 0.000, 0.000, 0.000, 0.000, 0.000,
