; Calibration constants for run   52431,  60124 events processed

hcal_pos_gain_cor= 0.693, 0.342, 0.409, 0.369, 0.354, 0.394, 0.486, 0.449, 0.412, 0.438, 0.373, 0.463, 0.788,
                   0.249, 0.434, 0.250, 0.299, 0.376, 0.369, 0.318, 0.381, 0.295, 0.332, 0.403, 0.591, 0.287,
                   0.693, 0.625, 0.581, 0.855, 0.612, 0.723, 0.594, 0.611, 0.887, 0.692, 0.492, 0.561, 0.867,
                   1.132, 0.720, 0.738, 0.907, 0.803, 1.010, 1.091, 0.902, 1.092, 0.744, 0.916, 0.970, 0.949,
hcal_neg_gain_cor= 0.259, 0.317, 0.339, 0.396, 0.273, 0.185, 0.293, 0.389, 0.327, 0.326, 0.255, 0.175,-0.303,
                   0.563, 0.314, 0.515, 0.649, 0.438, 0.405, 0.474, 0.419, 0.413, 0.396, 0.379, 0.374, 0.169,
                   0.000, 0.000, 0.000, 0.000, 0.000, 0.000, 0.000, 0.000, 0.000, 0.000, 0.000, 0.000, 0.000,
                   0.000, 0.000, 0.000, 0.000, 0.000, 0.000, 0.000, 0.000, 0.000, 0.000, 0.000, 0.000, 0.000,
