; Calibration constants for run   52437,  30901 events processed

hcal_pos_gain_cor= 0.483, 0.445, 0.363, 0.368, 0.305, 0.458, 0.373, 0.394, 0.508, 0.464, 0.375, 0.448, 0.689,
                   0.529, 0.327, 0.249, 0.267, 0.355, 0.428, 0.223, 0.400, 0.258, 0.271, 0.417, 0.687, 0.231,
                   0.659, 0.614, 0.579, 0.845, 0.571, 0.704, 0.558, 0.569, 0.886, 0.679, 0.480, 0.547, 0.861,
                  -0.031, 0.538, 0.609, 0.731, 0.759, 0.827, 0.986, 0.856, 1.005, 0.653, 0.871, 0.863, 0.387,
hcal_neg_gain_cor= 0.377, 0.192, 0.357, 0.383, 0.300, 0.129, 0.433, 0.448, 0.199, 0.262, 0.218, 0.164,-0.218,
                   0.390, 0.404, 0.476, 0.669, 0.427, 0.343, 0.557, 0.382, 0.440, 0.412, 0.328, 0.303, 0.223,
                   0.000, 0.000, 0.000, 0.000, 0.000, 0.000, 0.000, 0.000, 0.000, 0.000, 0.000, 0.000, 0.000,
                   0.000, 0.000, 0.000, 0.000, 0.000, 0.000, 0.000, 0.000, 0.000, 0.000, 0.000, 0.000, 0.000,
