; Slop in x position.  Allowed distance between track and edge of block (in cm)
; too tight djm hcal_slop = 7.5
hcal_slop = 7.5

;Turn on HMS cal. fiducial volume cut. 0="no cut"
;Default hcal_fv_test=0
hcal_fv_test = 0

hcal_pos_cal_const =0.001,0.001,0.001,0.001,0.001,0.001,0.001,0.001,0.001,0.001,0.001,0.001,0.001
                    0.001,0.001,0.001,0.001,0.001,0.001,0.001,0.001,0.001,0.001,0.001,0.001,0.001
                    0.001,0.001,0.001,0.001,0.001,0.001,0.001,0.001,0.001,0.001,0.001,0.001,0.001
                    0.001,0.001,0.001,0.001,0.001,0.001,0.001,0.001,0.001,0.001,0.001,0.001,0.001

hcal_neg_cal_const =0.001,0.001,0.001,0.001,0.001,0.001,0.001,0.001,0.001,0.001,0.001,0.001,0.001
                    0.001,0.001,0.001,0.001,0.001,0.001,0.001,0.001,0.001,0.001,0.001,0.001,0.001
                    0.001,0.001,0.001,0.001,0.001,0.001,0.001,0.001,0.001,0.001,0.001,0.001,0.001
                    0.001,0.001,0.001,0.001,0.001,0.001,0.001,0.001,0.001,0.001,0.001,0.001,0.001

hcal_pos_gain_ini  =1.000,1.000,1.000,1.000,1.000,1.000,1.000,1.000,1.000,1.000,1.000,1.000,1.000
                    1.000,1.000,1.000,1.000,1.000,1.000,1.000,1.000,1.000,1.000,1.000,1.000,1.000
                    1.000,1.000,1.000,1.000,1.000,1.000,1.000,1.000,1.000,1.000,1.000,1.000,1.000
                    1.000,1.000,1.000,1.000,1.000,1.000,1.000,1.000,1.000,1.000,1.000,1.000,1.000

hcal_neg_gain_ini  =1.000,1.000,1.000,1.000,1.000,1.000,1.000,1.000,1.000,1.000,1.000,1.000,1.000
                    1.000,1.000,1.000,1.000,1.000,1.000,1.000,1.000,1.000,1.000,1.000,1.000,1.000
                    1.000,1.000,1.000,1.000,1.000,1.000,1.000,1.000,1.000,1.000,1.000,1.000,1.000
                    1.000,1.000,1.000,1.000,1.000,1.000,1.000,1.000,1.000,1.000,1.000,1.000,1.000

hcal_neg_gain_cur  =1.000,1.000,1.000,1.000,1.000,1.000,1.000,1.000,1.000,1.000,1.000,1.000,1.000
                    1.000,1.000,1.000,1.000,1.000,1.000,1.000,1.000,1.000,1.000,1.000,1.000,1.000
                    1.000,1.000,1.000,1.000,1.000,1.000,1.000,1.000,1.000,1.000,1.000,1.000,1.000
                    1.000,1.000,1.000,1.000,1.000,1.000,1.000,1.000,1.000,1.000,1.000,1.000,1.000

;>>>>>>>>>>>>>>>>>>>>>>>>>>>>>>>>>>>>>>>>>>>>>>>>>>>>>>>>>>>>>>>>>>>>>>>>>>>>>>>>>>>>>>>>>>>>>>>>>>>>>>

hcal_pos_ped_limit =1000,1000,1000,1000,1000,1000,1000,1000,1000,1000,1000,1000,1000
                    1000,1000,1000,1000,1000,1000,1000,1000,1000,1000,1000,1000,1000
                    1000,1000,1000,1000,1000,1000,1000,1000,1000,1000,1000,1000,1000
                    1000,1000,1000,1000,1000,1000,1000,1000,1000,1000,1000,1000,1000

hcal_neg_ped_limit =1000,1000,1000,1000,1000,1000,1000,1000,1000,1000,1000,1000,1000
                    1000,1000,1000,1000,1000,1000,1000,1000,1000,1000,1000,1000,1000
                    1000,1000,1000,1000,1000,1000,1000,1000,1000,1000,1000,1000,1000
                    1000,1000,1000,1000,1000,1000,1000,1000,1000,1000,1000,1000,1000

;>>>>>>>>>>>>>>>>>>>>>>>>>>>>>>>>>>>>>>>>>>>>>>>>>>>>>>>>>>>>>>>>>>>>>>>>>>>>>>>>>>>>>>>>>>>>>>>>>>>>>>
 
; Calibration constants for run   52860, 166606 events processed

hcal_pos_gain_cor= 0.537, 0.439, 0.458, 0.422, 0.198, 0.650, 0.720, 0.356, 0.593, 0.422, 0.498, 0.519, 0.472,
                   0.433, 0.459, 0.285, 0.414, 0.519, 0.591, 0.249, 0.500, 0.295, 0.216, 0.380, 0.733, 0.188,
                   0.634, 0.635, 0.606, 0.886, 0.642, 0.711, 0.492, 0.555, 0.769, 0.753, 0.511, 0.596, 0.800,
                   0.930, 0.650, 0.651, 0.816, 0.750, 0.912, 0.965, 0.858, 0.938, 0.651, 0.792, 0.832, 0.629,
hcal_neg_gain_cor= 0.338, 0.226, 0.271, 0.372, 0.412, 0.015,-0.069, 0.485, 0.168, 0.288, 0.116, 0.113, 0.100,
                   0.359, 0.342, 0.471, 0.522, 0.247, 0.216, 0.492, 0.287, 0.476, 0.442, 0.302, 0.340, 0.459,
                   0.000, 0.000, 0.000, 0.000, 0.000, 0.000, 0.000, 0.000, 0.000, 0.000, 0.000, 0.000, 0.000,
                   0.000, 0.000, 0.000, 0.000, 0.000, 0.000, 0.000, 0.000, 0.000, 0.000, 0.000, 0.000, 0.000,
