; Slop in x position.  Allowed distance between track and edge of block (in cm)
; too tight djm hcal_slop = 7.5
hcal_slop = 7.5

;Turn on HMS cal. fiducial volume cut. 0="no cut"
;Default hcal_fv_test=0
hcal_fv_test = 0

hcal_pos_cal_const =0.001,0.001,0.001,0.001,0.001,0.001,0.001,0.001,0.001,0.001,0.001,0.001,0.001
                    0.001,0.001,0.001,0.001,0.001,0.001,0.001,0.001,0.001,0.001,0.001,0.001,0.001
                    0.001,0.001,0.001,0.001,0.001,0.001,0.001,0.001,0.001,0.001,0.001,0.001,0.001
                    0.001,0.001,0.001,0.001,0.001,0.001,0.001,0.001,0.001,0.001,0.001,0.001,0.001

hcal_neg_cal_const =0.001,0.001,0.001,0.001,0.001,0.001,0.001,0.001,0.001,0.001,0.001,0.001,0.001
                    0.001,0.001,0.001,0.001,0.001,0.001,0.001,0.001,0.001,0.001,0.001,0.001,0.001
                    0.001,0.001,0.001,0.001,0.001,0.001,0.001,0.001,0.001,0.001,0.001,0.001,0.001
                    0.001,0.001,0.001,0.001,0.001,0.001,0.001,0.001,0.001,0.001,0.001,0.001,0.001

hcal_pos_gain_ini  =1.000,1.000,1.000,1.000,1.000,1.000,1.000,1.000,1.000,1.000,1.000,1.000,1.000
                    1.000,1.000,1.000,1.000,1.000,1.000,1.000,1.000,1.000,1.000,1.000,1.000,1.000
                    1.000,1.000,1.000,1.000,1.000,1.000,1.000,1.000,1.000,1.000,1.000,1.000,1.000
                    1.000,1.000,1.000,1.000,1.000,1.000,1.000,1.000,1.000,1.000,1.000,1.000,1.000

hcal_neg_gain_ini  =1.000,1.000,1.000,1.000,1.000,1.000,1.000,1.000,1.000,1.000,1.000,1.000,1.000
                    1.000,1.000,1.000,1.000,1.000,1.000,1.000,1.000,1.000,1.000,1.000,1.000,1.000
                    1.000,1.000,1.000,1.000,1.000,1.000,1.000,1.000,1.000,1.000,1.000,1.000,1.000
                    1.000,1.000,1.000,1.000,1.000,1.000,1.000,1.000,1.000,1.000,1.000,1.000,1.000

hcal_neg_gain_cur  =1.000,1.000,1.000,1.000,1.000,1.000,1.000,1.000,1.000,1.000,1.000,1.000,1.000
                    1.000,1.000,1.000,1.000,1.000,1.000,1.000,1.000,1.000,1.000,1.000,1.000,1.000
                    1.000,1.000,1.000,1.000,1.000,1.000,1.000,1.000,1.000,1.000,1.000,1.000,1.000
                    1.000,1.000,1.000,1.000,1.000,1.000,1.000,1.000,1.000,1.000,1.000,1.000,1.000

;>>>>>>>>>>>>>>>>>>>>>>>>>>>>>>>>>>>>>>>>>>>>>>>>>>>>>>>>>>>>>>>>>>>>>>>>>>>>>>>>>>>>>>>>>>>>>>>>>>>>>>

hcal_pos_ped_limit =1000,1000,1000,1000,1000,1000,1000,1000,1000,1000,1000,1000,1000
                    1000,1000,1000,1000,1000,1000,1000,1000,1000,1000,1000,1000,1000
                    1000,1000,1000,1000,1000,1000,1000,1000,1000,1000,1000,1000,1000
                    1000,1000,1000,1000,1000,1000,1000,1000,1000,1000,1000,1000,1000

hcal_neg_ped_limit =1000,1000,1000,1000,1000,1000,1000,1000,1000,1000,1000,1000,1000
                    1000,1000,1000,1000,1000,1000,1000,1000,1000,1000,1000,1000,1000
                    1000,1000,1000,1000,1000,1000,1000,1000,1000,1000,1000,1000,1000
                    1000,1000,1000,1000,1000,1000,1000,1000,1000,1000,1000,1000,1000

;>>>>>>>>>>>>>>>>>>>>>>>>>>>>>>>>>>>>>>>>>>>>>>>>>>>>>>>>>>>>>>>>>>>>>>>>>>>>>>>>>>>>>>>>>>>>>>>>>>>>>>
 
; Calibration constants for run   53333, 109513 events processed

hcal_pos_gain_cor= 0.315, 0.283, 0.366, 0.464, 0.311, 0.313, 0.396, 0.441, 0.384, 0.376, 0.330, 0.313, 0.281,
                   0.192, 0.426, 0.372, 0.399, 0.396, 0.378, 0.367, 0.399, 0.361, 0.354, 0.338, 0.563, 0.300,
                   0.635, 0.622, 0.625, 0.871, 0.637, 0.699, 0.508, 0.581, 0.771, 0.747, 0.508, 0.604, 0.742,
                   0.399, 0.594, 0.522, 0.647, 0.680, 0.733, 0.803, 0.669, 0.767, 0.571, 0.715, 0.717, 0.495,
hcal_neg_gain_cor= 0.568, 0.396, 0.351, 0.377, 0.315, 0.195, 0.424, 0.395, 0.366, 0.377, 0.330, 0.336, 0.361,
                   0.584, 0.434, 0.389, 0.573, 0.423, 0.421, 0.376, 0.418, 0.457, 0.353, 0.363, 0.462, 0.225,
                   0.000, 0.000, 0.000, 0.000, 0.000, 0.000, 0.000, 0.000, 0.000, 0.000, 0.000, 0.000, 0.000,
                   0.000, 0.000, 0.000, 0.000, 0.000, 0.000, 0.000, 0.000, 0.000, 0.000, 0.000, 0.000, 0.000,
