; Calibration constants for run   52432,  61115 events processed

hcal_pos_gain_cor= 0.771, 0.398, 0.399, 0.371, 0.379, 0.394, 0.529, 0.463, 0.402, 0.417, 0.349, 0.449, 0.678,
                   0.368, 0.418, 0.267, 0.304, 0.330, 0.366, 0.322, 0.379, 0.274, 0.349, 0.399, 0.571, 0.388,
                   0.647, 0.607, 0.572, 0.857, 0.624, 0.729, 0.618, 0.613, 0.875, 0.706, 0.484, 0.570, 0.859,
                   1.266, 0.749, 0.754, 0.926, 0.849, 0.991, 1.020, 0.928, 1.082, 0.751, 0.946, 0.977, 0.831,
hcal_neg_gain_cor= 0.180, 0.260, 0.346, 0.387, 0.254, 0.179, 0.233, 0.392, 0.349, 0.366, 0.291, 0.201,-0.162,
                   0.473, 0.360, 0.508, 0.660, 0.492, 0.419, 0.473, 0.421, 0.439, 0.379, 0.387, 0.397, 0.038,
                   0.000, 0.000, 0.000, 0.000, 0.000, 0.000, 0.000, 0.000, 0.000, 0.000, 0.000, 0.000, 0.000,
                   0.000, 0.000, 0.000, 0.000, 0.000, 0.000, 0.000, 0.000, 0.000, 0.000, 0.000, 0.000, 0.000,
