; Calibration constants for run   52918,  62620 events processed

hcal_pos_gain_cor= 0.823, 0.408, 0.461, 0.306, 0.104, 0.613, 0.849,-0.365, 0.848, 0.580, 0.000, 0.000, 0.000,
                   0.561, 0.160, 0.266, 0.281, 0.467, 0.506,-0.266, 0.342, 0.284, 0.073, 0.000, 0.000, 0.000,
                   0.635, 0.669, 0.635, 0.874, 0.548, 0.585, 0.437, 0.484, 0.766, 0.637, 0.000, 0.000, 0.000,
                   0.803, 0.623, 0.654, 0.728, 0.650, 0.634, 0.536, 0.589, 0.773, 0.755, 0.000, 0.000, 0.000,
hcal_neg_gain_cor= 0.106, 0.220, 0.262, 0.462, 0.477,-0.079,-0.592, 1.190,-0.181, 0.038, 0.000, 0.000, 0.000,
                   0.283, 0.617, 0.476, 0.600, 0.219, 0.272, 0.864, 0.277, 0.374, 0.552, 0.000, 0.000, 0.000,
                   0.000, 0.000, 0.000, 0.000, 0.000, 0.000, 0.000, 0.000, 0.000, 0.000, 0.000, 0.000, 0.000,
                   0.000, 0.000, 0.000, 0.000, 0.000, 0.000, 0.000, 0.000, 0.000, 0.000, 0.000, 0.000, 0.000,
