; Slop in x position.  Allowed distance between track and edge of block (in cm)
; too tight djm hcal_slop = 7.5
hcal_slop = 7.5

;Turn on HMS cal. fiducial volume cut. 0="no cut"
;Default hcal_fv_test=0
hcal_fv_test = 0

hcal_pos_cal_const =0.001,0.001,0.001,0.001,0.001,0.001,0.001,0.001,0.001,0.001,0.001,0.001,0.001
                    0.001,0.001,0.001,0.001,0.001,0.001,0.001,0.001,0.001,0.001,0.001,0.001,0.001
                    0.001,0.001,0.001,0.001,0.001,0.001,0.001,0.001,0.001,0.001,0.001,0.001,0.001
                    0.001,0.001,0.001,0.001,0.001,0.001,0.001,0.001,0.001,0.001,0.001,0.001,0.001

hcal_neg_cal_const =0.001,0.001,0.001,0.001,0.001,0.001,0.001,0.001,0.001,0.001,0.001,0.001,0.001
                    0.001,0.001,0.001,0.001,0.001,0.001,0.001,0.001,0.001,0.001,0.001,0.001,0.001
                    0.001,0.001,0.001,0.001,0.001,0.001,0.001,0.001,0.001,0.001,0.001,0.001,0.001
                    0.001,0.001,0.001,0.001,0.001,0.001,0.001,0.001,0.001,0.001,0.001,0.001,0.001

hcal_pos_gain_ini  =1.000,1.000,1.000,1.000,1.000,1.000,1.000,1.000,1.000,1.000,1.000,1.000,1.000
                    1.000,1.000,1.000,1.000,1.000,1.000,1.000,1.000,1.000,1.000,1.000,1.000,1.000
                    1.000,1.000,1.000,1.000,1.000,1.000,1.000,1.000,1.000,1.000,1.000,1.000,1.000
                    1.000,1.000,1.000,1.000,1.000,1.000,1.000,1.000,1.000,1.000,1.000,1.000,1.000

hcal_neg_gain_ini  =1.000,1.000,1.000,1.000,1.000,1.000,1.000,1.000,1.000,1.000,1.000,1.000,1.000
                    1.000,1.000,1.000,1.000,1.000,1.000,1.000,1.000,1.000,1.000,1.000,1.000,1.000
                    1.000,1.000,1.000,1.000,1.000,1.000,1.000,1.000,1.000,1.000,1.000,1.000,1.000
                    1.000,1.000,1.000,1.000,1.000,1.000,1.000,1.000,1.000,1.000,1.000,1.000,1.000

hcal_neg_gain_cur  =1.000,1.000,1.000,1.000,1.000,1.000,1.000,1.000,1.000,1.000,1.000,1.000,1.000
                    1.000,1.000,1.000,1.000,1.000,1.000,1.000,1.000,1.000,1.000,1.000,1.000,1.000
                    1.000,1.000,1.000,1.000,1.000,1.000,1.000,1.000,1.000,1.000,1.000,1.000,1.000
                    1.000,1.000,1.000,1.000,1.000,1.000,1.000,1.000,1.000,1.000,1.000,1.000,1.000

;>>>>>>>>>>>>>>>>>>>>>>>>>>>>>>>>>>>>>>>>>>>>>>>>>>>>>>>>>>>>>>>>>>>>>>>>>>>>>>>>>>>>>>>>>>>>>>>>>>>>>>

hcal_pos_ped_limit =1000,1000,1000,1000,1000,1000,1000,1000,1000,1000,1000,1000,1000
                    1000,1000,1000,1000,1000,1000,1000,1000,1000,1000,1000,1000,1000
                    1000,1000,1000,1000,1000,1000,1000,1000,1000,1000,1000,1000,1000
                    1000,1000,1000,1000,1000,1000,1000,1000,1000,1000,1000,1000,1000

hcal_neg_ped_limit =1000,1000,1000,1000,1000,1000,1000,1000,1000,1000,1000,1000,1000
                    1000,1000,1000,1000,1000,1000,1000,1000,1000,1000,1000,1000,1000
                    1000,1000,1000,1000,1000,1000,1000,1000,1000,1000,1000,1000,1000
                    1000,1000,1000,1000,1000,1000,1000,1000,1000,1000,1000,1000,1000

;>>>>>>>>>>>>>>>>>>>>>>>>>>>>>>>>>>>>>>>>>>>>>>>>>>>>>>>>>>>>>>>>>>>>>>>>>>>>>>>>>>>>>>>>>>>>>>>>>>>>>>
 
; Calibration constants for run   52550,  71730 events processed

hcal_pos_gain_cor= 0.744, 0.542, 0.581, 0.435, 0.160, 0.613, 0.796, 0.295, 0.623, 0.596, 0.623, 0.617, 0.438,
                   0.577, 0.571, 0.254, 0.346, 0.628, 0.749, 0.211, 0.575, 0.291, 0.159, 0.462, 0.737, 0.110,
                   0.689, 0.641, 0.628, 0.864, 0.666, 0.706, 0.597, 0.587, 0.901, 0.778, 0.543, 0.623, 0.937,
                   1.247, 0.743, 0.672, 0.870, 0.855, 0.999, 1.058, 0.918, 1.062, 0.710, 0.896, 0.940, 0.683,
hcal_neg_gain_cor= 0.199, 0.165, 0.212, 0.357, 0.486, 0.053,-0.200, 0.604, 0.141, 0.216,-0.012, 0.022, 0.143,
                   0.234, 0.307, 0.499, 0.568, 0.151, 0.102, 0.577, 0.230, 0.470, 0.527, 0.290, 0.270, 0.670,
                   0.000, 0.000, 0.000, 0.000, 0.000, 0.000, 0.000, 0.000, 0.000, 0.000, 0.000, 0.000, 0.000,
                   0.000, 0.000, 0.000, 0.000, 0.000, 0.000, 0.000, 0.000, 0.000, 0.000, 0.000, 0.000, 0.000,
