; Calibration constants for run   52430, 105668 events processed

hcal_pos_gain_cor= 0.621, 0.351, 0.392, 0.445, 0.212, 0.534, 0.496, 0.384, 0.435, 0.455, 0.391, 0.547, 0.953,
                   0.602, 0.252, 0.166, 0.247, 0.376, 0.362, 0.204, 0.366, 0.243, 0.278, 0.407, 0.787, 0.147,
                   0.628, 0.562, 0.544, 0.812, 0.564, 0.691, 0.567, 0.578, 0.910, 0.675, 0.461, 0.534, 0.686,
                   1.297, 0.713, 0.723, 0.909, 0.775, 1.007, 1.107, 0.895, 1.122, 0.712, 0.966, 0.991, 1.159,
hcal_neg_gain_cor= 0.343, 0.271, 0.328, 0.314, 0.387, 0.094, 0.196, 0.446, 0.266, 0.278, 0.205, 0.065,-0.380,
                   0.234, 0.499, 0.578, 0.673, 0.386, 0.383, 0.586, 0.410, 0.451, 0.411, 0.343, 0.202, 0.100,
                   0.000, 0.000, 0.000, 0.000, 0.000, 0.000, 0.000, 0.000, 0.000, 0.000, 0.000, 0.000, 0.000,
                   0.000, 0.000, 0.000, 0.000, 0.000, 0.000, 0.000, 0.000, 0.000, 0.000, 0.000, 0.000, 0.000,
