; Slop in x position.  Allowed distance between track and edge of block (in cm)
; too tight djm hcal_slop = 7.5
hcal_slop = 7.5

;Turn on HMS cal. fiducial volume cut. 0="no cut"
;Default hcal_fv_test=0
hcal_fv_test = 0

hcal_pos_cal_const =0.001,0.001,0.001,0.001,0.001,0.001,0.001,0.001,0.001,0.001,0.001,0.001,0.001
                    0.001,0.001,0.001,0.001,0.001,0.001,0.001,0.001,0.001,0.001,0.001,0.001,0.001
                    0.001,0.001,0.001,0.001,0.001,0.001,0.001,0.001,0.001,0.001,0.001,0.001,0.001
                    0.001,0.001,0.001,0.001,0.001,0.001,0.001,0.001,0.001,0.001,0.001,0.001,0.001

hcal_neg_cal_const =0.001,0.001,0.001,0.001,0.001,0.001,0.001,0.001,0.001,0.001,0.001,0.001,0.001
                    0.001,0.001,0.001,0.001,0.001,0.001,0.001,0.001,0.001,0.001,0.001,0.001,0.001
                    0.001,0.001,0.001,0.001,0.001,0.001,0.001,0.001,0.001,0.001,0.001,0.001,0.001
                    0.001,0.001,0.001,0.001,0.001,0.001,0.001,0.001,0.001,0.001,0.001,0.001,0.001

hcal_pos_gain_ini  =1.000,1.000,1.000,1.000,1.000,1.000,1.000,1.000,1.000,1.000,1.000,1.000,1.000
                    1.000,1.000,1.000,1.000,1.000,1.000,1.000,1.000,1.000,1.000,1.000,1.000,1.000
                    1.000,1.000,1.000,1.000,1.000,1.000,1.000,1.000,1.000,1.000,1.000,1.000,1.000
                    1.000,1.000,1.000,1.000,1.000,1.000,1.000,1.000,1.000,1.000,1.000,1.000,1.000

hcal_neg_gain_ini  =1.000,1.000,1.000,1.000,1.000,1.000,1.000,1.000,1.000,1.000,1.000,1.000,1.000
                    1.000,1.000,1.000,1.000,1.000,1.000,1.000,1.000,1.000,1.000,1.000,1.000,1.000
                    1.000,1.000,1.000,1.000,1.000,1.000,1.000,1.000,1.000,1.000,1.000,1.000,1.000
                    1.000,1.000,1.000,1.000,1.000,1.000,1.000,1.000,1.000,1.000,1.000,1.000,1.000

hcal_neg_gain_cur  =1.000,1.000,1.000,1.000,1.000,1.000,1.000,1.000,1.000,1.000,1.000,1.000,1.000
                    1.000,1.000,1.000,1.000,1.000,1.000,1.000,1.000,1.000,1.000,1.000,1.000,1.000
                    1.000,1.000,1.000,1.000,1.000,1.000,1.000,1.000,1.000,1.000,1.000,1.000,1.000
                    1.000,1.000,1.000,1.000,1.000,1.000,1.000,1.000,1.000,1.000,1.000,1.000,1.000

;>>>>>>>>>>>>>>>>>>>>>>>>>>>>>>>>>>>>>>>>>>>>>>>>>>>>>>>>>>>>>>>>>>>>>>>>>>>>>>>>>>>>>>>>>>>>>>>>>>>>>>

hcal_pos_ped_limit =1000,1000,1000,1000,1000,1000,1000,1000,1000,1000,1000,1000,1000
                    1000,1000,1000,1000,1000,1000,1000,1000,1000,1000,1000,1000,1000
                    1000,1000,1000,1000,1000,1000,1000,1000,1000,1000,1000,1000,1000
                    1000,1000,1000,1000,1000,1000,1000,1000,1000,1000,1000,1000,1000

hcal_neg_ped_limit =1000,1000,1000,1000,1000,1000,1000,1000,1000,1000,1000,1000,1000
                    1000,1000,1000,1000,1000,1000,1000,1000,1000,1000,1000,1000,1000
                    1000,1000,1000,1000,1000,1000,1000,1000,1000,1000,1000,1000,1000
                    1000,1000,1000,1000,1000,1000,1000,1000,1000,1000,1000,1000,1000

;>>>>>>>>>>>>>>>>>>>>>>>>>>>>>>>>>>>>>>>>>>>>>>>>>>>>>>>>>>>>>>>>>>>>>>>>>>>>>>>>>>>>>>>>>>>>>>>>>>>>>>
 
; Calibration constants for run   52881,  74792 events processed

hcal_pos_gain_cor= 0.549, 0.405, 0.447, 0.397, 0.278, 0.545, 0.591, 0.379, 0.523, 0.411, 0.437, 0.463, 0.405,
                   0.333, 0.444, 0.341, 0.425, 0.469, 0.504, 0.316, 0.470, 0.325, 0.283, 0.371, 0.696, 0.267,
                   0.631, 0.620, 0.606, 0.885, 0.631, 0.723, 0.503, 0.561, 0.764, 0.751, 0.505, 0.587, 0.814,
                   0.931, 0.653, 0.633, 0.814, 0.735, 0.904, 0.971, 0.812, 0.902, 0.645, 0.767, 0.797, 0.681,
hcal_neg_gain_cor= 0.351, 0.264, 0.286, 0.399, 0.351, 0.094, 0.158, 0.485, 0.254, 0.309, 0.202, 0.188, 0.193,
                   0.462, 0.381, 0.419, 0.533, 0.316, 0.302, 0.448, 0.322, 0.446, 0.410, 0.336, 0.378, 0.312,
                   0.000, 0.000, 0.000, 0.000, 0.000, 0.000, 0.000, 0.000, 0.000, 0.000, 0.000, 0.000, 0.000,
                   0.000, 0.000, 0.000, 0.000, 0.000, 0.000, 0.000, 0.000, 0.000, 0.000, 0.000, 0.000, 0.000,
