; Slop in x position.  Allowed distance between track and edge of block (in cm)
; too tight djm hcal_slop = 7.5
hcal_slop = 7.5

;Turn on HMS cal. fiducial volume cut. 0="no cut"
;Default hcal_fv_test=0
hcal_fv_test = 0

hcal_pos_cal_const =0.001,0.001,0.001,0.001,0.001,0.001,0.001,0.001,0.001,0.001,0.001,0.001,0.001
                    0.001,0.001,0.001,0.001,0.001,0.001,0.001,0.001,0.001,0.001,0.001,0.001,0.001
                    0.001,0.001,0.001,0.001,0.001,0.001,0.001,0.001,0.001,0.001,0.001,0.001,0.001
                    0.001,0.001,0.001,0.001,0.001,0.001,0.001,0.001,0.001,0.001,0.001,0.001,0.001

hcal_neg_cal_const =0.001,0.001,0.001,0.001,0.001,0.001,0.001,0.001,0.001,0.001,0.001,0.001,0.001
                    0.001,0.001,0.001,0.001,0.001,0.001,0.001,0.001,0.001,0.001,0.001,0.001,0.001
                    0.001,0.001,0.001,0.001,0.001,0.001,0.001,0.001,0.001,0.001,0.001,0.001,0.001
                    0.001,0.001,0.001,0.001,0.001,0.001,0.001,0.001,0.001,0.001,0.001,0.001,0.001

hcal_pos_gain_ini  =1.000,1.000,1.000,1.000,1.000,1.000,1.000,1.000,1.000,1.000,1.000,1.000,1.000
                    1.000,1.000,1.000,1.000,1.000,1.000,1.000,1.000,1.000,1.000,1.000,1.000,1.000
                    1.000,1.000,1.000,1.000,1.000,1.000,1.000,1.000,1.000,1.000,1.000,1.000,1.000
                    1.000,1.000,1.000,1.000,1.000,1.000,1.000,1.000,1.000,1.000,1.000,1.000,1.000

hcal_neg_gain_ini  =1.000,1.000,1.000,1.000,1.000,1.000,1.000,1.000,1.000,1.000,1.000,1.000,1.000
                    1.000,1.000,1.000,1.000,1.000,1.000,1.000,1.000,1.000,1.000,1.000,1.000,1.000
                    1.000,1.000,1.000,1.000,1.000,1.000,1.000,1.000,1.000,1.000,1.000,1.000,1.000
                    1.000,1.000,1.000,1.000,1.000,1.000,1.000,1.000,1.000,1.000,1.000,1.000,1.000

hcal_neg_gain_cur  =1.000,1.000,1.000,1.000,1.000,1.000,1.000,1.000,1.000,1.000,1.000,1.000,1.000
                    1.000,1.000,1.000,1.000,1.000,1.000,1.000,1.000,1.000,1.000,1.000,1.000,1.000
                    1.000,1.000,1.000,1.000,1.000,1.000,1.000,1.000,1.000,1.000,1.000,1.000,1.000
                    1.000,1.000,1.000,1.000,1.000,1.000,1.000,1.000,1.000,1.000,1.000,1.000,1.000

;>>>>>>>>>>>>>>>>>>>>>>>>>>>>>>>>>>>>>>>>>>>>>>>>>>>>>>>>>>>>>>>>>>>>>>>>>>>>>>>>>>>>>>>>>>>>>>>>>>>>>>

hcal_pos_ped_limit =1000,1000,1000,1000,1000,1000,1000,1000,1000,1000,1000,1000,1000
                    1000,1000,1000,1000,1000,1000,1000,1000,1000,1000,1000,1000,1000
                    1000,1000,1000,1000,1000,1000,1000,1000,1000,1000,1000,1000,1000
                    1000,1000,1000,1000,1000,1000,1000,1000,1000,1000,1000,1000,1000

hcal_neg_ped_limit =1000,1000,1000,1000,1000,1000,1000,1000,1000,1000,1000,1000,1000
                    1000,1000,1000,1000,1000,1000,1000,1000,1000,1000,1000,1000,1000
                    1000,1000,1000,1000,1000,1000,1000,1000,1000,1000,1000,1000,1000
                    1000,1000,1000,1000,1000,1000,1000,1000,1000,1000,1000,1000,1000

;>>>>>>>>>>>>>>>>>>>>>>>>>>>>>>>>>>>>>>>>>>>>>>>>>>>>>>>>>>>>>>>>>>>>>>>>>>>>>>>>>>>>>>>>>>>>>>>>>>>>>>
 
; Calibration constants for run   52576, 260847 events processed

hcal_pos_gain_cor= 0.463, 0.427, 0.517, 0.341, 0.125, 0.478, 0.681, 0.216, 0.492, 0.582, 0.592, 0.592, 0.367,
                   0.499, 0.324, 0.124, 0.204, 0.531, 0.683, 0.101, 0.482, 0.234, 0.093, 0.389, 0.684, 0.173,
                   0.642, 0.587, 0.559, 0.775, 0.578, 0.569, 0.461, 0.531, 0.750, 0.653, 0.484, 0.562, 0.814,
                   1.504, 0.700, 0.705, 0.779, 0.833, 0.928, 1.075, 0.903, 1.086, 0.687, 0.910, 0.932, 0.619,
hcal_neg_gain_cor= 0.570, 0.152, 0.203, 0.378, 0.419, 0.042,-0.213, 0.569, 0.139, 0.113,-0.072,-0.005, 0.198,
                   0.274, 0.351, 0.584, 0.616, 0.162, 0.091, 0.529, 0.191, 0.449, 0.446, 0.247, 0.207, 0.330,
                   0.000, 0.000, 0.000, 0.000, 0.000, 0.000, 0.000, 0.000, 0.000, 0.000, 0.000, 0.000, 0.000,
                   0.000, 0.000, 0.000, 0.000, 0.000, 0.000, 0.000, 0.000, 0.000, 0.000, 0.000, 0.000, 0.000,
