; Calibration constants for run   52449,  49215 events processed

hcal_pos_gain_cor= 0.257, 0.182, 0.374, 0.425, 0.285, 0.314, 0.320, 0.382, 0.359, 0.398, 0.312, 0.322, 0.316,
                   0.273, 0.339, 0.282, 0.320, 0.353, 0.328, 0.309, 0.399, 0.324, 0.333, 0.353, 0.540, 0.253,
                   0.668, 0.641, 0.616, 0.870, 0.671, 0.683, 0.560, 0.610, 0.904, 0.728, 0.532, 0.615, 0.566,
                   0.013, 0.519, 0.571, 0.641, 0.679, 0.719, 0.795, 0.719, 0.842, 0.588, 0.676, 0.789, 0.375,
hcal_neg_gain_cor= 0.635, 0.447, 0.381, 0.369, 0.314, 0.179, 0.457, 0.414, 0.323, 0.372, 0.299, 0.315, 0.303,
                   0.500, 0.424, 0.441, 0.563, 0.447, 0.433, 0.403, 0.397, 0.443, 0.337, 0.359, 0.393, 0.267,
                   0.000, 0.000, 0.000, 0.000, 0.000, 0.000, 0.000, 0.000, 0.000, 0.000, 0.000, 0.000, 0.000,
                   0.000, 0.000, 0.000, 0.000, 0.000, 0.000, 0.000, 0.000, 0.000, 0.000, 0.000, 0.000, 0.000,
