; Calibration constants for run   52439,  25098 events processed

hcal_pos_gain_cor= 0.365, 0.336, 0.355, 0.396, 0.355, 0.355, 0.410, 0.465, 0.391, 0.371, 0.326, 0.363, 0.517,
                   0.278, 0.299, 0.272, 0.326, 0.326, 0.351, 0.338, 0.389, 0.266, 0.362, 0.327, 0.579, 0.226,
                   0.849, 0.668, 0.594, 0.849, 0.653, 0.700, 0.595, 0.633, 0.885, 0.707, 0.512, 0.603, 0.781,
                   0.251, 0.645, 0.662, 0.762, 0.722, 0.865, 0.881, 0.744, 0.934, 0.655, 0.797, 0.872, 0.476,
hcal_neg_gain_cor= 0.572, 0.325, 0.387, 0.378, 0.284, 0.202, 0.434, 0.383, 0.362, 0.392, 0.313, 0.282, 0.039,
                   0.492, 0.487, 0.496, 0.599, 0.481, 0.438, 0.430, 0.403, 0.460, 0.364, 0.432, 0.392, 0.429,
                   0.000, 0.000, 0.000, 0.000, 0.000, 0.000, 0.000, 0.000, 0.000, 0.000, 0.000, 0.000, 0.000,
                   0.000, 0.000, 0.000, 0.000, 0.000, 0.000, 0.000, 0.000, 0.000, 0.000, 0.000, 0.000, 0.000,
