; Calibration constants for run   52448,  64800 events processed

hcal_pos_gain_cor= 0.245, 0.253, 0.385, 0.403, 0.274, 0.444, 0.434, 0.388, 0.440, 0.430, 0.360, 0.384, 0.322,
                   0.186, 0.300, 0.291, 0.334, 0.393, 0.412, 0.300, 0.447, 0.310, 0.322, 0.360, 0.583, 0.248,
                   0.683, 0.651, 0.633, 0.887, 0.655, 0.701, 0.566, 0.596, 0.890, 0.730, 0.545, 0.617, 0.790,
                  -0.075, 0.573, 0.564, 0.703, 0.656, 0.751, 0.792, 0.739, 0.848, 0.605, 0.720, 0.751, 0.383,
hcal_neg_gain_cor= 0.665, 0.394, 0.382, 0.392, 0.335, 0.122, 0.303, 0.421, 0.266, 0.338, 0.253, 0.249, 0.289,
                   0.559, 0.482, 0.437, 0.550, 0.402, 0.359, 0.426, 0.362, 0.466, 0.356, 0.354, 0.378, 0.307,
                   0.000, 0.000, 0.000, 0.000, 0.000, 0.000, 0.000, 0.000, 0.000, 0.000, 0.000, 0.000, 0.000,
                   0.000, 0.000, 0.000, 0.000, 0.000, 0.000, 0.000, 0.000, 0.000, 0.000, 0.000, 0.000, 0.000,
