; Calibration constants for run   52436,  41178 events processed

hcal_pos_gain_cor= 0.777, 0.454, 0.518, 0.418, 0.168, 0.639, 0.777, 0.329, 0.623, 0.583, 0.589, 0.593, 0.463,
                   0.672, 0.449, 0.240, 0.342, 0.619, 0.641, 0.172, 0.597, 0.273, 0.098, 0.494, 0.796, 0.135,
                   0.668, 0.614, 0.590, 0.878, 0.652, 0.694, 0.593, 0.613, 0.879, 0.729, 0.505, 0.595, 0.861,
                   1.025, 0.653, 0.703, 0.871, 0.774, 0.956, 0.980, 0.906, 1.037, 0.686, 0.892, 0.946, 0.706,
hcal_neg_gain_cor= 0.153, 0.199, 0.245, 0.359, 0.437, 0.039,-0.228, 0.522, 0.107, 0.164,-0.023, 0.032, 0.102,
                   0.163, 0.311, 0.503, 0.545, 0.144, 0.130, 0.619, 0.209, 0.457, 0.555, 0.253, 0.219, 0.536,
                   0.000, 0.000, 0.000, 0.000, 0.000, 0.000, 0.000, 0.000, 0.000, 0.000, 0.000, 0.000, 0.000,
                   0.000, 0.000, 0.000, 0.000, 0.000, 0.000, 0.000, 0.000, 0.000, 0.000, 0.000, 0.000, 0.000,
