; Calibration constants for run   52443,  39286 events processed

hcal_pos_gain_cor= 0.200, 0.225, 0.401, 0.432, 0.265, 0.395, 0.438, 0.388, 0.419, 0.428, 0.375, 0.389, 0.397,
                   0.334, 0.353, 0.294, 0.349, 0.419, 0.468, 0.253, 0.435, 0.321, 0.285, 0.353, 0.582, 0.275,
                   0.652, 0.669, 0.638, 0.889, 0.648, 0.691, 0.564, 0.597, 0.904, 0.741, 0.536, 0.614, 0.823,
                   0.203, 0.583, 0.601, 0.707, 0.736, 0.792, 0.866, 0.803, 0.949, 0.621, 0.778, 0.874, 0.286,
hcal_neg_gain_cor= 0.673, 0.417, 0.353, 0.356, 0.337, 0.141, 0.292, 0.425, 0.278, 0.345, 0.232, 0.241, 0.178,
                   0.430, 0.411, 0.434, 0.515, 0.363, 0.308, 0.473, 0.358, 0.435, 0.372, 0.354, 0.354, 0.295,
                   0.000, 0.000, 0.000, 0.000, 0.000, 0.000, 0.000, 0.000, 0.000, 0.000, 0.000, 0.000, 0.000,
                   0.000, 0.000, 0.000, 0.000, 0.000, 0.000, 0.000, 0.000, 0.000, 0.000, 0.000, 0.000, 0.000,
