; Calibration constants for run   52426,  86014 events processed

hcal_pos_gain_cor= 0.208, 0.220, 0.361, 0.446, 0.287, 0.484, 0.411, 0.403, 0.455, 0.465, 0.396, 0.398, 0.316,
                   0.439, 0.328, 0.362, 0.332, 0.442, 0.398, 0.357, 0.430, 0.331, 0.318, 0.391, 0.627, 0.217,
                   0.675, 0.661, 0.621, 0.944, 0.672, 0.742, 0.587, 0.619, 0.955, 0.766, 0.541, 0.627, 0.811,
                  -0.110, 0.560, 0.561, 0.700, 0.675, 0.814, 0.821, 0.690, 0.869, 0.557, 0.727, 0.764, 0.408,
hcal_neg_gain_cor= 4.440, 0.468, 0.434, 0.403, 0.348, 0.139, 0.378, 0.436, 0.281, 0.373, 0.270, 0.295, 0.292,
                   0.492, 0.466, 0.397, 0.608, 0.382, 0.390, 0.449, 0.449, 0.479, 0.418, 0.381, 0.362, 0.402,
                   0.000, 0.000, 0.000, 0.000, 0.000, 0.000, 0.000, 0.000, 0.000, 0.000, 0.000, 0.000, 0.000,
                   0.000, 0.000, 0.000, 0.000, 0.000, 0.000, 0.000, 0.000, 0.000, 0.000, 0.000, 0.000, 0.000,
