; Lookup table
;number of bins in Meek's time to distance lookup table
hdriftbins=138
;number of 1st bin in Meek's table in ns
hdrift1stbin=-24
;bin size in ns of Meek's table
hdriftbinsz=2
hwc1x1fract=0.0001,0.0002,0.0003,0.0004,0.0005,0.0005,0.0006,0.0009
0.0010,0.0012,0.0012,0.0014,0.0016,0.0021,0.0025,0.0030,0.0039,0.0049
0.0071,0.0101,0.0143,0.0209,0.0297,0.0416,0.0553,0.0703,0.0869,0.1047
0.1222,0.1429,0.1636,0.1850,0.2074,0.2292,0.2518,0.2754,0.2986,0.3215
0.3440,0.3670,0.3912,0.4152,0.4370,0.4618,0.4837,0.5064,0.5290,0.5506
0.5726,0.5944,0.6157,0.6377,0.6576,0.6786,0.6990,0.7181,0.7376,0.7569
0.7760,0.7949,0.8127,0.8291,0.8451,0.8595,0.8730,0.8868,0.8980,0.9091
0.9196,0.9284,0.9362,0.9433,0.9497,0.9556,0.9614,0.9660,0.9705,0.9745
0.9780,0.9809,0.9835,0.9858,0.9877,0.9895,0.9908,0.9920,0.9930,0.9939
0.9945,0.9950,0.9955,0.9961,0.9965,0.9969,0.9970,0.9973,0.9977,0.9979
0.9981,0.9983,0.9985,0.9988,0.9989,0.9990,0.9991,0.9991,0.9992,0.9993
0.9994,0.9995,0.9995,0.9995,0.9996,0.9997,0.9997,0.9997,0.9998,0.9998
0.9998,0.9998,0.9998,0.9999,0.9999,0.9999,1.0000,1.0000,1.0000,1.0000
1.0000,1.0000,1.0000,1.0000,1.0000,1.0000,1.0000,1.0000,1.0000,1.0000
hwc1y1fract=0.0000,0.0001,0.0002,0.0002,0.0004,0.0004,0.0005,0.0005
0.0008,0.0010,0.0012,0.0015,0.0018,0.0021,0.0027,0.0036,0.0048,0.0066
0.0102,0.0158,0.0241,0.0352,0.0492,0.0670,0.0861,0.1074,0.1308,0.1546
0.1788,0.2041,0.2294,0.2532,0.2779,0.3009,0.3252,0.3486,0.3714,0.3945
0.4181,0.4402,0.4615,0.4831,0.5038,0.5240,0.5451,0.5675,0.5881,0.6084
0.6276,0.6480,0.6675,0.6870,0.7058,0.7253,0.7443,0.7624,0.7816,0.7992
0.8165,0.8339,0.8498,0.8652,0.8786,0.8914,0.9031,0.9138,0.9235,0.9318
0.9393,0.9459,0.9516,0.9568,0.9615,0.9657,0.9689,0.9726,0.9756,0.9781
0.9805,0.9827,0.9844,0.9858,0.9875,0.9889,0.9899,0.9908,0.9918,0.9925
0.9932,0.9937,0.9942,0.9946,0.9950,0.9955,0.9957,0.9960,0.9963,0.9967
0.9971,0.9973,0.9975,0.9977,0.9980,0.9982,0.9983,0.9986,0.9988,0.9989
0.9991,0.9992,0.9994,0.9994,0.9995,0.9996,0.9996,0.9997,0.9997,0.9997
0.9998,0.9998,0.9998,0.9998,0.9999,0.9999,0.9999,0.9999,0.9999,0.9999
0.9999,1.0000,1.0000,1.0000,1.0000,1.0000,1.0000,1.0000,1.0000,1.0000
hwc1u1fract=0.0000,0.0000,0.0000,0.0000,0.0000,0.0001,0.0001,0.0001
0.0001,0.0002,0.0002,0.0003,0.0003,0.0003,0.0004,0.0005,0.0008,0.0016
0.0024,0.0045,0.0081,0.0144,0.0238,0.0366,0.0519,0.0689,0.0887,0.1100
0.1324,0.1562,0.1791,0.2025,0.2270,0.2522,0.2758,0.2985,0.3214,0.3445
0.3669,0.3906,0.4132,0.4359,0.4587,0.4803,0.5025,0.5233,0.5439,0.5642
0.5856,0.6060,0.6275,0.6482,0.6681,0.6881,0.7068,0.7266,0.7452,0.7640
0.7813,0.7991,0.8170,0.8326,0.8482,0.8628,0.8765,0.8888,0.8998,0.9103
0.9195,0.9265,0.9335,0.9400,0.9461,0.9515,0.9563,0.9607,0.9648,0.9684
0.9717,0.9748,0.9776,0.9801,0.9821,0.9837,0.9856,0.9870,0.9882,0.9893
0.9903,0.9911,0.9918,0.9924,0.9930,0.9936,0.9939,0.9944,0.9949,0.9953
0.9958,0.9962,0.9965,0.9969,0.9972,0.9975,0.9977,0.9980,0.9981,0.9983
0.9984,0.9986,0.9988,0.9989,0.9991,0.9991,0.9992,0.9993,0.9994,0.9995
0.9995,0.9996,0.9997,0.9997,0.9998,0.9998,0.9998,0.9999,0.9999,0.9999
0.9999,0.9999,1.0000,1.0000,1.0000,1.0000,1.0000,1.0000,1.0000,1.0000
hwc1v1fract=0.0000,0.0000,0.0000,0.0000,0.0001,0.0001,0.0001,0.0001
0.0002,0.0002,0.0003,0.0003,0.0005,0.0005,0.0007,0.0009,0.0014,0.0023
0.0039,0.0072,0.0119,0.0205,0.0315,0.0453,0.0623,0.0809,0.1006,0.1207
0.1424,0.1646,0.1867,0.2107,0.2329,0.2555,0.2785,0.3017,0.3239,0.3458
0.3686,0.3917,0.4145,0.4370,0.4594,0.4805,0.5031,0.5245,0.5462,0.5664
0.5868,0.6071,0.6269,0.6472,0.6677,0.6878,0.7085,0.7285,0.7481,0.7664
0.7848,0.8027,0.8205,0.8368,0.8534,0.8683,0.8814,0.8933,0.9052,0.9150
0.9235,0.9313,0.9382,0.9440,0.9493,0.9550,0.9604,0.9651,0.9691,0.9728
0.9760,0.9788,0.9812,0.9836,0.9857,0.9876,0.9892,0.9903,0.9912,0.9919
0.9926,0.9932,0.9939,0.9946,0.9952,0.9957,0.9962,0.9965,0.9968,0.9972
0.9974,0.9977,0.9979,0.9981,0.9983,0.9985,0.9987,0.9988,0.9990,0.9991
0.9992,0.9993,0.9994,0.9995,0.9996,0.9996,0.9997,0.9997,0.9997,0.9998
0.9998,0.9998,0.9998,0.9998,0.9999,0.9999,0.9999,0.9999,0.9999,0.9999
0.9999,0.9999,0.9999,0.9999,1.0000,1.0000,1.0000,1.0000,1.0000,1.0000
hwc1y2fract=0.0000,0.0000,0.0001,0.0001,0.0001,0.0001,0.0002,0.0002
0.0003,0.0004,0.0005,0.0006,0.0007,0.0008,0.0012,0.0016,0.0021,0.0036
0.0062,0.0110,0.0178,0.0286,0.0415,0.0568,0.0763,0.0972,0.1184,0.1413
0.1658,0.1897,0.2150,0.2402,0.2647,0.2887,0.3115,0.3366,0.3594,0.3822
0.4045,0.4277,0.4497,0.4716,0.4937,0.5146,0.5347,0.5562,0.5775,0.5979
0.6187,0.6396,0.6600,0.6796,0.7000,0.7190,0.7375,0.7555,0.7738,0.7903
0.8071,0.8244,0.8397,0.8546,0.8683,0.8810,0.8933,0.9041,0.9145,0.9234
0.9310,0.9381,0.9443,0.9498,0.9548,0.9593,0.9634,0.9671,0.9703,0.9734
0.9760,0.9784,0.9806,0.9822,0.9840,0.9857,0.9867,0.9880,0.9889,0.9898
0.9907,0.9917,0.9926,0.9934,0.9939,0.9945,0.9950,0.9956,0.9961,0.9964
0.9967,0.9971,0.9974,0.9976,0.9978,0.9979,0.9982,0.9985,0.9986,0.9988
0.9990,0.9991,0.9992,0.9993,0.9993,0.9994,0.9994,0.9995,0.9995,0.9995
0.9996,0.9996,0.9996,0.9997,0.9997,0.9998,0.9998,0.9998,0.9998,0.9998
0.9998,0.9998,0.9999,0.9999,0.9999,0.9999,1.0000,1.0000,1.0000,1.0000
hwc1x2fract=0.0000,0.0000,0.0000,0.0001,0.0001,0.0001,0.0002,0.0002
0.0003,0.0004,0.0005,0.0006,0.0008,0.0010,0.0012,0.0016,0.0021,0.0030
0.0051,0.0084,0.0126,0.0191,0.0280,0.0393,0.0528,0.0682,0.0858,0.1038
0.1233,0.1442,0.1652,0.1857,0.2088,0.2315,0.2543,0.2767,0.3007,0.3240
0.3480,0.3727,0.3953,0.4190,0.4409,0.4638,0.4853,0.5072,0.5286,0.5495
0.5719,0.5924,0.6141,0.6345,0.6566,0.6776,0.6981,0.7178,0.7381,0.7584
0.7756,0.7939,0.8099,0.8266,0.8425,0.8576,0.8714,0.8848,0.8966,0.9071
0.9164,0.9244,0.9332,0.9394,0.9465,0.9526,0.9579,0.9629,0.9674,0.9710
0.9752,0.9788,0.9815,0.9839,0.9859,0.9878,0.9894,0.9906,0.9917,0.9925
0.9933,0.9938,0.9947,0.9951,0.9956,0.9959,0.9963,0.9967,0.9971,0.9973
0.9976,0.9978,0.9979,0.9981,0.9983,0.9985,0.9986,0.9987,0.9988,0.9988
0.9990,0.9992,0.9992,0.9993,0.9993,0.9993,0.9994,0.9994,0.9995,0.9996
0.9996,0.9996,0.9997,0.9997,0.9997,0.9997,0.9997,0.9998,0.9998,0.9998
0.9999,0.9999,0.9999,0.9999,0.9999,0.9999,1.0000,1.0000,1.0000,1.0000
hwc2x1fract=0.0001,0.0001,0.0003,0.0003,0.0004,0.0005,0.0006,0.0007
0.0010,0.0011,0.0012,0.0015,0.0017,0.0019,0.0023,0.0028,0.0040,0.0061
0.0087,0.0128,0.0188,0.0272,0.0378,0.0504,0.0645,0.0798,0.0963,0.1152
0.1350,0.1551,0.1762,0.1983,0.2198,0.2433,0.2663,0.2895,0.3142,0.3388
0.3623,0.3856,0.4093,0.4328,0.4539,0.4764,0.4991,0.5224,0.5447,0.5678
0.5896,0.6111,0.6325,0.6532,0.6742,0.6947,0.7162,0.7365,0.7567,0.7761
0.7945,0.8124,0.8292,0.8468,0.8626,0.8773,0.8899,0.9016,0.9120,0.9212
0.9303,0.9382,0.9447,0.9516,0.9571,0.9623,0.9670,0.9710,0.9747,0.9783
0.9812,0.9836,0.9857,0.9874,0.9887,0.9901,0.9915,0.9927,0.9936,0.9942
0.9948,0.9955,0.9959,0.9964,0.9968,0.9970,0.9971,0.9974,0.9976,0.9978
0.9979,0.9980,0.9982,0.9984,0.9986,0.9987,0.9989,0.9990,0.9991,0.9993
0.9993,0.9994,0.9994,0.9995,0.9996,0.9996,0.9997,0.9997,0.9998,0.9998
0.9998,0.9998,0.9999,0.9999,0.9999,0.9999,0.9999,0.9999,0.9999,0.9999
0.9999,1.0000,1.0000,1.0000,1.0000,1.0000,1.0000,1.0000,1.0000,1.0000
hwc2y1fract=0.0000,0.0000,0.0000,0.0000,0.0000,0.0001,0.0001,0.0001
0.0002,0.0002,0.0002,0.0002,0.0003,0.0004,0.0005,0.0007,0.0010,0.0016
0.0030,0.0055,0.0101,0.0172,0.0286,0.0438,0.0621,0.0826,0.1047,0.1286
0.1533,0.1788,0.2046,0.2302,0.2556,0.2813,0.3052,0.3303,0.3541,0.3794
0.4034,0.4270,0.4484,0.4703,0.4923,0.5142,0.5367,0.5587,0.5798,0.5991
0.6197,0.6396,0.6596,0.6800,0.6992,0.7182,0.7369,0.7572,0.7762,0.7942
0.8120,0.8297,0.8462,0.8625,0.8774,0.8913,0.9037,0.9146,0.9244,0.9336
0.9417,0.9485,0.9545,0.9596,0.9641,0.9676,0.9713,0.9742,0.9766,0.9789
0.9812,0.9834,0.9855,0.9870,0.9886,0.9896,0.9906,0.9914,0.9920,0.9926
0.9932,0.9938,0.9943,0.9947,0.9949,0.9954,0.9957,0.9959,0.9962,0.9965
0.9969,0.9972,0.9973,0.9975,0.9976,0.9979,0.9981,0.9982,0.9984,0.9986
0.9987,0.9988,0.9989,0.9991,0.9992,0.9993,0.9994,0.9995,0.9996,0.9996
0.9997,0.9998,0.9998,0.9998,0.9999,0.9999,0.9999,0.9999,1.0000,1.0000
1.0000,1.0000,1.0000,1.0000,1.0000,1.0000,1.0000,1.0000,1.0000,1.0000
hwc2u1fract=0.0000,0.0000,0.0000,0.0000,0.0001,0.0001,0.0001,0.0001
0.0002,0.0002,0.0002,0.0002,0.0003,0.0004,0.0006,0.0007,0.0009,0.0016
0.0027,0.0058,0.0115,0.0205,0.0340,0.0512,0.0714,0.0934,0.1174,0.1414
0.1669,0.1916,0.2160,0.2397,0.2629,0.2875,0.3120,0.3356,0.3586,0.3809
0.4036,0.4254,0.4472,0.4693,0.4927,0.5143,0.5350,0.5563,0.5769,0.5973
0.6165,0.6365,0.6559,0.6756,0.6949,0.7133,0.7326,0.7525,0.7714,0.7899
0.8084,0.8258,0.8419,0.8580,0.8736,0.8877,0.9002,0.9112,0.9209,0.9293
0.9365,0.9435,0.9494,0.9543,0.9588,0.9628,0.9662,0.9692,0.9718,0.9743
0.9768,0.9787,0.9804,0.9817,0.9833,0.9844,0.9853,0.9862,0.9870,0.9876
0.9883,0.9887,0.9891,0.9895,0.9900,0.9903,0.9906,0.9909,0.9911,0.9915
0.9917,0.9920,0.9923,0.9926,0.9930,0.9931,0.9934,0.9935,0.9937,0.9940
0.9941,0.9943,0.9945,0.9947,0.9948,0.9949,0.9951,0.9952,0.9954,0.9955
0.9956,0.9958,0.9959,0.9963,0.9965,0.9968,0.9971,0.9973,0.9975,0.9978
0.9981,0.9985,0.9986,0.9988,0.9990,0.9992,0.9993,0.9996,0.9997,1.0000
hwc2v1fract=0.0000,0.0000,0.0000,0.0001,0.0001,0.0001,0.0002,0.0002
0.0002,0.0004,0.0004,0.0005,0.0006,0.0009,0.0012,0.0018,0.0029,0.0047
0.0093,0.0164,0.0287,0.0433,0.0621,0.0822,0.1046,0.1279,0.1513,0.1753
0.2005,0.2260,0.2503,0.2744,0.2983,0.3214,0.3448,0.3688,0.3902,0.4131
0.4347,0.4572,0.4782,0.4995,0.5202,0.5411,0.5613,0.5820,0.6033,0.6236
0.6448,0.6654,0.6859,0.7052,0.7243,0.7428,0.7620,0.7807,0.7993,0.8173
0.8345,0.8504,0.8667,0.8818,0.8961,0.9083,0.9185,0.9280,0.9354,0.9428
0.9492,0.9548,0.9595,0.9634,0.9671,0.9707,0.9741,0.9770,0.9797,0.9822
0.9843,0.9860,0.9872,0.9882,0.9893,0.9903,0.9910,0.9918,0.9924,0.9931
0.9936,0.9941,0.9945,0.9949,0.9952,0.9956,0.9959,0.9961,0.9964,0.9966
0.9968,0.9971,0.9974,0.9976,0.9979,0.9980,0.9983,0.9986,0.9987,0.9988
0.9991,0.9992,0.9994,0.9995,0.9995,0.9996,0.9996,0.9997,0.9997,0.9998
0.9998,0.9998,0.9998,0.9999,0.9999,0.9999,0.9999,0.9999,0.9999,0.9999
0.9999,0.9999,0.9999,0.9999,1.0000,1.0000,1.0000,1.0000,1.0000,1.0000
hwc2y2fract=0.0000,0.0000,0.0000,0.0000,0.0000,0.0000,0.0000,0.0001
0.0001,0.0002,0.0002,0.0002,0.0003,0.0004,0.0005,0.0008,0.0013,0.0023
0.0039,0.0068,0.0120,0.0206,0.0334,0.0492,0.0677,0.0879,0.1111,0.1359
0.1605,0.1860,0.2112,0.2364,0.2620,0.2871,0.3126,0.3363,0.3600,0.3833
0.4057,0.4285,0.4507,0.4727,0.4948,0.5162,0.5373,0.5572,0.5790,0.5997
0.6205,0.6413,0.6619,0.6823,0.7019,0.7215,0.7406,0.7591,0.7771,0.7972
0.8164,0.8325,0.8492,0.8637,0.8784,0.8914,0.9029,0.9136,0.9233,0.9318
0.9396,0.9470,0.9527,0.9581,0.9624,0.9666,0.9700,0.9734,0.9761,0.9786
0.9809,0.9831,0.9848,0.9863,0.9876,0.9888,0.9897,0.9906,0.9915,0.9922
0.9931,0.9936,0.9941,0.9947,0.9951,0.9954,0.9958,0.9962,0.9965,0.9967
0.9968,0.9969,0.9972,0.9973,0.9976,0.9978,0.9980,0.9981,0.9983,0.9984
0.9986,0.9988,0.9990,0.9990,0.9991,0.9993,0.9993,0.9994,0.9996,0.9997
0.9997,0.9997,0.9998,0.9998,0.9998,0.9999,0.9999,0.9999,0.9999,1.0000
1.0000,1.0000,1.0000,1.0000,1.0000,1.0000,1.0000,1.0000,1.0000,1.0000
hwc2x2fract=0.0000,0.0000,0.0001,0.0001,0.0002,0.0003,0.0003,0.0004
0.0005,0.0005,0.0006,0.0007,0.0009,0.0012,0.0014,0.0017,0.0020,0.0026
0.0032,0.0047,0.0069,0.0104,0.0162,0.0247,0.0352,0.0482,0.0632,0.0802
0.0985,0.1187,0.1393,0.1622,0.1843,0.2067,0.2305,0.2553,0.2783,0.3016
0.3259,0.3495,0.3718,0.3959,0.4199,0.4434,0.4649,0.4880,0.5099,0.5330
0.5547,0.5766,0.5986,0.6203,0.6409,0.6625,0.6833,0.7036,0.7226,0.7413
0.7607,0.7788,0.7973,0.8153,0.8328,0.8494,0.8637,0.8781,0.8905,0.9020
0.9129,0.9223,0.9310,0.9377,0.9445,0.9507,0.9559,0.9612,0.9657,0.9698
0.9736,0.9768,0.9798,0.9823,0.9844,0.9865,0.9883,0.9896,0.9908,0.9915
0.9922,0.9929,0.9938,0.9942,0.9946,0.9951,0.9956,0.9961,0.9964,0.9968
0.9970,0.9972,0.9975,0.9976,0.9979,0.9981,0.9984,0.9985,0.9986,0.9988
0.9989,0.9990,0.9991,0.9992,0.9993,0.9994,0.9995,0.9996,0.9997,0.9997
0.9997,0.9998,0.9998,0.9998,0.9999,0.9999,0.9999,0.9999,0.9999,0.9999
0.9999,0.9999,0.9999,0.9999,0.9999,1.0000,1.0000,1.0000,1.0000,1.0000
