; Lookup table
;number of bins in Meek's time to distance lookup table
hdriftbins=138
;number of 1st bin in Meek's table in ns
hdrift1stbin=-24
;bin size in ns of Meek's table
hdriftbinsz=2
hwc1x1fract=0.0000,0.0001,0.0002,0.0003,0.0004,0.0004,0.0006,0.0008
0.0009,0.0010,0.0013,0.0015,0.0019,0.0026,0.0036,0.0054,0.0078,0.0111
0.0155,0.0213,0.0292,0.0389,0.0509,0.0644,0.0801,0.0973,0.1153,0.1341
0.1536,0.1743,0.1956,0.2184,0.2403,0.2622,0.2852,0.3085,0.3315,0.3549
0.3783,0.4011,0.4238,0.4476,0.4692,0.4915,0.5135,0.5356,0.5576,0.5792
0.6005,0.6215,0.6433,0.6643,0.6849,0.7056,0.7262,0.7463,0.7658,0.7838
0.8023,0.8199,0.8355,0.8506,0.8642,0.8773,0.8896,0.9013,0.9113,0.9200
0.9287,0.9364,0.9431,0.9496,0.9551,0.9605,0.9650,0.9693,0.9736,0.9770
0.9801,0.9826,0.9849,0.9868,0.9887,0.9901,0.9913,0.9923,0.9932,0.9940
0.9946,0.9951,0.9957,0.9961,0.9964,0.9966,0.9969,0.9972,0.9975,0.9977
0.9979,0.9982,0.9983,0.9985,0.9986,0.9987,0.9988,0.9988,0.9990,0.9990
0.9991,0.9991,0.9992,0.9993,0.9993,0.9993,0.9993,0.9994,0.9994,0.9995
0.9995,0.9995,0.9996,0.9996,0.9997,0.9997,0.9997,0.9997,0.9998,0.9998
0.9998,0.9998,0.9999,0.9999,0.9999,0.9999,0.9999,1.0000,1.0000,1.0000
hwc1y1fract=0.0000,0.0001,0.0002,0.0004,0.0004,0.0005,0.0006,0.0008
0.0010,0.0012,0.0014,0.0017,0.0022,0.0028,0.0038,0.0050,0.0069,0.0096
0.0144,0.0221,0.0324,0.0469,0.0639,0.0829,0.1043,0.1262,0.1503,0.1745
0.2001,0.2249,0.2497,0.2744,0.2983,0.3225,0.3458,0.3677,0.3901,0.4129
0.4353,0.4572,0.4787,0.5001,0.5210,0.5420,0.5627,0.5838,0.6044,0.6249
0.6447,0.6660,0.6860,0.7055,0.7245,0.7430,0.7625,0.7804,0.7977,0.8147
0.8311,0.8478,0.8626,0.8770,0.8903,0.9022,0.9128,0.9221,0.9303,0.9374
0.9438,0.9494,0.9540,0.9588,0.9628,0.9668,0.9700,0.9731,0.9759,0.9782
0.9804,0.9822,0.9843,0.9858,0.9871,0.9881,0.9893,0.9902,0.9910,0.9917
0.9923,0.9930,0.9937,0.9942,0.9946,0.9951,0.9955,0.9957,0.9960,0.9963
0.9966,0.9969,0.9972,0.9973,0.9975,0.9977,0.9980,0.9981,0.9983,0.9984
0.9986,0.9987,0.9988,0.9989,0.9991,0.9992,0.9993,0.9994,0.9995,0.9995
0.9996,0.9996,0.9996,0.9997,0.9998,0.9998,0.9998,0.9998,0.9998,0.9999
0.9999,0.9999,0.9999,0.9999,0.9999,0.9999,1.0000,1.0000,1.0000,1.0000
hwc1u1fract=0.0000,0.0000,0.0000,0.0000,0.0000,0.0001,0.0001,0.0001
0.0001,0.0001,0.0002,0.0003,0.0003,0.0005,0.0008,0.0018,0.0036,0.0063
0.0092,0.0136,0.0208,0.0300,0.0425,0.0567,0.0741,0.0934,0.1134,0.1345
0.1566,0.1799,0.2033,0.2268,0.2507,0.2748,0.2984,0.3217,0.3450,0.3676
0.3896,0.4118,0.4341,0.4568,0.4786,0.5000,0.5211,0.5425,0.5632,0.5839
0.6049,0.6261,0.6468,0.6669,0.6870,0.7063,0.7260,0.7449,0.7633,0.7824
0.8003,0.8173,0.8347,0.8493,0.8635,0.8769,0.8890,0.9005,0.9109,0.9192
0.9275,0.9347,0.9411,0.9470,0.9525,0.9572,0.9616,0.9657,0.9693,0.9725
0.9754,0.9779,0.9801,0.9819,0.9835,0.9852,0.9866,0.9880,0.9893,0.9903
0.9910,0.9917,0.9926,0.9932,0.9938,0.9943,0.9947,0.9951,0.9955,0.9958
0.9961,0.9964,0.9967,0.9969,0.9972,0.9974,0.9977,0.9979,0.9982,0.9984
0.9984,0.9986,0.9987,0.9988,0.9989,0.9990,0.9991,0.9992,0.9992,0.9993
0.9993,0.9994,0.9995,0.9996,0.9996,0.9997,0.9997,0.9997,0.9998,0.9999
0.9999,0.9999,0.9999,0.9999,0.9999,0.9999,0.9999,1.0000,1.0000,1.0000
hwc1v1fract=0.0000,0.0000,0.0001,0.0001,0.0001,0.0001,0.0001,0.0002
0.0002,0.0002,0.0003,0.0004,0.0004,0.0006,0.0007,0.0009,0.0013,0.0020
0.0031,0.0054,0.0102,0.0178,0.0286,0.0432,0.0596,0.0794,0.1013,0.1230
0.1459,0.1693,0.1932,0.2164,0.2401,0.2644,0.2884,0.3120,0.3349,0.3577
0.3806,0.4026,0.4248,0.4461,0.4681,0.4892,0.5104,0.5311,0.5522,0.5720
0.5924,0.6130,0.6326,0.6526,0.6729,0.6930,0.7125,0.7320,0.7505,0.7694
0.7884,0.8057,0.8231,0.8395,0.8551,0.8701,0.8838,0.8961,0.9068,0.9160
0.9249,0.9326,0.9390,0.9450,0.9501,0.9551,0.9596,0.9635,0.9672,0.9703
0.9734,0.9764,0.9788,0.9811,0.9831,0.9845,0.9861,0.9873,0.9887,0.9897
0.9906,0.9914,0.9922,0.9928,0.9935,0.9940,0.9945,0.9948,0.9952,0.9956
0.9959,0.9962,0.9964,0.9967,0.9970,0.9972,0.9974,0.9977,0.9979,0.9981
0.9982,0.9984,0.9986,0.9987,0.9988,0.9990,0.9991,0.9992,0.9993,0.9993
0.9994,0.9994,0.9995,0.9995,0.9996,0.9996,0.9997,0.9997,0.9997,0.9997
0.9998,0.9998,0.9998,0.9999,0.9999,0.9999,0.9999,1.0000,1.0000,1.0000
hwc1y2fract=0.0000,0.0001,0.0001,0.0002,0.0002,0.0003,0.0003,0.0004
0.0005,0.0006,0.0007,0.0009,0.0011,0.0013,0.0017,0.0024,0.0034,0.0055
0.0091,0.0151,0.0239,0.0358,0.0512,0.0697,0.0896,0.1112,0.1341,0.1580
0.1816,0.2068,0.2318,0.2556,0.2802,0.3047,0.3292,0.3540,0.3775,0.4000
0.4216,0.4444,0.4658,0.4872,0.5081,0.5285,0.5497,0.5694,0.5906,0.6107
0.6312,0.6515,0.6712,0.6915,0.7109,0.7303,0.7489,0.7672,0.7848,0.8019
0.8187,0.8347,0.8508,0.8649,0.8780,0.8907,0.9021,0.9122,0.9210,0.9286
0.9355,0.9418,0.9473,0.9520,0.9566,0.9610,0.9650,0.9685,0.9717,0.9748
0.9771,0.9792,0.9812,0.9830,0.9847,0.9859,0.9872,0.9882,0.9893,0.9901
0.9908,0.9916,0.9923,0.9930,0.9936,0.9941,0.9946,0.9951,0.9955,0.9957
0.9959,0.9964,0.9967,0.9969,0.9971,0.9974,0.9976,0.9979,0.9982,0.9983
0.9985,0.9986,0.9988,0.9989,0.9991,0.9992,0.9993,0.9994,0.9995,0.9996
0.9996,0.9997,0.9998,0.9998,0.9998,0.9998,0.9998,0.9999,0.9999,0.9999
0.9999,0.9999,0.9999,0.9999,0.9999,0.9999,0.9999,1.0000,1.0000,1.0000
hwc1x2fract=0.0000,0.0001,0.0001,0.0002,0.0002,0.0003,0.0004,0.0004
0.0005,0.0006,0.0007,0.0008,0.0010,0.0011,0.0014,0.0019,0.0026,0.0036
0.0058,0.0090,0.0139,0.0207,0.0301,0.0420,0.0556,0.0717,0.0887,0.1072
0.1265,0.1479,0.1694,0.1911,0.2136,0.2372,0.2594,0.2832,0.3064,0.3300
0.3527,0.3769,0.3998,0.4234,0.4457,0.4688,0.4910,0.5139,0.5357,0.5574
0.5785,0.5984,0.6194,0.6403,0.6606,0.6812,0.7011,0.7202,0.7405,0.7602
0.7785,0.7971,0.8143,0.8304,0.8459,0.8611,0.8749,0.8875,0.8990,0.9089
0.9184,0.9266,0.9340,0.9408,0.9475,0.9534,0.9587,0.9639,0.9681,0.9722
0.9755,0.9790,0.9816,0.9840,0.9860,0.9876,0.9890,0.9900,0.9910,0.9920
0.9928,0.9937,0.9942,0.9947,0.9952,0.9957,0.9961,0.9964,0.9965,0.9967
0.9969,0.9971,0.9974,0.9976,0.9978,0.9981,0.9982,0.9983,0.9984,0.9986
0.9987,0.9988,0.9989,0.9989,0.9991,0.9992,0.9993,0.9994,0.9994,0.9994
0.9995,0.9996,0.9996,0.9997,0.9997,0.9997,0.9997,0.9998,0.9998,0.9998
0.9999,0.9999,0.9999,0.9999,0.9999,0.9999,0.9999,1.0000,1.0000,1.0000
hwc2x1fract=0.0000,0.0001,0.0002,0.0003,0.0004,0.0005,0.0007,0.0008
0.0009,0.0011,0.0014,0.0017,0.0021,0.0025,0.0030,0.0038,0.0054,0.0081
0.0125,0.0182,0.0260,0.0356,0.0476,0.0612,0.0765,0.0926,0.1108,0.1294
0.1498,0.1701,0.1911,0.2139,0.2364,0.2588,0.2811,0.3041,0.3269,0.3505
0.3729,0.3967,0.4202,0.4435,0.4663,0.4890,0.5122,0.5337,0.5556,0.5777
0.5997,0.6214,0.6431,0.6643,0.6859,0.7065,0.7265,0.7464,0.7662,0.7840
0.8022,0.8204,0.8378,0.8543,0.8692,0.8831,0.8956,0.9064,0.9165,0.9256
0.9340,0.9408,0.9475,0.9536,0.9589,0.9642,0.9688,0.9725,0.9760,0.9794
0.9822,0.9845,0.9866,0.9883,0.9898,0.9909,0.9919,0.9928,0.9935,0.9942
0.9948,0.9953,0.9957,0.9961,0.9966,0.9968,0.9970,0.9973,0.9976,0.9978
0.9981,0.9983,0.9985,0.9986,0.9987,0.9988,0.9989,0.9990,0.9991,0.9992
0.9992,0.9993,0.9994,0.9994,0.9994,0.9994,0.9995,0.9995,0.9996,0.9996
0.9996,0.9996,0.9996,0.9997,0.9997,0.9997,0.9998,0.9998,0.9998,0.9998
0.9998,0.9999,0.9999,1.0000,1.0000,1.0000,1.0000,1.0000,1.0000,1.0000
hwc2y1fract=0.0000,0.0001,0.0001,0.0001,0.0002,0.0002,0.0003,0.0004
0.0005,0.0006,0.0007,0.0008,0.0010,0.0012,0.0017,0.0020,0.0028,0.0044
0.0068,0.0119,0.0188,0.0296,0.0442,0.0624,0.0824,0.1037,0.1277,0.1526
0.1772,0.2019,0.2273,0.2520,0.2759,0.3015,0.3250,0.3481,0.3712,0.3939
0.4160,0.4388,0.4612,0.4832,0.5046,0.5250,0.5454,0.5666,0.5871,0.6079
0.6282,0.6481,0.6682,0.6887,0.7088,0.7281,0.7474,0.7660,0.7844,0.8032
0.8198,0.8367,0.8538,0.8689,0.8826,0.8961,0.9079,0.9184,0.9279,0.9360
0.9432,0.9495,0.9545,0.9594,0.9640,0.9680,0.9716,0.9748,0.9774,0.9800
0.9820,0.9840,0.9854,0.9867,0.9881,0.9890,0.9900,0.9909,0.9919,0.9927
0.9932,0.9938,0.9943,0.9947,0.9952,0.9955,0.9959,0.9962,0.9964,0.9967
0.9969,0.9972,0.9974,0.9976,0.9979,0.9981,0.9983,0.9984,0.9985,0.9986
0.9988,0.9989,0.9990,0.9991,0.9992,0.9993,0.9993,0.9994,0.9995,0.9995
0.9995,0.9996,0.9997,0.9997,0.9997,0.9997,0.9998,0.9998,0.9999,0.9999
0.9999,0.9999,0.9999,0.9999,0.9999,1.0000,1.0000,1.0000,1.0000,1.0000
hwc2u1fract=0.0000,0.0000,0.0000,0.0000,0.0001,0.0001,0.0001,0.0001
0.0002,0.0002,0.0002,0.0003,0.0003,0.0004,0.0005,0.0007,0.0011,0.0015
0.0030,0.0060,0.0116,0.0214,0.0345,0.0511,0.0710,0.0927,0.1179,0.1426
0.1671,0.1932,0.2186,0.2444,0.2688,0.2928,0.3164,0.3387,0.3606,0.3839
0.4060,0.4288,0.4504,0.4714,0.4916,0.5122,0.5324,0.5533,0.5741,0.5945
0.6147,0.6345,0.6555,0.6759,0.6958,0.7153,0.7338,0.7525,0.7720,0.7898
0.8071,0.8244,0.8414,0.8575,0.8728,0.8869,0.9000,0.9108,0.9204,0.9296
0.9367,0.9434,0.9490,0.9544,0.9589,0.9631,0.9669,0.9701,0.9730,0.9754
0.9778,0.9798,0.9821,0.9838,0.9855,0.9868,0.9880,0.9890,0.9900,0.9909
0.9916,0.9922,0.9928,0.9934,0.9940,0.9943,0.9948,0.9952,0.9955,0.9958
0.9960,0.9962,0.9966,0.9968,0.9970,0.9972,0.9974,0.9976,0.9978,0.9980
0.9982,0.9983,0.9984,0.9986,0.9987,0.9988,0.9990,0.9991,0.9992,0.9993
0.9994,0.9994,0.9995,0.9995,0.9996,0.9996,0.9996,0.9997,0.9997,0.9997
0.9998,0.9998,0.9998,0.9999,0.9999,0.9999,0.9999,0.9999,1.0000,1.0000
hwc2v1fract=0.0000,0.0000,0.0001,0.0001,0.0001,0.0002,0.0002,0.0002
0.0003,0.0003,0.0004,0.0006,0.0008,0.0010,0.0013,0.0018,0.0029,0.0048
0.0096,0.0175,0.0298,0.0447,0.0635,0.0837,0.1065,0.1299,0.1545,0.1808
0.2054,0.2310,0.2550,0.2791,0.3030,0.3261,0.3495,0.3721,0.3955,0.4175
0.4402,0.4618,0.4847,0.5059,0.5263,0.5466,0.5675,0.5873,0.6089,0.6278
0.6465,0.6659,0.6861,0.7067,0.7263,0.7453,0.7635,0.7819,0.8001,0.8181
0.8349,0.8505,0.8665,0.8812,0.8943,0.9059,0.9166,0.9259,0.9342,0.9412
0.9474,0.9528,0.9578,0.9621,0.9658,0.9692,0.9723,0.9755,0.9781,0.9802
0.9821,0.9841,0.9857,0.9868,0.9880,0.9892,0.9902,0.9910,0.9919,0.9925
0.9932,0.9937,0.9942,0.9948,0.9951,0.9955,0.9958,0.9961,0.9964,0.9966
0.9969,0.9973,0.9975,0.9977,0.9979,0.9981,0.9983,0.9986,0.9987,0.9987
0.9988,0.9989,0.9990,0.9991,0.9991,0.9992,0.9993,0.9994,0.9994,0.9995
0.9995,0.9996,0.9996,0.9997,0.9997,0.9997,0.9998,0.9998,0.9998,0.9998
0.9999,0.9999,0.9999,0.9999,0.9999,0.9999,1.0000,1.0000,1.0000,1.0000
hwc2y2fract=0.0000,0.0001,0.0001,0.0001,0.0002,0.0003,0.0003,0.0004
0.0006,0.0006,0.0007,0.0009,0.0011,0.0014,0.0018,0.0025,0.0035,0.0052
0.0082,0.0129,0.0209,0.0320,0.0465,0.0649,0.0859,0.1087,0.1318,0.1571
0.1826,0.2073,0.2318,0.2568,0.2812,0.3064,0.3305,0.3546,0.3777,0.3999
0.4220,0.4443,0.4668,0.4891,0.5109,0.5312,0.5518,0.5730,0.5936,0.6145
0.6347,0.6546,0.6755,0.6953,0.7149,0.7342,0.7538,0.7725,0.7900,0.8067
0.8238,0.8397,0.8559,0.8710,0.8840,0.8959,0.9079,0.9191,0.9279,0.9361
0.9428,0.9490,0.9549,0.9596,0.9638,0.9676,0.9709,0.9740,0.9766,0.9791
0.9813,0.9830,0.9846,0.9860,0.9876,0.9887,0.9898,0.9908,0.9915,0.9922
0.9929,0.9934,0.9939,0.9943,0.9947,0.9951,0.9955,0.9959,0.9961,0.9964
0.9967,0.9969,0.9972,0.9974,0.9975,0.9977,0.9979,0.9981,0.9982,0.9984
0.9985,0.9986,0.9987,0.9989,0.9990,0.9990,0.9992,0.9993,0.9993,0.9995
0.9995,0.9996,0.9996,0.9996,0.9996,0.9997,0.9997,0.9998,0.9998,0.9998
0.9999,0.9999,0.9999,0.9999,0.9999,0.9999,1.0000,1.0000,1.0000,1.0000
hwc2x2fract=0.0000,0.0000,0.0001,0.0001,0.0002,0.0003,0.0004,0.0005
0.0006,0.0007,0.0009,0.0010,0.0012,0.0013,0.0016,0.0021,0.0026,0.0039
0.0062,0.0095,0.0141,0.0205,0.0294,0.0401,0.0522,0.0668,0.0830,0.1013
0.1208,0.1412,0.1620,0.1847,0.2072,0.2295,0.2530,0.2764,0.3007,0.3248
0.3478,0.3712,0.3944,0.4171,0.4394,0.4619,0.4845,0.5069,0.5296,0.5508
0.5724,0.5934,0.6141,0.6355,0.6564,0.6775,0.6980,0.7186,0.7394,0.7587
0.7776,0.7952,0.8130,0.8295,0.8457,0.8604,0.8747,0.8872,0.8984,0.9089
0.9188,0.9277,0.9357,0.9426,0.9489,0.9550,0.9602,0.9648,0.9692,0.9730
0.9763,0.9797,0.9823,0.9846,0.9866,0.9884,0.9898,0.9910,0.9921,0.9930
0.9936,0.9944,0.9949,0.9955,0.9961,0.9965,0.9968,0.9971,0.9973,0.9975
0.9977,0.9978,0.9981,0.9983,0.9985,0.9987,0.9988,0.9990,0.9990,0.9991
0.9992,0.9993,0.9993,0.9994,0.9994,0.9995,0.9995,0.9995,0.9996,0.9996
0.9996,0.9997,0.9997,0.9997,0.9997,0.9998,0.9998,0.9998,0.9998,0.9998
0.9998,0.9999,0.9999,0.9999,0.9999,0.9999,1.0000,1.0000,1.0000,1.0000
