; Lookup table
;number of bins in Meek's time to distance lookup table
hdriftbins=138
;number of 1st bin in Meek's table in ns
hdrift1stbin=-24
;bin size in ns of Meek's table
hdriftbinsz=2
hwc1x1fract=0.0001,0.0003,0.0004,0.0005,0.0007,0.0010,0.0013,0.0015
0.0018,0.0020,0.0024,0.0027,0.0033,0.0040,0.0052,0.0072,0.0103,0.0138
0.0185,0.0248,0.0327,0.0423,0.0543,0.0683,0.0831,0.1003,0.1174,0.1354
0.1547,0.1749,0.1954,0.2169,0.2387,0.2604,0.2838,0.3059,0.3272,0.3492
0.3714,0.3948,0.4176,0.4404,0.4627,0.4855,0.5074,0.5301,0.5521,0.5735
0.5948,0.6155,0.6356,0.6573,0.6774,0.6976,0.7174,0.7375,0.7563,0.7746
0.7919,0.8079,0.8249,0.8403,0.8542,0.8675,0.8790,0.8900,0.8998,0.9092
0.9168,0.9243,0.9312,0.9376,0.9441,0.9492,0.9544,0.9587,0.9626,0.9660
0.9692,0.9721,0.9745,0.9765,0.9782,0.9798,0.9812,0.9827,0.9839,0.9851
0.9862,0.9868,0.9876,0.9882,0.9886,0.9892,0.9896,0.9900,0.9905,0.9909
0.9913,0.9917,0.9919,0.9922,0.9927,0.9930,0.9933,0.9936,0.9938,0.9941
0.9944,0.9946,0.9948,0.9950,0.9952,0.9956,0.9958,0.9961,0.9962,0.9964
0.9967,0.9968,0.9970,0.9972,0.9975,0.9977,0.9979,0.9981,0.9983,0.9984
0.9987,0.9988,0.9990,0.9991,0.9992,0.9995,0.9996,0.9997,0.9998,1.0000
hwc1y1fract=0.0001,0.0003,0.0005,0.0007,0.0010,0.0012,0.0014,0.0016
0.0019,0.0021,0.0026,0.0031,0.0037,0.0046,0.0056,0.0071,0.0093,0.0124
0.0172,0.0242,0.0343,0.0488,0.0654,0.0847,0.1050,0.1276,0.1507,0.1749
0.1988,0.2230,0.2479,0.2728,0.2963,0.3196,0.3421,0.3647,0.3874,0.4098
0.4319,0.4532,0.4741,0.4955,0.5169,0.5376,0.5587,0.5788,0.5990,0.6190
0.6386,0.6582,0.6778,0.6968,0.7161,0.7337,0.7525,0.7708,0.7885,0.8057
0.8218,0.8369,0.8511,0.8647,0.8776,0.8888,0.8989,0.9086,0.9173,0.9252
0.9316,0.9374,0.9425,0.9471,0.9516,0.9556,0.9593,0.9628,0.9657,0.9683
0.9705,0.9727,0.9746,0.9762,0.9775,0.9790,0.9801,0.9813,0.9820,0.9830
0.9839,0.9846,0.9854,0.9861,0.9867,0.9873,0.9879,0.9884,0.9888,0.9895
0.9899,0.9902,0.9906,0.9912,0.9916,0.9920,0.9923,0.9926,0.9930,0.9933
0.9937,0.9940,0.9942,0.9945,0.9947,0.9950,0.9952,0.9955,0.9957,0.9959
0.9961,0.9964,0.9966,0.9968,0.9970,0.9973,0.9975,0.9977,0.9979,0.9981
0.9982,0.9985,0.9987,0.9989,0.9991,0.9992,0.9994,0.9995,0.9998,1.0000
hwc1u1fract=0.0001,0.0002,0.0003,0.0004,0.0005,0.0006,0.0007,0.0008
0.0010,0.0012,0.0012,0.0013,0.0015,0.0018,0.0024,0.0034,0.0053,0.0081
0.0111,0.0157,0.0220,0.0307,0.0425,0.0572,0.0740,0.0934,0.1140,0.1351
0.1585,0.1810,0.2035,0.2274,0.2507,0.2742,0.2973,0.3203,0.3427,0.3649
0.3867,0.4088,0.4303,0.4525,0.4737,0.4943,0.5150,0.5355,0.5559,0.5766
0.5965,0.6177,0.6385,0.6582,0.6780,0.6977,0.7161,0.7355,0.7539,0.7713
0.7893,0.8059,0.8236,0.8381,0.8527,0.8660,0.8780,0.8890,0.8993,0.9085
0.9169,0.9239,0.9300,0.9362,0.9416,0.9462,0.9509,0.9551,0.9589,0.9624
0.9652,0.9679,0.9704,0.9727,0.9747,0.9764,0.9777,0.9790,0.9802,0.9815
0.9823,0.9832,0.9841,0.9850,0.9856,0.9863,0.9869,0.9876,0.9881,0.9889
0.9894,0.9900,0.9905,0.9910,0.9914,0.9918,0.9922,0.9926,0.9929,0.9932
0.9935,0.9938,0.9940,0.9944,0.9947,0.9950,0.9954,0.9957,0.9958,0.9960
0.9963,0.9966,0.9968,0.9970,0.9972,0.9974,0.9976,0.9978,0.9980,0.9982
0.9985,0.9986,0.9988,0.9990,0.9992,0.9993,0.9995,0.9997,0.9999,1.0000
hwc1v1fract=0.0001,0.0003,0.0004,0.0005,0.0006,0.0007,0.0008,0.0009
0.0011,0.0012,0.0014,0.0015,0.0016,0.0018,0.0021,0.0024,0.0028,0.0035
0.0046,0.0068,0.0117,0.0188,0.0295,0.0432,0.0595,0.0781,0.0982,0.1193
0.1423,0.1655,0.1887,0.2123,0.2353,0.2591,0.2825,0.3050,0.3280,0.3494
0.3722,0.3935,0.4156,0.4363,0.4583,0.4785,0.4996,0.5209,0.5410,0.5608
0.5811,0.6001,0.6196,0.6401,0.6606,0.6799,0.6989,0.7175,0.7362,0.7538
0.7721,0.7896,0.8067,0.8237,0.8402,0.8557,0.8698,0.8827,0.8935,0.9032
0.9122,0.9201,0.9272,0.9332,0.9388,0.9434,0.9481,0.9527,0.9561,0.9598
0.9630,0.9662,0.9689,0.9710,0.9732,0.9751,0.9768,0.9784,0.9797,0.9809
0.9822,0.9831,0.9841,0.9849,0.9856,0.9864,0.9870,0.9876,0.9881,0.9887
0.9891,0.9896,0.9901,0.9906,0.9911,0.9916,0.9920,0.9923,0.9927,0.9931
0.9934,0.9937,0.9940,0.9943,0.9946,0.9949,0.9952,0.9954,0.9957,0.9958
0.9961,0.9964,0.9967,0.9969,0.9972,0.9973,0.9975,0.9978,0.9978,0.9980
0.9983,0.9986,0.9988,0.9989,0.9991,0.9994,0.9995,0.9997,0.9998,1.0000
hwc1y2fract=0.0002,0.0003,0.0004,0.0005,0.0006,0.0007,0.0009,0.0010
0.0011,0.0013,0.0016,0.0018,0.0022,0.0025,0.0030,0.0039,0.0054,0.0075
0.0109,0.0169,0.0253,0.0371,0.0518,0.0692,0.0891,0.1106,0.1329,0.1569
0.1803,0.2040,0.2276,0.2513,0.2747,0.2977,0.3209,0.3449,0.3673,0.3900
0.4136,0.4353,0.4567,0.4784,0.4988,0.5194,0.5402,0.5607,0.5805,0.6000
0.6201,0.6404,0.6605,0.6798,0.6987,0.7166,0.7346,0.7532,0.7707,0.7885
0.8056,0.8212,0.8360,0.8504,0.8639,0.8766,0.8876,0.8981,0.9071,0.9151
0.9225,0.9283,0.9339,0.9392,0.9442,0.9484,0.9525,0.9563,0.9596,0.9626
0.9651,0.9673,0.9699,0.9724,0.9744,0.9761,0.9775,0.9789,0.9800,0.9814
0.9824,0.9834,0.9843,0.9851,0.9858,0.9865,0.9871,0.9877,0.9883,0.9890
0.9895,0.9901,0.9904,0.9911,0.9915,0.9919,0.9922,0.9926,0.9931,0.9935
0.9939,0.9942,0.9945,0.9948,0.9951,0.9954,0.9958,0.9960,0.9962,0.9964
0.9966,0.9969,0.9971,0.9973,0.9974,0.9976,0.9979,0.9981,0.9982,0.9985
0.9986,0.9987,0.9988,0.9990,0.9992,0.9993,0.9994,0.9997,0.9997,1.0000
hwc1x2fract=0.0001,0.0003,0.0004,0.0005,0.0008,0.0009,0.0010,0.0011
0.0013,0.0015,0.0017,0.0019,0.0020,0.0022,0.0026,0.0031,0.0040,0.0054
0.0076,0.0107,0.0162,0.0234,0.0328,0.0443,0.0575,0.0720,0.0883,0.1065
0.1251,0.1455,0.1661,0.1882,0.2111,0.2334,0.2554,0.2784,0.3015,0.3245
0.3479,0.3699,0.3926,0.4153,0.4372,0.4588,0.4815,0.5034,0.5247,0.5466
0.5680,0.5885,0.6101,0.6318,0.6522,0.6718,0.6918,0.7112,0.7315,0.7510
0.7687,0.7858,0.8033,0.8203,0.8360,0.8505,0.8641,0.8775,0.8889,0.8992
0.9078,0.9157,0.9233,0.9303,0.9370,0.9429,0.9487,0.9532,0.9578,0.9618
0.9654,0.9685,0.9715,0.9739,0.9764,0.9782,0.9800,0.9813,0.9826,0.9838
0.9846,0.9855,0.9862,0.9869,0.9874,0.9881,0.9887,0.9891,0.9897,0.9902
0.9907,0.9911,0.9915,0.9918,0.9922,0.9924,0.9927,0.9930,0.9933,0.9936
0.9939,0.9942,0.9945,0.9947,0.9949,0.9951,0.9953,0.9955,0.9957,0.9961
0.9963,0.9966,0.9969,0.9970,0.9973,0.9974,0.9976,0.9979,0.9982,0.9983
0.9984,0.9985,0.9988,0.9990,0.9992,0.9993,0.9995,0.9998,0.9999,1.0000
hwc2x1fract=0.0001,0.0003,0.0006,0.0007,0.0009,0.0010,0.0012,0.0016
0.0018,0.0022,0.0025,0.0028,0.0031,0.0037,0.0045,0.0056,0.0074,0.0106
0.0155,0.0217,0.0290,0.0387,0.0507,0.0642,0.0797,0.0962,0.1138,0.1328
0.1525,0.1729,0.1933,0.2143,0.2365,0.2583,0.2814,0.3049,0.3289,0.3515
0.3747,0.3982,0.4214,0.4436,0.4662,0.4882,0.5113,0.5323,0.5544,0.5754
0.5973,0.6177,0.6392,0.6596,0.6806,0.7016,0.7209,0.7406,0.7600,0.7790
0.7975,0.8145,0.8303,0.8460,0.8595,0.8728,0.8852,0.8965,0.9062,0.9152
0.9230,0.9301,0.9369,0.9430,0.9484,0.9534,0.9581,0.9622,0.9662,0.9692
0.9721,0.9747,0.9768,0.9788,0.9807,0.9822,0.9833,0.9844,0.9854,0.9862
0.9871,0.9876,0.9882,0.9888,0.9894,0.9899,0.9903,0.9907,0.9911,0.9915
0.9918,0.9921,0.9924,0.9926,0.9929,0.9932,0.9935,0.9939,0.9941,0.9943
0.9947,0.9950,0.9952,0.9955,0.9957,0.9960,0.9961,0.9962,0.9964,0.9965
0.9967,0.9969,0.9971,0.9973,0.9975,0.9977,0.9979,0.9981,0.9982,0.9984
0.9986,0.9988,0.9990,0.9992,0.9994,0.9995,0.9996,0.9997,0.9998,1.0000
hwc2y1fract=0.0001,0.0001,0.0003,0.0004,0.0005,0.0006,0.0008,0.0009
0.0012,0.0013,0.0016,0.0018,0.0021,0.0025,0.0029,0.0034,0.0044,0.0060
0.0086,0.0135,0.0216,0.0320,0.0458,0.0627,0.0836,0.1053,0.1287,0.1521
0.1770,0.2017,0.2262,0.2510,0.2748,0.2990,0.3227,0.3453,0.3683,0.3902
0.4127,0.4352,0.4571,0.4778,0.4987,0.5201,0.5409,0.5620,0.5828,0.6031
0.6237,0.6433,0.6631,0.6819,0.7009,0.7201,0.7386,0.7577,0.7763,0.7936
0.8106,0.8259,0.8422,0.8570,0.8717,0.8837,0.8957,0.9062,0.9156,0.9235
0.9310,0.9372,0.9432,0.9486,0.9529,0.9569,0.9606,0.9638,0.9667,0.9695
0.9718,0.9739,0.9756,0.9773,0.9789,0.9804,0.9813,0.9822,0.9832,0.9844
0.9851,0.9858,0.9865,0.9872,0.9879,0.9884,0.9890,0.9894,0.9899,0.9903
0.9907,0.9910,0.9913,0.9917,0.9921,0.9924,0.9926,0.9930,0.9934,0.9937
0.9940,0.9945,0.9947,0.9950,0.9954,0.9956,0.9959,0.9961,0.9963,0.9965
0.9967,0.9969,0.9971,0.9974,0.9975,0.9977,0.9979,0.9981,0.9981,0.9982
0.9985,0.9987,0.9988,0.9991,0.9992,0.9994,0.9995,0.9997,0.9999,1.0000
hwc2u1fract=0.0000,0.0001,0.0002,0.0003,0.0004,0.0004,0.0006,0.0006
0.0007,0.0009,0.0010,0.0012,0.0013,0.0015,0.0017,0.0021,0.0024,0.0031
0.0045,0.0075,0.0137,0.0227,0.0361,0.0525,0.0728,0.0939,0.1174,0.1422
0.1663,0.1909,0.2151,0.2397,0.2645,0.2886,0.3118,0.3349,0.3579,0.3815
0.4035,0.4249,0.4457,0.4668,0.4882,0.5097,0.5301,0.5503,0.5703,0.5898
0.6100,0.6306,0.6508,0.6705,0.6904,0.7087,0.7266,0.7452,0.7636,0.7819
0.8002,0.8181,0.8342,0.8495,0.8641,0.8776,0.8901,0.9016,0.9109,0.9194
0.9269,0.9338,0.9394,0.9448,0.9493,0.9532,0.9571,0.9604,0.9633,0.9659
0.9687,0.9712,0.9730,0.9748,0.9763,0.9777,0.9791,0.9805,0.9814,0.9824
0.9834,0.9841,0.9849,0.9856,0.9864,0.9870,0.9875,0.9880,0.9884,0.9890
0.9894,0.9898,0.9902,0.9907,0.9910,0.9914,0.9919,0.9923,0.9926,0.9931
0.9936,0.9941,0.9943,0.9945,0.9948,0.9950,0.9954,0.9957,0.9959,0.9962
0.9964,0.9967,0.9970,0.9972,0.9975,0.9977,0.9978,0.9980,0.9981,0.9983
0.9985,0.9987,0.9988,0.9990,0.9992,0.9994,0.9996,0.9997,0.9998,1.0000
hwc2v1fract=0.0001,0.0002,0.0004,0.0005,0.0007,0.0009,0.0010,0.0011
0.0012,0.0014,0.0016,0.0018,0.0020,0.0023,0.0026,0.0032,0.0045,0.0068
0.0110,0.0185,0.0302,0.0457,0.0636,0.0840,0.1065,0.1307,0.1556,0.1806
0.2054,0.2288,0.2532,0.2769,0.3002,0.3231,0.3470,0.3702,0.3920,0.4139
0.4351,0.4569,0.4784,0.4995,0.5212,0.5419,0.5627,0.5822,0.6020,0.6220
0.6417,0.6621,0.6813,0.7003,0.7191,0.7374,0.7559,0.7746,0.7932,0.8095
0.8262,0.8425,0.8574,0.8707,0.8833,0.8955,0.9051,0.9147,0.9229,0.9302
0.9368,0.9419,0.9466,0.9514,0.9554,0.9590,0.9626,0.9656,0.9679,0.9704
0.9730,0.9749,0.9764,0.9779,0.9791,0.9804,0.9814,0.9824,0.9833,0.9842
0.9851,0.9858,0.9864,0.9869,0.9875,0.9879,0.9886,0.9890,0.9894,0.9898
0.9904,0.9909,0.9913,0.9917,0.9920,0.9924,0.9928,0.9932,0.9936,0.9939
0.9942,0.9945,0.9948,0.9951,0.9954,0.9957,0.9958,0.9960,0.9963,0.9965
0.9967,0.9968,0.9970,0.9972,0.9975,0.9977,0.9979,0.9980,0.9981,0.9983
0.9985,0.9987,0.9988,0.9990,0.9992,0.9994,0.9995,0.9997,0.9998,1.0000
hwc2y2fract=0.0001,0.0002,0.0004,0.0005,0.0006,0.0007,0.0009,0.0011
0.0013,0.0014,0.0016,0.0020,0.0023,0.0027,0.0033,0.0041,0.0051,0.0069
0.0100,0.0149,0.0223,0.0340,0.0483,0.0655,0.0855,0.1081,0.1306,0.1548
0.1804,0.2044,0.2293,0.2547,0.2785,0.3020,0.3256,0.3488,0.3714,0.3929
0.4160,0.4378,0.4591,0.4810,0.5019,0.5228,0.5436,0.5645,0.5843,0.6048
0.6252,0.6455,0.6644,0.6842,0.7041,0.7231,0.7417,0.7600,0.7775,0.7947
0.8129,0.8293,0.8450,0.8593,0.8736,0.8861,0.8969,0.9076,0.9168,0.9252
0.9325,0.9388,0.9442,0.9487,0.9534,0.9575,0.9609,0.9643,0.9671,0.9698
0.9723,0.9742,0.9760,0.9778,0.9792,0.9804,0.9815,0.9826,0.9836,0.9844
0.9852,0.9860,0.9866,0.9871,0.9875,0.9881,0.9886,0.9890,0.9895,0.9899
0.9904,0.9909,0.9913,0.9916,0.9920,0.9924,0.9927,0.9930,0.9932,0.9935
0.9938,0.9940,0.9944,0.9946,0.9949,0.9954,0.9956,0.9958,0.9960,0.9962
0.9964,0.9967,0.9969,0.9973,0.9975,0.9977,0.9979,0.9980,0.9983,0.9984
0.9987,0.9989,0.9990,0.9992,0.9993,0.9993,0.9995,0.9998,0.9999,1.0000
hwc2x2fract=0.0002,0.0003,0.0004,0.0006,0.0008,0.0009,0.0011,0.0013
0.0014,0.0016,0.0018,0.0020,0.0022,0.0025,0.0029,0.0033,0.0039,0.0052
0.0073,0.0103,0.0151,0.0214,0.0302,0.0411,0.0542,0.0690,0.0842,0.1013
0.1199,0.1402,0.1612,0.1845,0.2056,0.2272,0.2498,0.2717,0.2944,0.3180
0.3411,0.3637,0.3871,0.4106,0.4337,0.4564,0.4797,0.5019,0.5241,0.5462
0.5681,0.5896,0.6109,0.6324,0.6526,0.6735,0.6945,0.7142,0.7347,0.7540
0.7723,0.7903,0.8085,0.8252,0.8401,0.8547,0.8682,0.8812,0.8922,0.9020
0.9105,0.9188,0.9269,0.9333,0.9396,0.9456,0.9511,0.9556,0.9603,0.9641
0.9677,0.9708,0.9738,0.9760,0.9783,0.9800,0.9816,0.9830,0.9841,0.9851
0.9859,0.9867,0.9874,0.9881,0.9887,0.9893,0.9899,0.9904,0.9908,0.9912
0.9917,0.9921,0.9924,0.9927,0.9930,0.9934,0.9936,0.9939,0.9943,0.9944
0.9948,0.9951,0.9953,0.9956,0.9957,0.9959,0.9960,0.9963,0.9965,0.9966
0.9967,0.9969,0.9971,0.9974,0.9976,0.9977,0.9978,0.9980,0.9982,0.9984
0.9985,0.9987,0.9988,0.9990,0.9992,0.9994,0.9995,0.9997,0.9999,1.0000
