; Lookup table
;number of bins in Meek's time to distance lookup table
hdriftbins=138
;number of 1st bin in Meek's table in ns
hdrift1stbin=-24
;bin size in ns of Meek's table
hdriftbinsz=2
hwc1x1fract=0.0001,0.0002,0.0003,0.0004,0.0005,0.0006,0.0007,0.0010
0.0012,0.0014,0.0016,0.0019,0.0023,0.0030,0.0041,0.0058,0.0084,0.0116
0.0157,0.0211,0.0283,0.0373,0.0483,0.0610,0.0751,0.0913,0.1091,0.1271
0.1461,0.1667,0.1875,0.2086,0.2308,0.2541,0.2770,0.2993,0.3227,0.3460
0.3690,0.3931,0.4167,0.4388,0.4623,0.4858,0.5079,0.5298,0.5524,0.5740
0.5959,0.6177,0.6391,0.6601,0.6810,0.7015,0.7214,0.7409,0.7600,0.7786
0.7960,0.8136,0.8301,0.8456,0.8597,0.8731,0.8856,0.8966,0.9078,0.9177
0.9256,0.9331,0.9404,0.9467,0.9529,0.9584,0.9632,0.9679,0.9718,0.9752
0.9781,0.9807,0.9830,0.9851,0.9867,0.9880,0.9892,0.9903,0.9910,0.9917
0.9924,0.9929,0.9933,0.9937,0.9940,0.9943,0.9948,0.9950,0.9952,0.9955
0.9957,0.9959,0.9961,0.9964,0.9967,0.9968,0.9970,0.9971,0.9972,0.9974
0.9975,0.9976,0.9978,0.9979,0.9980,0.9981,0.9982,0.9983,0.9984,0.9984
0.9985,0.9985,0.9986,0.9987,0.9988,0.9988,0.9989,0.9991,0.9991,0.9991
0.9993,0.9993,0.9995,0.9995,0.9996,0.9997,0.9998,0.9999,0.9999,1.0000
hwc1y1fract=0.0001,0.0003,0.0004,0.0006,0.0007,0.0009,0.0010,0.0012
0.0014,0.0017,0.0019,0.0023,0.0028,0.0033,0.0042,0.0052,0.0067,0.0095
0.0134,0.0199,0.0296,0.0426,0.0578,0.0759,0.0972,0.1189,0.1425,0.1661
0.1898,0.2135,0.2377,0.2618,0.2872,0.3107,0.3350,0.3588,0.3824,0.4051
0.4268,0.4489,0.4711,0.4921,0.5137,0.5343,0.5556,0.5761,0.5973,0.6171
0.6380,0.6578,0.6770,0.6965,0.7158,0.7348,0.7528,0.7713,0.7892,0.8065
0.8233,0.8391,0.8543,0.8691,0.8814,0.8933,0.9038,0.9132,0.9219,0.9298
0.9369,0.9425,0.9482,0.9523,0.9572,0.9608,0.9644,0.9676,0.9707,0.9736
0.9765,0.9788,0.9805,0.9822,0.9836,0.9851,0.9865,0.9876,0.9887,0.9894
0.9901,0.9906,0.9912,0.9917,0.9923,0.9929,0.9933,0.9937,0.9940,0.9944
0.9947,0.9951,0.9953,0.9956,0.9958,0.9960,0.9962,0.9965,0.9968,0.9970
0.9972,0.9973,0.9975,0.9977,0.9978,0.9980,0.9981,0.9982,0.9984,0.9985
0.9986,0.9988,0.9989,0.9990,0.9991,0.9991,0.9992,0.9993,0.9993,0.9994
0.9994,0.9995,0.9995,0.9996,0.9997,0.9998,0.9999,0.9999,0.9999,1.0000
hwc1u1fract=0.0000,0.0000,0.0001,0.0001,0.0001,0.0002,0.0002,0.0003
0.0003,0.0004,0.0004,0.0005,0.0007,0.0009,0.0014,0.0022,0.0037,0.0064
0.0094,0.0140,0.0203,0.0291,0.0408,0.0547,0.0709,0.0880,0.1074,0.1281
0.1496,0.1721,0.1949,0.2173,0.2405,0.2641,0.2875,0.3106,0.3336,0.3569
0.3793,0.4018,0.4240,0.4464,0.4682,0.4894,0.5112,0.5326,0.5537,0.5744
0.5946,0.6158,0.6360,0.6565,0.6770,0.6968,0.7156,0.7356,0.7542,0.7731
0.7906,0.8076,0.8235,0.8396,0.8549,0.8680,0.8803,0.8918,0.9022,0.9115
0.9197,0.9272,0.9344,0.9404,0.9459,0.9512,0.9556,0.9601,0.9637,0.9674
0.9706,0.9735,0.9763,0.9786,0.9805,0.9820,0.9836,0.9847,0.9860,0.9871
0.9880,0.9889,0.9897,0.9904,0.9910,0.9916,0.9921,0.9926,0.9930,0.9934
0.9939,0.9943,0.9946,0.9949,0.9953,0.9955,0.9958,0.9960,0.9962,0.9965
0.9967,0.9969,0.9971,0.9974,0.9976,0.9977,0.9979,0.9982,0.9983,0.9983
0.9984,0.9985,0.9987,0.9988,0.9989,0.9990,0.9991,0.9991,0.9992,0.9993
0.9994,0.9995,0.9995,0.9996,0.9997,0.9998,0.9999,0.9999,0.9999,1.0000
hwc1v1fract=0.0000,0.0001,0.0001,0.0002,0.0002,0.0002,0.0003,0.0003
0.0004,0.0004,0.0005,0.0006,0.0007,0.0008,0.0009,0.0011,0.0014,0.0019
0.0031,0.0052,0.0090,0.0159,0.0252,0.0379,0.0542,0.0732,0.0934,0.1153
0.1374,0.1607,0.1846,0.2077,0.2306,0.2540,0.2772,0.3009,0.3244,0.3469
0.3697,0.3926,0.4154,0.4370,0.4577,0.4789,0.5006,0.5215,0.5428,0.5630
0.5849,0.6053,0.6253,0.6455,0.6653,0.6847,0.7045,0.7235,0.7428,0.7614
0.7794,0.7972,0.8140,0.8301,0.8462,0.8608,0.8748,0.8869,0.8979,0.9079
0.9165,0.9238,0.9308,0.9369,0.9427,0.9478,0.9526,0.9565,0.9603,0.9643
0.9678,0.9713,0.9740,0.9763,0.9783,0.9804,0.9823,0.9837,0.9851,0.9862
0.9871,0.9882,0.9889,0.9898,0.9905,0.9911,0.9917,0.9922,0.9928,0.9930
0.9935,0.9940,0.9943,0.9946,0.9950,0.9954,0.9957,0.9960,0.9963,0.9965
0.9968,0.9970,0.9973,0.9975,0.9977,0.9978,0.9979,0.9981,0.9982,0.9983
0.9985,0.9986,0.9987,0.9988,0.9989,0.9989,0.9991,0.9992,0.9993,0.9993
0.9994,0.9995,0.9996,0.9997,0.9997,0.9998,0.9998,0.9999,1.0000,1.0000
hwc1y2fract=0.0001,0.0001,0.0001,0.0002,0.0002,0.0003,0.0004,0.0005
0.0006,0.0008,0.0009,0.0010,0.0013,0.0016,0.0021,0.0027,0.0041,0.0059
0.0090,0.0145,0.0222,0.0330,0.0467,0.0628,0.0821,0.1027,0.1244,0.1475
0.1698,0.1931,0.2181,0.2427,0.2669,0.2904,0.3135,0.3366,0.3603,0.3839
0.4068,0.4295,0.4515,0.4732,0.4939,0.5160,0.5365,0.5575,0.5781,0.5992
0.6204,0.6405,0.6603,0.6802,0.6999,0.7182,0.7371,0.7554,0.7734,0.7901
0.8078,0.8238,0.8394,0.8548,0.8687,0.8813,0.8928,0.9032,0.9129,0.9209
0.9282,0.9346,0.9403,0.9457,0.9504,0.9550,0.9593,0.9628,0.9662,0.9691
0.9715,0.9736,0.9758,0.9778,0.9795,0.9811,0.9824,0.9838,0.9850,0.9861
0.9872,0.9880,0.9887,0.9895,0.9902,0.9909,0.9914,0.9921,0.9926,0.9931
0.9935,0.9938,0.9942,0.9945,0.9947,0.9951,0.9954,0.9957,0.9960,0.9962
0.9965,0.9967,0.9970,0.9972,0.9974,0.9976,0.9978,0.9979,0.9981,0.9982
0.9983,0.9984,0.9985,0.9986,0.9987,0.9988,0.9989,0.9990,0.9991,0.9992
0.9992,0.9993,0.9994,0.9995,0.9996,0.9997,0.9997,0.9998,0.9999,1.0000
hwc1x2fract=0.0001,0.0001,0.0001,0.0002,0.0002,0.0003,0.0004,0.0005
0.0006,0.0007,0.0009,0.0010,0.0011,0.0013,0.0016,0.0021,0.0028,0.0040
0.0057,0.0086,0.0129,0.0193,0.0277,0.0378,0.0502,0.0642,0.0801,0.0985
0.1167,0.1364,0.1565,0.1781,0.1995,0.2216,0.2441,0.2671,0.2905,0.3135
0.3361,0.3594,0.3826,0.4059,0.4279,0.4506,0.4728,0.4958,0.5192,0.5411
0.5627,0.5850,0.6057,0.6264,0.6476,0.6693,0.6900,0.7100,0.7289,0.7479
0.7666,0.7847,0.8023,0.8186,0.8346,0.8498,0.8643,0.8774,0.8890,0.9002
0.9107,0.9198,0.9280,0.9353,0.9417,0.9481,0.9535,0.9589,0.9636,0.9678
0.9716,0.9755,0.9783,0.9809,0.9831,0.9850,0.9864,0.9878,0.9888,0.9900
0.9908,0.9917,0.9924,0.9930,0.9934,0.9938,0.9942,0.9945,0.9948,0.9951
0.9954,0.9956,0.9959,0.9961,0.9963,0.9965,0.9967,0.9968,0.9970,0.9971
0.9973,0.9975,0.9976,0.9978,0.9978,0.9980,0.9981,0.9982,0.9983,0.9984
0.9985,0.9986,0.9986,0.9988,0.9989,0.9990,0.9991,0.9992,0.9992,0.9993
0.9994,0.9994,0.9995,0.9996,0.9996,0.9997,0.9997,0.9998,0.9999,1.0000
hwc2x1fract=0.0001,0.0002,0.0003,0.0004,0.0005,0.0007,0.0009,0.0011
0.0012,0.0014,0.0017,0.0019,0.0022,0.0027,0.0033,0.0043,0.0062,0.0089
0.0133,0.0190,0.0269,0.0362,0.0470,0.0601,0.0743,0.0904,0.1081,0.1268
0.1475,0.1674,0.1879,0.2094,0.2310,0.2531,0.2755,0.2998,0.3235,0.3473
0.3706,0.3936,0.4169,0.4389,0.4617,0.4852,0.5081,0.5299,0.5512,0.5728
0.5952,0.6174,0.6396,0.6609,0.6823,0.7036,0.7231,0.7430,0.7627,0.7818
0.8004,0.8176,0.8338,0.8506,0.8652,0.8789,0.8907,0.9017,0.9117,0.9207
0.9293,0.9364,0.9432,0.9490,0.9546,0.9601,0.9647,0.9684,0.9720,0.9754
0.9781,0.9803,0.9823,0.9843,0.9860,0.9874,0.9885,0.9894,0.9902,0.9909
0.9913,0.9920,0.9924,0.9928,0.9933,0.9938,0.9941,0.9945,0.9948,0.9951
0.9953,0.9956,0.9959,0.9961,0.9963,0.9965,0.9967,0.9969,0.9970,0.9971
0.9972,0.9974,0.9976,0.9977,0.9979,0.9980,0.9981,0.9982,0.9983,0.9984
0.9985,0.9986,0.9987,0.9988,0.9989,0.9990,0.9991,0.9991,0.9992,0.9993
0.9993,0.9994,0.9995,0.9995,0.9996,0.9997,0.9998,0.9999,0.9999,1.0000
hwc2y1fract=0.0001,0.0001,0.0002,0.0003,0.0003,0.0004,0.0004,0.0006
0.0007,0.0008,0.0009,0.0011,0.0012,0.0015,0.0018,0.0023,0.0031,0.0046
0.0070,0.0111,0.0179,0.0280,0.0414,0.0570,0.0772,0.0970,0.1199,0.1438
0.1688,0.1931,0.2177,0.2428,0.2672,0.2916,0.3144,0.3384,0.3615,0.3850
0.4076,0.4309,0.4524,0.4740,0.4955,0.5163,0.5371,0.5582,0.5791,0.5997
0.6199,0.6402,0.6601,0.6797,0.6997,0.7202,0.7393,0.7578,0.7766,0.7951
0.8120,0.8295,0.8457,0.8614,0.8750,0.8879,0.9001,0.9112,0.9208,0.9289
0.9359,0.9429,0.9486,0.9532,0.9578,0.9619,0.9658,0.9689,0.9719,0.9743
0.9766,0.9788,0.9808,0.9823,0.9839,0.9851,0.9862,0.9872,0.9879,0.9887
0.9893,0.9899,0.9905,0.9909,0.9915,0.9920,0.9926,0.9931,0.9934,0.9937
0.9941,0.9945,0.9948,0.9952,0.9955,0.9958,0.9960,0.9962,0.9964,0.9967
0.9970,0.9973,0.9975,0.9977,0.9978,0.9979,0.9981,0.9982,0.9983,0.9984
0.9986,0.9986,0.9987,0.9988,0.9989,0.9990,0.9991,0.9992,0.9993,0.9994
0.9994,0.9995,0.9996,0.9996,0.9997,0.9998,0.9999,0.9999,0.9999,1.0000
hwc2u1fract=0.0000,0.0000,0.0000,0.0001,0.0001,0.0001,0.0001,0.0002
0.0002,0.0002,0.0002,0.0003,0.0003,0.0004,0.0004,0.0005,0.0007,0.0012
0.0022,0.0046,0.0097,0.0188,0.0319,0.0476,0.0663,0.0877,0.1109,0.1347
0.1591,0.1842,0.2086,0.2334,0.2577,0.2824,0.3064,0.3305,0.3537,0.3767
0.3985,0.4212,0.4438,0.4663,0.4875,0.5081,0.5284,0.5496,0.5695,0.5900
0.6105,0.6310,0.6507,0.6709,0.6913,0.7094,0.7284,0.7468,0.7653,0.7841
0.8016,0.8193,0.8360,0.8530,0.8679,0.8818,0.8946,0.9057,0.9153,0.9241
0.9318,0.9383,0.9443,0.9495,0.9541,0.9584,0.9622,0.9658,0.9690,0.9716
0.9738,0.9761,0.9780,0.9798,0.9812,0.9822,0.9833,0.9842,0.9849,0.9857
0.9863,0.9869,0.9874,0.9880,0.9885,0.9889,0.9894,0.9900,0.9903,0.9908
0.9911,0.9916,0.9919,0.9921,0.9924,0.9926,0.9928,0.9932,0.9935,0.9936
0.9938,0.9940,0.9943,0.9945,0.9948,0.9950,0.9952,0.9953,0.9954,0.9956
0.9958,0.9960,0.9961,0.9963,0.9965,0.9968,0.9971,0.9973,0.9976,0.9979
0.9982,0.9984,0.9986,0.9988,0.9990,0.9992,0.9994,0.9996,0.9998,1.0000
hwc2v1fract=0.0000,0.0001,0.0001,0.0001,0.0002,0.0003,0.0004,0.0005
0.0005,0.0007,0.0007,0.0009,0.0011,0.0012,0.0016,0.0021,0.0029,0.0048
0.0088,0.0158,0.0265,0.0400,0.0567,0.0771,0.0985,0.1205,0.1435,0.1674
0.1920,0.2169,0.2417,0.2662,0.2905,0.3139,0.3367,0.3611,0.3837,0.4072
0.4292,0.4511,0.4730,0.4949,0.5162,0.5369,0.5579,0.5779,0.5982,0.6196
0.6400,0.6599,0.6797,0.6990,0.7189,0.7379,0.7571,0.7753,0.7934,0.8112
0.8280,0.8429,0.8585,0.8732,0.8864,0.8981,0.9087,0.9179,0.9266,0.9337
0.9403,0.9461,0.9513,0.9558,0.9599,0.9635,0.9666,0.9700,0.9728,0.9750
0.9771,0.9792,0.9813,0.9826,0.9838,0.9848,0.9859,0.9871,0.9880,0.9887
0.9893,0.9901,0.9907,0.9913,0.9917,0.9921,0.9925,0.9929,0.9932,0.9936
0.9940,0.9944,0.9947,0.9951,0.9955,0.9957,0.9960,0.9962,0.9964,0.9966
0.9969,0.9970,0.9972,0.9973,0.9974,0.9975,0.9977,0.9979,0.9981,0.9982
0.9983,0.9984,0.9985,0.9986,0.9987,0.9989,0.9989,0.9990,0.9991,0.9992
0.9993,0.9993,0.9994,0.9995,0.9996,0.9996,0.9998,0.9998,1.0000,1.0000
hwc2y2fract=0.0001,0.0002,0.0003,0.0004,0.0004,0.0005,0.0006,0.0008
0.0009,0.0010,0.0012,0.0014,0.0017,0.0020,0.0025,0.0031,0.0043,0.0060
0.0090,0.0135,0.0209,0.0316,0.0460,0.0628,0.0824,0.1037,0.1280,0.1520
0.1765,0.2017,0.2260,0.2507,0.2756,0.2994,0.3238,0.3473,0.3708,0.3939
0.4169,0.4398,0.4619,0.4839,0.5053,0.5268,0.5470,0.5678,0.5880,0.6081
0.6286,0.6480,0.6674,0.6873,0.7071,0.7260,0.7452,0.7639,0.7822,0.8000
0.8172,0.8343,0.8501,0.8650,0.8794,0.8924,0.9042,0.9137,0.9229,0.9312
0.9384,0.9447,0.9504,0.9552,0.9594,0.9636,0.9673,0.9705,0.9729,0.9753
0.9775,0.9794,0.9810,0.9825,0.9837,0.9850,0.9859,0.9868,0.9878,0.9886
0.9892,0.9898,0.9905,0.9910,0.9915,0.9921,0.9925,0.9929,0.9933,0.9938
0.9942,0.9945,0.9948,0.9950,0.9953,0.9956,0.9959,0.9963,0.9966,0.9968
0.9969,0.9971,0.9972,0.9973,0.9976,0.9977,0.9978,0.9980,0.9981,0.9983
0.9984,0.9986,0.9987,0.9988,0.9989,0.9991,0.9991,0.9992,0.9993,0.9993
0.9994,0.9995,0.9995,0.9996,0.9996,0.9997,0.9997,0.9998,0.9999,1.0000
hwc2x2fract=0.0000,0.0001,0.0002,0.0004,0.0004,0.0006,0.0007,0.0008
0.0009,0.0010,0.0012,0.0014,0.0016,0.0018,0.0021,0.0025,0.0031,0.0042
0.0062,0.0092,0.0139,0.0206,0.0283,0.0383,0.0503,0.0643,0.0797,0.0954
0.1146,0.1351,0.1559,0.1775,0.1994,0.2225,0.2442,0.2668,0.2903,0.3126
0.3355,0.3588,0.3822,0.4052,0.4289,0.4523,0.4744,0.4977,0.5203,0.5427
0.5646,0.5860,0.6071,0.6282,0.6501,0.6702,0.6903,0.7116,0.7327,0.7529
0.7725,0.7921,0.8101,0.8263,0.8424,0.8577,0.8713,0.8836,0.8951,0.9056
0.9147,0.9235,0.9316,0.9388,0.9449,0.9510,0.9565,0.9618,0.9661,0.9699
0.9738,0.9770,0.9794,0.9812,0.9828,0.9844,0.9859,0.9873,0.9883,0.9891
0.9900,0.9908,0.9915,0.9923,0.9928,0.9933,0.9937,0.9941,0.9945,0.9948
0.9951,0.9954,0.9957,0.9959,0.9961,0.9963,0.9965,0.9967,0.9969,0.9970
0.9972,0.9973,0.9974,0.9976,0.9979,0.9979,0.9981,0.9982,0.9983,0.9983
0.9984,0.9986,0.9988,0.9988,0.9989,0.9990,0.9991,0.9992,0.9993,0.9994
0.9994,0.9995,0.9996,0.9996,0.9997,0.9998,0.9998,0.9999,0.9999,1.0000
