; Lookup table
;number of bins in Meek's time to distance lookup table
hdriftbins=138
;number of 1st bin in Meek's table in ns
hdrift1stbin=-24
;bin size in ns of Meek's table
hdriftbinsz=2
hwc1x1fract=0.0001,0.0001,0.0002,0.0003,0.0004,0.0005,0.0006,0.0007
0.0008,0.0010,0.0011,0.0013,0.0016,0.0019,0.0024,0.0034,0.0050,0.0072
0.0103,0.0141,0.0191,0.0257,0.0340,0.0438,0.0553,0.0682,0.0823,0.0972
0.1134,0.1304,0.1483,0.1666,0.1853,0.2051,0.2255,0.2458,0.2671,0.2883
0.3097,0.3318,0.3540,0.3761,0.3987,0.4212,0.4436,0.4665,0.4889,0.5115
0.5335,0.5560,0.5781,0.6000,0.6216,0.6429,0.6642,0.6851,0.7063,0.7267
0.7468,0.7663,0.7854,0.8035,0.8211,0.8378,0.8534,0.8681,0.8817,0.8943
0.9059,0.9166,0.9265,0.9355,0.9437,0.9509,0.9575,0.9633,0.9683,0.9728
0.9768,0.9801,0.9832,0.9855,0.9876,0.9893,0.9906,0.9917,0.9927,0.9935
0.9941,0.9946,0.9951,0.9955,0.9959,0.9962,0.9965,0.9967,0.9970,0.9972
0.9974,0.9976,0.9978,0.9979,0.9980,0.9982,0.9983,0.9984,0.9985,0.9986
0.9987,0.9988,0.9989,0.9989,0.9990,0.9991,0.9991,0.9992,0.9992,0.9993
0.9994,0.9994,0.9994,0.9995,0.9995,0.9996,0.9996,0.9996,0.9997,0.9997
0.9997,0.9998,0.9998,0.9999,0.9999,0.9999,0.9999,0.9999,1.0000,1.0000
hwc1y1fract=0.0001,0.0002,0.0002,0.0003,0.0005,0.0006,0.0007,0.0008
0.0009,0.0011,0.0013,0.0014,0.0017,0.0021,0.0026,0.0033,0.0043,0.0058
0.0082,0.0121,0.0183,0.0273,0.0391,0.0536,0.0700,0.0884,0.1083,0.1293
0.1507,0.1728,0.1952,0.2179,0.2407,0.2637,0.2864,0.3093,0.3321,0.3543
0.3764,0.3985,0.4203,0.4422,0.4638,0.4855,0.5066,0.5275,0.5485,0.5691
0.5898,0.6105,0.6311,0.6509,0.6710,0.6907,0.7102,0.7296,0.7488,0.7677
0.7864,0.8043,0.8216,0.8380,0.8538,0.8684,0.8824,0.8951,0.9068,0.9174
0.9270,0.9354,0.9427,0.9492,0.9550,0.9602,0.9647,0.9687,0.9723,0.9755
0.9784,0.9808,0.9830,0.9848,0.9864,0.9878,0.9891,0.9902,0.9911,0.9919
0.9926,0.9932,0.9938,0.9944,0.9948,0.9952,0.9956,0.9959,0.9962,0.9965
0.9968,0.9971,0.9973,0.9975,0.9977,0.9978,0.9980,0.9982,0.9984,0.9985
0.9986,0.9987,0.9988,0.9989,0.9990,0.9991,0.9992,0.9992,0.9993,0.9993
0.9994,0.9994,0.9995,0.9995,0.9995,0.9996,0.9996,0.9997,0.9997,0.9997
0.9997,0.9998,0.9998,0.9998,0.9999,0.9999,0.9999,1.0000,1.0000,1.0000
hwc1u1fract=0.0000,0.0001,0.0001,0.0001,0.0002,0.0002,0.0003,0.0003
0.0003,0.0004,0.0004,0.0005,0.0006,0.0008,0.0012,0.0019,0.0034,0.0056
0.0087,0.0127,0.0184,0.0261,0.0364,0.0489,0.0633,0.0794,0.0968,0.1154
0.1348,0.1544,0.1749,0.1955,0.2169,0.2383,0.2604,0.2819,0.3042,0.3264
0.3487,0.3708,0.3923,0.4141,0.4356,0.4574,0.4794,0.5009,0.5225,0.5436
0.5651,0.5864,0.6073,0.6278,0.6484,0.6684,0.6887,0.7083,0.7281,0.7476
0.7664,0.7847,0.8026,0.8199,0.8361,0.8515,0.8659,0.8796,0.8920,0.9033
0.9136,0.9232,0.9315,0.9390,0.9458,0.9519,0.9574,0.9623,0.9666,0.9706
0.9741,0.9771,0.9797,0.9821,0.9841,0.9858,0.9872,0.9885,0.9896,0.9906
0.9914,0.9921,0.9927,0.9933,0.9938,0.9943,0.9948,0.9952,0.9955,0.9959
0.9962,0.9965,0.9967,0.9970,0.9973,0.9975,0.9976,0.9978,0.9980,0.9982
0.9983,0.9985,0.9986,0.9987,0.9988,0.9989,0.9989,0.9990,0.9991,0.9992
0.9992,0.9993,0.9993,0.9994,0.9994,0.9995,0.9995,0.9996,0.9996,0.9996
0.9997,0.9997,0.9998,0.9998,0.9998,0.9999,0.9999,0.9999,1.0000,1.0000
hwc1v1fract=0.0000,0.0001,0.0001,0.0002,0.0002,0.0002,0.0003,0.0003
0.0004,0.0004,0.0005,0.0006,0.0007,0.0008,0.0010,0.0012,0.0017,0.0026
0.0045,0.0080,0.0141,0.0230,0.0348,0.0491,0.0654,0.0835,0.1025,0.1224
0.1431,0.1644,0.1862,0.2082,0.2303,0.2527,0.2748,0.2974,0.3191,0.3413
0.3631,0.3851,0.4068,0.4286,0.4497,0.4713,0.4926,0.5138,0.5352,0.5556
0.5762,0.5967,0.6176,0.6377,0.6582,0.6780,0.6976,0.7175,0.7367,0.7560
0.7748,0.7933,0.8111,0.8284,0.8448,0.8604,0.8749,0.8880,0.9000,0.9110
0.9206,0.9293,0.9369,0.9440,0.9501,0.9556,0.9605,0.9650,0.9690,0.9725
0.9757,0.9783,0.9808,0.9829,0.9847,0.9863,0.9876,0.9887,0.9897,0.9907
0.9915,0.9922,0.9929,0.9934,0.9940,0.9945,0.9949,0.9953,0.9957,0.9960
0.9963,0.9966,0.9969,0.9971,0.9974,0.9976,0.9978,0.9980,0.9981,0.9983
0.9984,0.9985,0.9987,0.9988,0.9988,0.9990,0.9990,0.9991,0.9992,0.9992
0.9993,0.9994,0.9994,0.9995,0.9995,0.9996,0.9996,0.9996,0.9997,0.9997
0.9998,0.9998,0.9998,0.9998,0.9999,0.9999,0.9999,0.9999,1.0000,1.0000
hwc1y2fract=0.0001,0.0001,0.0002,0.0002,0.0002,0.0003,0.0003,0.0004
0.0005,0.0006,0.0007,0.0008,0.0009,0.0011,0.0014,0.0018,0.0024,0.0035
0.0054,0.0085,0.0135,0.0209,0.0306,0.0433,0.0579,0.0746,0.0931,0.1129
0.1337,0.1551,0.1767,0.1988,0.2213,0.2438,0.2658,0.2885,0.3112,0.3336
0.3563,0.3783,0.4004,0.4219,0.4430,0.4645,0.4857,0.5068,0.5277,0.5484
0.5696,0.5902,0.6110,0.6314,0.6517,0.6714,0.6916,0.7114,0.7306,0.7494
0.7679,0.7862,0.8044,0.8214,0.8378,0.8532,0.8678,0.8816,0.8940,0.9056
0.9156,0.9250,0.9330,0.9402,0.9466,0.9524,0.9576,0.9622,0.9664,0.9701
0.9735,0.9763,0.9789,0.9812,0.9831,0.9848,0.9863,0.9875,0.9886,0.9897
0.9906,0.9914,0.9921,0.9926,0.9932,0.9938,0.9942,0.9947,0.9951,0.9954
0.9958,0.9962,0.9965,0.9968,0.9970,0.9973,0.9975,0.9977,0.9979,0.9981
0.9982,0.9983,0.9985,0.9986,0.9987,0.9988,0.9989,0.9990,0.9991,0.9991
0.9992,0.9992,0.9993,0.9994,0.9994,0.9994,0.9995,0.9995,0.9996,0.9996
0.9997,0.9997,0.9997,0.9998,0.9998,0.9999,0.9999,0.9999,1.0000,1.0000
hwc1x2fract=0.0000,0.0001,0.0001,0.0002,0.0003,0.0003,0.0004,0.0005
0.0005,0.0007,0.0008,0.0009,0.0011,0.0013,0.0017,0.0024,0.0035,0.0053
0.0081,0.0119,0.0176,0.0252,0.0350,0.0459,0.0582,0.0719,0.0870,0.1031
0.1200,0.1376,0.1562,0.1753,0.1956,0.2162,0.2372,0.2585,0.2802,0.3026
0.3252,0.3476,0.3699,0.3927,0.4149,0.4373,0.4600,0.4826,0.5049,0.5273
0.5492,0.5708,0.5927,0.6145,0.6362,0.6573,0.6789,0.6994,0.7196,0.7397
0.7592,0.7782,0.7967,0.8143,0.8318,0.8478,0.8629,0.8772,0.8904,0.9024
0.9134,0.9235,0.9325,0.9410,0.9486,0.9552,0.9615,0.9669,0.9715,0.9754
0.9790,0.9818,0.9844,0.9865,0.9883,0.9898,0.9910,0.9920,0.9928,0.9935
0.9941,0.9946,0.9950,0.9954,0.9957,0.9960,0.9963,0.9966,0.9968,0.9970
0.9972,0.9974,0.9976,0.9978,0.9979,0.9981,0.9982,0.9983,0.9984,0.9985
0.9986,0.9987,0.9988,0.9989,0.9989,0.9990,0.9990,0.9991,0.9992,0.9992
0.9993,0.9993,0.9994,0.9994,0.9995,0.9995,0.9996,0.9996,0.9997,0.9997
0.9997,0.9997,0.9998,0.9998,0.9999,0.9999,0.9999,0.9999,1.0000,1.0000
hwc2x1fract=0.0000,0.0001,0.0002,0.0003,0.0004,0.0004,0.0006,0.0007
0.0008,0.0010,0.0011,0.0013,0.0015,0.0018,0.0021,0.0027,0.0035,0.0050
0.0076,0.0116,0.0171,0.0241,0.0325,0.0428,0.0548,0.0680,0.0825,0.0982
0.1147,0.1322,0.1503,0.1690,0.1882,0.2084,0.2290,0.2498,0.2716,0.2931
0.3151,0.3371,0.3594,0.3820,0.4044,0.4270,0.4496,0.4720,0.4950,0.5177
0.5399,0.5623,0.5838,0.6055,0.6275,0.6489,0.6708,0.6917,0.7126,0.7328
0.7530,0.7726,0.7918,0.8100,0.8276,0.8443,0.8599,0.8743,0.8881,0.9005
0.9120,0.9222,0.9316,0.9400,0.9477,0.9545,0.9606,0.9660,0.9708,0.9750
0.9786,0.9817,0.9843,0.9866,0.9885,0.9900,0.9913,0.9923,0.9932,0.9940
0.9946,0.9951,0.9956,0.9959,0.9962,0.9965,0.9968,0.9970,0.9972,0.9974
0.9976,0.9977,0.9979,0.9980,0.9982,0.9983,0.9984,0.9985,0.9986,0.9986
0.9987,0.9988,0.9989,0.9989,0.9990,0.9991,0.9991,0.9992,0.9992,0.9993
0.9993,0.9994,0.9994,0.9995,0.9995,0.9995,0.9996,0.9996,0.9996,0.9997
0.9997,0.9997,0.9997,0.9998,0.9998,0.9998,0.9999,0.9999,1.0000,1.0000
hwc2y1fract=0.0001,0.0001,0.0002,0.0002,0.0002,0.0003,0.0003,0.0004
0.0005,0.0006,0.0007,0.0008,0.0009,0.0011,0.0013,0.0017,0.0023,0.0035
0.0054,0.0088,0.0146,0.0234,0.0354,0.0498,0.0670,0.0857,0.1061,0.1275
0.1498,0.1729,0.1954,0.2182,0.2412,0.2642,0.2871,0.3101,0.3328,0.3553
0.3777,0.4000,0.4219,0.4434,0.4653,0.4866,0.5077,0.5287,0.5499,0.5708
0.5918,0.6126,0.6330,0.6536,0.6736,0.6935,0.7134,0.7329,0.7520,0.7707
0.7894,0.8077,0.8249,0.8417,0.8575,0.8724,0.8865,0.8994,0.9110,0.9216
0.9309,0.9392,0.9465,0.9527,0.9584,0.9633,0.9674,0.9712,0.9747,0.9777
0.9801,0.9823,0.9843,0.9860,0.9874,0.9887,0.9898,0.9907,0.9914,0.9922
0.9928,0.9934,0.9939,0.9944,0.9948,0.9952,0.9955,0.9958,0.9961,0.9964
0.9966,0.9969,0.9971,0.9973,0.9975,0.9977,0.9978,0.9980,0.9982,0.9983
0.9984,0.9986,0.9987,0.9988,0.9989,0.9990,0.9991,0.9992,0.9992,0.9993
0.9993,0.9994,0.9995,0.9995,0.9996,0.9996,0.9996,0.9997,0.9997,0.9997
0.9997,0.9998,0.9998,0.9998,0.9999,0.9999,0.9999,0.9999,1.0000,1.0000
hwc2u1fract=0.0000,0.0001,0.0001,0.0001,0.0002,0.0002,0.0002,0.0003
0.0003,0.0004,0.0004,0.0005,0.0005,0.0006,0.0007,0.0008,0.0010,0.0014
0.0024,0.0046,0.0092,0.0169,0.0278,0.0421,0.0587,0.0776,0.0978,0.1192
0.1412,0.1636,0.1862,0.2094,0.2322,0.2550,0.2784,0.3015,0.3245,0.3469
0.3692,0.3917,0.4133,0.4354,0.4568,0.4778,0.4990,0.5197,0.5408,0.5616
0.5820,0.6025,0.6225,0.6428,0.6627,0.6826,0.7021,0.7213,0.7406,0.7596
0.7783,0.7964,0.8142,0.8316,0.8483,0.8639,0.8783,0.8920,0.9043,0.9152
0.9249,0.9335,0.9410,0.9475,0.9535,0.9586,0.9633,0.9673,0.9709,0.9742
0.9770,0.9795,0.9817,0.9836,0.9853,0.9867,0.9880,0.9891,0.9901,0.9908
0.9915,0.9922,0.9928,0.9932,0.9937,0.9942,0.9945,0.9949,0.9952,0.9956
0.9959,0.9962,0.9965,0.9968,0.9970,0.9973,0.9975,0.9977,0.9979,0.9981
0.9982,0.9984,0.9985,0.9987,0.9988,0.9988,0.9989,0.9990,0.9991,0.9992
0.9992,0.9993,0.9993,0.9994,0.9994,0.9995,0.9996,0.9996,0.9996,0.9997
0.9997,0.9997,0.9998,0.9998,0.9999,0.9999,0.9999,0.9999,1.0000,1.0000
hwc2v1fract=0.0000,0.0001,0.0001,0.0002,0.0002,0.0002,0.0003,0.0003
0.0004,0.0004,0.0005,0.0006,0.0007,0.0008,0.0010,0.0012,0.0016,0.0024
0.0039,0.0074,0.0137,0.0235,0.0362,0.0519,0.0700,0.0896,0.1103,0.1318
0.1541,0.1767,0.1997,0.2227,0.2456,0.2684,0.2913,0.3139,0.3364,0.3590
0.3811,0.4032,0.4250,0.4466,0.4680,0.4893,0.5102,0.5307,0.5513,0.5716
0.5920,0.6123,0.6323,0.6521,0.6717,0.6914,0.7110,0.7304,0.7494,0.7680
0.7862,0.8046,0.8218,0.8388,0.8550,0.8701,0.8841,0.8971,0.9088,0.9195
0.9287,0.9367,0.9440,0.9505,0.9562,0.9613,0.9656,0.9694,0.9729,0.9760
0.9786,0.9809,0.9831,0.9849,0.9865,0.9879,0.9890,0.9900,0.9909,0.9916
0.9922,0.9927,0.9933,0.9938,0.9943,0.9947,0.9951,0.9954,0.9958,0.9961
0.9964,0.9967,0.9969,0.9971,0.9974,0.9976,0.9978,0.9980,0.9982,0.9983
0.9984,0.9986,0.9987,0.9988,0.9989,0.9990,0.9991,0.9992,0.9992,0.9993
0.9993,0.9994,0.9994,0.9995,0.9996,0.9996,0.9996,0.9997,0.9997,0.9997
0.9997,0.9998,0.9998,0.9998,0.9999,0.9999,0.9999,1.0000,1.0000,1.0000
hwc2y2fract=0.0000,0.0001,0.0001,0.0002,0.0002,0.0003,0.0004,0.0005
0.0005,0.0006,0.0007,0.0009,0.0010,0.0012,0.0016,0.0020,0.0029,0.0044
0.0069,0.0110,0.0174,0.0266,0.0390,0.0542,0.0716,0.0909,0.1117,0.1335
0.1557,0.1788,0.2019,0.2253,0.2486,0.2715,0.2944,0.3174,0.3403,0.3634
0.3857,0.4083,0.4301,0.4520,0.4732,0.4945,0.5154,0.5365,0.5576,0.5785
0.5991,0.6196,0.6401,0.6605,0.6800,0.7003,0.7198,0.7395,0.7583,0.7772
0.7952,0.8130,0.8304,0.8470,0.8627,0.8773,0.8911,0.9032,0.9147,0.9246
0.9336,0.9414,0.9483,0.9546,0.9599,0.9646,0.9687,0.9723,0.9756,0.9784
0.9809,0.9830,0.9848,0.9864,0.9879,0.9889,0.9900,0.9909,0.9917,0.9924
0.9930,0.9936,0.9941,0.9945,0.9950,0.9953,0.9957,0.9959,0.9962,0.9965
0.9967,0.9970,0.9972,0.9974,0.9975,0.9977,0.9979,0.9981,0.9982,0.9984
0.9985,0.9986,0.9987,0.9988,0.9989,0.9990,0.9991,0.9992,0.9992,0.9993
0.9993,0.9994,0.9994,0.9995,0.9995,0.9996,0.9996,0.9996,0.9997,0.9997
0.9997,0.9998,0.9998,0.9998,0.9999,0.9999,0.9999,1.0000,1.0000,1.0000
hwc2x2fract=0.0000,0.0001,0.0002,0.0002,0.0003,0.0003,0.0004,0.0005
0.0006,0.0007,0.0008,0.0010,0.0011,0.0013,0.0016,0.0021,0.0030,0.0046
0.0073,0.0112,0.0166,0.0241,0.0330,0.0440,0.0566,0.0708,0.0860,0.1025
0.1196,0.1378,0.1566,0.1759,0.1962,0.2170,0.2381,0.2597,0.2815,0.3034
0.3253,0.3480,0.3705,0.3929,0.4153,0.4377,0.4598,0.4818,0.5045,0.5269
0.5488,0.5709,0.5925,0.6141,0.6357,0.6567,0.6781,0.6990,0.7196,0.7400
0.7598,0.7794,0.7983,0.8161,0.8338,0.8496,0.8651,0.8793,0.8924,0.9045
0.9154,0.9255,0.9346,0.9426,0.9500,0.9563,0.9622,0.9673,0.9719,0.9758
0.9794,0.9822,0.9847,0.9868,0.9886,0.9900,0.9911,0.9921,0.9930,0.9938
0.9944,0.9949,0.9954,0.9957,0.9961,0.9964,0.9966,0.9968,0.9970,0.9973
0.9974,0.9976,0.9978,0.9979,0.9981,0.9982,0.9983,0.9984,0.9985,0.9986
0.9987,0.9988,0.9988,0.9989,0.9990,0.9990,0.9991,0.9991,0.9992,0.9992
0.9993,0.9993,0.9994,0.9994,0.9994,0.9995,0.9995,0.9996,0.9996,0.9997
0.9997,0.9997,0.9998,0.9998,0.9998,0.9999,0.9999,0.9999,1.0000,1.0000
