; Lookup table
;number of bins in Meek's time to distance lookup table
hdriftbins=138
;number of 1st bin in Meek's table in ns
hdrift1stbin=-24
;bin size in ns of Meek's table
hdriftbinsz=2
hwc1x1fract=0.0002,0.0004,0.0006,0.0008,0.0011,0.0013,0.0016,0.0018
0.0021,0.0024,0.0027,0.0032,0.0037,0.0043,0.0051,0.0065,0.0084,0.0112
0.0150,0.0198,0.0263,0.0350,0.0460,0.0586,0.0735,0.0904,0.1083,0.1271
0.1471,0.1682,0.1894,0.2113,0.2335,0.2562,0.2793,0.3020,0.3250,0.3480
0.3709,0.3936,0.4162,0.4383,0.4603,0.4818,0.5034,0.5250,0.5462,0.5673
0.5883,0.6090,0.6293,0.6495,0.6693,0.6889,0.7083,0.7272,0.7459,0.7638
0.7813,0.7982,0.8146,0.8299,0.8441,0.8573,0.8698,0.8811,0.8917,0.9009
0.9095,0.9175,0.9247,0.9312,0.9372,0.9428,0.9477,0.9524,0.9569,0.9610
0.9645,0.9679,0.9708,0.9734,0.9757,0.9776,0.9793,0.9809,0.9822,0.9833
0.9842,0.9851,0.9860,0.9868,0.9875,0.9881,0.9887,0.9892,0.9897,0.9902
0.9906,0.9910,0.9914,0.9918,0.9922,0.9925,0.9928,0.9931,0.9934,0.9937
0.9940,0.9943,0.9946,0.9949,0.9952,0.9954,0.9957,0.9959,0.9961,0.9963
0.9965,0.9967,0.9969,0.9971,0.9973,0.9975,0.9977,0.9979,0.9981,0.9983
0.9985,0.9987,0.9988,0.9990,0.9992,0.9993,0.9995,0.9996,0.9999,1.0000
hwc1y1fract=0.0002,0.0004,0.0006,0.0008,0.0011,0.0013,0.0016,0.0019
0.0023,0.0026,0.0030,0.0034,0.0040,0.0046,0.0055,0.0066,0.0081,0.0103
0.0137,0.0192,0.0278,0.0397,0.0550,0.0735,0.0943,0.1169,0.1405,0.1645
0.1895,0.2146,0.2390,0.2626,0.2863,0.3098,0.3330,0.3558,0.3779,0.4000
0.4215,0.4429,0.4641,0.4849,0.5056,0.5258,0.5460,0.5662,0.5861,0.6064
0.6263,0.6458,0.6651,0.6839,0.7027,0.7213,0.7399,0.7577,0.7754,0.7925
0.8089,0.8248,0.8402,0.8543,0.8675,0.8799,0.8911,0.9009,0.9100,0.9179
0.9251,0.9312,0.9368,0.9417,0.9462,0.9502,0.9539,0.9573,0.9604,0.9635
0.9661,0.9685,0.9706,0.9725,0.9742,0.9759,0.9773,0.9786,0.9797,0.9808
0.9819,0.9828,0.9837,0.9845,0.9853,0.9860,0.9866,0.9872,0.9878,0.9884
0.9889,0.9895,0.9900,0.9906,0.9910,0.9915,0.9919,0.9923,0.9927,0.9931
0.9934,0.9938,0.9941,0.9944,0.9947,0.9950,0.9953,0.9956,0.9959,0.9962
0.9964,0.9968,0.9970,0.9972,0.9975,0.9977,0.9978,0.9980,0.9982,0.9984
0.9986,0.9988,0.9989,0.9991,0.9993,0.9994,0.9995,0.9997,0.9998,1.0000
hwc1u1fract=0.0002,0.0003,0.0004,0.0006,0.0007,0.0008,0.0010,0.0012
0.0013,0.0015,0.0017,0.0019,0.0021,0.0024,0.0029,0.0041,0.0059,0.0086
0.0121,0.0173,0.0243,0.0342,0.0470,0.0628,0.0806,0.1007,0.1223,0.1448
0.1679,0.1913,0.2147,0.2382,0.2615,0.2844,0.3071,0.3299,0.3521,0.3743
0.3962,0.4181,0.4397,0.4609,0.4821,0.5029,0.5235,0.5439,0.5645,0.5845
0.6047,0.6244,0.6440,0.6638,0.6831,0.7022,0.7210,0.7397,0.7577,0.7752
0.7923,0.8089,0.8251,0.8399,0.8540,0.8669,0.8784,0.8890,0.8985,0.9070
0.9146,0.9214,0.9276,0.9332,0.9384,0.9431,0.9474,0.9516,0.9554,0.9590
0.9621,0.9651,0.9678,0.9702,0.9723,0.9743,0.9759,0.9774,0.9788,0.9801
0.9812,0.9823,0.9832,0.9841,0.9849,0.9857,0.9864,0.9871,0.9877,0.9883
0.9889,0.9894,0.9899,0.9904,0.9909,0.9913,0.9916,0.9920,0.9924,0.9928
0.9932,0.9935,0.9938,0.9942,0.9945,0.9948,0.9951,0.9954,0.9957,0.9959
0.9962,0.9964,0.9966,0.9968,0.9971,0.9973,0.9975,0.9978,0.9980,0.9982
0.9984,0.9985,0.9987,0.9989,0.9991,0.9993,0.9995,0.9997,0.9999,1.0000
hwc1v1fract=0.0002,0.0003,0.0005,0.0007,0.0008,0.0009,0.0011,0.0013
0.0014,0.0016,0.0019,0.0020,0.0023,0.0025,0.0029,0.0034,0.0042,0.0056
0.0083,0.0133,0.0212,0.0329,0.0479,0.0660,0.0863,0.1084,0.1314,0.1547
0.1782,0.2019,0.2254,0.2488,0.2721,0.2953,0.3178,0.3405,0.3625,0.3845
0.4061,0.4277,0.4488,0.4700,0.4906,0.5109,0.5312,0.5513,0.5715,0.5913
0.6111,0.6304,0.6499,0.6690,0.6882,0.7070,0.7257,0.7441,0.7623,0.7800
0.7974,0.8142,0.8303,0.8453,0.8596,0.8726,0.8843,0.8949,0.9042,0.9125
0.9197,0.9260,0.9318,0.9370,0.9418,0.9462,0.9503,0.9541,0.9575,0.9608
0.9638,0.9667,0.9691,0.9711,0.9733,0.9751,0.9766,0.9779,0.9792,0.9804
0.9815,0.9825,0.9834,0.9841,0.9848,0.9855,0.9862,0.9869,0.9875,0.9881
0.9886,0.9891,0.9896,0.9902,0.9906,0.9910,0.9915,0.9918,0.9922,0.9927
0.9931,0.9934,0.9937,0.9940,0.9943,0.9946,0.9950,0.9952,0.9955,0.9958
0.9961,0.9964,0.9966,0.9969,0.9971,0.9974,0.9976,0.9978,0.9980,0.9982
0.9983,0.9985,0.9987,0.9989,0.9991,0.9993,0.9995,0.9996,0.9998,1.0000
hwc1y2fract=0.0002,0.0004,0.0005,0.0007,0.0009,0.0011,0.0013,0.0015
0.0018,0.0020,0.0023,0.0026,0.0029,0.0034,0.0041,0.0050,0.0065,0.0093
0.0136,0.0206,0.0308,0.0439,0.0602,0.0791,0.1003,0.1229,0.1464,0.1705
0.1950,0.2192,0.2434,0.2675,0.2913,0.3146,0.3377,0.3605,0.3826,0.4048
0.4266,0.4479,0.4692,0.4899,0.5104,0.5307,0.5507,0.5706,0.5908,0.6101
0.6300,0.6494,0.6688,0.6879,0.7069,0.7254,0.7434,0.7613,0.7784,0.7952
0.8113,0.8268,0.8413,0.8549,0.8673,0.8792,0.8900,0.8995,0.9081,0.9156
0.9227,0.9287,0.9343,0.9392,0.9435,0.9474,0.9513,0.9549,0.9581,0.9611
0.9637,0.9661,0.9684,0.9705,0.9723,0.9740,0.9756,0.9769,0.9782,0.9794
0.9804,0.9814,0.9823,0.9832,0.9840,0.9848,0.9855,0.9863,0.9869,0.9876
0.9881,0.9887,0.9893,0.9899,0.9904,0.9909,0.9913,0.9918,0.9922,0.9927
0.9930,0.9934,0.9938,0.9941,0.9944,0.9948,0.9951,0.9953,0.9957,0.9959
0.9962,0.9964,0.9967,0.9969,0.9972,0.9974,0.9976,0.9979,0.9981,0.9983
0.9985,0.9987,0.9989,0.9990,0.9992,0.9994,0.9995,0.9997,0.9998,1.0000
hwc1x2fract=0.0002,0.0003,0.0005,0.0006,0.0008,0.0010,0.0012,0.0014
0.0016,0.0019,0.0021,0.0025,0.0028,0.0033,0.0040,0.0049,0.0064,0.0089
0.0128,0.0185,0.0266,0.0371,0.0501,0.0645,0.0815,0.0999,0.1191,0.1397
0.1613,0.1831,0.2058,0.2286,0.2518,0.2751,0.2987,0.3220,0.3449,0.3674
0.3897,0.4121,0.4345,0.4565,0.4782,0.4999,0.5215,0.5421,0.5629,0.5834
0.6041,0.6241,0.6440,0.6639,0.6834,0.7023,0.7210,0.7399,0.7579,0.7752
0.7924,0.8086,0.8242,0.8392,0.8531,0.8659,0.8775,0.8881,0.8979,0.9066
0.9144,0.9216,0.9283,0.9343,0.9400,0.9452,0.9500,0.9544,0.9585,0.9622
0.9655,0.9684,0.9710,0.9734,0.9757,0.9775,0.9791,0.9805,0.9818,0.9829
0.9839,0.9848,0.9856,0.9863,0.9870,0.9876,0.9882,0.9888,0.9893,0.9898
0.9903,0.9907,0.9911,0.9915,0.9918,0.9921,0.9925,0.9928,0.9931,0.9933
0.9936,0.9939,0.9942,0.9945,0.9947,0.9950,0.9953,0.9955,0.9957,0.9960
0.9962,0.9964,0.9966,0.9969,0.9971,0.9973,0.9975,0.9977,0.9980,0.9982
0.9984,0.9986,0.9988,0.9990,0.9992,0.9993,0.9995,0.9997,0.9998,1.0000
hwc2x1fract=0.0002,0.0004,0.0006,0.0008,0.0010,0.0012,0.0014,0.0017
0.0019,0.0023,0.0026,0.0030,0.0034,0.0040,0.0046,0.0055,0.0068,0.0090
0.0124,0.0175,0.0241,0.0327,0.0437,0.0568,0.0719,0.0884,0.1061,0.1254
0.1452,0.1661,0.1876,0.2091,0.2314,0.2539,0.2765,0.2990,0.3217,0.3445
0.3670,0.3895,0.4122,0.4344,0.4565,0.4788,0.5007,0.5224,0.5440,0.5652
0.5861,0.6070,0.6276,0.6482,0.6687,0.6887,0.7084,0.7281,0.7474,0.7665
0.7847,0.8022,0.8191,0.8349,0.8498,0.8635,0.8760,0.8870,0.8976,0.9069
0.9154,0.9228,0.9296,0.9358,0.9416,0.9470,0.9517,0.9560,0.9601,0.9638
0.9672,0.9702,0.9728,0.9751,0.9772,0.9791,0.9806,0.9820,0.9831,0.9841
0.9850,0.9859,0.9867,0.9873,0.9880,0.9885,0.9891,0.9896,0.9901,0.9905
0.9909,0.9914,0.9917,0.9921,0.9924,0.9927,0.9931,0.9934,0.9937,0.9940
0.9942,0.9945,0.9947,0.9950,0.9953,0.9955,0.9957,0.9960,0.9962,0.9964
0.9967,0.9969,0.9971,0.9973,0.9975,0.9977,0.9979,0.9981,0.9982,0.9984
0.9986,0.9988,0.9989,0.9991,0.9992,0.9994,0.9995,0.9997,0.9998,1.0000
hwc2y1fract=0.0002,0.0003,0.0005,0.0007,0.0008,0.0010,0.0011,0.0013
0.0015,0.0018,0.0020,0.0023,0.0026,0.0030,0.0034,0.0041,0.0052,0.0068
0.0097,0.0148,0.0231,0.0351,0.0507,0.0693,0.0906,0.1135,0.1380,0.1629
0.1880,0.2132,0.2381,0.2628,0.2867,0.3103,0.3334,0.3568,0.3796,0.4019
0.4240,0.4456,0.4670,0.4880,0.5088,0.5295,0.5499,0.5703,0.5901,0.6100
0.6299,0.6497,0.6697,0.6890,0.7081,0.7268,0.7453,0.7635,0.7813,0.7989
0.8156,0.8315,0.8467,0.8607,0.8743,0.8866,0.8981,0.9078,0.9168,0.9247
0.9318,0.9380,0.9431,0.9477,0.9519,0.9556,0.9590,0.9619,0.9648,0.9674
0.9698,0.9719,0.9738,0.9754,0.9769,0.9783,0.9795,0.9806,0.9816,0.9825
0.9834,0.9842,0.9850,0.9856,0.9863,0.9868,0.9874,0.9879,0.9884,0.9889
0.9893,0.9897,0.9902,0.9906,0.9910,0.9914,0.9918,0.9922,0.9925,0.9929
0.9932,0.9936,0.9939,0.9943,0.9946,0.9949,0.9952,0.9954,0.9957,0.9959
0.9962,0.9965,0.9967,0.9970,0.9972,0.9974,0.9976,0.9979,0.9981,0.9983
0.9985,0.9987,0.9989,0.9990,0.9992,0.9993,0.9995,0.9997,0.9998,1.0000
hwc2u1fract=0.0001,0.0003,0.0004,0.0006,0.0007,0.0008,0.0010,0.0011
0.0013,0.0014,0.0016,0.0017,0.0019,0.0021,0.0024,0.0027,0.0031,0.0038
0.0052,0.0085,0.0150,0.0256,0.0403,0.0588,0.0800,0.1031,0.1270,0.1521
0.1766,0.2015,0.2267,0.2506,0.2745,0.2980,0.3216,0.3449,0.3670,0.3892
0.4110,0.4329,0.4541,0.4750,0.4957,0.5165,0.5369,0.5574,0.5775,0.5973
0.6171,0.6368,0.6561,0.6749,0.6939,0.7127,0.7312,0.7493,0.7673,0.7850
0.8024,0.8194,0.8356,0.8512,0.8655,0.8789,0.8910,0.9016,0.9111,0.9195
0.9265,0.9329,0.9384,0.9434,0.9479,0.9519,0.9555,0.9588,0.9620,0.9649
0.9674,0.9697,0.9719,0.9738,0.9755,0.9770,0.9783,0.9795,0.9806,0.9816
0.9825,0.9833,0.9841,0.9848,0.9855,0.9861,0.9866,0.9872,0.9876,0.9882
0.9887,0.9891,0.9896,0.9901,0.9905,0.9909,0.9913,0.9917,0.9921,0.9925
0.9929,0.9933,0.9937,0.9941,0.9944,0.9947,0.9950,0.9953,0.9956,0.9959
0.9962,0.9964,0.9967,0.9970,0.9972,0.9974,0.9977,0.9979,0.9980,0.9983
0.9984,0.9986,0.9988,0.9990,0.9992,0.9994,0.9995,0.9997,0.9999,1.0000
hwc2v1fract=0.0002,0.0003,0.0005,0.0006,0.0008,0.0010,0.0011,0.0013
0.0015,0.0017,0.0019,0.0021,0.0024,0.0026,0.0030,0.0035,0.0041,0.0054
0.0079,0.0127,0.0212,0.0341,0.0503,0.0702,0.0922,0.1161,0.1407,0.1657
0.1906,0.2154,0.2397,0.2643,0.2878,0.3114,0.3346,0.3575,0.3794,0.4015
0.4232,0.4450,0.4660,0.4869,0.5076,0.5283,0.5487,0.5688,0.5882,0.6080
0.6277,0.6471,0.6664,0.6854,0.7040,0.7229,0.7412,0.7595,0.7770,0.7944
0.8115,0.8281,0.8436,0.8587,0.8723,0.8849,0.8964,0.9063,0.9150,0.9226
0.9291,0.9352,0.9402,0.9449,0.9490,0.9530,0.9566,0.9599,0.9627,0.9655
0.9681,0.9703,0.9725,0.9743,0.9759,0.9774,0.9788,0.9798,0.9809,0.9818
0.9826,0.9834,0.9842,0.9849,0.9855,0.9861,0.9867,0.9873,0.9878,0.9883
0.9889,0.9894,0.9899,0.9903,0.9907,0.9912,0.9916,0.9920,0.9924,0.9928
0.9931,0.9935,0.9939,0.9942,0.9946,0.9948,0.9951,0.9954,0.9957,0.9959
0.9962,0.9965,0.9967,0.9970,0.9972,0.9974,0.9976,0.9978,0.9980,0.9982
0.9984,0.9986,0.9988,0.9990,0.9992,0.9993,0.9995,0.9996,0.9998,1.0000
hwc2y2fract=0.0002,0.0003,0.0005,0.0007,0.0009,0.0010,0.0012,0.0014
0.0016,0.0019,0.0021,0.0025,0.0029,0.0033,0.0039,0.0048,0.0061,0.0081
0.0116,0.0172,0.0261,0.0384,0.0543,0.0732,0.0946,0.1181,0.1423,0.1671
0.1922,0.2169,0.2415,0.2662,0.2898,0.3139,0.3370,0.3598,0.3823,0.4047
0.4265,0.4482,0.4695,0.4905,0.5115,0.5319,0.5521,0.5724,0.5924,0.6124
0.6318,0.6519,0.6714,0.6906,0.7097,0.7285,0.7473,0.7656,0.7835,0.8008
0.8174,0.8334,0.8487,0.8628,0.8762,0.8885,0.8996,0.9095,0.9180,0.9257
0.9322,0.9382,0.9433,0.9479,0.9520,0.9557,0.9591,0.9622,0.9652,0.9677
0.9701,0.9722,0.9740,0.9757,0.9772,0.9785,0.9797,0.9808,0.9818,0.9827
0.9835,0.9842,0.9850,0.9856,0.9862,0.9868,0.9873,0.9879,0.9884,0.9889
0.9894,0.9899,0.9903,0.9907,0.9912,0.9916,0.9920,0.9923,0.9927,0.9931
0.9934,0.9938,0.9941,0.9943,0.9946,0.9949,0.9953,0.9956,0.9958,0.9961
0.9963,0.9966,0.9968,0.9971,0.9973,0.9975,0.9977,0.9980,0.9981,0.9983
0.9985,0.9987,0.9988,0.9990,0.9992,0.9994,0.9995,0.9997,0.9998,1.0000
hwc2x2fract=0.0002,0.0004,0.0005,0.0007,0.0009,0.0011,0.0013,0.0015
0.0018,0.0020,0.0023,0.0026,0.0030,0.0034,0.0040,0.0048,0.0063,0.0087
0.0123,0.0175,0.0247,0.0341,0.0459,0.0603,0.0765,0.0943,0.1133,0.1339
0.1554,0.1771,0.1994,0.2217,0.2445,0.2672,0.2901,0.3132,0.3365,0.3594
0.3823,0.4048,0.4273,0.4494,0.4714,0.4934,0.5145,0.5357,0.5569,0.5778
0.5983,0.6191,0.6395,0.6596,0.6797,0.6995,0.7189,0.7383,0.7573,0.7756
0.7932,0.8104,0.8265,0.8418,0.8561,0.8692,0.8810,0.8918,0.9014,0.9102
0.9182,0.9252,0.9317,0.9376,0.9429,0.9478,0.9524,0.9566,0.9605,0.9642
0.9673,0.9702,0.9727,0.9749,0.9768,0.9785,0.9800,0.9813,0.9825,0.9836
0.9845,0.9854,0.9862,0.9869,0.9876,0.9882,0.9888,0.9893,0.9898,0.9902
0.9907,0.9910,0.9914,0.9918,0.9921,0.9925,0.9928,0.9931,0.9933,0.9936
0.9939,0.9942,0.9945,0.9947,0.9950,0.9952,0.9955,0.9957,0.9959,0.9962
0.9964,0.9967,0.9968,0.9971,0.9973,0.9975,0.9977,0.9979,0.9981,0.9983
0.9985,0.9986,0.9988,0.9990,0.9992,0.9993,0.9995,0.9997,0.9998,1.0000
