; Lookup table
;number of bins in Meek's time to distance lookup table
hdriftbins=138
;number of 1st bin in Meek's table in ns
hdrift1stbin=-24
;bin size in ns of Meek's table
hdriftbinsz=2
hwc1x1fract=0.0003,0.0006,0.0009,0.0013,0.0016,0.0019,0.0022,0.0026
0.0030,0.0034,0.0038,0.0043,0.0048,0.0055,0.0063,0.0077,0.0096,0.0122
0.0157,0.0200,0.0251,0.0318,0.0396,0.0493,0.0602,0.0725,0.0859,0.1000
0.1153,0.1315,0.1488,0.1668,0.1849,0.2038,0.2235,0.2432,0.2636,0.2844
0.3054,0.3268,0.3485,0.3701,0.3919,0.4135,0.4355,0.4571,0.4789,0.5008
0.5224,0.5440,0.5652,0.5869,0.6082,0.6292,0.6497,0.6700,0.6899,0.7097
0.7290,0.7479,0.7664,0.7840,0.8011,0.8173,0.8324,0.8463,0.8594,0.8715
0.8830,0.8935,0.9032,0.9123,0.9204,0.9277,0.9343,0.9402,0.9457,0.9505
0.9548,0.9585,0.9617,0.9646,0.9669,0.9691,0.9708,0.9723,0.9736,0.9748
0.9759,0.9770,0.9778,0.9787,0.9794,0.9802,0.9808,0.9815,0.9821,0.9827
0.9834,0.9840,0.9846,0.9851,0.9857,0.9862,0.9867,0.9872,0.9876,0.9881
0.9885,0.9891,0.9895,0.9899,0.9904,0.9908,0.9911,0.9916,0.9920,0.9924
0.9928,0.9932,0.9936,0.9941,0.9944,0.9948,0.9952,0.9956,0.9960,0.9964
0.9968,0.9971,0.9975,0.9980,0.9983,0.9987,0.9990,0.9994,0.9997,1.0000
hwc1y1fract=0.0002,0.0006,0.0008,0.0012,0.0015,0.0018,0.0022,0.0026
0.0030,0.0035,0.0039,0.0044,0.0049,0.0055,0.0064,0.0074,0.0087,0.0105
0.0131,0.0168,0.0228,0.0312,0.0422,0.0558,0.0716,0.0889,0.1076,0.1271
0.1480,0.1693,0.1906,0.2122,0.2341,0.2560,0.2782,0.2999,0.3217,0.3436
0.3655,0.3872,0.4086,0.4299,0.4508,0.4715,0.4923,0.5123,0.5327,0.5526
0.5726,0.5932,0.6134,0.6330,0.6524,0.6716,0.6907,0.7091,0.7277,0.7460
0.7638,0.7816,0.7985,0.8145,0.8301,0.8445,0.8585,0.8713,0.8828,0.8932
0.9026,0.9109,0.9185,0.9252,0.9312,0.9368,0.9417,0.9462,0.9502,0.9539
0.9571,0.9599,0.9625,0.9648,0.9668,0.9687,0.9705,0.9719,0.9732,0.9745
0.9758,0.9768,0.9777,0.9787,0.9796,0.9804,0.9812,0.9819,0.9826,0.9833
0.9839,0.9845,0.9852,0.9858,0.9864,0.9869,0.9874,0.9879,0.9885,0.9890
0.9894,0.9898,0.9903,0.9907,0.9911,0.9916,0.9920,0.9924,0.9928,0.9931
0.9935,0.9939,0.9943,0.9946,0.9950,0.9954,0.9957,0.9961,0.9964,0.9968
0.9971,0.9975,0.9978,0.9981,0.9984,0.9987,0.9991,0.9994,0.9997,1.0000
hwc1u1fract=0.0002,0.0004,0.0006,0.0008,0.0010,0.0013,0.0015,0.0018
0.0020,0.0024,0.0027,0.0029,0.0032,0.0036,0.0041,0.0051,0.0068,0.0092
0.0127,0.0169,0.0225,0.0303,0.0401,0.0522,0.0656,0.0808,0.0968,0.1142
0.1322,0.1514,0.1712,0.1915,0.2120,0.2331,0.2542,0.2754,0.2972,0.3188
0.3404,0.3618,0.3833,0.4051,0.4264,0.4477,0.4688,0.4898,0.5105,0.5318
0.5527,0.5729,0.5933,0.6135,0.6335,0.6536,0.6733,0.6927,0.7116,0.7301
0.7488,0.7667,0.7838,0.8004,0.8163,0.8313,0.8455,0.8587,0.8708,0.8818
0.8923,0.9014,0.9097,0.9173,0.9242,0.9304,0.9363,0.9413,0.9461,0.9502
0.9540,0.9575,0.9607,0.9634,0.9657,0.9678,0.9697,0.9713,0.9728,0.9741
0.9754,0.9765,0.9775,0.9784,0.9793,0.9800,0.9807,0.9815,0.9822,0.9829
0.9836,0.9841,0.9847,0.9853,0.9858,0.9864,0.9869,0.9875,0.9880,0.9885
0.9889,0.9894,0.9899,0.9904,0.9909,0.9913,0.9917,0.9921,0.9925,0.9928
0.9933,0.9937,0.9941,0.9945,0.9949,0.9952,0.9957,0.9960,0.9963,0.9967
0.9970,0.9973,0.9977,0.9980,0.9984,0.9987,0.9990,0.9994,0.9997,1.0000
hwc1v1fract=0.0002,0.0004,0.0006,0.0009,0.0011,0.0013,0.0016,0.0018
0.0021,0.0024,0.0026,0.0029,0.0033,0.0036,0.0040,0.0045,0.0052,0.0063
0.0082,0.0116,0.0173,0.0255,0.0363,0.0499,0.0652,0.0819,0.1001,0.1189
0.1387,0.1591,0.1797,0.2009,0.2223,0.2440,0.2655,0.2869,0.3088,0.3303
0.3513,0.3729,0.3943,0.4160,0.4371,0.4579,0.4784,0.4992,0.5194,0.5400
0.5601,0.5803,0.6002,0.6203,0.6398,0.6596,0.6787,0.6977,0.7167,0.7353
0.7539,0.7717,0.7891,0.8057,0.8217,0.8372,0.8516,0.8650,0.8772,0.8883
0.8980,0.9066,0.9146,0.9217,0.9281,0.9339,0.9392,0.9440,0.9484,0.9522
0.9558,0.9590,0.9618,0.9643,0.9665,0.9684,0.9701,0.9717,0.9731,0.9744
0.9756,0.9767,0.9777,0.9786,0.9796,0.9804,0.9811,0.9819,0.9826,0.9833
0.9840,0.9846,0.9853,0.9859,0.9866,0.9871,0.9876,0.9880,0.9886,0.9891
0.9896,0.9900,0.9905,0.9909,0.9914,0.9918,0.9922,0.9926,0.9930,0.9934
0.9938,0.9942,0.9946,0.9950,0.9953,0.9957,0.9960,0.9964,0.9967,0.9971
0.9974,0.9977,0.9980,0.9983,0.9986,0.9989,0.9993,0.9995,0.9998,1.0000
hwc1y2fract=0.0002,0.0005,0.0007,0.0010,0.0013,0.0016,0.0019,0.0022
0.0025,0.0028,0.0032,0.0036,0.0040,0.0044,0.0050,0.0057,0.0066,0.0079
0.0099,0.0130,0.0177,0.0247,0.0338,0.0455,0.0596,0.0753,0.0924,0.1110
0.1308,0.1511,0.1720,0.1934,0.2149,0.2368,0.2587,0.2805,0.3018,0.3232
0.3447,0.3661,0.3872,0.4086,0.4296,0.4508,0.4714,0.4920,0.5125,0.5331
0.5535,0.5736,0.5940,0.6140,0.6339,0.6538,0.6733,0.6924,0.7114,0.7296
0.7472,0.7651,0.7826,0.7991,0.8150,0.8303,0.8447,0.8579,0.8701,0.8814
0.8915,0.9008,0.9092,0.9166,0.9233,0.9294,0.9349,0.9400,0.9444,0.9484
0.9519,0.9554,0.9584,0.9611,0.9635,0.9657,0.9676,0.9694,0.9710,0.9724
0.9738,0.9751,0.9762,0.9773,0.9782,0.9792,0.9800,0.9807,0.9816,0.9823
0.9830,0.9837,0.9844,0.9850,0.9856,0.9861,0.9867,0.9873,0.9878,0.9883
0.9888,0.9892,0.9898,0.9902,0.9907,0.9911,0.9915,0.9919,0.9924,0.9928
0.9931,0.9935,0.9939,0.9942,0.9946,0.9951,0.9955,0.9958,0.9962,0.9966
0.9969,0.9972,0.9976,0.9980,0.9983,0.9987,0.9990,0.9993,0.9996,1.0000
hwc1x2fract=0.0002,0.0005,0.0007,0.0010,0.0013,0.0016,0.0019,0.0023
0.0026,0.0029,0.0033,0.0037,0.0041,0.0046,0.0053,0.0062,0.0077,0.0097
0.0125,0.0167,0.0222,0.0294,0.0382,0.0484,0.0601,0.0733,0.0877,0.1027
0.1189,0.1359,0.1535,0.1722,0.1912,0.2105,0.2306,0.2511,0.2718,0.2930
0.3146,0.3365,0.3583,0.3804,0.4024,0.4239,0.4460,0.4674,0.4892,0.5109
0.5325,0.5539,0.5750,0.5961,0.6170,0.6379,0.6583,0.6785,0.6989,0.7184
0.7376,0.7558,0.7739,0.7915,0.8082,0.8240,0.8390,0.8526,0.8657,0.8776
0.8884,0.8986,0.9078,0.9162,0.9240,0.9308,0.9370,0.9426,0.9477,0.9524
0.9566,0.9600,0.9629,0.9655,0.9677,0.9696,0.9714,0.9727,0.9740,0.9751
0.9761,0.9770,0.9779,0.9787,0.9795,0.9802,0.9809,0.9816,0.9822,0.9828
0.9834,0.9839,0.9844,0.9850,0.9855,0.9860,0.9865,0.9870,0.9876,0.9880
0.9885,0.9890,0.9894,0.9899,0.9904,0.9908,0.9912,0.9916,0.9920,0.9925
0.9928,0.9932,0.9937,0.9941,0.9945,0.9950,0.9953,0.9957,0.9961,0.9965
0.9969,0.9973,0.9977,0.9980,0.9984,0.9987,0.9990,0.9994,0.9997,1.0000
hwc2x1fract=0.0003,0.0005,0.0008,0.0011,0.0014,0.0017,0.0021,0.0024
0.0028,0.0032,0.0036,0.0041,0.0046,0.0052,0.0059,0.0067,0.0079,0.0097
0.0126,0.0170,0.0227,0.0297,0.0383,0.0485,0.0602,0.0730,0.0867,0.1015
0.1177,0.1345,0.1521,0.1701,0.1890,0.2082,0.2281,0.2479,0.2690,0.2900
0.3116,0.3329,0.3550,0.3765,0.3985,0.4203,0.4427,0.4644,0.4863,0.5080
0.5292,0.5507,0.5723,0.5938,0.6154,0.6363,0.6568,0.6770,0.6972,0.7168
0.7364,0.7553,0.7737,0.7913,0.8085,0.8243,0.8396,0.8538,0.8670,0.8790
0.8902,0.9005,0.9098,0.9183,0.9260,0.9328,0.9388,0.9444,0.9493,0.9536
0.9575,0.9609,0.9639,0.9664,0.9687,0.9707,0.9724,0.9738,0.9751,0.9762
0.9773,0.9783,0.9792,0.9799,0.9807,0.9814,0.9822,0.9828,0.9835,0.9840
0.9846,0.9852,0.9857,0.9862,0.9867,0.9871,0.9876,0.9881,0.9885,0.9890
0.9894,0.9898,0.9903,0.9907,0.9911,0.9915,0.9919,0.9923,0.9927,0.9931
0.9935,0.9939,0.9943,0.9946,0.9950,0.9953,0.9957,0.9960,0.9964,0.9967
0.9971,0.9975,0.9978,0.9981,0.9984,0.9987,0.9991,0.9994,0.9997,1.0000
hwc2y1fract=0.0002,0.0005,0.0008,0.0010,0.0013,0.0016,0.0018,0.0021
0.0025,0.0028,0.0031,0.0035,0.0039,0.0044,0.0050,0.0056,0.0067,0.0081
0.0103,0.0138,0.0195,0.0279,0.0390,0.0527,0.0688,0.0873,0.1070,0.1275
0.1488,0.1707,0.1930,0.2157,0.2384,0.2609,0.2835,0.3057,0.3277,0.3496
0.3717,0.3938,0.4153,0.4366,0.4577,0.4786,0.4992,0.5200,0.5403,0.5606
0.5809,0.6010,0.6212,0.6412,0.6607,0.6799,0.6990,0.7178,0.7365,0.7547
0.7726,0.7900,0.8069,0.8233,0.8388,0.8533,0.8668,0.8793,0.8905,0.9007
0.9097,0.9178,0.9249,0.9315,0.9371,0.9421,0.9466,0.9507,0.9543,0.9575
0.9604,0.9630,0.9652,0.9672,0.9690,0.9707,0.9721,0.9735,0.9747,0.9759
0.9770,0.9779,0.9787,0.9796,0.9805,0.9812,0.9819,0.9826,0.9832,0.9838
0.9845,0.9851,0.9856,0.9862,0.9867,0.9873,0.9878,0.9883,0.9888,0.9892
0.9896,0.9901,0.9905,0.9910,0.9914,0.9919,0.9923,0.9927,0.9931,0.9935
0.9939,0.9943,0.9947,0.9950,0.9954,0.9957,0.9960,0.9963,0.9966,0.9970
0.9973,0.9976,0.9979,0.9982,0.9986,0.9988,0.9991,0.9994,0.9997,1.0000
hwc2u1fract=0.0002,0.0004,0.0006,0.0009,0.0011,0.0013,0.0015,0.0018
0.0021,0.0023,0.0026,0.0029,0.0031,0.0034,0.0038,0.0042,0.0048,0.0060
0.0084,0.0126,0.0199,0.0305,0.0440,0.0598,0.0777,0.0971,0.1181,0.1393
0.1608,0.1833,0.2057,0.2278,0.2506,0.2727,0.2951,0.3173,0.3395,0.3615
0.3837,0.4049,0.4262,0.4472,0.4683,0.4891,0.5095,0.5298,0.5498,0.5699
0.5897,0.6095,0.6289,0.6483,0.6676,0.6871,0.7061,0.7246,0.7432,0.7613
0.7793,0.7966,0.8135,0.8293,0.8445,0.8588,0.8718,0.8839,0.8947,0.9042
0.9130,0.9205,0.9273,0.9332,0.9386,0.9432,0.9475,0.9513,0.9547,0.9578
0.9606,0.9630,0.9653,0.9673,0.9693,0.9710,0.9725,0.9738,0.9750,0.9761
0.9771,0.9779,0.9788,0.9796,0.9804,0.9812,0.9819,0.9826,0.9834,0.9840
0.9846,0.9852,0.9858,0.9864,0.9869,0.9874,0.9879,0.9884,0.9889,0.9894
0.9899,0.9903,0.9907,0.9912,0.9916,0.9920,0.9924,0.9928,0.9932,0.9936
0.9940,0.9943,0.9947,0.9951,0.9954,0.9957,0.9961,0.9964,0.9967,0.9971
0.9974,0.9977,0.9980,0.9983,0.9986,0.9989,0.9992,0.9995,0.9998,1.0000
hwc2v1fract=0.0002,0.0004,0.0006,0.0009,0.0011,0.0014,0.0016,0.0019
0.0021,0.0025,0.0027,0.0031,0.0034,0.0038,0.0041,0.0046,0.0053,0.0063
0.0081,0.0116,0.0176,0.0267,0.0388,0.0535,0.0704,0.0892,0.1088,0.1296
0.1510,0.1727,0.1949,0.2173,0.2396,0.2620,0.2843,0.3067,0.3288,0.3509
0.3724,0.3938,0.4146,0.4359,0.4566,0.4774,0.4976,0.5180,0.5380,0.5584
0.5784,0.5982,0.6180,0.6376,0.6571,0.6764,0.6955,0.7144,0.7331,0.7515
0.7693,0.7872,0.8040,0.8204,0.8362,0.8508,0.8642,0.8769,0.8881,0.8984
0.9071,0.9154,0.9226,0.9291,0.9349,0.9400,0.9445,0.9488,0.9525,0.9558
0.9589,0.9617,0.9641,0.9663,0.9683,0.9701,0.9717,0.9731,0.9744,0.9755
0.9766,0.9775,0.9785,0.9793,0.9801,0.9809,0.9816,0.9824,0.9831,0.9838
0.9844,0.9850,0.9855,0.9861,0.9866,0.9871,0.9877,0.9882,0.9887,0.9891
0.9896,0.9901,0.9905,0.9910,0.9913,0.9918,0.9922,0.9926,0.9930,0.9934
0.9938,0.9942,0.9945,0.9949,0.9952,0.9956,0.9960,0.9963,0.9967,0.9970
0.9973,0.9976,0.9979,0.9983,0.9986,0.9988,0.9992,0.9995,0.9997,1.0000
hwc2y2fract=0.0003,0.0005,0.0008,0.0010,0.0013,0.0016,0.0019,0.0023
0.0026,0.0029,0.0033,0.0037,0.0042,0.0047,0.0054,0.0061,0.0072,0.0089
0.0115,0.0155,0.0219,0.0309,0.0425,0.0570,0.0736,0.0920,0.1116,0.1325
0.1538,0.1761,0.1985,0.2210,0.2433,0.2656,0.2881,0.3108,0.3333,0.3549
0.3767,0.3984,0.4201,0.4413,0.4624,0.4835,0.5039,0.5242,0.5446,0.5649
0.5851,0.6051,0.6253,0.6454,0.6648,0.6845,0.7036,0.7225,0.7409,0.7590
0.7766,0.7940,0.8109,0.8271,0.8421,0.8565,0.8698,0.8818,0.8928,0.9028
0.9116,0.9195,0.9267,0.9328,0.9383,0.9432,0.9474,0.9513,0.9548,0.9581
0.9609,0.9635,0.9657,0.9676,0.9694,0.9710,0.9725,0.9737,0.9749,0.9761
0.9771,0.9781,0.9789,0.9797,0.9805,0.9812,0.9819,0.9826,0.9832,0.9838
0.9844,0.9849,0.9855,0.9861,0.9865,0.9871,0.9876,0.9881,0.9887,0.9892
0.9897,0.9901,0.9906,0.9910,0.9914,0.9918,0.9922,0.9927,0.9930,0.9934
0.9938,0.9941,0.9945,0.9949,0.9953,0.9956,0.9959,0.9963,0.9966,0.9969
0.9972,0.9975,0.9979,0.9982,0.9985,0.9988,0.9991,0.9995,0.9997,1.0000
hwc2x2fract=0.0002,0.0005,0.0007,0.0010,0.0012,0.0015,0.0018,0.0020
0.0023,0.0026,0.0030,0.0034,0.0039,0.0043,0.0049,0.0057,0.0069,0.0089
0.0121,0.0165,0.0222,0.0296,0.0387,0.0492,0.0613,0.0747,0.0894,0.1054
0.1221,0.1396,0.1577,0.1764,0.1960,0.2163,0.2371,0.2579,0.2791,0.3006
0.3225,0.3442,0.3662,0.3882,0.4102,0.4324,0.4544,0.4762,0.4984,0.5199
0.5416,0.5630,0.5846,0.6056,0.6260,0.6467,0.6674,0.6874,0.7074,0.7273
0.7464,0.7650,0.7831,0.8004,0.8173,0.8329,0.8475,0.8611,0.8735,0.8848
0.8955,0.9051,0.9140,0.9220,0.9290,0.9355,0.9415,0.9468,0.9515,0.9556
0.9592,0.9624,0.9652,0.9676,0.9697,0.9715,0.9731,0.9745,0.9757,0.9768
0.9778,0.9787,0.9795,0.9802,0.9810,0.9816,0.9823,0.9829,0.9835,0.9841
0.9846,0.9852,0.9857,0.9862,0.9867,0.9872,0.9876,0.9881,0.9885,0.9890
0.9894,0.9898,0.9903,0.9906,0.9910,0.9914,0.9918,0.9922,0.9926,0.9930
0.9934,0.9938,0.9942,0.9946,0.9949,0.9953,0.9957,0.9960,0.9963,0.9967
0.9971,0.9974,0.9978,0.9981,0.9984,0.9987,0.9991,0.9994,0.9997,1.0000
