; Lookup table
;number of bins in Meek's time to distance lookup table
hdriftbins=138
;number of 1st bin in Meek's table in ns
hdrift1stbin=-24
;bin size in ns of Meek's table
hdriftbinsz=2
hwc1x1fract=0.0000,0.0001,0.0001,0.0002,0.0002,0.0002,0.0003,0.0004
0.0004,0.0005,0.0006,0.0007,0.0009,0.0011,0.0013,0.0015,0.0018,0.0023
0.0032,0.0043,0.0061,0.0093,0.0149,0.0225,0.0320,0.0444,0.0575,0.0721
0.0882,0.1054,0.1234,0.1427,0.1620,0.1825,0.2035,0.2247,0.2467,0.2690
0.2912,0.3138,0.3355,0.3578,0.3801,0.4031,0.4254,0.4480,0.4699,0.4918
0.5125,0.5336,0.5552,0.5758,0.5971,0.6180,0.6387,0.6603,0.6804,0.7003
0.7197,0.7392,0.7581,0.7766,0.7944,0.8115,0.8275,0.8435,0.8588,0.8733
0.8862,0.8980,0.9087,0.9185,0.9272,0.9357,0.9429,0.9497,0.9560,0.9620
0.9673,0.9717,0.9759,0.9797,0.9830,0.9856,0.9878,0.9898,0.9913,0.9925
0.9936,0.9943,0.9950,0.9958,0.9963,0.9968,0.9972,0.9974,0.9977,0.9979
0.9981,0.9983,0.9985,0.9986,0.9988,0.9989,0.9990,0.9990,0.9992,0.9993
0.9994,0.9994,0.9995,0.9996,0.9996,0.9996,0.9997,0.9997,0.9997,0.9998
0.9998,0.9998,0.9999,0.9999,0.9999,0.9999,0.9999,0.9999,0.9999,1.0000
1.0000,1.0000,1.0000,1.0000,1.0000,1.0000,1.0000,1.0000,1.0000,1.0000
hwc1y1fract=0.0000,0.0001,0.0001,0.0001,0.0001,0.0002,0.0002,0.0003
0.0003,0.0004,0.0005,0.0006,0.0008,0.0009,0.0011,0.0014,0.0019,0.0025
0.0037,0.0059,0.0095,0.0158,0.0250,0.0371,0.0521,0.0700,0.0903,0.1116
0.1339,0.1566,0.1784,0.2011,0.2245,0.2476,0.2708,0.2940,0.3173,0.3402
0.3630,0.3849,0.4067,0.4286,0.4495,0.4712,0.4916,0.5121,0.5336,0.5542
0.5745,0.5946,0.6157,0.6364,0.6562,0.6759,0.6956,0.7144,0.7334,0.7516
0.7696,0.7872,0.8042,0.8204,0.8368,0.8520,0.8663,0.8801,0.8924,0.9039
0.9141,0.9233,0.9320,0.9392,0.9458,0.9517,0.9571,0.9619,0.9659,0.9697
0.9734,0.9763,0.9792,0.9816,0.9837,0.9856,0.9872,0.9887,0.9900,0.9911
0.9921,0.9930,0.9937,0.9944,0.9950,0.9955,0.9959,0.9964,0.9968,0.9971
0.9974,0.9977,0.9979,0.9981,0.9984,0.9985,0.9986,0.9988,0.9989,0.9991
0.9992,0.9993,0.9994,0.9995,0.9995,0.9996,0.9997,0.9997,0.9998,0.9998
0.9998,0.9999,0.9999,0.9999,0.9999,0.9999,1.0000,1.0000,1.0000,1.0000
1.0000,1.0000,1.0000,1.0000,1.0000,1.0000,1.0000,1.0000,1.0000,1.0000
hwc1u1fract=0.0000,0.0000,0.0000,0.0000,0.0000,0.0000,0.0000,0.0000
0.0000,0.0001,0.0001,0.0001,0.0001,0.0002,0.0002,0.0003,0.0005,0.0009
0.0015,0.0026,0.0049,0.0095,0.0172,0.0280,0.0415,0.0577,0.0764,0.0959
0.1166,0.1383,0.1593,0.1814,0.2037,0.2268,0.2488,0.2708,0.2937,0.3156
0.3382,0.3595,0.3812,0.4032,0.4249,0.4462,0.4671,0.4877,0.5091,0.5301
0.5506,0.5713,0.5913,0.6111,0.6310,0.6507,0.6704,0.6893,0.7086,0.7274
0.7460,0.7642,0.7822,0.7992,0.8160,0.8322,0.8473,0.8617,0.8752,0.8872
0.8990,0.9095,0.9186,0.9271,0.9346,0.9412,0.9473,0.9526,0.9576,0.9624
0.9665,0.9706,0.9739,0.9769,0.9796,0.9821,0.9842,0.9861,0.9875,0.9887
0.9898,0.9909,0.9918,0.9925,0.9933,0.9939,0.9945,0.9951,0.9956,0.9959
0.9963,0.9966,0.9970,0.9973,0.9975,0.9978,0.9981,0.9982,0.9984,0.9986
0.9987,0.9989,0.9990,0.9991,0.9993,0.9994,0.9994,0.9995,0.9996,0.9996
0.9997,0.9997,0.9998,0.9998,0.9998,0.9998,0.9999,0.9999,0.9999,0.9999
0.9999,0.9999,0.9999,0.9999,1.0000,1.0000,1.0000,1.0000,1.0000,1.0000
hwc1v1fract=0.0000,0.0000,0.0000,0.0001,0.0001,0.0001,0.0001,0.0001
0.0002,0.0002,0.0002,0.0002,0.0003,0.0004,0.0005,0.0008,0.0014,0.0022
0.0042,0.0075,0.0136,0.0221,0.0344,0.0492,0.0661,0.0850,0.1049,0.1254
0.1462,0.1677,0.1893,0.2108,0.2323,0.2537,0.2756,0.2969,0.3184,0.3395
0.3616,0.3827,0.4040,0.4261,0.4475,0.4685,0.4900,0.5114,0.5322,0.5520
0.5728,0.5929,0.6123,0.6326,0.6521,0.6715,0.6917,0.7114,0.7310,0.7495
0.7681,0.7868,0.8050,0.8222,0.8392,0.8546,0.8690,0.8822,0.8946,0.9056
0.9154,0.9242,0.9322,0.9392,0.9458,0.9517,0.9569,0.9614,0.9659,0.9699
0.9738,0.9772,0.9800,0.9825,0.9846,0.9863,0.9879,0.9893,0.9904,0.9915
0.9924,0.9933,0.9940,0.9946,0.9953,0.9958,0.9962,0.9966,0.9969,0.9972
0.9975,0.9978,0.9980,0.9982,0.9984,0.9985,0.9987,0.9988,0.9990,0.9991
0.9992,0.9993,0.9994,0.9995,0.9995,0.9996,0.9997,0.9997,0.9998,0.9998
0.9998,0.9999,0.9999,0.9999,0.9999,1.0000,1.0000,1.0000,1.0000,1.0000
1.0000,1.0000,1.0000,1.0000,1.0000,1.0000,1.0000,1.0000,1.0000,1.0000
hwc1y2fract=0.0000,0.0000,0.0000,0.0000,0.0001,0.0001,0.0001,0.0001
0.0001,0.0002,0.0002,0.0002,0.0003,0.0004,0.0005,0.0007,0.0011,0.0018
0.0033,0.0061,0.0109,0.0185,0.0292,0.0424,0.0586,0.0764,0.0970,0.1177
0.1397,0.1627,0.1857,0.2091,0.2318,0.2545,0.2771,0.3002,0.3228,0.3452
0.3676,0.3903,0.4131,0.4345,0.4560,0.4772,0.4982,0.5186,0.5392,0.5596
0.5799,0.5999,0.6202,0.6397,0.6599,0.6792,0.6980,0.7169,0.7356,0.7534
0.7714,0.7894,0.8064,0.8231,0.8391,0.8541,0.8682,0.8812,0.8940,0.9047
0.9145,0.9227,0.9306,0.9379,0.9442,0.9499,0.9548,0.9595,0.9643,0.9684
0.9716,0.9747,0.9772,0.9799,0.9821,0.9839,0.9855,0.9870,0.9882,0.9895
0.9906,0.9915,0.9923,0.9932,0.9939,0.9945,0.9951,0.9956,0.9960,0.9964
0.9967,0.9970,0.9973,0.9975,0.9977,0.9979,0.9982,0.9984,0.9985,0.9987
0.9989,0.9990,0.9991,0.9992,0.9993,0.9994,0.9995,0.9995,0.9996,0.9997
0.9997,0.9998,0.9998,0.9998,0.9998,0.9999,0.9999,0.9999,0.9999,0.9999
0.9999,1.0000,1.0000,1.0000,1.0000,1.0000,1.0000,1.0000,1.0000,1.0000
hwc1x2fract=0.0000,0.0000,0.0001,0.0001,0.0001,0.0001,0.0002,0.0002
0.0002,0.0003,0.0003,0.0004,0.0005,0.0007,0.0009,0.0011,0.0017,0.0029
0.0048,0.0084,0.0135,0.0212,0.0313,0.0430,0.0564,0.0715,0.0880,0.1052
0.1236,0.1431,0.1623,0.1837,0.2045,0.2258,0.2474,0.2694,0.2915,0.3141
0.3366,0.3585,0.3802,0.4024,0.4246,0.4464,0.4685,0.4910,0.5126,0.5332
0.5543,0.5759,0.5965,0.6175,0.6378,0.6587,0.6797,0.6992,0.7187,0.7382
0.7569,0.7757,0.7940,0.8114,0.8276,0.8433,0.8580,0.8714,0.8845,0.8965
0.9076,0.9173,0.9265,0.9346,0.9426,0.9493,0.9557,0.9614,0.9664,0.9709
0.9751,0.9786,0.9817,0.9843,0.9866,0.9885,0.9901,0.9914,0.9925,0.9935
0.9942,0.9949,0.9955,0.9960,0.9965,0.9968,0.9971,0.9973,0.9976,0.9978
0.9979,0.9981,0.9983,0.9984,0.9986,0.9987,0.9988,0.9990,0.9991,0.9991
0.9992,0.9993,0.9994,0.9995,0.9995,0.9996,0.9996,0.9997,0.9997,0.9997
0.9997,0.9998,0.9998,0.9998,0.9998,0.9999,0.9999,0.9999,0.9999,0.9999
0.9999,1.0000,1.0000,1.0000,1.0000,1.0000,1.0000,1.0000,1.0000,1.0000
hwc2x1fract=0.0000,0.0001,0.0001,0.0002,0.0002,0.0003,0.0004,0.0004
0.0005,0.0006,0.0007,0.0009,0.0010,0.0012,0.0015,0.0017,0.0021,0.0029
0.0041,0.0064,0.0101,0.0157,0.0232,0.0334,0.0452,0.0590,0.0741,0.0899
0.1074,0.1264,0.1453,0.1655,0.1858,0.2071,0.2284,0.2502,0.2711,0.2935
0.3158,0.3379,0.3605,0.3830,0.4055,0.4279,0.4497,0.4721,0.4937,0.5156
0.5378,0.5592,0.5805,0.6027,0.6230,0.6433,0.6633,0.6837,0.7042,0.7244
0.7443,0.7644,0.7830,0.8011,0.8185,0.8348,0.8510,0.8657,0.8792,0.8920
0.9040,0.9139,0.9235,0.9323,0.9401,0.9470,0.9534,0.9591,0.9642,0.9691
0.9737,0.9773,0.9804,0.9832,0.9857,0.9877,0.9895,0.9912,0.9923,0.9934
0.9942,0.9949,0.9955,0.9960,0.9966,0.9969,0.9973,0.9975,0.9978,0.9980
0.9982,0.9983,0.9985,0.9987,0.9989,0.9990,0.9991,0.9992,0.9993,0.9994
0.9995,0.9996,0.9996,0.9997,0.9997,0.9998,0.9998,0.9998,0.9999,0.9999
0.9999,0.9999,0.9999,0.9999,1.0000,1.0000,1.0000,1.0000,1.0000,1.0000
1.0000,1.0000,1.0000,1.0000,1.0000,1.0000,1.0000,1.0000,1.0000,1.0000
hwc2y1fract=0.0000,0.0000,0.0000,0.0000,0.0000,0.0000,0.0001,0.0001
0.0001,0.0001,0.0001,0.0001,0.0002,0.0002,0.0003,0.0004,0.0005,0.0008
0.0015,0.0028,0.0059,0.0121,0.0214,0.0348,0.0506,0.0687,0.0895,0.1114
0.1349,0.1592,0.1828,0.2067,0.2308,0.2549,0.2791,0.3027,0.3257,0.3493
0.3719,0.3940,0.4158,0.4384,0.4603,0.4820,0.5028,0.5236,0.5443,0.5646
0.5851,0.6060,0.6258,0.6454,0.6648,0.6842,0.7040,0.7234,0.7430,0.7616
0.7798,0.7977,0.8155,0.8323,0.8487,0.8640,0.8782,0.8916,0.9034,0.9146
0.9242,0.9329,0.9407,0.9476,0.9538,0.9590,0.9638,0.9681,0.9716,0.9748
0.9776,0.9803,0.9824,0.9843,0.9861,0.9876,0.9889,0.9900,0.9913,0.9921
0.9929,0.9936,0.9942,0.9947,0.9951,0.9955,0.9960,0.9963,0.9966,0.9968
0.9970,0.9972,0.9975,0.9977,0.9978,0.9980,0.9983,0.9984,0.9986,0.9987
0.9989,0.9990,0.9990,0.9991,0.9992,0.9993,0.9994,0.9995,0.9995,0.9996
0.9997,0.9997,0.9998,0.9998,0.9999,0.9999,0.9999,0.9999,0.9999,0.9999
1.0000,1.0000,1.0000,1.0000,1.0000,1.0000,1.0000,1.0000,1.0000,1.0000
hwc2u1fract=0.0000,0.0000,0.0000,0.0000,0.0000,0.0001,0.0001,0.0001
0.0001,0.0001,0.0001,0.0002,0.0002,0.0003,0.0004,0.0005,0.0008,0.0014
0.0029,0.0071,0.0145,0.0260,0.0412,0.0595,0.0798,0.1022,0.1251,0.1483
0.1716,0.1956,0.2194,0.2431,0.2670,0.2906,0.3141,0.3367,0.3589,0.3805
0.4018,0.4238,0.4450,0.4658,0.4866,0.5075,0.5279,0.5474,0.5679,0.5883
0.6080,0.6284,0.6486,0.6686,0.6888,0.7081,0.7263,0.7452,0.7640,0.7822
0.7992,0.8169,0.8334,0.8498,0.8655,0.8795,0.8926,0.9044,0.9148,0.9242
0.9326,0.9400,0.9464,0.9523,0.9576,0.9623,0.9665,0.9702,0.9734,0.9766
0.9791,0.9815,0.9836,0.9852,0.9869,0.9883,0.9896,0.9906,0.9916,0.9924
0.9931,0.9938,0.9943,0.9948,0.9952,0.9956,0.9959,0.9963,0.9965,0.9969
0.9971,0.9973,0.9976,0.9978,0.9980,0.9982,0.9983,0.9985,0.9987,0.9988
0.9989,0.9991,0.9992,0.9993,0.9994,0.9995,0.9996,0.9996,0.9997,0.9997
0.9998,0.9998,0.9998,0.9999,0.9999,0.9999,0.9999,1.0000,1.0000,1.0000
1.0000,1.0000,1.0000,1.0000,1.0000,1.0000,1.0000,1.0000,1.0000,1.0000
hwc2v1fract=0.0000,0.0000,0.0000,0.0000,0.0000,0.0000,0.0001,0.0001
0.0001,0.0002,0.0002,0.0003,0.0003,0.0004,0.0006,0.0007,0.0010,0.0016
0.0028,0.0051,0.0102,0.0191,0.0318,0.0482,0.0673,0.0883,0.1112,0.1341
0.1574,0.1807,0.2042,0.2277,0.2505,0.2733,0.2968,0.3195,0.3414,0.3637
0.3851,0.4065,0.4281,0.4496,0.4710,0.4918,0.5125,0.5329,0.5535,0.5739
0.5941,0.6145,0.6339,0.6538,0.6732,0.6922,0.7120,0.7312,0.7495,0.7684
0.7869,0.8045,0.8215,0.8378,0.8533,0.8682,0.8819,0.8944,0.9059,0.9166
0.9260,0.9340,0.9412,0.9476,0.9533,0.9582,0.9624,0.9667,0.9706,0.9738
0.9767,0.9792,0.9817,0.9839,0.9857,0.9872,0.9886,0.9898,0.9909,0.9917
0.9924,0.9931,0.9937,0.9942,0.9947,0.9951,0.9955,0.9959,0.9962,0.9965
0.9968,0.9970,0.9973,0.9976,0.9978,0.9980,0.9983,0.9984,0.9986,0.9988
0.9989,0.9990,0.9991,0.9992,0.9993,0.9994,0.9995,0.9995,0.9996,0.9997
0.9997,0.9998,0.9998,0.9998,0.9998,0.9999,0.9999,0.9999,0.9999,0.9999
0.9999,1.0000,1.0000,1.0000,1.0000,1.0000,1.0000,1.0000,1.0000,1.0000
hwc2y2fract=0.0000,0.0000,0.0000,0.0000,0.0000,0.0000,0.0001,0.0001
0.0001,0.0002,0.0002,0.0003,0.0003,0.0004,0.0004,0.0007,0.0009,0.0015
0.0025,0.0045,0.0082,0.0145,0.0240,0.0375,0.0549,0.0739,0.0950,0.1183
0.1415,0.1653,0.1895,0.2136,0.2377,0.2622,0.2864,0.3098,0.3322,0.3548
0.3774,0.3993,0.4213,0.4429,0.4649,0.4862,0.5071,0.5286,0.5498,0.5703
0.5910,0.6117,0.6319,0.6523,0.6719,0.6919,0.7115,0.7308,0.7503,0.7685
0.7863,0.8041,0.8219,0.8382,0.8536,0.8686,0.8826,0.8958,0.9077,0.9184
0.9281,0.9366,0.9438,0.9503,0.9560,0.9608,0.9653,0.9692,0.9728,0.9761
0.9786,0.9810,0.9831,0.9850,0.9867,0.9881,0.9891,0.9902,0.9911,0.9921
0.9929,0.9936,0.9944,0.9949,0.9953,0.9957,0.9961,0.9965,0.9968,0.9970
0.9972,0.9974,0.9977,0.9979,0.9980,0.9982,0.9984,0.9985,0.9987,0.9988
0.9990,0.9991,0.9992,0.9992,0.9994,0.9994,0.9995,0.9996,0.9996,0.9997
0.9997,0.9998,0.9998,0.9998,0.9999,0.9999,0.9999,0.9999,0.9999,1.0000
1.0000,1.0000,1.0000,1.0000,1.0000,1.0000,1.0000,1.0000,1.0000,1.0000
hwc2x2fract=0.0000,0.0000,0.0001,0.0001,0.0001,0.0002,0.0002,0.0003
0.0003,0.0004,0.0004,0.0005,0.0007,0.0008,0.0009,0.0011,0.0014,0.0018
0.0027,0.0041,0.0063,0.0102,0.0166,0.0259,0.0379,0.0519,0.0674,0.0844
0.1033,0.1227,0.1428,0.1642,0.1858,0.2069,0.2291,0.2520,0.2749,0.2977
0.3207,0.3436,0.3667,0.3891,0.4117,0.4343,0.4562,0.4779,0.4991,0.5208
0.5417,0.5627,0.5837,0.6050,0.6252,0.6462,0.6659,0.6856,0.7055,0.7247
0.7437,0.7628,0.7813,0.7990,0.8163,0.8334,0.8493,0.8639,0.8776,0.8902
0.9023,0.9127,0.9222,0.9307,0.9387,0.9457,0.9523,0.9581,0.9636,0.9685
0.9725,0.9762,0.9793,0.9822,0.9847,0.9867,0.9884,0.9900,0.9914,0.9924
0.9933,0.9941,0.9947,0.9953,0.9958,0.9962,0.9967,0.9970,0.9973,0.9977
0.9979,0.9981,0.9984,0.9986,0.9987,0.9988,0.9990,0.9991,0.9992,0.9993
0.9994,0.9995,0.9995,0.9996,0.9996,0.9996,0.9997,0.9997,0.9998,0.9998
0.9998,0.9998,0.9999,0.9999,0.9999,0.9999,0.9999,0.9999,0.9999,0.9999
0.9999,1.0000,1.0000,1.0000,1.0000,1.0000,1.0000,1.0000,1.0000,1.0000
