; Lookup table
;number of bins in Meek's time to distance lookup table
hdriftbins=138
;number of 1st bin in Meek's table in ns
hdrift1stbin=-24
;bin size in ns of Meek's table
hdriftbinsz=2
hwc1x1fract=0.0001,0.0001,0.0001,0.0002,0.0003,0.0003,0.0004,0.0005
0.0006,0.0007,0.0008,0.0010,0.0012,0.0015,0.0018,0.0024,0.0033,0.0047
0.0066,0.0093,0.0130,0.0184,0.0256,0.0348,0.0458,0.0584,0.0726,0.0881
0.1049,0.1227,0.1418,0.1619,0.1822,0.2036,0.2254,0.2476,0.2701,0.2928
0.3153,0.3383,0.3613,0.3846,0.4077,0.4306,0.4533,0.4759,0.4988,0.5211
0.5429,0.5649,0.5866,0.6079,0.6293,0.6501,0.6710,0.6916,0.7118,0.7314
0.7506,0.7694,0.7873,0.8046,0.8210,0.8364,0.8513,0.8651,0.8778,0.8894
0.9002,0.9101,0.9193,0.9276,0.9354,0.9426,0.9491,0.9550,0.9604,0.9653
0.9698,0.9738,0.9774,0.9803,0.9830,0.9854,0.9873,0.9889,0.9902,0.9914
0.9924,0.9933,0.9940,0.9946,0.9952,0.9957,0.9961,0.9965,0.9968,0.9971
0.9974,0.9976,0.9978,0.9980,0.9981,0.9983,0.9984,0.9985,0.9986,0.9987
0.9988,0.9989,0.9990,0.9991,0.9992,0.9992,0.9993,0.9994,0.9994,0.9995
0.9995,0.9996,0.9996,0.9996,0.9997,0.9997,0.9998,0.9998,0.9998,0.9999
0.9999,0.9999,0.9999,0.9999,0.9999,1.0000,1.0000,1.0000,1.0000,1.0000
hwc1y1fract=0.0000,0.0001,0.0001,0.0001,0.0002,0.0002,0.0003,0.0004
0.0005,0.0006,0.0007,0.0009,0.0010,0.0013,0.0016,0.0020,0.0027,0.0038
0.0056,0.0086,0.0136,0.0213,0.0322,0.0455,0.0617,0.0800,0.1003,0.1222
0.1447,0.1678,0.1917,0.2158,0.2399,0.2639,0.2877,0.3112,0.3347,0.3581
0.3812,0.4044,0.4272,0.4494,0.4712,0.4929,0.5144,0.5355,0.5566,0.5775
0.5983,0.6188,0.6391,0.6591,0.6787,0.6984,0.7175,0.7365,0.7553,0.7735
0.7911,0.8081,0.8247,0.8403,0.8549,0.8689,0.8817,0.8932,0.9041,0.9137
0.9221,0.9296,0.9363,0.9426,0.9481,0.9531,0.9577,0.9619,0.9657,0.9691
0.9722,0.9751,0.9775,0.9798,0.9817,0.9834,0.9850,0.9865,0.9877,0.9888
0.9898,0.9907,0.9916,0.9923,0.9931,0.9937,0.9943,0.9948,0.9953,0.9957
0.9962,0.9965,0.9968,0.9971,0.9974,0.9976,0.9978,0.9980,0.9982,0.9984
0.9986,0.9987,0.9989,0.9990,0.9990,0.9992,0.9992,0.9993,0.9994,0.9995
0.9995,0.9996,0.9996,0.9997,0.9997,0.9997,0.9998,0.9998,0.9998,0.9999
0.9999,0.9999,0.9999,0.9999,0.9999,1.0000,1.0000,1.0000,1.0000,1.0000
hwc1u1fract=0.0000,0.0000,0.0000,0.0001,0.0001,0.0001,0.0001,0.0001
0.0002,0.0002,0.0002,0.0002,0.0003,0.0004,0.0006,0.0010,0.0019,0.0031
0.0050,0.0076,0.0119,0.0185,0.0279,0.0398,0.0541,0.0707,0.0887,0.1083
0.1289,0.1502,0.1726,0.1951,0.2183,0.2413,0.2647,0.2879,0.3110,0.3341
0.3575,0.3802,0.4028,0.4253,0.4469,0.4692,0.4910,0.5124,0.5336,0.5551
0.5760,0.5967,0.6172,0.6375,0.6577,0.6777,0.6972,0.7163,0.7353,0.7541
0.7722,0.7900,0.8070,0.8232,0.8384,0.8529,0.8664,0.8787,0.8899,0.9001
0.9093,0.9177,0.9252,0.9320,0.9383,0.9441,0.9494,0.9544,0.9590,0.9632
0.9671,0.9706,0.9739,0.9766,0.9792,0.9814,0.9834,0.9850,0.9865,0.9879
0.9890,0.9901,0.9910,0.9918,0.9924,0.9931,0.9937,0.9943,0.9947,0.9952
0.9955,0.9959,0.9963,0.9966,0.9969,0.9972,0.9974,0.9976,0.9978,0.9981
0.9982,0.9984,0.9985,0.9986,0.9988,0.9989,0.9990,0.9991,0.9992,0.9993
0.9994,0.9995,0.9995,0.9996,0.9996,0.9997,0.9997,0.9997,0.9998,0.9998
0.9998,0.9998,0.9999,0.9999,0.9999,0.9999,1.0000,1.0000,1.0000,1.0000
hwc1v1fract=0.0000,0.0000,0.0000,0.0001,0.0001,0.0001,0.0001,0.0001
0.0002,0.0002,0.0003,0.0003,0.0004,0.0005,0.0007,0.0010,0.0016,0.0026
0.0046,0.0084,0.0145,0.0235,0.0354,0.0501,0.0667,0.0852,0.1052,0.1263
0.1478,0.1701,0.1923,0.2155,0.2388,0.2618,0.2848,0.3076,0.3306,0.3534
0.3761,0.3986,0.4211,0.4432,0.4649,0.4864,0.5077,0.5287,0.5499,0.5711
0.5917,0.6124,0.6328,0.6530,0.6729,0.6927,0.7119,0.7311,0.7501,0.7688
0.7867,0.8045,0.8211,0.8375,0.8527,0.8667,0.8797,0.8911,0.9015,0.9108
0.9193,0.9268,0.9336,0.9397,0.9454,0.9506,0.9555,0.9601,0.9643,0.9680
0.9716,0.9747,0.9775,0.9799,0.9821,0.9841,0.9856,0.9871,0.9883,0.9894
0.9903,0.9912,0.9920,0.9926,0.9932,0.9938,0.9943,0.9948,0.9953,0.9957
0.9960,0.9964,0.9967,0.9970,0.9972,0.9975,0.9977,0.9979,0.9981,0.9983
0.9984,0.9985,0.9987,0.9988,0.9989,0.9990,0.9991,0.9992,0.9993,0.9994
0.9994,0.9995,0.9996,0.9996,0.9996,0.9997,0.9997,0.9998,0.9998,0.9998
0.9998,0.9999,0.9999,0.9999,0.9999,0.9999,1.0000,1.0000,1.0000,1.0000
hwc1y2fract=0.0000,0.0000,0.0000,0.0001,0.0001,0.0001,0.0001,0.0002
0.0002,0.0003,0.0003,0.0004,0.0005,0.0007,0.0009,0.0013,0.0020,0.0034
0.0058,0.0099,0.0162,0.0252,0.0373,0.0516,0.0682,0.0869,0.1074,0.1294
0.1524,0.1755,0.1992,0.2231,0.2470,0.2706,0.2945,0.3179,0.3416,0.3645
0.3877,0.4103,0.4322,0.4545,0.4768,0.4987,0.5198,0.5409,0.5617,0.5825
0.6033,0.6237,0.6437,0.6637,0.6832,0.7031,0.7219,0.7406,0.7590,0.7772
0.7949,0.8119,0.8280,0.8431,0.8573,0.8704,0.8825,0.8938,0.9037,0.9128
0.9207,0.9280,0.9347,0.9406,0.9461,0.9510,0.9557,0.9599,0.9638,0.9674
0.9706,0.9734,0.9760,0.9782,0.9802,0.9821,0.9838,0.9853,0.9866,0.9878
0.9888,0.9899,0.9907,0.9915,0.9922,0.9929,0.9935,0.9941,0.9946,0.9951
0.9955,0.9959,0.9963,0.9966,0.9968,0.9971,0.9974,0.9976,0.9978,0.9980
0.9982,0.9983,0.9985,0.9986,0.9987,0.9988,0.9990,0.9991,0.9992,0.9992
0.9993,0.9994,0.9995,0.9996,0.9996,0.9997,0.9997,0.9997,0.9998,0.9998
0.9998,0.9998,0.9999,0.9999,0.9999,0.9999,1.0000,1.0000,1.0000,1.0000
hwc1x2fract=0.0000,0.0000,0.0001,0.0001,0.0001,0.0002,0.0002,0.0003
0.0003,0.0004,0.0005,0.0007,0.0008,0.0010,0.0012,0.0017,0.0026,0.0043
0.0069,0.0111,0.0171,0.0249,0.0348,0.0466,0.0603,0.0756,0.0920,0.1096
0.1284,0.1481,0.1685,0.1900,0.2116,0.2341,0.2571,0.2802,0.3032,0.3262
0.3490,0.3722,0.3956,0.4189,0.4417,0.4643,0.4868,0.5090,0.5313,0.5530
0.5751,0.5964,0.6176,0.6385,0.6594,0.6798,0.7001,0.7199,0.7398,0.7588
0.7772,0.7950,0.8118,0.8279,0.8436,0.8574,0.8709,0.8833,0.8944,0.9046
0.9142,0.9230,0.9310,0.9382,0.9450,0.9514,0.9570,0.9622,0.9669,0.9711
0.9750,0.9783,0.9813,0.9838,0.9858,0.9876,0.9891,0.9904,0.9915,0.9924
0.9933,0.9939,0.9945,0.9951,0.9955,0.9959,0.9963,0.9966,0.9969,0.9972
0.9975,0.9977,0.9979,0.9980,0.9982,0.9983,0.9984,0.9986,0.9987,0.9988
0.9989,0.9990,0.9990,0.9991,0.9992,0.9993,0.9993,0.9994,0.9994,0.9995
0.9995,0.9996,0.9996,0.9997,0.9997,0.9997,0.9998,0.9998,0.9998,0.9999
0.9999,0.9999,0.9999,0.9999,0.9999,0.9999,1.0000,1.0000,1.0000,1.0000
hwc2x1fract=0.0000,0.0001,0.0001,0.0002,0.0002,0.0003,0.0004,0.0005
0.0006,0.0007,0.0009,0.0010,0.0012,0.0015,0.0018,0.0022,0.0028,0.0039
0.0060,0.0092,0.0139,0.0199,0.0278,0.0379,0.0496,0.0630,0.0777,0.0940
0.1116,0.1298,0.1494,0.1693,0.1903,0.2118,0.2337,0.2562,0.2788,0.3022
0.3251,0.3482,0.3718,0.3950,0.4183,0.4413,0.4643,0.4869,0.5093,0.5319
0.5542,0.5763,0.5981,0.6201,0.6414,0.6626,0.6836,0.7043,0.7246,0.7448
0.7644,0.7832,0.8017,0.8192,0.8356,0.8508,0.8648,0.8779,0.8899,0.9008
0.9108,0.9202,0.9286,0.9363,0.9432,0.9498,0.9557,0.9609,0.9657,0.9699
0.9738,0.9774,0.9804,0.9831,0.9853,0.9873,0.9889,0.9901,0.9913,0.9922
0.9931,0.9938,0.9944,0.9949,0.9955,0.9959,0.9963,0.9966,0.9969,0.9972
0.9974,0.9977,0.9979,0.9980,0.9982,0.9984,0.9985,0.9986,0.9988,0.9989
0.9990,0.9990,0.9991,0.9992,0.9993,0.9994,0.9994,0.9995,0.9995,0.9996
0.9996,0.9997,0.9997,0.9997,0.9998,0.9998,0.9998,0.9998,0.9998,0.9999
0.9999,0.9999,0.9999,0.9999,0.9999,1.0000,1.0000,1.0000,1.0000,1.0000
hwc2y1fract=0.0000,0.0000,0.0001,0.0001,0.0001,0.0001,0.0001,0.0002
0.0002,0.0002,0.0003,0.0004,0.0004,0.0005,0.0007,0.0009,0.0014,0.0021
0.0035,0.0061,0.0108,0.0182,0.0287,0.0420,0.0583,0.0768,0.0974,0.1194
0.1430,0.1672,0.1916,0.2163,0.2412,0.2661,0.2906,0.3146,0.3388,0.3623
0.3855,0.4085,0.4314,0.4537,0.4758,0.4979,0.5197,0.5409,0.5616,0.5826
0.6034,0.6239,0.6446,0.6649,0.6853,0.7050,0.7245,0.7437,0.7626,0.7812
0.7990,0.8163,0.8325,0.8484,0.8631,0.8772,0.8897,0.9010,0.9113,0.9206
0.9288,0.9360,0.9426,0.9483,0.9535,0.9580,0.9621,0.9660,0.9695,0.9725
0.9753,0.9777,0.9800,0.9820,0.9838,0.9853,0.9867,0.9880,0.9890,0.9899
0.9908,0.9916,0.9923,0.9929,0.9935,0.9940,0.9945,0.9949,0.9953,0.9957
0.9960,0.9963,0.9966,0.9969,0.9972,0.9974,0.9977,0.9979,0.9981,0.9982
0.9984,0.9985,0.9987,0.9988,0.9989,0.9990,0.9991,0.9992,0.9993,0.9994
0.9995,0.9995,0.9996,0.9996,0.9997,0.9997,0.9997,0.9998,0.9998,0.9998
0.9999,0.9999,0.9999,0.9999,0.9999,0.9999,1.0000,1.0000,1.0000,1.0000
hwc2u1fract=0.0000,0.0000,0.0000,0.0001,0.0001,0.0001,0.0001,0.0001
0.0001,0.0001,0.0002,0.0002,0.0003,0.0003,0.0004,0.0005,0.0007,0.0012
0.0021,0.0044,0.0090,0.0169,0.0279,0.0422,0.0594,0.0791,0.1002,0.1226
0.1461,0.1700,0.1940,0.2183,0.2428,0.2674,0.2915,0.3155,0.3391,0.3624
0.3852,0.4077,0.4303,0.4522,0.4743,0.4961,0.5173,0.5386,0.5595,0.5802
0.6006,0.6211,0.6412,0.6614,0.6813,0.7008,0.7202,0.7391,0.7577,0.7760
0.7941,0.8117,0.8286,0.8446,0.8598,0.8741,0.8868,0.8987,0.9089,0.9181
0.9262,0.9335,0.9402,0.9460,0.9511,0.9557,0.9599,0.9639,0.9676,0.9709
0.9740,0.9767,0.9790,0.9811,0.9830,0.9846,0.9860,0.9873,0.9883,0.9894
0.9902,0.9911,0.9918,0.9924,0.9929,0.9935,0.9940,0.9944,0.9949,0.9953
0.9956,0.9960,0.9963,0.9966,0.9969,0.9971,0.9973,0.9976,0.9978,0.9980
0.9982,0.9984,0.9985,0.9987,0.9988,0.9989,0.9991,0.9992,0.9993,0.9993
0.9994,0.9995,0.9996,0.9996,0.9997,0.9997,0.9998,0.9998,0.9998,0.9999
0.9999,0.9999,0.9999,0.9999,0.9999,1.0000,1.0000,1.0000,1.0000,1.0000
hwc2v1fract=0.0000,0.0000,0.0001,0.0001,0.0001,0.0001,0.0001,0.0001
0.0002,0.0002,0.0003,0.0004,0.0004,0.0005,0.0007,0.0009,0.0013,0.0021
0.0037,0.0070,0.0127,0.0221,0.0344,0.0500,0.0678,0.0882,0.1101,0.1330
0.1560,0.1797,0.2037,0.2280,0.2524,0.2767,0.3007,0.3247,0.3481,0.3713
0.3939,0.4167,0.4386,0.4607,0.4825,0.5041,0.5252,0.5463,0.5669,0.5877
0.6081,0.6283,0.6483,0.6686,0.6886,0.7082,0.7275,0.7468,0.7653,0.7836
0.8011,0.8183,0.8345,0.8504,0.8652,0.8789,0.8912,0.9025,0.9125,0.9213
0.9290,0.9357,0.9420,0.9476,0.9525,0.9571,0.9614,0.9651,0.9686,0.9719
0.9748,0.9774,0.9796,0.9818,0.9836,0.9852,0.9866,0.9878,0.9890,0.9899
0.9908,0.9916,0.9923,0.9929,0.9934,0.9940,0.9945,0.9949,0.9953,0.9957
0.9961,0.9964,0.9967,0.9970,0.9972,0.9974,0.9977,0.9979,0.9981,0.9983
0.9984,0.9986,0.9987,0.9989,0.9990,0.9991,0.9992,0.9993,0.9994,0.9995
0.9995,0.9996,0.9996,0.9997,0.9997,0.9998,0.9998,0.9998,0.9998,0.9999
0.9999,0.9999,0.9999,0.9999,0.9999,1.0000,1.0000,1.0000,1.0000,1.0000
hwc2y2fract=0.0000,0.0000,0.0001,0.0001,0.0001,0.0001,0.0002,0.0002
0.0002,0.0003,0.0004,0.0004,0.0005,0.0006,0.0008,0.0011,0.0018,0.0028
0.0045,0.0076,0.0127,0.0208,0.0320,0.0460,0.0627,0.0822,0.1033,0.1258
0.1494,0.1736,0.1981,0.2228,0.2478,0.2722,0.2965,0.3206,0.3441,0.3678
0.3908,0.4137,0.4362,0.4587,0.4808,0.5023,0.5240,0.5455,0.5670,0.5878
0.6087,0.6293,0.6498,0.6703,0.6904,0.7103,0.7298,0.7485,0.7672,0.7854
0.8032,0.8201,0.8366,0.8520,0.8664,0.8800,0.8927,0.9039,0.9135,0.9226
0.9304,0.9376,0.9437,0.9494,0.9546,0.9591,0.9631,0.9669,0.9702,0.9734
0.9760,0.9784,0.9806,0.9825,0.9841,0.9856,0.9870,0.9882,0.9892,0.9902
0.9911,0.9918,0.9924,0.9930,0.9936,0.9941,0.9946,0.9950,0.9954,0.9958
0.9961,0.9965,0.9967,0.9970,0.9972,0.9975,0.9977,0.9979,0.9981,0.9983
0.9985,0.9986,0.9988,0.9989,0.9990,0.9991,0.9992,0.9993,0.9993,0.9994
0.9995,0.9995,0.9996,0.9996,0.9997,0.9997,0.9998,0.9998,0.9998,0.9999
0.9999,0.9999,0.9999,0.9999,0.9999,1.0000,1.0000,1.0000,1.0000,1.0000
hwc2x2fract=0.0000,0.0001,0.0001,0.0001,0.0002,0.0002,0.0003,0.0004
0.0004,0.0005,0.0006,0.0008,0.0009,0.0011,0.0014,0.0017,0.0023,0.0034
0.0051,0.0079,0.0121,0.0180,0.0262,0.0365,0.0491,0.0631,0.0789,0.0961
0.1143,0.1337,0.1540,0.1752,0.1971,0.2196,0.2423,0.2651,0.2884,0.3117
0.3350,0.3588,0.3825,0.4055,0.4285,0.4514,0.4739,0.4968,0.5195,0.5417
0.5638,0.5857,0.6069,0.6286,0.6496,0.6701,0.6912,0.7113,0.7309,0.7502
0.7693,0.7880,0.8059,0.8229,0.8391,0.8541,0.8680,0.8807,0.8927,0.9033
0.9130,0.9219,0.9299,0.9372,0.9439,0.9500,0.9558,0.9608,0.9654,0.9695
0.9734,0.9768,0.9797,0.9823,0.9845,0.9864,0.9881,0.9894,0.9907,0.9918
0.9927,0.9935,0.9942,0.9948,0.9953,0.9958,0.9961,0.9965,0.9968,0.9971
0.9974,0.9976,0.9978,0.9980,0.9982,0.9983,0.9985,0.9986,0.9988,0.9989
0.9990,0.9991,0.9992,0.9993,0.9993,0.9994,0.9994,0.9994,0.9995,0.9995
0.9996,0.9996,0.9997,0.9997,0.9997,0.9998,0.9998,0.9998,0.9999,0.9999
0.9999,0.9999,0.9999,0.9999,1.0000,1.0000,1.0000,1.0000,1.0000,1.0000
