; Lookup table
;number of bins in Meek's time to distance lookup table
hdriftbins=138
;number of 1st bin in Meek's table in ns
hdrift1stbin=-24
;bin size in ns of Meek's table
hdriftbinsz=2
hwc1x1fract=0.0001,0.0002,0.0003,0.0004,0.0006,0.0007,0.0009,0.0010
0.0012,0.0014,0.0016,0.0018,0.0022,0.0027,0.0035,0.0047,0.0063,0.0087
0.0118,0.0159,0.0213,0.0285,0.0372,0.0473,0.0584,0.0707,0.0843,0.0988
0.1141,0.1304,0.1475,0.1652,0.1838,0.2028,0.2224,0.2423,0.2629,0.2841
0.3054,0.3269,0.3493,0.3715,0.3934,0.4157,0.4378,0.4605,0.4828,0.5051
0.5271,0.5490,0.5711,0.5931,0.6149,0.6367,0.6580,0.6794,0.6998,0.7203
0.7402,0.7596,0.7785,0.7966,0.8144,0.8312,0.8471,0.8621,0.8759,0.8889
0.9011,0.9120,0.9219,0.9310,0.9395,0.9469,0.9538,0.9600,0.9655,0.9703
0.9743,0.9778,0.9808,0.9835,0.9856,0.9873,0.9887,0.9898,0.9907,0.9915
0.9921,0.9927,0.9932,0.9937,0.9940,0.9944,0.9947,0.9950,0.9953,0.9956
0.9959,0.9961,0.9963,0.9965,0.9967,0.9969,0.9971,0.9972,0.9973,0.9975
0.9976,0.9977,0.9979,0.9980,0.9981,0.9982,0.9983,0.9984,0.9985,0.9986
0.9986,0.9987,0.9988,0.9989,0.9990,0.9991,0.9991,0.9992,0.9993,0.9994
0.9995,0.9995,0.9996,0.9997,0.9997,0.9998,0.9999,0.9999,1.0000,1.0000
hwc1y1fract=0.0001,0.0002,0.0003,0.0004,0.0005,0.0007,0.0009,0.0010
0.0012,0.0014,0.0016,0.0018,0.0021,0.0024,0.0028,0.0034,0.0043,0.0056
0.0078,0.0112,0.0165,0.0243,0.0343,0.0464,0.0609,0.0769,0.0946,0.1136
0.1333,0.1531,0.1737,0.1949,0.2164,0.2379,0.2600,0.2822,0.3043,0.3264
0.3488,0.3711,0.3928,0.4145,0.4362,0.4580,0.4796,0.5010,0.5226,0.5440
0.5650,0.5859,0.6069,0.6279,0.6482,0.6684,0.6887,0.7082,0.7278,0.7469
0.7655,0.7839,0.8017,0.8190,0.8354,0.8510,0.8660,0.8798,0.8923,0.9038
0.9142,0.9234,0.9317,0.9392,0.9457,0.9515,0.9568,0.9615,0.9657,0.9696
0.9729,0.9759,0.9785,0.9808,0.9827,0.9844,0.9858,0.9871,0.9882,0.9892
0.9901,0.9908,0.9916,0.9922,0.9927,0.9932,0.9937,0.9941,0.9945,0.9949
0.9952,0.9955,0.9958,0.9961,0.9963,0.9966,0.9968,0.9970,0.9972,0.9974
0.9976,0.9978,0.9979,0.9980,0.9981,0.9982,0.9983,0.9984,0.9985,0.9986
0.9987,0.9988,0.9989,0.9989,0.9990,0.9991,0.9991,0.9992,0.9993,0.9994
0.9994,0.9995,0.9996,0.9996,0.9997,0.9997,0.9998,0.9999,1.0000,1.0000
hwc1u1fract=0.0001,0.0001,0.0002,0.0003,0.0004,0.0004,0.0005,0.0006
0.0007,0.0008,0.0009,0.0010,0.0010,0.0012,0.0015,0.0021,0.0032,0.0048
0.0071,0.0103,0.0148,0.0214,0.0303,0.0409,0.0535,0.0677,0.0834,0.0998
0.1170,0.1353,0.1544,0.1736,0.1937,0.2142,0.2347,0.2559,0.2772,0.2987
0.3204,0.3426,0.3643,0.3864,0.4084,0.4301,0.4516,0.4732,0.4947,0.5161
0.5374,0.5591,0.5803,0.6012,0.6220,0.6427,0.6633,0.6833,0.7033,0.7230
0.7426,0.7615,0.7801,0.7978,0.8149,0.8311,0.8467,0.8614,0.8750,0.8875
0.8988,0.9091,0.9186,0.9270,0.9345,0.9416,0.9479,0.9535,0.9588,0.9635
0.9676,0.9714,0.9745,0.9772,0.9796,0.9818,0.9836,0.9852,0.9865,0.9876
0.9886,0.9895,0.9903,0.9910,0.9917,0.9923,0.9928,0.9933,0.9938,0.9942
0.9946,0.9951,0.9954,0.9957,0.9961,0.9964,0.9966,0.9968,0.9970,0.9972
0.9974,0.9976,0.9977,0.9979,0.9980,0.9982,0.9983,0.9984,0.9985,0.9986
0.9987,0.9988,0.9989,0.9990,0.9991,0.9991,0.9992,0.9993,0.9993,0.9994
0.9995,0.9995,0.9996,0.9997,0.9997,0.9998,0.9998,0.9999,0.9999,1.0000
hwc1v1fract=0.0001,0.0002,0.0002,0.0003,0.0004,0.0004,0.0006,0.0006
0.0007,0.0008,0.0010,0.0011,0.0012,0.0014,0.0016,0.0019,0.0023,0.0032
0.0050,0.0083,0.0137,0.0214,0.0317,0.0445,0.0588,0.0744,0.0914,0.1097
0.1288,0.1483,0.1687,0.1891,0.2097,0.2310,0.2525,0.2742,0.2958,0.3177
0.3395,0.3613,0.3831,0.4046,0.4263,0.4480,0.4694,0.4909,0.5121,0.5331
0.5541,0.5752,0.5955,0.6162,0.6367,0.6574,0.6774,0.6974,0.7172,0.7366
0.7560,0.7747,0.7928,0.8109,0.8277,0.8438,0.8591,0.8735,0.8863,0.8984
0.9089,0.9183,0.9268,0.9344,0.9412,0.9475,0.9532,0.9583,0.9628,0.9668
0.9705,0.9737,0.9765,0.9790,0.9812,0.9830,0.9847,0.9861,0.9874,0.9884
0.9894,0.9902,0.9909,0.9916,0.9921,0.9927,0.9932,0.9937,0.9941,0.9945
0.9948,0.9952,0.9955,0.9958,0.9961,0.9964,0.9966,0.9969,0.9971,0.9973
0.9975,0.9976,0.9978,0.9980,0.9981,0.9982,0.9983,0.9984,0.9985,0.9986
0.9987,0.9988,0.9989,0.9990,0.9991,0.9991,0.9992,0.9993,0.9993,0.9994
0.9995,0.9995,0.9996,0.9997,0.9997,0.9998,0.9998,0.9999,0.9999,1.0000
hwc1y2fract=0.0001,0.0001,0.0002,0.0003,0.0004,0.0005,0.0006,0.0007
0.0008,0.0009,0.0010,0.0012,0.0013,0.0015,0.0017,0.0021,0.0027,0.0037
0.0053,0.0081,0.0125,0.0189,0.0276,0.0386,0.0518,0.0664,0.0826,0.1005
0.1188,0.1383,0.1584,0.1792,0.2006,0.2218,0.2435,0.2656,0.2874,0.3099
0.3319,0.3537,0.3755,0.3973,0.4193,0.4406,0.4626,0.4841,0.5057,0.5270
0.5484,0.5692,0.5902,0.6108,0.6313,0.6518,0.6721,0.6918,0.7118,0.7314
0.7507,0.7695,0.7877,0.8050,0.8219,0.8381,0.8530,0.8671,0.8800,0.8920
0.9032,0.9131,0.9221,0.9301,0.9374,0.9441,0.9499,0.9552,0.9603,0.9644
0.9682,0.9717,0.9746,0.9772,0.9795,0.9816,0.9832,0.9847,0.9860,0.9872
0.9882,0.9892,0.9900,0.9907,0.9913,0.9919,0.9925,0.9931,0.9935,0.9940
0.9944,0.9948,0.9951,0.9954,0.9957,0.9960,0.9963,0.9966,0.9968,0.9970
0.9973,0.9974,0.9976,0.9978,0.9979,0.9981,0.9982,0.9983,0.9984,0.9985
0.9986,0.9987,0.9988,0.9989,0.9990,0.9991,0.9991,0.9992,0.9993,0.9994
0.9994,0.9995,0.9996,0.9996,0.9997,0.9998,0.9998,0.9999,0.9999,1.0000
hwc1x2fract=0.0001,0.0002,0.0003,0.0004,0.0005,0.0006,0.0007,0.0008
0.0009,0.0010,0.0012,0.0013,0.0015,0.0018,0.0022,0.0028,0.0038,0.0056
0.0083,0.0123,0.0178,0.0250,0.0338,0.0443,0.0559,0.0689,0.0829,0.0976
0.1132,0.1296,0.1471,0.1653,0.1840,0.2033,0.2230,0.2435,0.2643,0.2853
0.3070,0.3290,0.3509,0.3734,0.3953,0.4177,0.4403,0.4625,0.4848,0.5072
0.5293,0.5517,0.5737,0.5955,0.6170,0.6388,0.6601,0.6810,0.7018,0.7221
0.7421,0.7613,0.7802,0.7983,0.8160,0.8326,0.8487,0.8635,0.8772,0.8903
0.9022,0.9131,0.9230,0.9321,0.9402,0.9476,0.9544,0.9603,0.9656,0.9704
0.9743,0.9779,0.9809,0.9833,0.9852,0.9868,0.9882,0.9893,0.9902,0.9910
0.9917,0.9923,0.9928,0.9933,0.9937,0.9940,0.9944,0.9947,0.9950,0.9953
0.9955,0.9958,0.9960,0.9962,0.9965,0.9966,0.9968,0.9970,0.9972,0.9973
0.9974,0.9976,0.9977,0.9978,0.9979,0.9980,0.9981,0.9982,0.9983,0.9984
0.9985,0.9986,0.9987,0.9988,0.9989,0.9990,0.9991,0.9991,0.9992,0.9993
0.9994,0.9994,0.9995,0.9996,0.9996,0.9997,0.9998,0.9999,0.9999,1.0000
hwc2x1fract=0.0001,0.0002,0.0003,0.0004,0.0006,0.0007,0.0008,0.0009
0.0011,0.0013,0.0015,0.0017,0.0019,0.0022,0.0025,0.0029,0.0036,0.0049
0.0071,0.0107,0.0155,0.0221,0.0304,0.0402,0.0515,0.0638,0.0774,0.0919
0.1075,0.1237,0.1407,0.1587,0.1772,0.1959,0.2159,0.2364,0.2570,0.2782
0.2994,0.3212,0.3429,0.3646,0.3872,0.4095,0.4321,0.4547,0.4774,0.4999
0.5222,0.5440,0.5663,0.5883,0.6104,0.6322,0.6537,0.6753,0.6966,0.7175
0.7380,0.7579,0.7774,0.7962,0.8144,0.8316,0.8480,0.8631,0.8769,0.8898
0.9020,0.9131,0.9230,0.9320,0.9401,0.9474,0.9540,0.9599,0.9650,0.9698
0.9740,0.9776,0.9807,0.9831,0.9851,0.9868,0.9882,0.9895,0.9905,0.9913
0.9920,0.9926,0.9932,0.9937,0.9941,0.9945,0.9948,0.9952,0.9954,0.9957
0.9960,0.9962,0.9964,0.9966,0.9968,0.9970,0.9972,0.9973,0.9975,0.9976
0.9977,0.9979,0.9980,0.9981,0.9982,0.9983,0.9984,0.9985,0.9986,0.9987
0.9988,0.9988,0.9989,0.9990,0.9991,0.9992,0.9992,0.9993,0.9994,0.9994
0.9995,0.9995,0.9996,0.9997,0.9997,0.9998,0.9998,0.9999,1.0000,1.0000
hwc2y1fract=0.0001,0.0001,0.0002,0.0003,0.0004,0.0005,0.0006,0.0006
0.0008,0.0009,0.0010,0.0011,0.0012,0.0014,0.0016,0.0019,0.0025,0.0035
0.0051,0.0080,0.0128,0.0201,0.0303,0.0425,0.0574,0.0739,0.0924,0.1119
0.1326,0.1537,0.1752,0.1973,0.2196,0.2420,0.2646,0.2874,0.3102,0.3326
0.3551,0.3777,0.3996,0.4217,0.4439,0.4654,0.4872,0.5088,0.5303,0.5513
0.5726,0.5937,0.6146,0.6353,0.6560,0.6763,0.6963,0.7160,0.7356,0.7547
0.7737,0.7924,0.8103,0.8275,0.8440,0.8596,0.8743,0.8878,0.9002,0.9113
0.9214,0.9301,0.9380,0.9450,0.9510,0.9565,0.9612,0.9653,0.9691,0.9724
0.9753,0.9779,0.9802,0.9821,0.9838,0.9854,0.9867,0.9877,0.9887,0.9896
0.9904,0.9911,0.9917,0.9923,0.9928,0.9933,0.9937,0.9941,0.9945,0.9948
0.9952,0.9955,0.9958,0.9960,0.9963,0.9965,0.9968,0.9970,0.9972,0.9974
0.9976,0.9977,0.9979,0.9981,0.9982,0.9983,0.9984,0.9985,0.9986,0.9987
0.9988,0.9989,0.9990,0.9991,0.9992,0.9992,0.9993,0.9993,0.9994,0.9995
0.9995,0.9996,0.9997,0.9997,0.9998,0.9998,0.9999,0.9999,1.0000,1.0000
hwc2u1fract=0.0001,0.0001,0.0002,0.0003,0.0003,0.0004,0.0005,0.0006
0.0007,0.0007,0.0008,0.0009,0.0010,0.0011,0.0012,0.0014,0.0017,0.0022
0.0033,0.0055,0.0099,0.0171,0.0271,0.0400,0.0550,0.0721,0.0903,0.1103
0.1305,0.1515,0.1727,0.1949,0.2171,0.2394,0.2618,0.2841,0.3067,0.3292
0.3518,0.3740,0.3960,0.4182,0.4402,0.4622,0.4838,0.5051,0.5263,0.5474
0.5679,0.5886,0.6089,0.6291,0.6495,0.6695,0.6896,0.7094,0.7289,0.7480
0.7667,0.7855,0.8036,0.8208,0.8375,0.8532,0.8679,0.8816,0.8943,0.9056
0.9159,0.9250,0.9331,0.9401,0.9465,0.9524,0.9575,0.9619,0.9660,0.9694
0.9725,0.9753,0.9778,0.9801,0.9820,0.9836,0.9849,0.9862,0.9874,0.9883
0.9892,0.9899,0.9905,0.9912,0.9917,0.9922,0.9928,0.9933,0.9938,0.9942
0.9945,0.9949,0.9953,0.9956,0.9960,0.9963,0.9965,0.9967,0.9970,0.9972
0.9974,0.9975,0.9977,0.9979,0.9981,0.9982,0.9984,0.9985,0.9986,0.9987
0.9988,0.9989,0.9990,0.9990,0.9991,0.9992,0.9993,0.9993,0.9994,0.9995
0.9995,0.9996,0.9996,0.9997,0.9997,0.9998,0.9999,0.9999,1.0000,1.0000
hwc2v1fract=0.0001,0.0001,0.0002,0.0003,0.0004,0.0004,0.0005,0.0006
0.0007,0.0008,0.0009,0.0010,0.0011,0.0012,0.0014,0.0016,0.0020,0.0028
0.0043,0.0075,0.0130,0.0215,0.0325,0.0458,0.0616,0.0789,0.0976,0.1171
0.1376,0.1586,0.1801,0.2019,0.2237,0.2465,0.2690,0.2917,0.3138,0.3365
0.3586,0.3807,0.4030,0.4250,0.4465,0.4680,0.4893,0.5104,0.5318,0.5525
0.5735,0.5943,0.6148,0.6354,0.6557,0.6756,0.6951,0.7149,0.7345,0.7538
0.7725,0.7910,0.8090,0.8260,0.8423,0.8578,0.8722,0.8855,0.8974,0.9083
0.9180,0.9267,0.9346,0.9414,0.9477,0.9534,0.9583,0.9627,0.9668,0.9704
0.9735,0.9763,0.9787,0.9807,0.9826,0.9842,0.9856,0.9868,0.9879,0.9888
0.9897,0.9904,0.9911,0.9917,0.9923,0.9928,0.9933,0.9937,0.9942,0.9946
0.9950,0.9953,0.9957,0.9960,0.9963,0.9966,0.9968,0.9970,0.9973,0.9974
0.9976,0.9978,0.9979,0.9981,0.9982,0.9984,0.9984,0.9985,0.9986,0.9987
0.9988,0.9989,0.9990,0.9991,0.9991,0.9992,0.9993,0.9993,0.9994,0.9995
0.9995,0.9996,0.9996,0.9997,0.9998,0.9998,0.9999,0.9999,0.9999,1.0000
hwc2y2fract=0.0001,0.0002,0.0002,0.0003,0.0004,0.0005,0.0006,0.0007
0.0008,0.0009,0.0011,0.0012,0.0014,0.0016,0.0019,0.0023,0.0031,0.0043
0.0063,0.0099,0.0154,0.0236,0.0343,0.0474,0.0628,0.0800,0.0987,0.1186
0.1393,0.1610,0.1830,0.2054,0.2280,0.2507,0.2732,0.2957,0.3181,0.3408
0.3636,0.3860,0.4077,0.4297,0.4517,0.4736,0.4950,0.5166,0.5379,0.5590
0.5800,0.6007,0.6216,0.6420,0.6626,0.6832,0.7032,0.7230,0.7425,0.7616
0.7805,0.7985,0.8164,0.8330,0.8491,0.8642,0.8785,0.8913,0.9032,0.9141
0.9239,0.9323,0.9399,0.9467,0.9526,0.9577,0.9623,0.9664,0.9700,0.9733
0.9762,0.9787,0.9808,0.9826,0.9843,0.9857,0.9869,0.9880,0.9889,0.9898
0.9905,0.9912,0.9918,0.9924,0.9929,0.9934,0.9938,0.9942,0.9945,0.9948
0.9952,0.9955,0.9958,0.9961,0.9964,0.9966,0.9968,0.9970,0.9972,0.9974
0.9975,0.9977,0.9979,0.9980,0.9981,0.9983,0.9984,0.9985,0.9986,0.9987
0.9988,0.9989,0.9989,0.9990,0.9991,0.9991,0.9992,0.9993,0.9993,0.9994
0.9995,0.9995,0.9996,0.9997,0.9997,0.9998,0.9998,0.9999,0.9999,1.0000
hwc2x2fract=0.0001,0.0002,0.0003,0.0004,0.0005,0.0006,0.0007,0.0008
0.0010,0.0011,0.0013,0.0014,0.0016,0.0019,0.0022,0.0026,0.0033,0.0046
0.0066,0.0098,0.0143,0.0204,0.0282,0.0378,0.0490,0.0614,0.0750,0.0900
0.1057,0.1222,0.1399,0.1578,0.1768,0.1963,0.2162,0.2369,0.2580,0.2794
0.3014,0.3234,0.3458,0.3683,0.3905,0.4132,0.4357,0.4584,0.4809,0.5030
0.5255,0.5476,0.5700,0.5917,0.6133,0.6352,0.6566,0.6779,0.6991,0.7199
0.7404,0.7599,0.7793,0.7979,0.8159,0.8327,0.8489,0.8642,0.8782,0.8913
0.9033,0.9139,0.9240,0.9329,0.9411,0.9482,0.9547,0.9606,0.9658,0.9703
0.9742,0.9776,0.9805,0.9830,0.9849,0.9866,0.9880,0.9892,0.9903,0.9911
0.9918,0.9924,0.9930,0.9935,0.9939,0.9943,0.9947,0.9951,0.9954,0.9957
0.9959,0.9962,0.9964,0.9966,0.9968,0.9970,0.9971,0.9973,0.9974,0.9976
0.9977,0.9978,0.9980,0.9981,0.9982,0.9983,0.9984,0.9985,0.9986,0.9987
0.9987,0.9988,0.9989,0.9989,0.9990,0.9991,0.9992,0.9992,0.9993,0.9994
0.9995,0.9995,0.9996,0.9997,0.9997,0.9998,0.9998,0.9999,0.9999,1.0000
