; Lookup table
;number of bins in Meek's time to distance lookup table
hdriftbins=138
;number of 1st bin in Meek's table in ns
hdrift1stbin=-24
;bin size in ns of Meek's table
hdriftbinsz=2
hwc1x1fract=0.0002,0.0004,0.0006,0.0008,0.0009,0.0011,0.0013,0.0016
0.0019,0.0022,0.0024,0.0028,0.0031,0.0037,0.0044,0.0056,0.0073,0.0098
0.0126,0.0162,0.0212,0.0276,0.0355,0.0451,0.0562,0.0685,0.0823,0.0967
0.1124,0.1291,0.1468,0.1649,0.1844,0.2030,0.2230,0.2438,0.2654,0.2866
0.3091,0.3309,0.3525,0.3742,0.3969,0.4196,0.4415,0.4640,0.4864,0.5083
0.5300,0.5518,0.5736,0.5950,0.6161,0.6370,0.6576,0.6783,0.6987,0.7192
0.7392,0.7582,0.7774,0.7952,0.8120,0.8283,0.8439,0.8585,0.8718,0.8841
0.8960,0.9067,0.9160,0.9251,0.9330,0.9404,0.9472,0.9535,0.9590,0.9638
0.9680,0.9713,0.9743,0.9772,0.9792,0.9811,0.9829,0.9842,0.9853,0.9861
0.9870,0.9877,0.9883,0.9888,0.9893,0.9898,0.9902,0.9906,0.9911,0.9915
0.9919,0.9922,0.9926,0.9930,0.9932,0.9936,0.9938,0.9941,0.9944,0.9946
0.9948,0.9951,0.9953,0.9955,0.9957,0.9958,0.9960,0.9961,0.9963,0.9965
0.9967,0.9969,0.9971,0.9973,0.9975,0.9977,0.9979,0.9980,0.9982,0.9984
0.9986,0.9988,0.9990,0.9992,0.9993,0.9994,0.9995,0.9997,0.9999,1.0000
hwc1y1fract=0.0002,0.0003,0.0004,0.0006,0.0008,0.0010,0.0012,0.0014
0.0016,0.0018,0.0022,0.0025,0.0029,0.0033,0.0040,0.0046,0.0057,0.0074
0.0097,0.0136,0.0194,0.0280,0.0393,0.0531,0.0692,0.0874,0.1068,0.1270
0.1483,0.1701,0.1921,0.2144,0.2372,0.2598,0.2819,0.3040,0.3266,0.3491
0.3719,0.3944,0.4164,0.4380,0.4591,0.4799,0.5011,0.5215,0.5422,0.5628
0.5833,0.6039,0.6244,0.6435,0.6634,0.6831,0.7029,0.7211,0.7405,0.7593
0.7774,0.7949,0.8120,0.8282,0.8435,0.8582,0.8716,0.8844,0.8961,0.9062
0.9151,0.9236,0.9310,0.9377,0.9438,0.9492,0.9540,0.9584,0.9625,0.9661
0.9695,0.9724,0.9745,0.9766,0.9784,0.9800,0.9813,0.9826,0.9837,0.9847
0.9857,0.9866,0.9873,0.9879,0.9886,0.9893,0.9899,0.9904,0.9909,0.9913
0.9917,0.9920,0.9924,0.9928,0.9931,0.9935,0.9938,0.9941,0.9943,0.9946
0.9948,0.9950,0.9953,0.9956,0.9958,0.9961,0.9963,0.9965,0.9967,0.9969
0.9971,0.9973,0.9975,0.9976,0.9978,0.9979,0.9981,0.9983,0.9984,0.9985
0.9987,0.9988,0.9989,0.9990,0.9992,0.9994,0.9995,0.9997,0.9999,1.0000
hwc1u1fract=0.0001,0.0003,0.0004,0.0005,0.0006,0.0007,0.0008,0.0010
0.0012,0.0013,0.0015,0.0017,0.0019,0.0022,0.0028,0.0036,0.0052,0.0077
0.0105,0.0146,0.0201,0.0276,0.0377,0.0498,0.0636,0.0789,0.0956,0.1137
0.1323,0.1523,0.1723,0.1934,0.2145,0.2362,0.2579,0.2798,0.3013,0.3229
0.3450,0.3675,0.3886,0.4102,0.4321,0.4544,0.4755,0.4966,0.5177,0.5388
0.5604,0.5809,0.6012,0.6214,0.6420,0.6621,0.6822,0.7015,0.7204,0.7393
0.7576,0.7760,0.7941,0.8112,0.8273,0.8425,0.8567,0.8701,0.8825,0.8934
0.9036,0.9128,0.9207,0.9285,0.9352,0.9415,0.9471,0.9520,0.9564,0.9607
0.9646,0.9679,0.9710,0.9735,0.9759,0.9780,0.9796,0.9810,0.9823,0.9835
0.9844,0.9854,0.9863,0.9870,0.9877,0.9883,0.9890,0.9896,0.9901,0.9906
0.9911,0.9914,0.9918,0.9922,0.9926,0.9930,0.9935,0.9939,0.9942,0.9945
0.9947,0.9950,0.9953,0.9955,0.9958,0.9959,0.9962,0.9964,0.9966,0.9968
0.9970,0.9973,0.9975,0.9977,0.9979,0.9980,0.9981,0.9983,0.9984,0.9986
0.9988,0.9990,0.9991,0.9992,0.9993,0.9995,0.9996,0.9998,0.9999,1.0000
hwc1v1fract=0.0001,0.0003,0.0004,0.0005,0.0007,0.0009,0.0010,0.0012
0.0013,0.0015,0.0017,0.0019,0.0021,0.0023,0.0027,0.0032,0.0039,0.0050
0.0071,0.0108,0.0167,0.0258,0.0372,0.0517,0.0681,0.0855,0.1040,0.1239
0.1448,0.1657,0.1868,0.2080,0.2293,0.2517,0.2740,0.2956,0.3176,0.3397
0.3618,0.3835,0.4057,0.4272,0.4486,0.4698,0.4910,0.5119,0.5326,0.5524
0.5726,0.5932,0.6136,0.6339,0.6531,0.6733,0.6929,0.7126,0.7311,0.7499
0.7689,0.7868,0.8047,0.8216,0.8380,0.8535,0.8674,0.8800,0.8916,0.9020
0.9119,0.9205,0.9282,0.9347,0.9411,0.9466,0.9516,0.9560,0.9602,0.9639
0.9671,0.9699,0.9728,0.9752,0.9772,0.9789,0.9804,0.9818,0.9830,0.9842
0.9851,0.9861,0.9869,0.9877,0.9884,0.9891,0.9896,0.9901,0.9906,0.9910
0.9914,0.9919,0.9923,0.9926,0.9930,0.9934,0.9937,0.9940,0.9943,0.9946
0.9949,0.9951,0.9954,0.9956,0.9958,0.9960,0.9962,0.9964,0.9966,0.9968
0.9971,0.9972,0.9974,0.9976,0.9978,0.9980,0.9981,0.9983,0.9984,0.9986
0.9988,0.9990,0.9991,0.9993,0.9994,0.9995,0.9996,0.9998,0.9999,1.0000
hwc1y2fract=0.0002,0.0003,0.0005,0.0006,0.0008,0.0010,0.0011,0.0013
0.0015,0.0017,0.0019,0.0022,0.0024,0.0027,0.0031,0.0037,0.0043,0.0054
0.0071,0.0101,0.0145,0.0218,0.0312,0.0430,0.0570,0.0732,0.0910,0.1096
0.1297,0.1506,0.1722,0.1941,0.2165,0.2383,0.2603,0.2827,0.3050,0.3265
0.3484,0.3711,0.3929,0.4146,0.4363,0.4578,0.4791,0.5005,0.5213,0.5422
0.5624,0.5834,0.6041,0.6247,0.6447,0.6647,0.6841,0.7037,0.7226,0.7410
0.7595,0.7775,0.7947,0.8117,0.8282,0.8431,0.8578,0.8708,0.8829,0.8943
0.9049,0.9139,0.9221,0.9296,0.9363,0.9424,0.9477,0.9525,0.9569,0.9610
0.9643,0.9675,0.9704,0.9727,0.9750,0.9771,0.9788,0.9803,0.9816,0.9828
0.9839,0.9849,0.9858,0.9867,0.9875,0.9882,0.9887,0.9892,0.9898,0.9903
0.9908,0.9913,0.9917,0.9921,0.9925,0.9929,0.9933,0.9936,0.9940,0.9943
0.9946,0.9948,0.9950,0.9953,0.9955,0.9958,0.9960,0.9962,0.9964,0.9966
0.9968,0.9971,0.9972,0.9974,0.9976,0.9978,0.9980,0.9981,0.9982,0.9984
0.9986,0.9988,0.9990,0.9992,0.9993,0.9995,0.9996,0.9998,0.9999,1.0000
hwc1x2fract=0.0002,0.0003,0.0005,0.0007,0.0008,0.0010,0.0011,0.0013
0.0015,0.0017,0.0021,0.0024,0.0027,0.0031,0.0037,0.0044,0.0055,0.0078
0.0108,0.0152,0.0211,0.0292,0.0393,0.0500,0.0626,0.0757,0.0908,0.1068
0.1232,0.1412,0.1595,0.1789,0.1988,0.2190,0.2404,0.2613,0.2834,0.3058
0.3266,0.3486,0.3707,0.3933,0.4153,0.4374,0.4593,0.4818,0.5038,0.5255
0.5474,0.5695,0.5909,0.6125,0.6337,0.6541,0.6750,0.6952,0.7153,0.7354
0.7550,0.7733,0.7911,0.8077,0.8249,0.8407,0.8550,0.8686,0.8811,0.8927
0.9037,0.9134,0.9230,0.9312,0.9388,0.9455,0.9514,0.9568,0.9619,0.9661
0.9697,0.9731,0.9759,0.9782,0.9803,0.9822,0.9835,0.9849,0.9859,0.9867
0.9874,0.9879,0.9886,0.9893,0.9898,0.9903,0.9907,0.9912,0.9916,0.9919
0.9922,0.9925,0.9928,0.9931,0.9934,0.9937,0.9939,0.9942,0.9944,0.9946
0.9949,0.9951,0.9954,0.9955,0.9958,0.9960,0.9962,0.9964,0.9966,0.9968
0.9970,0.9972,0.9973,0.9975,0.9977,0.9979,0.9980,0.9981,0.9983,0.9985
0.9987,0.9988,0.9990,0.9992,0.9993,0.9995,0.9996,0.9998,0.9999,1.0000
hwc2x1fract=0.0002,0.0004,0.0006,0.0008,0.0011,0.0013,0.0015,0.0018
0.0021,0.0024,0.0026,0.0029,0.0033,0.0038,0.0043,0.0049,0.0060,0.0076
0.0104,0.0146,0.0206,0.0282,0.0372,0.0478,0.0603,0.0736,0.0881,0.1042
0.1205,0.1375,0.1555,0.1739,0.1933,0.2133,0.2347,0.2562,0.2776,0.2990
0.3210,0.3437,0.3657,0.3882,0.4110,0.4332,0.4558,0.4780,0.5004,0.5227
0.5448,0.5663,0.5883,0.6096,0.6316,0.6529,0.6741,0.6949,0.7149,0.7354
0.7552,0.7737,0.7921,0.8100,0.8266,0.8428,0.8579,0.8718,0.8849,0.8966
0.9072,0.9169,0.9256,0.9335,0.9409,0.9474,0.9534,0.9587,0.9634,0.9676
0.9709,0.9740,0.9768,0.9789,0.9808,0.9825,0.9838,0.9849,0.9859,0.9869
0.9876,0.9882,0.9888,0.9895,0.9900,0.9905,0.9908,0.9912,0.9915,0.9919
0.9923,0.9926,0.9929,0.9933,0.9937,0.9940,0.9942,0.9945,0.9947,0.9949
0.9952,0.9954,0.9956,0.9958,0.9959,0.9961,0.9963,0.9964,0.9966,0.9968
0.9970,0.9972,0.9973,0.9975,0.9977,0.9979,0.9980,0.9982,0.9985,0.9986
0.9987,0.9989,0.9990,0.9992,0.9993,0.9995,0.9996,0.9997,0.9999,1.0000
hwc2y1fract=0.0001,0.0003,0.0005,0.0005,0.0007,0.0009,0.0011,0.0013
0.0014,0.0016,0.0019,0.0021,0.0023,0.0026,0.0030,0.0034,0.0043,0.0055
0.0076,0.0114,0.0172,0.0257,0.0374,0.0519,0.0688,0.0878,0.1085,0.1301
0.1535,0.1765,0.1999,0.2227,0.2461,0.2692,0.2917,0.3151,0.3378,0.3602
0.3823,0.4046,0.4269,0.4488,0.4705,0.4921,0.5132,0.5348,0.5558,0.5765
0.5973,0.6171,0.6376,0.6580,0.6781,0.6975,0.7165,0.7356,0.7553,0.7740
0.7918,0.8094,0.8264,0.8429,0.8583,0.8724,0.8855,0.8976,0.9085,0.9177
0.9261,0.9342,0.9410,0.9467,0.9521,0.9566,0.9610,0.9647,0.9678,0.9705
0.9731,0.9754,0.9774,0.9792,0.9804,0.9818,0.9830,0.9842,0.9853,0.9862
0.9869,0.9876,0.9882,0.9886,0.9892,0.9897,0.9902,0.9906,0.9911,0.9916
0.9919,0.9923,0.9926,0.9929,0.9932,0.9936,0.9939,0.9941,0.9944,0.9947
0.9950,0.9953,0.9956,0.9958,0.9960,0.9963,0.9965,0.9967,0.9968,0.9970
0.9972,0.9974,0.9976,0.9978,0.9979,0.9981,0.9982,0.9984,0.9986,0.9987
0.9989,0.9990,0.9991,0.9992,0.9993,0.9995,0.9996,0.9998,0.9999,1.0000
hwc2u1fract=0.0002,0.0003,0.0004,0.0006,0.0007,0.0009,0.0010,0.0011
0.0013,0.0014,0.0016,0.0017,0.0020,0.0022,0.0024,0.0028,0.0032,0.0039
0.0052,0.0080,0.0129,0.0210,0.0322,0.0464,0.0634,0.0822,0.1029,0.1246
0.1472,0.1700,0.1925,0.2150,0.2385,0.2614,0.2843,0.3069,0.3294,0.3514
0.3731,0.3948,0.4162,0.4366,0.4574,0.4783,0.4990,0.5188,0.5393,0.5587
0.5784,0.5984,0.6182,0.6382,0.6580,0.6772,0.6961,0.7150,0.7340,0.7520
0.7703,0.7881,0.8053,0.8215,0.8370,0.8524,0.8661,0.8793,0.8909,0.9010
0.9101,0.9182,0.9254,0.9315,0.9372,0.9425,0.9471,0.9511,0.9548,0.9581
0.9613,0.9638,0.9663,0.9684,0.9702,0.9719,0.9736,0.9750,0.9764,0.9776
0.9786,0.9796,0.9807,0.9817,0.9825,0.9833,0.9842,0.9850,0.9857,0.9865
0.9871,0.9879,0.9886,0.9892,0.9897,0.9903,0.9909,0.9915,0.9920,0.9926
0.9931,0.9935,0.9939,0.9943,0.9946,0.9950,0.9953,0.9956,0.9960,0.9962
0.9965,0.9967,0.9969,0.9972,0.9974,0.9976,0.9978,0.9981,0.9983,0.9985
0.9987,0.9988,0.9990,0.9992,0.9993,0.9995,0.9996,0.9998,0.9999,1.0000
hwc2v1fract=0.0001,0.0003,0.0004,0.0006,0.0008,0.0009,0.0010,0.0012
0.0014,0.0016,0.0018,0.0020,0.0022,0.0025,0.0028,0.0032,0.0037,0.0048
0.0067,0.0106,0.0174,0.0279,0.0418,0.0575,0.0757,0.0947,0.1156,0.1378
0.1596,0.1824,0.2055,0.2294,0.2518,0.2752,0.2982,0.3213,0.3431,0.3657
0.3873,0.4093,0.4308,0.4525,0.4733,0.4946,0.5152,0.5358,0.5567,0.5768
0.5969,0.6169,0.6367,0.6571,0.6765,0.6960,0.7150,0.7343,0.7528,0.7714
0.7891,0.8069,0.8236,0.8401,0.8552,0.8697,0.8829,0.8956,0.9061,0.9161
0.9246,0.9317,0.9381,0.9441,0.9494,0.9538,0.9580,0.9617,0.9652,0.9681
0.9708,0.9732,0.9753,0.9771,0.9787,0.9802,0.9817,0.9828,0.9840,0.9849
0.9858,0.9865,0.9872,0.9879,0.9885,0.9891,0.9896,0.9902,0.9907,0.9911
0.9915,0.9920,0.9923,0.9927,0.9932,0.9935,0.9939,0.9942,0.9945,0.9948
0.9951,0.9953,0.9955,0.9957,0.9960,0.9962,0.9964,0.9966,0.9968,0.9970
0.9972,0.9973,0.9976,0.9977,0.9979,0.9980,0.9982,0.9984,0.9985,0.9987
0.9988,0.9990,0.9991,0.9993,0.9994,0.9995,0.9996,0.9998,0.9999,1.0000
hwc2y2fract=0.0002,0.0003,0.0005,0.0006,0.0007,0.0009,0.0011,0.0013
0.0015,0.0017,0.0019,0.0021,0.0025,0.0028,0.0033,0.0039,0.0048,0.0063
0.0087,0.0129,0.0194,0.0287,0.0411,0.0565,0.0738,0.0932,0.1146,0.1363
0.1592,0.1822,0.2052,0.2285,0.2519,0.2761,0.2991,0.3219,0.3442,0.3676
0.3899,0.4120,0.4334,0.4553,0.4773,0.4984,0.5197,0.5406,0.5605,0.5816
0.6026,0.6229,0.6429,0.6631,0.6829,0.7025,0.7215,0.7406,0.7592,0.7773
0.7951,0.8121,0.8288,0.8445,0.8597,0.8734,0.8860,0.8984,0.9089,0.9185
0.9272,0.9350,0.9419,0.9479,0.9529,0.9575,0.9616,0.9651,0.9681,0.9709
0.9732,0.9754,0.9773,0.9790,0.9805,0.9817,0.9830,0.9840,0.9849,0.9858
0.9866,0.9873,0.9879,0.9885,0.9891,0.9896,0.9901,0.9905,0.9910,0.9913
0.9917,0.9921,0.9925,0.9928,0.9932,0.9936,0.9939,0.9942,0.9945,0.9948
0.9951,0.9954,0.9956,0.9958,0.9960,0.9963,0.9965,0.9967,0.9969,0.9971
0.9973,0.9975,0.9976,0.9978,0.9979,0.9981,0.9983,0.9984,0.9986,0.9987
0.9989,0.9989,0.9991,0.9993,0.9994,0.9995,0.9997,0.9998,0.9999,1.0000
hwc2x2fract=0.0002,0.0003,0.0005,0.0006,0.0008,0.0010,0.0011,0.0013
0.0015,0.0017,0.0020,0.0023,0.0026,0.0029,0.0034,0.0040,0.0051,0.0070
0.0097,0.0141,0.0196,0.0270,0.0360,0.0473,0.0602,0.0743,0.0896,0.1061
0.1231,0.1411,0.1607,0.1802,0.2003,0.2208,0.2417,0.2638,0.2856,0.3078
0.3302,0.3525,0.3752,0.3968,0.4198,0.4423,0.4644,0.4864,0.5088,0.5302
0.5518,0.5738,0.5957,0.6169,0.6383,0.6592,0.6802,0.7004,0.7205,0.7408
0.7603,0.7793,0.7975,0.8157,0.8328,0.8482,0.8630,0.8770,0.8895,0.9005
0.9105,0.9202,0.9285,0.9362,0.9430,0.9491,0.9548,0.9595,0.9638,0.9677
0.9713,0.9742,0.9768,0.9790,0.9808,0.9824,0.9837,0.9849,0.9860,0.9869
0.9875,0.9883,0.9890,0.9896,0.9900,0.9904,0.9908,0.9913,0.9916,0.9919
0.9923,0.9926,0.9929,0.9933,0.9935,0.9938,0.9941,0.9944,0.9946,0.9948
0.9950,0.9953,0.9956,0.9958,0.9960,0.9963,0.9964,0.9966,0.9968,0.9970
0.9972,0.9974,0.9976,0.9977,0.9979,0.9980,0.9982,0.9983,0.9985,0.9986
0.9988,0.9989,0.9991,0.9992,0.9994,0.9995,0.9996,0.9997,0.9999,1.0000
