; Lookup table
;number of bins in Meek's time to distance lookup table
hdriftbins=138
;number of 1st bin in Meek's table in ns
hdrift1stbin=-24
;bin size in ns of Meek's table
hdriftbinsz=2
hwc1x1fract=0.0000,0.0001,0.0001,0.0002,0.0002,0.0003,0.0003,0.0004
0.0005,0.0005,0.0006,0.0007,0.0009,0.0010,0.0013,0.0016,0.0021,0.0029
0.0040,0.0054,0.0076,0.0108,0.0155,0.0221,0.0304,0.0404,0.0523,0.0654
0.0796,0.0952,0.1114,0.1289,0.1469,0.1662,0.1858,0.2059,0.2266,0.2484
0.2702,0.2921,0.3141,0.3367,0.3592,0.3821,0.4041,0.4265,0.4492,0.4716
0.4938,0.5159,0.5381,0.5599,0.5816,0.6030,0.6245,0.6461,0.6669,0.6880
0.7083,0.7282,0.7478,0.7669,0.7857,0.8036,0.8206,0.8369,0.8520,0.8663
0.8797,0.8924,0.9039,0.9144,0.9240,0.9331,0.9414,0.9489,0.9558,0.9621
0.9678,0.9727,0.9771,0.9809,0.9841,0.9867,0.9889,0.9906,0.9920,0.9932
0.9942,0.9950,0.9956,0.9961,0.9965,0.9969,0.9973,0.9975,0.9978,0.9980
0.9982,0.9984,0.9985,0.9986,0.9988,0.9989,0.9990,0.9991,0.9992,0.9992
0.9993,0.9994,0.9994,0.9995,0.9995,0.9996,0.9996,0.9997,0.9997,0.9997
0.9998,0.9998,0.9998,0.9999,0.9999,0.9999,0.9999,0.9999,0.9999,0.9999
0.9999,0.9999,0.9999,0.9999,1.0000,1.0000,1.0000,1.0000,1.0000,1.0000
hwc1y1fract=0.0000,0.0001,0.0001,0.0001,0.0002,0.0002,0.0002,0.0003
0.0004,0.0005,0.0006,0.0007,0.0009,0.0010,0.0012,0.0016,0.0022,0.0031
0.0046,0.0073,0.0117,0.0187,0.0287,0.0413,0.0564,0.0735,0.0920,0.1125
0.1335,0.1553,0.1778,0.2001,0.2227,0.2457,0.2687,0.2917,0.3143,0.3371
0.3594,0.3817,0.4035,0.4255,0.4474,0.4692,0.4906,0.5121,0.5332,0.5539
0.5746,0.5951,0.6154,0.6357,0.6557,0.6759,0.6955,0.7150,0.7345,0.7535
0.7720,0.7901,0.8072,0.8236,0.8397,0.8551,0.8695,0.8827,0.8951,0.9060
0.9160,0.9253,0.9332,0.9404,0.9471,0.9531,0.9583,0.9630,0.9674,0.9713
0.9747,0.9779,0.9806,0.9829,0.9851,0.9870,0.9886,0.9899,0.9910,0.9920
0.9929,0.9936,0.9944,0.9950,0.9956,0.9960,0.9965,0.9968,0.9972,0.9974
0.9977,0.9979,0.9982,0.9984,0.9985,0.9987,0.9988,0.9989,0.9990,0.9991
0.9993,0.9993,0.9994,0.9995,0.9995,0.9996,0.9996,0.9996,0.9997,0.9997
0.9997,0.9998,0.9998,0.9998,0.9998,0.9999,0.9999,0.9999,0.9999,0.9999
0.9999,0.9999,0.9999,0.9999,1.0000,1.0000,1.0000,1.0000,1.0000,1.0000
hwc1u1fract=0.0000,0.0000,0.0000,0.0000,0.0001,0.0001,0.0001,0.0001
0.0001,0.0001,0.0001,0.0001,0.0002,0.0002,0.0003,0.0004,0.0007,0.0014
0.0024,0.0039,0.0061,0.0098,0.0159,0.0246,0.0361,0.0495,0.0647,0.0817
0.0998,0.1187,0.1386,0.1593,0.1802,0.2022,0.2244,0.2469,0.2689,0.2918
0.3141,0.3362,0.3584,0.3809,0.4033,0.4255,0.4470,0.4688,0.4901,0.5114
0.5326,0.5537,0.5742,0.5948,0.6154,0.6362,0.6561,0.6764,0.6957,0.7153
0.7345,0.7534,0.7717,0.7892,0.8065,0.8230,0.8385,0.8537,0.8673,0.8804
0.8923,0.9034,0.9133,0.9221,0.9303,0.9377,0.9444,0.9506,0.9564,0.9615
0.9660,0.9703,0.9740,0.9773,0.9803,0.9829,0.9853,0.9871,0.9887,0.9900
0.9911,0.9921,0.9930,0.9937,0.9943,0.9949,0.9953,0.9958,0.9962,0.9965
0.9968,0.9971,0.9974,0.9976,0.9979,0.9981,0.9983,0.9985,0.9986,0.9987
0.9989,0.9990,0.9991,0.9992,0.9993,0.9993,0.9994,0.9995,0.9995,0.9996
0.9996,0.9997,0.9997,0.9997,0.9998,0.9998,0.9998,0.9999,0.9999,0.9999
0.9999,0.9999,0.9999,0.9999,1.0000,1.0000,1.0000,1.0000,1.0000,1.0000
hwc1v1fract=0.0000,0.0000,0.0000,0.0000,0.0001,0.0001,0.0001,0.0001
0.0002,0.0002,0.0002,0.0003,0.0004,0.0004,0.0006,0.0009,0.0014,0.0026
0.0047,0.0087,0.0149,0.0239,0.0356,0.0498,0.0656,0.0832,0.1020,0.1217
0.1416,0.1625,0.1835,0.2054,0.2276,0.2497,0.2718,0.2941,0.3163,0.3385
0.3609,0.3829,0.4047,0.4263,0.4479,0.4695,0.4907,0.5115,0.5323,0.5536
0.5747,0.5954,0.6159,0.6363,0.6563,0.6766,0.6966,0.7161,0.7357,0.7548
0.7734,0.7917,0.8095,0.8268,0.8429,0.8584,0.8725,0.8852,0.8969,0.9077
0.9171,0.9257,0.9335,0.9405,0.9469,0.9528,0.9581,0.9630,0.9675,0.9715
0.9752,0.9785,0.9814,0.9839,0.9859,0.9877,0.9892,0.9905,0.9916,0.9925
0.9933,0.9940,0.9946,0.9952,0.9957,0.9961,0.9965,0.9969,0.9971,0.9974
0.9977,0.9979,0.9981,0.9983,0.9985,0.9986,0.9987,0.9989,0.9990,0.9991
0.9992,0.9993,0.9994,0.9995,0.9995,0.9996,0.9996,0.9997,0.9997,0.9997
0.9998,0.9998,0.9998,0.9998,0.9999,0.9999,0.9999,0.9999,0.9999,0.9999
0.9999,0.9999,1.0000,1.0000,1.0000,1.0000,1.0000,1.0000,1.0000,1.0000
hwc1y2fract=0.0000,0.0000,0.0000,0.0001,0.0001,0.0001,0.0001,0.0001
0.0001,0.0002,0.0002,0.0003,0.0003,0.0004,0.0005,0.0007,0.0010,0.0016
0.0028,0.0049,0.0085,0.0145,0.0226,0.0335,0.0468,0.0624,0.0797,0.0985
0.1188,0.1394,0.1615,0.1834,0.2058,0.2287,0.2513,0.2740,0.2970,0.3195
0.3420,0.3646,0.3871,0.4089,0.4305,0.4523,0.4735,0.4950,0.5162,0.5374
0.5582,0.5792,0.6002,0.6210,0.6415,0.6613,0.6814,0.7009,0.7198,0.7384
0.7570,0.7752,0.7923,0.8096,0.8257,0.8413,0.8560,0.8697,0.8828,0.8945
0.9052,0.9152,0.9239,0.9321,0.9393,0.9458,0.9517,0.9570,0.9619,0.9664
0.9702,0.9736,0.9768,0.9796,0.9821,0.9842,0.9861,0.9876,0.9891,0.9903
0.9914,0.9922,0.9930,0.9938,0.9944,0.9950,0.9955,0.9959,0.9963,0.9966
0.9970,0.9973,0.9976,0.9978,0.9980,0.9982,0.9984,0.9985,0.9987,0.9988
0.9989,0.9991,0.9992,0.9992,0.9993,0.9994,0.9995,0.9995,0.9996,0.9996
0.9997,0.9997,0.9997,0.9998,0.9998,0.9998,0.9998,0.9999,0.9999,0.9999
0.9999,0.9999,0.9999,0.9999,1.0000,1.0000,1.0000,1.0000,1.0000,1.0000
hwc1x2fract=0.0000,0.0000,0.0001,0.0001,0.0001,0.0001,0.0002,0.0002
0.0003,0.0003,0.0004,0.0005,0.0005,0.0006,0.0008,0.0010,0.0014,0.0023
0.0038,0.0062,0.0099,0.0159,0.0238,0.0333,0.0443,0.0571,0.0713,0.0865
0.1028,0.1202,0.1384,0.1574,0.1769,0.1976,0.2185,0.2398,0.2611,0.2831
0.3054,0.3281,0.3507,0.3735,0.3959,0.4191,0.4417,0.4639,0.4859,0.5078
0.5298,0.5516,0.5735,0.5950,0.6164,0.6373,0.6582,0.6792,0.6994,0.7195
0.7392,0.7583,0.7770,0.7950,0.8121,0.8289,0.8448,0.8596,0.8733,0.8864
0.8983,0.9093,0.9192,0.9286,0.9370,0.9450,0.9521,0.9585,0.9646,0.9698
0.9744,0.9785,0.9820,0.9849,0.9872,0.9892,0.9908,0.9922,0.9933,0.9941
0.9948,0.9955,0.9960,0.9965,0.9968,0.9971,0.9974,0.9977,0.9979,0.9981
0.9982,0.9984,0.9985,0.9986,0.9988,0.9989,0.9990,0.9991,0.9992,0.9992
0.9993,0.9994,0.9994,0.9995,0.9995,0.9996,0.9996,0.9996,0.9997,0.9997
0.9997,0.9998,0.9998,0.9998,0.9998,0.9998,0.9998,0.9999,0.9999,0.9999
0.9999,0.9999,0.9999,0.9999,0.9999,1.0000,1.0000,1.0000,1.0000,1.0000
hwc2x1fract=0.0000,0.0000,0.0001,0.0002,0.0002,0.0003,0.0003,0.0004
0.0005,0.0005,0.0006,0.0007,0.0009,0.0010,0.0012,0.0014,0.0017,0.0021
0.0030,0.0047,0.0075,0.0116,0.0172,0.0247,0.0340,0.0453,0.0580,0.0717
0.0868,0.1034,0.1202,0.1385,0.1574,0.1769,0.1968,0.2177,0.2393,0.2607
0.2830,0.3051,0.3272,0.3496,0.3723,0.3951,0.4175,0.4401,0.4628,0.4854
0.5074,0.5295,0.5516,0.5740,0.5961,0.6176,0.6391,0.6604,0.6812,0.7021
0.7224,0.7421,0.7620,0.7814,0.8000,0.8178,0.8344,0.8502,0.8652,0.8786
0.8913,0.9031,0.9140,0.9239,0.9328,0.9408,0.9480,0.9546,0.9605,0.9658
0.9709,0.9751,0.9790,0.9823,0.9851,0.9874,0.9894,0.9911,0.9924,0.9935
0.9943,0.9951,0.9957,0.9962,0.9966,0.9970,0.9973,0.9976,0.9979,0.9980
0.9983,0.9985,0.9986,0.9987,0.9988,0.9989,0.9990,0.9992,0.9992,0.9993
0.9994,0.9995,0.9995,0.9996,0.9996,0.9997,0.9997,0.9997,0.9998,0.9998
0.9998,0.9998,0.9999,0.9999,0.9999,0.9999,0.9999,0.9999,0.9999,0.9999
0.9999,1.0000,1.0000,1.0000,1.0000,1.0000,1.0000,1.0000,1.0000,1.0000
hwc2y1fract=0.0000,0.0000,0.0000,0.0001,0.0001,0.0001,0.0001,0.0001
0.0002,0.0002,0.0002,0.0003,0.0003,0.0004,0.0005,0.0007,0.0010,0.0016
0.0028,0.0049,0.0089,0.0155,0.0252,0.0380,0.0530,0.0708,0.0903,0.1111
0.1328,0.1558,0.1790,0.2027,0.2263,0.2499,0.2734,0.2966,0.3195,0.3427
0.3657,0.3881,0.4102,0.4323,0.4546,0.4762,0.4974,0.5185,0.5397,0.5605
0.5812,0.6015,0.6220,0.6423,0.6625,0.6824,0.7025,0.7221,0.7414,0.7604
0.7784,0.7961,0.8138,0.8306,0.8466,0.8618,0.8760,0.8894,0.9015,0.9123
0.9220,0.9307,0.9383,0.9453,0.9512,0.9566,0.9614,0.9658,0.9698,0.9733
0.9766,0.9795,0.9819,0.9840,0.9858,0.9873,0.9887,0.9900,0.9912,0.9921
0.9930,0.9937,0.9943,0.9949,0.9953,0.9957,0.9962,0.9965,0.9969,0.9971
0.9974,0.9976,0.9978,0.9980,0.9982,0.9984,0.9986,0.9987,0.9988,0.9990
0.9991,0.9992,0.9993,0.9994,0.9995,0.9995,0.9996,0.9996,0.9997,0.9997
0.9998,0.9998,0.9998,0.9999,0.9999,0.9999,0.9999,0.9999,0.9999,0.9999
0.9999,1.0000,1.0000,1.0000,1.0000,1.0000,1.0000,1.0000,1.0000,1.0000
hwc2u1fract=0.0000,0.0000,0.0000,0.0000,0.0000,0.0001,0.0001,0.0001
0.0001,0.0001,0.0001,0.0001,0.0002,0.0002,0.0003,0.0004,0.0005,0.0010
0.0020,0.0042,0.0088,0.0165,0.0275,0.0417,0.0584,0.0772,0.0975,0.1186
0.1407,0.1632,0.1863,0.2097,0.2331,0.2565,0.2798,0.3025,0.3256,0.3485
0.3711,0.3936,0.4155,0.4374,0.4593,0.4804,0.5013,0.5222,0.5433,0.5637
0.5842,0.6045,0.6242,0.6443,0.6641,0.6840,0.7037,0.7230,0.7418,0.7602
0.7785,0.7964,0.8138,0.8306,0.8464,0.8615,0.8755,0.8889,0.9007,0.9115
0.9212,0.9295,0.9371,0.9440,0.9502,0.9555,0.9604,0.9649,0.9689,0.9725
0.9757,0.9785,0.9812,0.9836,0.9855,0.9872,0.9887,0.9899,0.9911,0.9920
0.9928,0.9935,0.9941,0.9946,0.9951,0.9955,0.9959,0.9963,0.9966,0.9969
0.9972,0.9974,0.9977,0.9979,0.9981,0.9983,0.9985,0.9986,0.9988,0.9989
0.9990,0.9992,0.9992,0.9993,0.9994,0.9995,0.9995,0.9996,0.9996,0.9997
0.9997,0.9998,0.9998,0.9998,0.9998,0.9999,0.9999,0.9999,0.9999,0.9999
0.9999,0.9999,1.0000,1.0000,1.0000,1.0000,1.0000,1.0000,1.0000,1.0000
hwc2v1fract=0.0000,0.0000,0.0001,0.0001,0.0001,0.0001,0.0001,0.0002
0.0002,0.0002,0.0003,0.0003,0.0004,0.0005,0.0006,0.0007,0.0010,0.0017
0.0031,0.0061,0.0118,0.0207,0.0331,0.0482,0.0654,0.0846,0.1052,0.1265
0.1486,0.1716,0.1945,0.2178,0.2410,0.2642,0.2876,0.3107,0.3332,0.3561
0.3779,0.4001,0.4218,0.4435,0.4652,0.4867,0.5078,0.5287,0.5491,0.5696
0.5900,0.6098,0.6296,0.6499,0.6693,0.6889,0.7081,0.7272,0.7460,0.7643
0.7828,0.8010,0.8184,0.8351,0.8506,0.8656,0.8795,0.8920,0.9037,0.9141
0.9232,0.9314,0.9387,0.9453,0.9513,0.9567,0.9616,0.9660,0.9699,0.9734
0.9766,0.9794,0.9819,0.9841,0.9860,0.9876,0.9890,0.9903,0.9914,0.9923
0.9932,0.9938,0.9944,0.9949,0.9954,0.9959,0.9963,0.9966,0.9969,0.9972
0.9975,0.9977,0.9980,0.9982,0.9984,0.9986,0.9987,0.9989,0.9990,0.9991
0.9992,0.9993,0.9994,0.9995,0.9995,0.9996,0.9997,0.9997,0.9997,0.9998
0.9998,0.9998,0.9999,0.9999,0.9999,0.9999,0.9999,0.9999,0.9999,0.9999
0.9999,1.0000,1.0000,1.0000,1.0000,1.0000,1.0000,1.0000,1.0000,1.0000
hwc2y2fract=0.0000,0.0000,0.0000,0.0001,0.0001,0.0001,0.0001,0.0001
0.0002,0.0002,0.0002,0.0003,0.0004,0.0004,0.0005,0.0007,0.0009,0.0013
0.0021,0.0035,0.0060,0.0106,0.0178,0.0281,0.0412,0.0572,0.0752,0.0947
0.1162,0.1387,0.1614,0.1849,0.2084,0.2318,0.2555,0.2791,0.3025,0.3256
0.3482,0.3709,0.3932,0.4152,0.4373,0.4594,0.4809,0.5023,0.5233,0.5445
0.5655,0.5861,0.6066,0.6271,0.6473,0.6673,0.6875,0.7075,0.7266,0.7457
0.7650,0.7834,0.8014,0.8185,0.8350,0.8508,0.8657,0.8795,0.8922,0.9042
0.9148,0.9241,0.9325,0.9398,0.9467,0.9527,0.9579,0.9627,0.9670,0.9708
0.9742,0.9772,0.9799,0.9823,0.9843,0.9861,0.9877,0.9890,0.9901,0.9912
0.9921,0.9930,0.9937,0.9944,0.9950,0.9954,0.9959,0.9963,0.9966,0.9969
0.9971,0.9974,0.9976,0.9979,0.9981,0.9983,0.9985,0.9986,0.9988,0.9989
0.9990,0.9991,0.9992,0.9993,0.9994,0.9995,0.9995,0.9996,0.9997,0.9997
0.9998,0.9998,0.9998,0.9998,0.9999,0.9999,0.9999,0.9999,0.9999,0.9999
0.9999,0.9999,1.0000,1.0000,1.0000,1.0000,1.0000,1.0000,1.0000,1.0000
hwc2x2fract=0.0000,0.0000,0.0001,0.0001,0.0001,0.0002,0.0002,0.0002
0.0003,0.0003,0.0004,0.0005,0.0005,0.0007,0.0008,0.0010,0.0012,0.0017
0.0025,0.0041,0.0063,0.0098,0.0151,0.0226,0.0319,0.0435,0.0563,0.0708
0.0867,0.1033,0.1211,0.1399,0.1597,0.1804,0.2012,0.2225,0.2447,0.2670
0.2894,0.3120,0.3345,0.3574,0.3799,0.4027,0.4256,0.4482,0.4707,0.4933
0.5156,0.5377,0.5594,0.5812,0.6026,0.6239,0.6450,0.6658,0.6866,0.7072
0.7272,0.7471,0.7661,0.7848,0.8028,0.8202,0.8365,0.8524,0.8671,0.8807
0.8932,0.9046,0.9151,0.9248,0.9333,0.9413,0.9483,0.9550,0.9609,0.9663
0.9712,0.9755,0.9790,0.9822,0.9851,0.9874,0.9894,0.9910,0.9923,0.9934
0.9943,0.9950,0.9956,0.9961,0.9966,0.9969,0.9973,0.9976,0.9978,0.9981
0.9983,0.9985,0.9986,0.9987,0.9989,0.9990,0.9991,0.9992,0.9993,0.9994
0.9994,0.9995,0.9996,0.9996,0.9996,0.9997,0.9997,0.9997,0.9998,0.9998
0.9998,0.9998,0.9999,0.9999,0.9999,0.9999,0.9999,0.9999,0.9999,0.9999
1.0000,1.0000,1.0000,1.0000,1.0000,1.0000,1.0000,1.0000,1.0000,1.0000
