; Lookup table
;number of bins in Meek's time to distance lookup table
hdriftbins=138
;number of 1st bin in Meek's table in ns
hdrift1stbin=-24
;bin size in ns of Meek's table
hdriftbinsz=2
hwc1x1fract=0.0004,0.0007,0.0011,0.0016,0.0019,0.0023,0.0027,0.0031
0.0035,0.0041,0.0046,0.0051,0.0058,0.0065,0.0075,0.0089,0.0110,0.0138
0.0172,0.0216,0.0271,0.0341,0.0429,0.0534,0.0652,0.0786,0.0932,0.1092
0.1258,0.1439,0.1627,0.1822,0.2020,0.2225,0.2439,0.2652,0.2871,0.3092
0.3311,0.3533,0.3760,0.3981,0.4198,0.4419,0.4638,0.4852,0.5068,0.5280
0.5495,0.5702,0.5913,0.6111,0.6314,0.6514,0.6713,0.6913,0.7107,0.7297
0.7481,0.7656,0.7823,0.7980,0.8131,0.8274,0.8408,0.8533,0.8648,0.8754
0.8852,0.8941,0.9027,0.9103,0.9169,0.9231,0.9289,0.9342,0.9391,0.9435
0.9473,0.9508,0.9539,0.9564,0.9590,0.9612,0.9632,0.9649,0.9664,0.9677
0.9690,0.9703,0.9715,0.9724,0.9734,0.9743,0.9751,0.9760,0.9767,0.9775
0.9782,0.9789,0.9796,0.9803,0.9810,0.9818,0.9823,0.9829,0.9836,0.9842
0.9849,0.9855,0.9862,0.9868,0.9874,0.9880,0.9886,0.9891,0.9896,0.9902
0.9907,0.9912,0.9917,0.9922,0.9927,0.9932,0.9937,0.9943,0.9949,0.9953
0.9958,0.9964,0.9969,0.9974,0.9979,0.9984,0.9988,0.9992,0.9996,1.0000
hwc1y1fract=0.0004,0.0008,0.0012,0.0015,0.0020,0.0024,0.0029,0.0034
0.0038,0.0044,0.0049,0.0055,0.0062,0.0071,0.0081,0.0093,0.0109,0.0130
0.0158,0.0200,0.0266,0.0355,0.0476,0.0621,0.0794,0.0983,0.1185,0.1405
0.1625,0.1859,0.2087,0.2313,0.2548,0.2775,0.2999,0.3226,0.3448,0.3672
0.3887,0.4099,0.4309,0.4518,0.4729,0.4936,0.5140,0.5342,0.5540,0.5739
0.5938,0.6126,0.6320,0.6512,0.6703,0.6890,0.7077,0.7262,0.7443,0.7620
0.7789,0.7951,0.8102,0.8253,0.8395,0.8520,0.8640,0.8747,0.8846,0.8937
0.9016,0.9085,0.9147,0.9203,0.9255,0.9303,0.9346,0.9387,0.9422,0.9455
0.9485,0.9512,0.9537,0.9558,0.9579,0.9598,0.9617,0.9634,0.9650,0.9665
0.9679,0.9690,0.9701,0.9712,0.9723,0.9733,0.9744,0.9752,0.9761,0.9769
0.9778,0.9786,0.9795,0.9803,0.9811,0.9818,0.9824,0.9830,0.9838,0.9845
0.9852,0.9859,0.9865,0.9871,0.9877,0.9883,0.9889,0.9895,0.9901,0.9907
0.9912,0.9917,0.9922,0.9928,0.9933,0.9938,0.9943,0.9948,0.9953,0.9957
0.9962,0.9966,0.9971,0.9975,0.9980,0.9983,0.9988,0.9992,0.9996,1.0000
hwc1u1fract=0.0003,0.0006,0.0009,0.0012,0.0015,0.0019,0.0022,0.0026
0.0030,0.0033,0.0036,0.0040,0.0044,0.0048,0.0055,0.0066,0.0083,0.0109
0.0141,0.0182,0.0242,0.0324,0.0431,0.0559,0.0704,0.0870,0.1046,0.1239
0.1443,0.1648,0.1866,0.2084,0.2301,0.2526,0.2745,0.2969,0.3192,0.3410
0.3626,0.3848,0.4064,0.4275,0.4491,0.4706,0.4915,0.5121,0.5325,0.5533
0.5733,0.5936,0.6138,0.6337,0.6524,0.6718,0.6907,0.7094,0.7272,0.7456
0.7628,0.7797,0.7954,0.8109,0.8249,0.8383,0.8509,0.8623,0.8729,0.8822
0.8907,0.8989,0.9059,0.9120,0.9180,0.9234,0.9283,0.9331,0.9373,0.9413
0.9449,0.9485,0.9513,0.9540,0.9563,0.9585,0.9604,0.9622,0.9640,0.9655
0.9670,0.9682,0.9695,0.9706,0.9717,0.9728,0.9737,0.9746,0.9756,0.9765
0.9773,0.9781,0.9790,0.9797,0.9805,0.9812,0.9819,0.9826,0.9833,0.9840
0.9846,0.9853,0.9859,0.9866,0.9873,0.9878,0.9884,0.9890,0.9895,0.9900
0.9906,0.9912,0.9919,0.9923,0.9928,0.9934,0.9939,0.9945,0.9950,0.9955
0.9960,0.9965,0.9969,0.9974,0.9979,0.9983,0.9988,0.9992,0.9996,1.0000
hwc1v1fract=0.0004,0.0007,0.0011,0.0014,0.0017,0.0020,0.0023,0.0026
0.0031,0.0034,0.0037,0.0041,0.0045,0.0049,0.0054,0.0059,0.0067,0.0080
0.0102,0.0140,0.0204,0.0297,0.0418,0.0563,0.0728,0.0913,0.1104,0.1312
0.1525,0.1742,0.1958,0.2183,0.2407,0.2629,0.2849,0.3076,0.3298,0.3517
0.3735,0.3952,0.4164,0.4369,0.4577,0.4788,0.4987,0.5188,0.5389,0.5590
0.5786,0.5982,0.6177,0.6369,0.6564,0.6755,0.6944,0.7130,0.7316,0.7495
0.7675,0.7848,0.8006,0.8162,0.8306,0.8445,0.8570,0.8685,0.8790,0.8879
0.8962,0.9035,0.9103,0.9164,0.9217,0.9267,0.9314,0.9358,0.9397,0.9435
0.9468,0.9498,0.9528,0.9554,0.9576,0.9595,0.9612,0.9629,0.9644,0.9658
0.9672,0.9684,0.9695,0.9706,0.9716,0.9726,0.9736,0.9745,0.9754,0.9762
0.9770,0.9779,0.9787,0.9794,0.9803,0.9811,0.9818,0.9825,0.9833,0.9840
0.9846,0.9853,0.9859,0.9867,0.9873,0.9880,0.9886,0.9892,0.9898,0.9904
0.9909,0.9915,0.9920,0.9926,0.9932,0.9937,0.9942,0.9946,0.9951,0.9955
0.9960,0.9964,0.9969,0.9974,0.9979,0.9984,0.9988,0.9992,0.9996,1.0000
hwc1y2fract=0.0003,0.0007,0.0010,0.0013,0.0016,0.0019,0.0023,0.0027
0.0032,0.0036,0.0040,0.0044,0.0049,0.0055,0.0062,0.0070,0.0079,0.0093
0.0114,0.0150,0.0202,0.0279,0.0377,0.0505,0.0655,0.0831,0.1022,0.1227
0.1444,0.1665,0.1884,0.2108,0.2341,0.2571,0.2799,0.3022,0.3247,0.3465
0.3686,0.3905,0.4126,0.4336,0.4548,0.4756,0.4962,0.5159,0.5367,0.5566
0.5764,0.5965,0.6161,0.6352,0.6544,0.6738,0.6924,0.7106,0.7285,0.7461
0.7634,0.7806,0.7967,0.8118,0.8260,0.8394,0.8517,0.8631,0.8738,0.8836
0.8923,0.8998,0.9067,0.9129,0.9183,0.9235,0.9281,0.9323,0.9365,0.9403
0.9437,0.9466,0.9493,0.9519,0.9543,0.9564,0.9585,0.9603,0.9620,0.9636
0.9651,0.9664,0.9676,0.9689,0.9702,0.9714,0.9724,0.9734,0.9744,0.9754
0.9763,0.9771,0.9778,0.9787,0.9795,0.9803,0.9810,0.9817,0.9825,0.9832
0.9839,0.9846,0.9852,0.9859,0.9865,0.9872,0.9878,0.9885,0.9891,0.9898
0.9904,0.9911,0.9917,0.9922,0.9928,0.9933,0.9938,0.9943,0.9949,0.9954
0.9960,0.9965,0.9970,0.9974,0.9978,0.9983,0.9988,0.9992,0.9997,1.0000
hwc1x2fract=0.0003,0.0006,0.0010,0.0014,0.0018,0.0020,0.0024,0.0027
0.0031,0.0035,0.0039,0.0044,0.0048,0.0055,0.0062,0.0073,0.0088,0.0112
0.0143,0.0189,0.0252,0.0334,0.0432,0.0547,0.0683,0.0833,0.0999,0.1175
0.1357,0.1550,0.1751,0.1950,0.2162,0.2379,0.2594,0.2814,0.3037,0.3258
0.3479,0.3701,0.3926,0.4145,0.4362,0.4573,0.4787,0.5005,0.5217,0.5428
0.5636,0.5841,0.6044,0.6244,0.6446,0.6647,0.6840,0.7033,0.7221,0.7410
0.7590,0.7758,0.7923,0.8080,0.8230,0.8364,0.8494,0.8608,0.8715,0.8816
0.8909,0.8989,0.9063,0.9133,0.9199,0.9261,0.9319,0.9370,0.9415,0.9455
0.9491,0.9523,0.9552,0.9576,0.9597,0.9618,0.9635,0.9650,0.9664,0.9678
0.9689,0.9700,0.9711,0.9720,0.9730,0.9739,0.9748,0.9756,0.9765,0.9771
0.9780,0.9787,0.9794,0.9800,0.9807,0.9814,0.9820,0.9827,0.9832,0.9838
0.9843,0.9850,0.9856,0.9863,0.9868,0.9874,0.9880,0.9885,0.9891,0.9896
0.9901,0.9907,0.9913,0.9918,0.9924,0.9930,0.9935,0.9940,0.9945,0.9951
0.9955,0.9961,0.9966,0.9971,0.9976,0.9980,0.9985,0.9990,0.9996,1.0000
hwc2x1fract=0.0004,0.0008,0.0012,0.0016,0.0020,0.0025,0.0029,0.0033
0.0037,0.0043,0.0048,0.0053,0.0059,0.0066,0.0074,0.0084,0.0099,0.0121
0.0153,0.0196,0.0258,0.0333,0.0425,0.0531,0.0657,0.0796,0.0946,0.1109
0.1281,0.1470,0.1657,0.1853,0.2055,0.2264,0.2476,0.2686,0.2907,0.3128
0.3343,0.3563,0.3787,0.4007,0.4231,0.4450,0.4667,0.4885,0.5105,0.5321
0.5535,0.5746,0.5957,0.6163,0.6370,0.6570,0.6774,0.6977,0.7173,0.7360
0.7546,0.7725,0.7901,0.8060,0.8214,0.8358,0.8492,0.8614,0.8729,0.8827
0.8920,0.9003,0.9079,0.9148,0.9215,0.9275,0.9331,0.9376,0.9421,0.9464
0.9501,0.9533,0.9563,0.9587,0.9609,0.9629,0.9647,0.9662,0.9675,0.9688
0.9699,0.9710,0.9721,0.9731,0.9740,0.9749,0.9758,0.9766,0.9774,0.9782
0.9788,0.9796,0.9803,0.9809,0.9816,0.9822,0.9829,0.9835,0.9842,0.9848
0.9854,0.9861,0.9867,0.9872,0.9878,0.9883,0.9889,0.9894,0.9898,0.9904
0.9909,0.9915,0.9919,0.9924,0.9930,0.9935,0.9940,0.9946,0.9951,0.9956
0.9961,0.9965,0.9969,0.9974,0.9978,0.9982,0.9987,0.9991,0.9996,1.0000
hwc2y1fract=0.0004,0.0007,0.0011,0.0014,0.0017,0.0021,0.0024,0.0027
0.0031,0.0036,0.0039,0.0044,0.0049,0.0054,0.0061,0.0069,0.0080,0.0095
0.0120,0.0161,0.0223,0.0317,0.0439,0.0592,0.0771,0.0973,0.1178,0.1406
0.1632,0.1861,0.2092,0.2330,0.2565,0.2797,0.3029,0.3262,0.3486,0.3707
0.3927,0.4146,0.4359,0.4565,0.4775,0.4985,0.5189,0.5395,0.5594,0.5794
0.5995,0.6192,0.6391,0.6585,0.6774,0.6965,0.7154,0.7340,0.7521,0.7693
0.7863,0.8025,0.8189,0.8338,0.8474,0.8605,0.8725,0.8831,0.8925,0.9011
0.9087,0.9156,0.9215,0.9268,0.9316,0.9360,0.9401,0.9437,0.9468,0.9498
0.9525,0.9550,0.9572,0.9593,0.9610,0.9627,0.9642,0.9656,0.9669,0.9682
0.9694,0.9706,0.9716,0.9725,0.9735,0.9744,0.9752,0.9760,0.9770,0.9778
0.9786,0.9792,0.9799,0.9806,0.9812,0.9820,0.9827,0.9834,0.9840,0.9846
0.9853,0.9859,0.9865,0.9872,0.9877,0.9883,0.9889,0.9895,0.9900,0.9906
0.9912,0.9917,0.9922,0.9927,0.9933,0.9938,0.9942,0.9947,0.9952,0.9957
0.9961,0.9966,0.9971,0.9975,0.9979,0.9984,0.9989,0.9992,0.9996,1.0000
hwc2u1fract=0.0002,0.0003,0.0005,0.0007,0.0009,0.0011,0.0012,0.0015
0.0017,0.0019,0.0021,0.0023,0.0026,0.0028,0.0031,0.0035,0.0039,0.0046
0.0058,0.0083,0.0135,0.0214,0.0327,0.0477,0.0648,0.0843,0.1058,0.1285
0.1515,0.1749,0.1986,0.2225,0.2456,0.2696,0.2933,0.3162,0.3389,0.3613
0.3831,0.4049,0.4264,0.4479,0.4690,0.4901,0.5106,0.5313,0.5515,0.5721
0.5918,0.6117,0.6308,0.6496,0.6688,0.6882,0.7073,0.7260,0.7440,0.7618
0.7792,0.7965,0.8130,0.8288,0.8438,0.8578,0.8701,0.8820,0.8918,0.9008
0.9089,0.9160,0.9221,0.9276,0.9326,0.9368,0.9408,0.9447,0.9481,0.9512
0.9538,0.9563,0.9583,0.9604,0.9623,0.9637,0.9652,0.9664,0.9676,0.9686
0.9697,0.9706,0.9717,0.9725,0.9733,0.9742,0.9749,0.9757,0.9765,0.9773
0.9780,0.9787,0.9795,0.9802,0.9808,0.9816,0.9822,0.9828,0.9834,0.9839
0.9845,0.9850,0.9856,0.9861,0.9866,0.9871,0.9876,0.9880,0.9886,0.9890
0.9896,0.9901,0.9907,0.9913,0.9918,0.9924,0.9930,0.9935,0.9941,0.9947
0.9953,0.9959,0.9964,0.9970,0.9975,0.9981,0.9986,0.9991,0.9996,1.0000
hwc2v1fract=0.0003,0.0007,0.0010,0.0014,0.0017,0.0020,0.0023,0.0027
0.0030,0.0035,0.0038,0.0041,0.0046,0.0050,0.0055,0.0061,0.0069,0.0082
0.0104,0.0144,0.0213,0.0313,0.0443,0.0601,0.0787,0.0985,0.1204,0.1429
0.1657,0.1896,0.2129,0.2366,0.2594,0.2830,0.3056,0.3288,0.3507,0.3726
0.3942,0.4160,0.4367,0.4573,0.4776,0.4983,0.5184,0.5392,0.5589,0.5788
0.5985,0.6179,0.6369,0.6563,0.6751,0.6935,0.7121,0.7307,0.7483,0.7658
0.7831,0.7995,0.8157,0.8308,0.8446,0.8580,0.8698,0.8808,0.8904,0.8985
0.9059,0.9127,0.9186,0.9240,0.9289,0.9335,0.9374,0.9411,0.9448,0.9480
0.9508,0.9534,0.9557,0.9580,0.9598,0.9616,0.9633,0.9647,0.9660,0.9673
0.9684,0.9695,0.9707,0.9717,0.9727,0.9737,0.9746,0.9754,0.9763,0.9771
0.9779,0.9787,0.9795,0.9803,0.9811,0.9818,0.9825,0.9832,0.9839,0.9846
0.9853,0.9859,0.9865,0.9870,0.9876,0.9881,0.9887,0.9893,0.9900,0.9905
0.9911,0.9916,0.9921,0.9927,0.9932,0.9937,0.9941,0.9946,0.9951,0.9956
0.9962,0.9966,0.9970,0.9975,0.9979,0.9984,0.9987,0.9991,0.9996,1.0000
hwc2y2fract=0.0003,0.0007,0.0010,0.0014,0.0018,0.0021,0.0026,0.0029
0.0033,0.0038,0.0042,0.0048,0.0053,0.0058,0.0067,0.0076,0.0090,0.0110
0.0140,0.0185,0.0259,0.0357,0.0484,0.0636,0.0814,0.1013,0.1226,0.1446
0.1673,0.1905,0.2137,0.2373,0.2606,0.2844,0.3072,0.3302,0.3527,0.3748
0.3966,0.4179,0.4395,0.4604,0.4814,0.5023,0.5227,0.5436,0.5634,0.5838
0.6035,0.6231,0.6424,0.6617,0.6808,0.6999,0.7185,0.7371,0.7548,0.7728
0.7896,0.8059,0.8216,0.8361,0.8497,0.8622,0.8740,0.8844,0.8942,0.9023
0.9098,0.9165,0.9221,0.9274,0.9318,0.9360,0.9399,0.9434,0.9465,0.9493
0.9519,0.9544,0.9568,0.9588,0.9608,0.9625,0.9640,0.9654,0.9666,0.9678
0.9690,0.9701,0.9710,0.9720,0.9730,0.9740,0.9749,0.9757,0.9766,0.9774
0.9781,0.9787,0.9794,0.9802,0.9809,0.9816,0.9824,0.9831,0.9838,0.9844
0.9851,0.9857,0.9863,0.9870,0.9877,0.9882,0.9888,0.9894,0.9900,0.9905
0.9911,0.9916,0.9921,0.9925,0.9931,0.9936,0.9942,0.9947,0.9952,0.9956
0.9961,0.9965,0.9970,0.9974,0.9979,0.9983,0.9987,0.9992,0.9996,1.0000
hwc2x2fract=0.0003,0.0006,0.0010,0.0014,0.0018,0.0021,0.0025,0.0029
0.0034,0.0038,0.0043,0.0048,0.0053,0.0059,0.0067,0.0077,0.0092,0.0114
0.0150,0.0195,0.0256,0.0333,0.0430,0.0548,0.0684,0.0835,0.0997,0.1169
0.1352,0.1546,0.1747,0.1951,0.2163,0.2376,0.2596,0.2817,0.3039,0.3268
0.3490,0.3715,0.3937,0.4159,0.4383,0.4603,0.4817,0.5040,0.5255,0.5466
0.5672,0.5881,0.6088,0.6292,0.6496,0.6699,0.6893,0.7087,0.7281,0.7463
0.7643,0.7814,0.7983,0.8144,0.8291,0.8428,0.8557,0.8676,0.8783,0.8882
0.8970,0.9050,0.9123,0.9189,0.9250,0.9305,0.9358,0.9404,0.9446,0.9483
0.9517,0.9547,0.9574,0.9597,0.9619,0.9637,0.9652,0.9668,0.9682,0.9694
0.9707,0.9717,0.9727,0.9736,0.9745,0.9754,0.9762,0.9770,0.9778,0.9785
0.9791,0.9799,0.9804,0.9811,0.9817,0.9824,0.9829,0.9835,0.9841,0.9846
0.9853,0.9859,0.9865,0.9871,0.9877,0.9883,0.9888,0.9893,0.9898,0.9903
0.9909,0.9914,0.9919,0.9925,0.9929,0.9934,0.9940,0.9945,0.9950,0.9955
0.9960,0.9965,0.9970,0.9973,0.9978,0.9983,0.9987,0.9991,0.9996,1.0000
