; Lookup table
;number of bins in Meek's time to distance lookup table
hdriftbins=138
;number of 1st bin in Meek's table in ns
hdrift1stbin=-24
;bin size in ns of Meek's table
hdriftbinsz=2
hwc1x1fract=0.0000,0.0001,0.0001,0.0002,0.0003,0.0004,0.0005,0.0005
0.0007,0.0008,0.0009,0.0011,0.0014,0.0016,0.0021,0.0027,0.0037,0.0052
0.0071,0.0098,0.0136,0.0193,0.0271,0.0369,0.0489,0.0627,0.0781,0.0951
0.1129,0.1321,0.1523,0.1730,0.1943,0.2162,0.2388,0.2616,0.2847,0.3081
0.3316,0.3549,0.3786,0.4020,0.4251,0.4481,0.4710,0.4938,0.5163,0.5387
0.5605,0.5820,0.6038,0.6250,0.6463,0.6668,0.6875,0.7076,0.7277,0.7473
0.7664,0.7848,0.8026,0.8194,0.8357,0.8513,0.8655,0.8789,0.8911,0.9023
0.9126,0.9219,0.9302,0.9377,0.9447,0.9510,0.9566,0.9619,0.9666,0.9709
0.9748,0.9783,0.9812,0.9837,0.9859,0.9878,0.9894,0.9907,0.9917,0.9926
0.9935,0.9942,0.9948,0.9953,0.9959,0.9962,0.9966,0.9968,0.9971,0.9974
0.9976,0.9978,0.9979,0.9981,0.9983,0.9984,0.9986,0.9987,0.9988,0.9989
0.9990,0.9991,0.9992,0.9993,0.9993,0.9994,0.9995,0.9995,0.9996,0.9996
0.9996,0.9997,0.9997,0.9997,0.9997,0.9998,0.9998,0.9998,0.9998,0.9998
0.9999,0.9999,0.9999,0.9999,0.9999,0.9999,1.0000,1.0000,1.0000,1.0000
hwc1y1fract=0.0000,0.0001,0.0002,0.0002,0.0003,0.0004,0.0004,0.0005
0.0006,0.0008,0.0009,0.0011,0.0014,0.0016,0.0020,0.0025,0.0034,0.0047
0.0067,0.0102,0.0159,0.0245,0.0364,0.0519,0.0700,0.0900,0.1121,0.1356
0.1597,0.1840,0.2088,0.2334,0.2584,0.2824,0.3066,0.3305,0.3546,0.3782
0.4008,0.4234,0.4456,0.4675,0.4892,0.5107,0.5317,0.5528,0.5734,0.5943
0.6149,0.6352,0.6555,0.6754,0.6949,0.7144,0.7334,0.7520,0.7705,0.7886
0.8066,0.8238,0.8400,0.8555,0.8703,0.8839,0.8962,0.9074,0.9173,0.9263
0.9343,0.9411,0.9472,0.9526,0.9574,0.9617,0.9655,0.9689,0.9720,0.9749
0.9777,0.9801,0.9822,0.9841,0.9857,0.9872,0.9885,0.9895,0.9905,0.9914
0.9922,0.9929,0.9935,0.9941,0.9946,0.9951,0.9955,0.9959,0.9963,0.9966
0.9969,0.9972,0.9974,0.9976,0.9978,0.9980,0.9982,0.9983,0.9985,0.9987
0.9988,0.9990,0.9991,0.9992,0.9992,0.9993,0.9994,0.9995,0.9995,0.9996
0.9996,0.9997,0.9997,0.9998,0.9998,0.9998,0.9998,0.9998,0.9999,0.9999
0.9999,0.9999,0.9999,0.9999,0.9999,1.0000,1.0000,1.0000,1.0000,1.0000
hwc1u1fract=0.0000,0.0000,0.0000,0.0000,0.0001,0.0001,0.0001,0.0001
0.0001,0.0001,0.0002,0.0002,0.0003,0.0004,0.0005,0.0010,0.0018,0.0031
0.0050,0.0079,0.0125,0.0200,0.0302,0.0434,0.0592,0.0773,0.0972,0.1185
0.1404,0.1634,0.1873,0.2108,0.2344,0.2584,0.2819,0.3058,0.3296,0.3525
0.3756,0.3984,0.4208,0.4432,0.4651,0.4868,0.5081,0.5297,0.5507,0.5715
0.5921,0.6125,0.6327,0.6526,0.6722,0.6922,0.7122,0.7314,0.7504,0.7686
0.7868,0.8041,0.8209,0.8372,0.8525,0.8666,0.8798,0.8918,0.9029,0.9127
0.9214,0.9291,0.9361,0.9423,0.9478,0.9530,0.9577,0.9621,0.9660,0.9696
0.9728,0.9757,0.9784,0.9806,0.9827,0.9844,0.9859,0.9873,0.9885,0.9895
0.9905,0.9913,0.9920,0.9927,0.9933,0.9938,0.9943,0.9948,0.9953,0.9956
0.9960,0.9963,0.9966,0.9968,0.9971,0.9974,0.9976,0.9978,0.9980,0.9982
0.9984,0.9985,0.9986,0.9988,0.9989,0.9990,0.9991,0.9992,0.9993,0.9994
0.9995,0.9995,0.9996,0.9996,0.9997,0.9997,0.9997,0.9998,0.9998,0.9998
0.9999,0.9999,0.9999,0.9999,1.0000,1.0000,1.0000,1.0000,1.0000,1.0000
hwc1v1fract=0.0000,0.0000,0.0000,0.0001,0.0001,0.0001,0.0001,0.0002
0.0002,0.0003,0.0003,0.0004,0.0005,0.0006,0.0008,0.0012,0.0019,0.0032
0.0058,0.0105,0.0176,0.0282,0.0418,0.0581,0.0761,0.0961,0.1170,0.1396
0.1625,0.1856,0.2089,0.2319,0.2553,0.2781,0.3010,0.3238,0.3466,0.3691
0.3916,0.4140,0.4362,0.4581,0.4798,0.5012,0.5220,0.5434,0.5645,0.5855
0.6060,0.6269,0.6472,0.6673,0.6874,0.7071,0.7263,0.7458,0.7643,0.7831
0.8011,0.8188,0.8356,0.8517,0.8665,0.8803,0.8929,0.9040,0.9144,0.9234
0.9312,0.9383,0.9444,0.9498,0.9551,0.9594,0.9634,0.9673,0.9708,0.9740
0.9768,0.9794,0.9818,0.9837,0.9855,0.9870,0.9883,0.9895,0.9905,0.9913
0.9921,0.9928,0.9934,0.9939,0.9944,0.9949,0.9952,0.9956,0.9960,0.9963
0.9965,0.9968,0.9971,0.9973,0.9976,0.9978,0.9980,0.9982,0.9983,0.9985
0.9986,0.9987,0.9989,0.9990,0.9991,0.9992,0.9993,0.9994,0.9994,0.9995
0.9995,0.9996,0.9996,0.9997,0.9997,0.9998,0.9998,0.9998,0.9998,0.9999
0.9999,0.9999,0.9999,0.9999,0.9999,0.9999,1.0000,1.0000,1.0000,1.0000
hwc1y2fract=0.0000,0.0000,0.0001,0.0001,0.0001,0.0001,0.0001,0.0002
0.0002,0.0003,0.0003,0.0004,0.0005,0.0006,0.0008,0.0010,0.0015,0.0023
0.0037,0.0065,0.0112,0.0187,0.0290,0.0423,0.0585,0.0770,0.0975,0.1196
0.1428,0.1672,0.1918,0.2161,0.2403,0.2649,0.2889,0.3128,0.3365,0.3599
0.3830,0.4060,0.4285,0.4505,0.4722,0.4936,0.5146,0.5355,0.5565,0.5772
0.5976,0.6178,0.6381,0.6585,0.6785,0.6980,0.7174,0.7366,0.7554,0.7738
0.7912,0.8085,0.8250,0.8406,0.8554,0.8696,0.8825,0.8942,0.9049,0.9146
0.9234,0.9312,0.9380,0.9440,0.9493,0.9542,0.9587,0.9626,0.9664,0.9696
0.9726,0.9753,0.9777,0.9798,0.9817,0.9834,0.9849,0.9862,0.9874,0.9885
0.9894,0.9903,0.9912,0.9920,0.9926,0.9932,0.9938,0.9943,0.9947,0.9952
0.9956,0.9960,0.9963,0.9966,0.9969,0.9972,0.9974,0.9977,0.9979,0.9981
0.9983,0.9985,0.9986,0.9987,0.9989,0.9990,0.9991,0.9992,0.9993,0.9994
0.9994,0.9995,0.9995,0.9996,0.9996,0.9997,0.9998,0.9998,0.9998,0.9998
0.9999,0.9999,0.9999,0.9999,0.9999,1.0000,1.0000,1.0000,1.0000,1.0000
hwc1x2fract=0.0000,0.0001,0.0001,0.0001,0.0002,0.0002,0.0003,0.0003
0.0004,0.0005,0.0006,0.0007,0.0008,0.0011,0.0014,0.0020,0.0030,0.0049
0.0080,0.0126,0.0194,0.0287,0.0397,0.0528,0.0678,0.0843,0.1023,0.1216
0.1416,0.1626,0.1844,0.2064,0.2293,0.2523,0.2756,0.2990,0.3227,0.3464
0.3697,0.3924,0.4158,0.4388,0.4613,0.4840,0.5069,0.5289,0.5508,0.5723
0.5937,0.6151,0.6362,0.6569,0.6774,0.6980,0.7180,0.7378,0.7574,0.7764
0.7946,0.8121,0.8288,0.8446,0.8592,0.8727,0.8854,0.8970,0.9076,0.9169
0.9257,0.9337,0.9410,0.9477,0.9538,0.9592,0.9641,0.9684,0.9724,0.9760
0.9792,0.9819,0.9842,0.9862,0.9879,0.9894,0.9908,0.9919,0.9928,0.9935
0.9942,0.9947,0.9953,0.9957,0.9961,0.9965,0.9968,0.9970,0.9973,0.9975
0.9977,0.9979,0.9980,0.9982,0.9983,0.9985,0.9986,0.9987,0.9988,0.9989
0.9990,0.9990,0.9991,0.9992,0.9993,0.9993,0.9994,0.9994,0.9995,0.9995
0.9996,0.9996,0.9996,0.9997,0.9997,0.9997,0.9998,0.9998,0.9998,0.9998
0.9998,0.9999,0.9999,0.9999,0.9999,1.0000,1.0000,1.0000,1.0000,1.0000
hwc2x1fract=0.0001,0.0001,0.0002,0.0003,0.0004,0.0004,0.0005,0.0006
0.0008,0.0009,0.0011,0.0013,0.0015,0.0018,0.0022,0.0027,0.0035,0.0048
0.0071,0.0106,0.0154,0.0219,0.0304,0.0408,0.0535,0.0680,0.0840,0.1014
0.1200,0.1395,0.1602,0.1815,0.2039,0.2265,0.2490,0.2717,0.2948,0.3181
0.3416,0.3651,0.3882,0.4113,0.4342,0.4571,0.4804,0.5024,0.5248,0.5473
0.5696,0.5912,0.6127,0.6341,0.6554,0.6768,0.6976,0.7181,0.7382,0.7578
0.7773,0.7960,0.8141,0.8316,0.8481,0.8634,0.8774,0.8904,0.9020,0.9126
0.9224,0.9308,0.9384,0.9454,0.9516,0.9573,0.9625,0.9669,0.9711,0.9750
0.9783,0.9812,0.9837,0.9859,0.9877,0.9893,0.9906,0.9917,0.9927,0.9934
0.9942,0.9947,0.9953,0.9958,0.9962,0.9966,0.9969,0.9972,0.9975,0.9977
0.9979,0.9980,0.9982,0.9983,0.9985,0.9986,0.9988,0.9989,0.9990,0.9991
0.9992,0.9992,0.9993,0.9994,0.9994,0.9995,0.9995,0.9996,0.9996,0.9996
0.9997,0.9997,0.9997,0.9998,0.9998,0.9998,0.9998,0.9999,0.9999,0.9999
0.9999,0.9999,0.9999,0.9999,1.0000,1.0000,1.0000,1.0000,1.0000,1.0000
hwc2y1fract=0.0000,0.0000,0.0001,0.0001,0.0001,0.0001,0.0001,0.0002
0.0002,0.0003,0.0004,0.0004,0.0005,0.0007,0.0008,0.0011,0.0016,0.0025
0.0042,0.0074,0.0129,0.0216,0.0338,0.0495,0.0678,0.0889,0.1116,0.1355
0.1601,0.1853,0.2109,0.2362,0.2612,0.2856,0.3097,0.3341,0.3581,0.3815
0.4045,0.4271,0.4492,0.4716,0.4934,0.5149,0.5361,0.5573,0.5779,0.5990
0.6198,0.6401,0.6604,0.6805,0.7007,0.7207,0.7400,0.7592,0.7779,0.7963
0.8142,0.8317,0.8481,0.8638,0.8783,0.8918,0.9043,0.9154,0.9251,0.9337
0.9413,0.9479,0.9537,0.9586,0.9630,0.9670,0.9705,0.9737,0.9765,0.9789
0.9812,0.9832,0.9849,0.9864,0.9878,0.9889,0.9899,0.9908,0.9917,0.9924
0.9931,0.9936,0.9942,0.9947,0.9950,0.9954,0.9958,0.9961,0.9963,0.9966
0.9969,0.9971,0.9973,0.9976,0.9977,0.9979,0.9981,0.9982,0.9984,0.9985
0.9987,0.9989,0.9990,0.9991,0.9992,0.9993,0.9994,0.9995,0.9995,0.9996
0.9997,0.9997,0.9997,0.9998,0.9998,0.9998,0.9998,0.9999,0.9999,0.9999
0.9999,0.9999,0.9999,0.9999,1.0000,1.0000,1.0000,1.0000,1.0000,1.0000
hwc2u1fract=0.0000,0.0000,0.0000,0.0000,0.0000,0.0000,0.0001,0.0001
0.0001,0.0001,0.0001,0.0002,0.0002,0.0003,0.0004,0.0005,0.0007,0.0013
0.0026,0.0053,0.0110,0.0203,0.0333,0.0498,0.0691,0.0909,0.1138,0.1380
0.1622,0.1868,0.2115,0.2363,0.2605,0.2845,0.3085,0.3325,0.3556,0.3787
0.4011,0.4230,0.4451,0.4667,0.4881,0.5096,0.5304,0.5515,0.5721,0.5928
0.6129,0.6331,0.6531,0.6732,0.6926,0.7121,0.7312,0.7506,0.7687,0.7869
0.8050,0.8223,0.8390,0.8553,0.8704,0.8844,0.8968,0.9080,0.9180,0.9267
0.9342,0.9407,0.9466,0.9518,0.9562,0.9602,0.9640,0.9671,0.9700,0.9727
0.9751,0.9771,0.9790,0.9806,0.9820,0.9833,0.9843,0.9852,0.9859,0.9866
0.9873,0.9878,0.9883,0.9888,0.9893,0.9897,0.9901,0.9905,0.9909,0.9912
0.9916,0.9919,0.9922,0.9925,0.9928,0.9931,0.9933,0.9936,0.9938,0.9941
0.9942,0.9944,0.9946,0.9948,0.9949,0.9951,0.9952,0.9954,0.9955,0.9957
0.9958,0.9960,0.9962,0.9964,0.9967,0.9969,0.9972,0.9975,0.9977,0.9979
0.9981,0.9983,0.9985,0.9988,0.9990,0.9992,0.9994,0.9996,0.9998,1.0000
hwc2v1fract=0.0000,0.0000,0.0001,0.0001,0.0001,0.0002,0.0002,0.0002
0.0003,0.0003,0.0004,0.0005,0.0006,0.0008,0.0010,0.0013,0.0017,0.0027
0.0046,0.0087,0.0160,0.0270,0.0415,0.0592,0.0796,0.1020,0.1255,0.1502
0.1753,0.2001,0.2250,0.2498,0.2741,0.2985,0.3222,0.3459,0.3691,0.3920
0.4143,0.4369,0.4585,0.4804,0.5018,0.5231,0.5439,0.5648,0.5853,0.6060
0.6264,0.6466,0.6667,0.6864,0.7060,0.7255,0.7446,0.7636,0.7820,0.8003
0.8177,0.8352,0.8514,0.8668,0.8811,0.8943,0.9065,0.9173,0.9266,0.9346
0.9419,0.9480,0.9534,0.9582,0.9625,0.9664,0.9699,0.9729,0.9758,0.9782
0.9806,0.9826,0.9844,0.9859,0.9872,0.9884,0.9895,0.9903,0.9911,0.9918
0.9924,0.9930,0.9935,0.9940,0.9944,0.9948,0.9952,0.9955,0.9959,0.9962
0.9965,0.9968,0.9971,0.9974,0.9976,0.9978,0.9980,0.9982,0.9984,0.9986
0.9987,0.9988,0.9990,0.9991,0.9992,0.9993,0.9994,0.9995,0.9996,0.9996
0.9997,0.9997,0.9997,0.9998,0.9998,0.9998,0.9999,0.9999,0.9999,0.9999
0.9999,0.9999,0.9999,0.9999,1.0000,1.0000,1.0000,1.0000,1.0000,1.0000
hwc2y2fract=0.0000,0.0000,0.0000,0.0001,0.0001,0.0001,0.0002,0.0002
0.0003,0.0003,0.0004,0.0005,0.0006,0.0008,0.0010,0.0014,0.0019,0.0032
0.0052,0.0088,0.0150,0.0245,0.0374,0.0533,0.0720,0.0931,0.1165,0.1407
0.1661,0.1916,0.2169,0.2424,0.2676,0.2922,0.3162,0.3405,0.3639,0.3874
0.4106,0.4333,0.4557,0.4776,0.4995,0.5208,0.5422,0.5632,0.5837,0.6047
0.6254,0.6462,0.6666,0.6869,0.7068,0.7265,0.7456,0.7646,0.7830,0.8011
0.8190,0.8359,0.8520,0.8673,0.8818,0.8948,0.9070,0.9177,0.9273,0.9357
0.9432,0.9498,0.9553,0.9602,0.9646,0.9683,0.9717,0.9748,0.9774,0.9799
0.9821,0.9839,0.9856,0.9870,0.9882,0.9894,0.9904,0.9912,0.9920,0.9926
0.9933,0.9939,0.9943,0.9948,0.9952,0.9956,0.9960,0.9962,0.9965,0.9968
0.9970,0.9973,0.9975,0.9977,0.9979,0.9981,0.9982,0.9984,0.9985,0.9987
0.9988,0.9989,0.9990,0.9991,0.9992,0.9993,0.9993,0.9994,0.9995,0.9995
0.9996,0.9997,0.9997,0.9997,0.9998,0.9998,0.9998,0.9998,0.9999,0.9999
0.9999,0.9999,0.9999,0.9999,1.0000,1.0000,1.0000,1.0000,1.0000,1.0000
hwc2x2fract=0.0000,0.0001,0.0001,0.0002,0.0002,0.0003,0.0004,0.0005
0.0006,0.0007,0.0008,0.0010,0.0012,0.0014,0.0017,0.0021,0.0028,0.0041
0.0061,0.0091,0.0136,0.0204,0.0295,0.0410,0.0546,0.0705,0.0876,0.1065
0.1267,0.1480,0.1701,0.1925,0.2153,0.2388,0.2626,0.2865,0.3106,0.3345
0.3583,0.3816,0.4050,0.4279,0.4510,0.4734,0.4962,0.5184,0.5405,0.5621
0.5839,0.6053,0.6265,0.6475,0.6685,0.6888,0.7093,0.7297,0.7493,0.7686
0.7872,0.8053,0.8228,0.8397,0.8552,0.8698,0.8833,0.8957,0.9068,0.9169
0.9261,0.9342,0.9415,0.9479,0.9537,0.9590,0.9637,0.9679,0.9718,0.9754
0.9785,0.9812,0.9836,0.9857,0.9874,0.9889,0.9902,0.9913,0.9923,0.9932
0.9939,0.9944,0.9949,0.9954,0.9958,0.9962,0.9966,0.9969,0.9971,0.9973
0.9976,0.9978,0.9980,0.9981,0.9983,0.9985,0.9986,0.9987,0.9989,0.9990
0.9991,0.9992,0.9992,0.9993,0.9994,0.9994,0.9995,0.9995,0.9996,0.9996
0.9996,0.9997,0.9997,0.9997,0.9998,0.9998,0.9998,0.9998,0.9999,0.9999
0.9999,0.9999,0.9999,0.9999,0.9999,1.0000,1.0000,1.0000,1.0000,1.0000
