; Lookup table
;number of bins in Meek's time to distance lookup table
hdriftbins=138
;number of 1st bin in Meek's table in ns
hdrift1stbin=-24
;bin size in ns of Meek's table
hdriftbinsz=2
hwc1x1fract=0.0000,0.0001,0.0001,0.0002,0.0003,0.0004,0.0004,0.0005
0.0006,0.0007,0.0008,0.0010,0.0011,0.0014,0.0017,0.0022,0.0032,0.0045
0.0066,0.0094,0.0129,0.0181,0.0252,0.0341,0.0451,0.0578,0.0717,0.0872
0.1039,0.1213,0.1394,0.1587,0.1782,0.1987,0.2194,0.2404,0.2624,0.2841
0.3062,0.3285,0.3501,0.3724,0.3950,0.4176,0.4395,0.4614,0.4836,0.5054
0.5273,0.5491,0.5706,0.5921,0.6138,0.6351,0.6559,0.6764,0.6965,0.7165
0.7362,0.7552,0.7738,0.7919,0.8093,0.8256,0.8411,0.8560,0.8701,0.8832
0.8950,0.9058,0.9161,0.9253,0.9336,0.9411,0.9482,0.9545,0.9604,0.9657
0.9703,0.9744,0.9782,0.9814,0.9841,0.9865,0.9885,0.9903,0.9916,0.9927
0.9937,0.9944,0.9951,0.9956,0.9961,0.9965,0.9968,0.9971,0.9974,0.9977
0.9979,0.9981,0.9983,0.9984,0.9986,0.9987,0.9988,0.9989,0.9990,0.9991
0.9992,0.9992,0.9993,0.9994,0.9994,0.9995,0.9995,0.9996,0.9996,0.9997
0.9997,0.9997,0.9998,0.9998,0.9998,0.9998,0.9999,0.9999,0.9999,0.9999
0.9999,0.9999,0.9999,1.0000,1.0000,1.0000,1.0000,1.0000,1.0000,1.0000
hwc1y1fract=0.0000,0.0001,0.0001,0.0002,0.0003,0.0004,0.0004,0.0005
0.0006,0.0008,0.0009,0.0010,0.0012,0.0015,0.0018,0.0023,0.0028,0.0038
0.0054,0.0081,0.0126,0.0197,0.0302,0.0434,0.0599,0.0783,0.0983,0.1198
0.1419,0.1647,0.1877,0.2111,0.2343,0.2574,0.2802,0.3031,0.3257,0.3480
0.3699,0.3920,0.4135,0.4354,0.4568,0.4781,0.4990,0.5197,0.5402,0.5606
0.5815,0.6013,0.6215,0.6413,0.6612,0.6809,0.7000,0.7192,0.7380,0.7568
0.7746,0.7926,0.8096,0.8261,0.8417,0.8567,0.8710,0.8842,0.8962,0.9069
0.9168,0.9258,0.9336,0.9406,0.9470,0.9526,0.9576,0.9620,0.9663,0.9701
0.9734,0.9763,0.9789,0.9812,0.9834,0.9852,0.9867,0.9882,0.9894,0.9905
0.9915,0.9924,0.9932,0.9939,0.9945,0.9950,0.9955,0.9960,0.9964,0.9967
0.9970,0.9973,0.9976,0.9979,0.9981,0.9982,0.9984,0.9985,0.9987,0.9989
0.9990,0.9991,0.9992,0.9993,0.9994,0.9995,0.9995,0.9996,0.9997,0.9997
0.9997,0.9998,0.9998,0.9998,0.9998,0.9999,0.9999,0.9999,0.9999,0.9999
0.9999,0.9999,0.9999,0.9999,1.0000,1.0000,1.0000,1.0000,1.0000,1.0000
hwc1u1fract=0.0000,0.0000,0.0000,0.0001,0.0001,0.0001,0.0001,0.0001
0.0001,0.0001,0.0002,0.0002,0.0002,0.0003,0.0004,0.0007,0.0015,0.0028
0.0049,0.0077,0.0117,0.0178,0.0266,0.0380,0.0520,0.0684,0.0864,0.1054
0.1253,0.1460,0.1673,0.1892,0.2114,0.2338,0.2563,0.2786,0.3006,0.3228
0.3449,0.3672,0.3894,0.4116,0.4332,0.4546,0.4761,0.4974,0.5182,0.5387
0.5591,0.5797,0.6002,0.6205,0.6404,0.6603,0.6798,0.6991,0.7184,0.7373
0.7563,0.7745,0.7924,0.8094,0.8258,0.8416,0.8562,0.8700,0.8823,0.8938
0.9043,0.9138,0.9221,0.9298,0.9369,0.9434,0.9492,0.9544,0.9593,0.9637
0.9679,0.9715,0.9748,0.9779,0.9806,0.9828,0.9849,0.9866,0.9880,0.9894
0.9905,0.9915,0.9923,0.9931,0.9937,0.9943,0.9948,0.9953,0.9957,0.9960
0.9964,0.9967,0.9970,0.9973,0.9975,0.9978,0.9980,0.9982,0.9984,0.9986
0.9988,0.9989,0.9990,0.9991,0.9992,0.9993,0.9994,0.9994,0.9995,0.9995
0.9996,0.9996,0.9997,0.9997,0.9997,0.9998,0.9998,0.9998,0.9998,0.9999
0.9999,0.9999,0.9999,0.9999,0.9999,1.0000,1.0000,1.0000,1.0000,1.0000
hwc1v1fract=0.0000,0.0000,0.0000,0.0001,0.0001,0.0001,0.0001,0.0002
0.0002,0.0002,0.0003,0.0003,0.0004,0.0004,0.0006,0.0008,0.0011,0.0018
0.0031,0.0057,0.0105,0.0186,0.0294,0.0434,0.0604,0.0788,0.0986,0.1193
0.1408,0.1624,0.1845,0.2064,0.2287,0.2513,0.2732,0.2953,0.3172,0.3392
0.3612,0.3828,0.4047,0.4260,0.4474,0.4686,0.4898,0.5105,0.5311,0.5518
0.5719,0.5921,0.6123,0.6324,0.6525,0.6720,0.6917,0.7108,0.7298,0.7487
0.7671,0.7852,0.8031,0.8203,0.8367,0.8523,0.8671,0.8804,0.8928,0.9038
0.9137,0.9224,0.9304,0.9376,0.9439,0.9496,0.9550,0.9596,0.9640,0.9678
0.9714,0.9747,0.9777,0.9804,0.9827,0.9846,0.9863,0.9877,0.9890,0.9902
0.9913,0.9921,0.9929,0.9935,0.9940,0.9946,0.9951,0.9956,0.9960,0.9963
0.9966,0.9969,0.9972,0.9975,0.9978,0.9980,0.9982,0.9984,0.9986,0.9987
0.9989,0.9990,0.9991,0.9992,0.9993,0.9994,0.9994,0.9995,0.9996,0.9996
0.9997,0.9997,0.9998,0.9998,0.9998,0.9999,0.9999,0.9999,0.9999,0.9999
0.9999,0.9999,0.9999,1.0000,1.0000,1.0000,1.0000,1.0000,1.0000,1.0000
hwc1y2fract=0.0000,0.0000,0.0001,0.0001,0.0001,0.0002,0.0002,0.0002
0.0003,0.0003,0.0004,0.0004,0.0006,0.0007,0.0009,0.0012,0.0019,0.0030
0.0048,0.0083,0.0138,0.0222,0.0333,0.0475,0.0639,0.0824,0.1024,0.1237
0.1458,0.1689,0.1915,0.2144,0.2374,0.2598,0.2826,0.3052,0.3278,0.3502
0.3726,0.3946,0.4164,0.4382,0.4597,0.4808,0.5020,0.5225,0.5429,0.5637
0.5842,0.6045,0.6248,0.6448,0.6643,0.6839,0.7033,0.7221,0.7407,0.7589
0.7769,0.7942,0.8110,0.8272,0.8424,0.8569,0.8710,0.8837,0.8953,0.9060
0.9156,0.9243,0.9319,0.9386,0.9445,0.9500,0.9550,0.9595,0.9639,0.9677
0.9711,0.9743,0.9770,0.9794,0.9817,0.9836,0.9852,0.9868,0.9882,0.9893
0.9904,0.9914,0.9922,0.9930,0.9937,0.9943,0.9949,0.9954,0.9958,0.9962
0.9965,0.9968,0.9971,0.9974,0.9977,0.9979,0.9981,0.9982,0.9984,0.9986
0.9988,0.9989,0.9990,0.9991,0.9992,0.9993,0.9994,0.9995,0.9995,0.9996
0.9997,0.9997,0.9997,0.9998,0.9998,0.9998,0.9999,0.9999,0.9999,0.9999
0.9999,0.9999,0.9999,1.0000,1.0000,1.0000,1.0000,1.0000,1.0000,1.0000
hwc1x2fract=0.0000,0.0000,0.0000,0.0001,0.0001,0.0001,0.0002,0.0002
0.0003,0.0003,0.0004,0.0005,0.0006,0.0007,0.0010,0.0014,0.0021,0.0035
0.0055,0.0088,0.0139,0.0211,0.0306,0.0419,0.0554,0.0702,0.0859,0.1030
0.1209,0.1396,0.1593,0.1799,0.2009,0.2221,0.2437,0.2657,0.2875,0.3102
0.3326,0.3550,0.3771,0.3995,0.4224,0.4447,0.4668,0.4888,0.5109,0.5324
0.5538,0.5755,0.5967,0.6179,0.6387,0.6595,0.6798,0.6996,0.7193,0.7389
0.7576,0.7761,0.7939,0.8114,0.8278,0.8437,0.8586,0.8722,0.8850,0.8966
0.9073,0.9171,0.9264,0.9347,0.9422,0.9489,0.9552,0.9609,0.9660,0.9706
0.9747,0.9782,0.9814,0.9841,0.9865,0.9883,0.9900,0.9914,0.9925,0.9934
0.9942,0.9948,0.9954,0.9959,0.9963,0.9967,0.9970,0.9973,0.9975,0.9978
0.9980,0.9981,0.9983,0.9985,0.9986,0.9987,0.9988,0.9989,0.9991,0.9992
0.9992,0.9993,0.9994,0.9994,0.9995,0.9995,0.9995,0.9996,0.9996,0.9996
0.9997,0.9997,0.9997,0.9998,0.9998,0.9998,0.9998,0.9998,0.9999,0.9999
0.9999,0.9999,0.9999,0.9999,1.0000,1.0000,1.0000,1.0000,1.0000,1.0000
hwc2x1fract=0.0001,0.0001,0.0002,0.0002,0.0003,0.0004,0.0004,0.0005
0.0006,0.0007,0.0008,0.0010,0.0012,0.0014,0.0017,0.0020,0.0025,0.0033
0.0048,0.0077,0.0118,0.0179,0.0257,0.0353,0.0472,0.0607,0.0757,0.0919
0.1092,0.1273,0.1462,0.1660,0.1862,0.2070,0.2286,0.2499,0.2718,0.2939
0.3161,0.3384,0.3609,0.3838,0.4063,0.4285,0.4504,0.4728,0.4948,0.5169
0.5385,0.5603,0.5821,0.6035,0.6247,0.6459,0.6665,0.6871,0.7072,0.7276
0.7471,0.7667,0.7857,0.8040,0.8215,0.8381,0.8535,0.8682,0.8817,0.8939
0.9053,0.9157,0.9249,0.9331,0.9407,0.9477,0.9541,0.9599,0.9651,0.9697
0.9740,0.9777,0.9808,0.9837,0.9860,0.9880,0.9896,0.9911,0.9923,0.9932
0.9941,0.9948,0.9954,0.9959,0.9964,0.9968,0.9971,0.9974,0.9976,0.9978
0.9981,0.9982,0.9984,0.9986,0.9987,0.9988,0.9989,0.9990,0.9991,0.9992
0.9993,0.9994,0.9994,0.9995,0.9995,0.9996,0.9996,0.9996,0.9997,0.9997
0.9997,0.9998,0.9998,0.9998,0.9998,0.9998,0.9999,0.9999,0.9999,0.9999
0.9999,0.9999,0.9999,1.0000,1.0000,1.0000,1.0000,1.0000,1.0000,1.0000
hwc2y1fract=0.0000,0.0000,0.0001,0.0001,0.0001,0.0001,0.0002,0.0002
0.0002,0.0003,0.0003,0.0004,0.0005,0.0006,0.0007,0.0010,0.0013,0.0019
0.0030,0.0053,0.0096,0.0165,0.0269,0.0405,0.0573,0.0769,0.0981,0.1204
0.1440,0.1679,0.1920,0.2163,0.2399,0.2637,0.2872,0.3105,0.3334,0.3563
0.3788,0.4011,0.4230,0.4445,0.4663,0.4877,0.5087,0.5299,0.5506,0.5711
0.5910,0.6111,0.6315,0.6515,0.6714,0.6911,0.7108,0.7299,0.7487,0.7674
0.7852,0.8027,0.8200,0.8366,0.8524,0.8671,0.8809,0.8939,0.9057,0.9161
0.9257,0.9338,0.9412,0.9477,0.9534,0.9585,0.9632,0.9672,0.9708,0.9740
0.9770,0.9797,0.9820,0.9841,0.9857,0.9872,0.9886,0.9898,0.9908,0.9917
0.9925,0.9932,0.9938,0.9944,0.9949,0.9953,0.9957,0.9961,0.9964,0.9967
0.9970,0.9972,0.9974,0.9977,0.9979,0.9981,0.9983,0.9984,0.9986,0.9987
0.9988,0.9989,0.9991,0.9991,0.9992,0.9993,0.9994,0.9995,0.9996,0.9996
0.9997,0.9997,0.9998,0.9998,0.9998,0.9998,0.9998,0.9999,0.9999,0.9999
0.9999,0.9999,1.0000,1.0000,1.0000,1.0000,1.0000,1.0000,1.0000,1.0000
hwc2u1fract=0.0000,0.0000,0.0000,0.0000,0.0001,0.0001,0.0001,0.0001
0.0001,0.0002,0.0002,0.0003,0.0003,0.0004,0.0005,0.0007,0.0009,0.0015
0.0029,0.0064,0.0129,0.0237,0.0378,0.0552,0.0747,0.0962,0.1187,0.1417
0.1651,0.1889,0.2124,0.2360,0.2596,0.2827,0.3055,0.3286,0.3511,0.3737
0.3954,0.4177,0.4390,0.4605,0.4814,0.5024,0.5232,0.5437,0.5639,0.5841
0.6038,0.6234,0.6431,0.6628,0.6821,0.7013,0.7201,0.7389,0.7574,0.7758
0.7939,0.8114,0.8283,0.8447,0.8602,0.8744,0.8876,0.8997,0.9106,0.9202
0.9288,0.9366,0.9433,0.9490,0.9544,0.9590,0.9633,0.9673,0.9707,0.9740
0.9769,0.9795,0.9818,0.9838,0.9855,0.9871,0.9884,0.9896,0.9905,0.9914
0.9921,0.9928,0.9933,0.9938,0.9943,0.9948,0.9953,0.9956,0.9959,0.9962
0.9965,0.9968,0.9971,0.9973,0.9976,0.9978,0.9980,0.9982,0.9984,0.9986
0.9987,0.9988,0.9990,0.9991,0.9992,0.9993,0.9994,0.9995,0.9995,0.9996
0.9996,0.9997,0.9997,0.9998,0.9998,0.9998,0.9998,0.9999,0.9999,0.9999
0.9999,1.0000,1.0000,1.0000,1.0000,1.0000,1.0000,1.0000,1.0000,1.0000
hwc2v1fract=0.0000,0.0000,0.0001,0.0001,0.0001,0.0001,0.0002,0.0002
0.0002,0.0003,0.0003,0.0004,0.0004,0.0005,0.0006,0.0008,0.0010,0.0015
0.0026,0.0049,0.0096,0.0179,0.0302,0.0457,0.0641,0.0847,0.1071,0.1298
0.1531,0.1767,0.2003,0.2234,0.2465,0.2698,0.2931,0.3156,0.3386,0.3608
0.3827,0.4043,0.4263,0.4475,0.4689,0.4897,0.5105,0.5308,0.5508,0.5710
0.5916,0.6116,0.6315,0.6509,0.6705,0.6899,0.7092,0.7285,0.7474,0.7659
0.7839,0.8014,0.8188,0.8354,0.8513,0.8663,0.8801,0.8931,0.9046,0.9149
0.9241,0.9320,0.9393,0.9458,0.9514,0.9564,0.9609,0.9650,0.9686,0.9720
0.9751,0.9779,0.9803,0.9827,0.9846,0.9862,0.9877,0.9889,0.9900,0.9909
0.9918,0.9925,0.9932,0.9938,0.9943,0.9948,0.9953,0.9957,0.9960,0.9963
0.9967,0.9970,0.9973,0.9975,0.9977,0.9979,0.9981,0.9983,0.9985,0.9987
0.9988,0.9990,0.9991,0.9992,0.9993,0.9994,0.9994,0.9995,0.9996,0.9997
0.9997,0.9997,0.9998,0.9998,0.9998,0.9999,0.9999,0.9999,0.9999,0.9999
0.9999,0.9999,1.0000,1.0000,1.0000,1.0000,1.0000,1.0000,1.0000,1.0000
hwc2y2fract=0.0000,0.0000,0.0000,0.0001,0.0001,0.0001,0.0002,0.0002
0.0002,0.0003,0.0004,0.0004,0.0005,0.0007,0.0009,0.0012,0.0016,0.0025
0.0040,0.0066,0.0113,0.0191,0.0302,0.0442,0.0612,0.0806,0.1018,0.1245
0.1477,0.1716,0.1959,0.2197,0.2433,0.2669,0.2902,0.3136,0.3363,0.3589
0.3809,0.4031,0.4253,0.4467,0.4680,0.4891,0.5102,0.5309,0.5516,0.5723
0.5928,0.6131,0.6329,0.6532,0.6731,0.6930,0.7126,0.7314,0.7505,0.7689
0.7873,0.8050,0.8221,0.8386,0.8543,0.8689,0.8828,0.8956,0.9072,0.9176
0.9268,0.9349,0.9423,0.9486,0.9543,0.9591,0.9636,0.9676,0.9712,0.9744
0.9774,0.9799,0.9821,0.9840,0.9858,0.9873,0.9887,0.9899,0.9910,0.9919
0.9926,0.9934,0.9940,0.9946,0.9951,0.9955,0.9959,0.9963,0.9965,0.9968
0.9971,0.9973,0.9975,0.9977,0.9979,0.9981,0.9983,0.9984,0.9986,0.9987
0.9989,0.9990,0.9991,0.9992,0.9993,0.9994,0.9995,0.9995,0.9996,0.9996
0.9997,0.9997,0.9997,0.9998,0.9998,0.9998,0.9999,0.9999,0.9999,0.9999
0.9999,0.9999,0.9999,0.9999,1.0000,1.0000,1.0000,1.0000,1.0000,1.0000
hwc2x2fract=0.0000,0.0001,0.0001,0.0001,0.0002,0.0002,0.0003,0.0003
0.0004,0.0005,0.0006,0.0007,0.0008,0.0010,0.0012,0.0016,0.0020,0.0029
0.0045,0.0072,0.0112,0.0169,0.0250,0.0353,0.0476,0.0621,0.0777,0.0952
0.1134,0.1326,0.1528,0.1732,0.1941,0.2157,0.2376,0.2596,0.2818,0.3041
0.3266,0.3497,0.3724,0.3949,0.4175,0.4397,0.4616,0.4838,0.5058,0.5279
0.5495,0.5706,0.5917,0.6128,0.6336,0.6544,0.6747,0.6947,0.7146,0.7347
0.7541,0.7729,0.7911,0.8088,0.8258,0.8421,0.8576,0.8715,0.8847,0.8969
0.9080,0.9178,0.9267,0.9347,0.9419,0.9487,0.9546,0.9601,0.9651,0.9697
0.9737,0.9774,0.9805,0.9832,0.9856,0.9874,0.9892,0.9906,0.9918,0.9929
0.9938,0.9945,0.9952,0.9957,0.9961,0.9966,0.9969,0.9972,0.9975,0.9978
0.9981,0.9982,0.9984,0.9986,0.9987,0.9988,0.9989,0.9990,0.9991,0.9992
0.9993,0.9994,0.9994,0.9995,0.9996,0.9996,0.9996,0.9997,0.9997,0.9997
0.9997,0.9998,0.9998,0.9998,0.9998,0.9999,0.9999,0.9999,0.9999,0.9999
0.9999,0.9999,0.9999,0.9999,1.0000,1.0000,1.0000,1.0000,1.0000,1.0000
