; Lookup table
;number of bins in Meek's time to distance lookup table
hdriftbins=138
;number of 1st bin in Meek's table in ns
hdrift1stbin=-24
;bin size in ns of Meek's table
hdriftbinsz=2
hwc1x1fract=0.0003,0.0007,0.0012,0.0016,0.0020,0.0025,0.0030,0.0035
0.0041,0.0047,0.0053,0.0060,0.0067,0.0075,0.0085,0.0096,0.0113,0.0133
0.0164,0.0202,0.0250,0.0309,0.0378,0.0465,0.0562,0.0678,0.0808,0.0944
0.1093,0.1247,0.1411,0.1583,0.1766,0.1947,0.2138,0.2335,0.2537,0.2741
0.2949,0.3156,0.3368,0.3580,0.3791,0.4004,0.4214,0.4424,0.4633,0.4843
0.5049,0.5259,0.5468,0.5670,0.5873,0.6073,0.6275,0.6473,0.6666,0.6859
0.7047,0.7229,0.7405,0.7577,0.7740,0.7900,0.8048,0.8189,0.8316,0.8436
0.8550,0.8662,0.8759,0.8851,0.8938,0.9015,0.9087,0.9151,0.9209,0.9266
0.9317,0.9362,0.9401,0.9439,0.9470,0.9498,0.9522,0.9543,0.9561,0.9579
0.9595,0.9608,0.9621,0.9635,0.9647,0.9658,0.9669,0.9679,0.9689,0.9698
0.9708,0.9717,0.9726,0.9734,0.9743,0.9753,0.9762,0.9771,0.9779,0.9787
0.9795,0.9803,0.9811,0.9818,0.9827,0.9834,0.9842,0.9850,0.9858,0.9865
0.9872,0.9879,0.9887,0.9894,0.9900,0.9907,0.9914,0.9921,0.9928,0.9935
0.9942,0.9949,0.9956,0.9963,0.9969,0.9975,0.9982,0.9987,0.9994,1.0000
hwc1y1fract=0.0004,0.0008,0.0013,0.0018,0.0024,0.0029,0.0034,0.0039
0.0045,0.0051,0.0058,0.0064,0.0072,0.0081,0.0091,0.0105,0.0121,0.0144
0.0175,0.0216,0.0280,0.0370,0.0485,0.0624,0.0792,0.0971,0.1161,0.1364
0.1568,0.1782,0.1994,0.2219,0.2432,0.2651,0.2872,0.3083,0.3295,0.3506
0.3716,0.3927,0.4129,0.4332,0.4535,0.4733,0.4933,0.5131,0.5329,0.5526
0.5719,0.5909,0.6100,0.6290,0.6481,0.6668,0.6852,0.7031,0.7214,0.7389
0.7557,0.7720,0.7879,0.8033,0.8173,0.8312,0.8438,0.8560,0.8668,0.8767
0.8854,0.8931,0.9003,0.9068,0.9127,0.9180,0.9230,0.9276,0.9317,0.9355
0.9392,0.9423,0.9450,0.9477,0.9503,0.9526,0.9545,0.9564,0.9581,0.9598
0.9612,0.9627,0.9641,0.9653,0.9666,0.9678,0.9690,0.9701,0.9712,0.9721
0.9732,0.9741,0.9751,0.9759,0.9768,0.9777,0.9785,0.9793,0.9800,0.9809
0.9816,0.9824,0.9831,0.9838,0.9845,0.9852,0.9860,0.9867,0.9873,0.9880
0.9888,0.9894,0.9901,0.9908,0.9914,0.9920,0.9927,0.9933,0.9939,0.9945
0.9951,0.9956,0.9961,0.9967,0.9973,0.9979,0.9985,0.9990,0.9995,1.0000
hwc1u1fract=0.0003,0.0007,0.0010,0.0014,0.0018,0.0022,0.0026,0.0029
0.0033,0.0038,0.0042,0.0046,0.0051,0.0055,0.0060,0.0068,0.0079,0.0099
0.0127,0.0162,0.0208,0.0266,0.0346,0.0452,0.0575,0.0716,0.0873,0.1045
0.1225,0.1413,0.1603,0.1802,0.2005,0.2204,0.2408,0.2614,0.2826,0.3036
0.3250,0.3460,0.3673,0.3889,0.4098,0.4304,0.4510,0.4716,0.4919,0.5121
0.5325,0.5522,0.5717,0.5907,0.6104,0.6298,0.6494,0.6680,0.6861,0.7039
0.7214,0.7388,0.7560,0.7730,0.7885,0.8034,0.8181,0.8315,0.8437,0.8553
0.8658,0.8755,0.8844,0.8923,0.8996,0.9063,0.9127,0.9184,0.9236,0.9286
0.9330,0.9372,0.9410,0.9441,0.9473,0.9501,0.9526,0.9548,0.9570,0.9589
0.9607,0.9622,0.9636,0.9651,0.9663,0.9675,0.9687,0.9698,0.9708,0.9718
0.9727,0.9736,0.9747,0.9756,0.9764,0.9772,0.9781,0.9789,0.9796,0.9803
0.9811,0.9818,0.9826,0.9834,0.9841,0.9849,0.9856,0.9862,0.9871,0.9878
0.9886,0.9893,0.9899,0.9905,0.9911,0.9919,0.9926,0.9932,0.9940,0.9945
0.9952,0.9956,0.9962,0.9968,0.9974,0.9979,0.9985,0.9990,0.9994,1.0000
hwc1v1fract=0.0004,0.0007,0.0011,0.0014,0.0018,0.0022,0.0026,0.0030
0.0034,0.0038,0.0042,0.0047,0.0052,0.0056,0.0062,0.0070,0.0080,0.0094
0.0118,0.0155,0.0211,0.0297,0.0410,0.0544,0.0702,0.0872,0.1057,0.1250
0.1454,0.1662,0.1867,0.2076,0.2293,0.2507,0.2721,0.2937,0.3147,0.3357
0.3562,0.3773,0.3983,0.4192,0.4399,0.4602,0.4799,0.4993,0.5189,0.5386
0.5578,0.5774,0.5965,0.6153,0.6340,0.6527,0.6711,0.6894,0.7074,0.7253
0.7432,0.7607,0.7773,0.7934,0.8088,0.8234,0.8366,0.8489,0.8604,0.8706
0.8797,0.8882,0.8960,0.9028,0.9087,0.9144,0.9196,0.9244,0.9290,0.9334
0.9372,0.9409,0.9443,0.9474,0.9500,0.9526,0.9548,0.9570,0.9587,0.9604
0.9620,0.9634,0.9649,0.9662,0.9675,0.9687,0.9698,0.9708,0.9718,0.9728
0.9736,0.9746,0.9754,0.9762,0.9771,0.9780,0.9788,0.9796,0.9804,0.9812
0.9819,0.9826,0.9833,0.9840,0.9847,0.9854,0.9861,0.9869,0.9876,0.9882
0.9889,0.9895,0.9901,0.9908,0.9914,0.9921,0.9927,0.9933,0.9939,0.9945
0.9951,0.9957,0.9963,0.9968,0.9973,0.9979,0.9985,0.9990,0.9995,1.0000
hwc1y2fract=0.0003,0.0007,0.0011,0.0015,0.0018,0.0022,0.0027,0.0032
0.0037,0.0042,0.0048,0.0053,0.0059,0.0066,0.0074,0.0083,0.0094,0.0109
0.0131,0.0166,0.0216,0.0290,0.0388,0.0507,0.0655,0.0813,0.0991,0.1180
0.1377,0.1572,0.1782,0.1993,0.2207,0.2421,0.2638,0.2856,0.3071,0.3281
0.3497,0.3710,0.3921,0.4130,0.4336,0.4535,0.4734,0.4932,0.5131,0.5328
0.5522,0.5718,0.5907,0.6102,0.6290,0.6476,0.6666,0.6850,0.7030,0.7207
0.7384,0.7556,0.7720,0.7879,0.8032,0.8175,0.8308,0.8433,0.8546,0.8649
0.8743,0.8831,0.8910,0.8983,0.9050,0.9107,0.9163,0.9212,0.9260,0.9304
0.9343,0.9380,0.9415,0.9445,0.9473,0.9499,0.9521,0.9544,0.9565,0.9584
0.9600,0.9614,0.9629,0.9642,0.9656,0.9668,0.9679,0.9690,0.9701,0.9711
0.9721,0.9732,0.9742,0.9751,0.9759,0.9767,0.9776,0.9784,0.9791,0.9800
0.9808,0.9816,0.9824,0.9832,0.9840,0.9847,0.9854,0.9861,0.9868,0.9876
0.9884,0.9891,0.9899,0.9906,0.9913,0.9919,0.9925,0.9932,0.9938,0.9944
0.9950,0.9956,0.9962,0.9967,0.9973,0.9978,0.9984,0.9989,0.9994,1.0000
hwc1x2fract=0.0003,0.0007,0.0012,0.0016,0.0020,0.0024,0.0029,0.0034
0.0038,0.0043,0.0049,0.0055,0.0060,0.0066,0.0074,0.0083,0.0095,0.0111
0.0133,0.0165,0.0210,0.0270,0.0345,0.0439,0.0549,0.0673,0.0806,0.0950
0.1105,0.1272,0.1440,0.1622,0.1817,0.2007,0.2204,0.2404,0.2612,0.2827
0.3034,0.3243,0.3454,0.3664,0.3877,0.4095,0.4301,0.4517,0.4722,0.4933
0.5139,0.5343,0.5546,0.5749,0.5951,0.6152,0.6350,0.6542,0.6733,0.6929
0.7112,0.7287,0.7462,0.7631,0.7795,0.7944,0.8094,0.8234,0.8362,0.8483
0.8597,0.8699,0.8797,0.8882,0.8960,0.9032,0.9101,0.9167,0.9228,0.9283
0.9332,0.9376,0.9415,0.9452,0.9482,0.9509,0.9532,0.9553,0.9571,0.9587
0.9603,0.9616,0.9630,0.9642,0.9654,0.9667,0.9677,0.9687,0.9697,0.9707
0.9717,0.9726,0.9736,0.9745,0.9753,0.9761,0.9770,0.9778,0.9787,0.9795
0.9803,0.9810,0.9819,0.9826,0.9834,0.9842,0.9849,0.9857,0.9863,0.9870
0.9878,0.9884,0.9891,0.9898,0.9905,0.9912,0.9919,0.9925,0.9931,0.9938
0.9944,0.9951,0.9957,0.9964,0.9971,0.9978,0.9984,0.9989,0.9995,1.0000
hwc2x1fract=0.0004,0.0009,0.0012,0.0016,0.0021,0.0025,0.0030,0.0035
0.0040,0.0046,0.0052,0.0056,0.0061,0.0069,0.0076,0.0085,0.0096,0.0111
0.0132,0.0162,0.0208,0.0267,0.0338,0.0424,0.0526,0.0640,0.0770,0.0914
0.1067,0.1228,0.1397,0.1574,0.1755,0.1944,0.2136,0.2334,0.2537,0.2744
0.2952,0.3162,0.3372,0.3588,0.3804,0.4019,0.4228,0.4438,0.4652,0.4861
0.5079,0.5292,0.5499,0.5705,0.5908,0.6105,0.6305,0.6502,0.6699,0.6894
0.7082,0.7269,0.7449,0.7621,0.7786,0.7948,0.8094,0.8239,0.8375,0.8496
0.8608,0.8709,0.8805,0.8892,0.8974,0.9048,0.9119,0.9186,0.9244,0.9297
0.9344,0.9388,0.9422,0.9457,0.9485,0.9513,0.9538,0.9559,0.9577,0.9593
0.9608,0.9622,0.9635,0.9648,0.9660,0.9671,0.9682,0.9693,0.9703,0.9713
0.9722,0.9731,0.9741,0.9749,0.9759,0.9767,0.9775,0.9783,0.9790,0.9798
0.9806,0.9813,0.9821,0.9829,0.9837,0.9844,0.9851,0.9858,0.9865,0.9873
0.9880,0.9886,0.9894,0.9902,0.9908,0.9915,0.9921,0.9928,0.9935,0.9942
0.9948,0.9954,0.9960,0.9966,0.9972,0.9978,0.9984,0.9989,0.9995,1.0000
hwc2y1fract=0.0004,0.0008,0.0012,0.0016,0.0020,0.0023,0.0027,0.0031
0.0036,0.0041,0.0046,0.0051,0.0057,0.0064,0.0070,0.0081,0.0093,0.0110
0.0135,0.0178,0.0242,0.0329,0.0444,0.0587,0.0753,0.0936,0.1133,0.1342
0.1558,0.1772,0.1993,0.2211,0.2437,0.2654,0.2871,0.3088,0.3302,0.3512
0.3725,0.3934,0.4142,0.4347,0.4558,0.4758,0.4956,0.5160,0.5360,0.5559
0.5754,0.5944,0.6133,0.6330,0.6525,0.6713,0.6893,0.7074,0.7250,0.7425
0.7597,0.7768,0.7927,0.8082,0.8226,0.8359,0.8484,0.8600,0.8707,0.8802
0.8886,0.8963,0.9032,0.9096,0.9155,0.9207,0.9253,0.9299,0.9339,0.9374
0.9408,0.9439,0.9466,0.9490,0.9515,0.9536,0.9555,0.9573,0.9591,0.9606
0.9621,0.9635,0.9648,0.9660,0.9671,0.9682,0.9694,0.9704,0.9715,0.9724
0.9733,0.9743,0.9751,0.9760,0.9769,0.9777,0.9785,0.9793,0.9800,0.9809
0.9816,0.9823,0.9830,0.9837,0.9845,0.9852,0.9859,0.9866,0.9873,0.9880
0.9886,0.9893,0.9899,0.9905,0.9912,0.9919,0.9925,0.9931,0.9938,0.9943
0.9950,0.9956,0.9962,0.9967,0.9974,0.9978,0.9984,0.9989,0.9995,1.0000
hwc2u1fract=0.0003,0.0006,0.0010,0.0013,0.0017,0.0021,0.0025,0.0029
0.0032,0.0036,0.0041,0.0045,0.0049,0.0054,0.0059,0.0064,0.0070,0.0079
0.0092,0.0117,0.0165,0.0242,0.0353,0.0491,0.0655,0.0839,0.1035,0.1242
0.1451,0.1670,0.1891,0.2114,0.2341,0.2562,0.2785,0.3000,0.3214,0.3429
0.3640,0.3853,0.4057,0.4261,0.4468,0.4673,0.4876,0.5077,0.5270,0.5462
0.5652,0.5843,0.6035,0.6224,0.6413,0.6598,0.6783,0.6964,0.7140,0.7324
0.7497,0.7669,0.7838,0.7996,0.8147,0.8285,0.8417,0.8542,0.8655,0.8760
0.8849,0.8929,0.9005,0.9074,0.9135,0.9192,0.9241,0.9288,0.9330,0.9367
0.9403,0.9435,0.9466,0.9491,0.9515,0.9536,0.9558,0.9578,0.9594,0.9610
0.9624,0.9638,0.9651,0.9663,0.9674,0.9684,0.9695,0.9707,0.9718,0.9727
0.9737,0.9745,0.9754,0.9762,0.9771,0.9779,0.9787,0.9796,0.9803,0.9811
0.9820,0.9827,0.9836,0.9844,0.9852,0.9859,0.9867,0.9873,0.9879,0.9885
0.9891,0.9899,0.9905,0.9911,0.9918,0.9924,0.9930,0.9936,0.9942,0.9949
0.9954,0.9959,0.9964,0.9970,0.9975,0.9981,0.9986,0.9991,0.9995,1.0000
hwc2v1fract=0.0004,0.0008,0.0012,0.0016,0.0020,0.0024,0.0028,0.0031
0.0035,0.0039,0.0044,0.0049,0.0054,0.0059,0.0065,0.0072,0.0080,0.0093
0.0114,0.0152,0.0216,0.0313,0.0436,0.0589,0.0760,0.0949,0.1147,0.1356
0.1567,0.1789,0.2007,0.2223,0.2440,0.2661,0.2872,0.3090,0.3304,0.3516
0.3728,0.3939,0.4143,0.4348,0.4549,0.4756,0.4955,0.5147,0.5339,0.5534
0.5725,0.5920,0.6113,0.6303,0.6488,0.6674,0.6853,0.7032,0.7208,0.7387
0.7556,0.7723,0.7892,0.8048,0.8195,0.8338,0.8465,0.8582,0.8690,0.8789
0.8878,0.8957,0.9026,0.9090,0.9149,0.9204,0.9254,0.9299,0.9340,0.9376
0.9411,0.9441,0.9470,0.9494,0.9518,0.9539,0.9559,0.9576,0.9591,0.9607
0.9621,0.9635,0.9646,0.9659,0.9670,0.9681,0.9690,0.9702,0.9712,0.9722
0.9731,0.9741,0.9750,0.9759,0.9769,0.9777,0.9786,0.9795,0.9802,0.9811
0.9819,0.9826,0.9834,0.9840,0.9847,0.9854,0.9862,0.9868,0.9875,0.9881
0.9888,0.9895,0.9902,0.9908,0.9914,0.9920,0.9927,0.9933,0.9939,0.9945
0.9950,0.9956,0.9962,0.9968,0.9974,0.9980,0.9985,0.9990,0.9995,1.0000
hwc2y2fract=0.0004,0.0008,0.0011,0.0015,0.0019,0.0023,0.0027,0.0031
0.0036,0.0041,0.0047,0.0053,0.0058,0.0064,0.0071,0.0080,0.0090,0.0105
0.0125,0.0154,0.0203,0.0270,0.0366,0.0485,0.0633,0.0800,0.0985,0.1183
0.1391,0.1604,0.1822,0.2040,0.2262,0.2482,0.2705,0.2928,0.3141,0.3357
0.3573,0.3783,0.3995,0.4206,0.4413,0.4616,0.4817,0.5017,0.5209,0.5404
0.5595,0.5792,0.5986,0.6175,0.6367,0.6558,0.6740,0.6926,0.7110,0.7289
0.7463,0.7634,0.7798,0.7955,0.8108,0.8251,0.8385,0.8508,0.8622,0.8727
0.8825,0.8912,0.8988,0.9055,0.9115,0.9168,0.9220,0.9269,0.9313,0.9351
0.9390,0.9422,0.9451,0.9478,0.9504,0.9526,0.9546,0.9565,0.9583,0.9598
0.9613,0.9627,0.9640,0.9652,0.9664,0.9675,0.9687,0.9697,0.9707,0.9717
0.9725,0.9734,0.9743,0.9752,0.9760,0.9768,0.9777,0.9785,0.9794,0.9802
0.9810,0.9817,0.9826,0.9833,0.9840,0.9848,0.9854,0.9861,0.9868,0.9875
0.9881,0.9888,0.9896,0.9902,0.9909,0.9915,0.9922,0.9929,0.9936,0.9942
0.9949,0.9955,0.9960,0.9966,0.9973,0.9979,0.9984,0.9989,0.9994,1.0000
hwc2x2fract=0.0004,0.0007,0.0012,0.0015,0.0020,0.0025,0.0029,0.0034
0.0039,0.0044,0.0049,0.0055,0.0061,0.0067,0.0074,0.0082,0.0094,0.0108
0.0131,0.0164,0.0207,0.0268,0.0346,0.0442,0.0553,0.0680,0.0817,0.0966
0.1126,0.1292,0.1469,0.1651,0.1840,0.2036,0.2235,0.2437,0.2642,0.2854
0.3067,0.3279,0.3496,0.3715,0.3928,0.4142,0.4351,0.4560,0.4772,0.4980
0.5189,0.5394,0.5598,0.5805,0.6007,0.6206,0.6403,0.6598,0.6790,0.6982
0.7164,0.7349,0.7526,0.7700,0.7866,0.8025,0.8171,0.8309,0.8439,0.8557
0.8664,0.8763,0.8856,0.8940,0.9016,0.9088,0.9155,0.9215,0.9271,0.9320
0.9368,0.9409,0.9445,0.9476,0.9506,0.9532,0.9554,0.9575,0.9591,0.9608
0.9623,0.9636,0.9650,0.9661,0.9672,0.9683,0.9693,0.9703,0.9712,0.9721
0.9730,0.9739,0.9748,0.9756,0.9764,0.9773,0.9781,0.9788,0.9795,0.9803
0.9811,0.9819,0.9827,0.9834,0.9840,0.9848,0.9855,0.9862,0.9870,0.9876
0.9883,0.9889,0.9896,0.9903,0.9911,0.9916,0.9923,0.9930,0.9936,0.9942
0.9948,0.9954,0.9960,0.9966,0.9972,0.9978,0.9984,0.9990,0.9995,1.0000
