; Lookup table
;number of bins in Meek's time to distance lookup table
hdriftbins=138
;number of 1st bin in Meek's table in ns
hdrift1stbin=-24
;bin size in ns of Meek's table
hdriftbinsz=2
hwc1x1fract=0.0002,0.0004,0.0007,0.0009,0.0012,0.0014,0.0017,0.0020
0.0023,0.0027,0.0032,0.0036,0.0043,0.0052,0.0067,0.0091,0.0126,0.0171
0.0225,0.0293,0.0376,0.0476,0.0597,0.0730,0.0873,0.1028,0.1191,0.1366
0.1547,0.1740,0.1936,0.2140,0.2347,0.2560,0.2777,0.2993,0.3212,0.3432
0.3654,0.3875,0.4092,0.4318,0.4543,0.4764,0.4983,0.5204,0.5417,0.5630
0.5842,0.6056,0.6263,0.6469,0.6671,0.6870,0.7068,0.7260,0.7446,0.7628
0.7800,0.7968,0.8129,0.8280,0.8421,0.8552,0.8672,0.8790,0.8896,0.8991
0.9080,0.9163,0.9240,0.9310,0.9375,0.9433,0.9487,0.9535,0.9579,0.9617
0.9649,0.9679,0.9705,0.9728,0.9747,0.9763,0.9777,0.9789,0.9800,0.9810
0.9818,0.9826,0.9832,0.9838,0.9845,0.9851,0.9856,0.9861,0.9866,0.9871
0.9875,0.9879,0.9884,0.9888,0.9892,0.9895,0.9899,0.9903,0.9907,0.9910
0.9914,0.9917,0.9920,0.9923,0.9927,0.9930,0.9933,0.9936,0.9940,0.9943
0.9946,0.9949,0.9953,0.9956,0.9959,0.9962,0.9965,0.9968,0.9971,0.9974
0.9977,0.9980,0.9982,0.9985,0.9988,0.9990,0.9992,0.9995,0.9998,1.0000
hwc1y1fract=0.0002,0.0004,0.0006,0.0009,0.0011,0.0015,0.0018,0.0021
0.0024,0.0028,0.0033,0.0037,0.0042,0.0048,0.0057,0.0069,0.0082,0.0104
0.0135,0.0185,0.0262,0.0369,0.0503,0.0665,0.0851,0.1052,0.1262,0.1482
0.1708,0.1932,0.2163,0.2393,0.2621,0.2852,0.3079,0.3303,0.3525,0.3743
0.3960,0.4170,0.4383,0.4594,0.4802,0.5009,0.5210,0.5415,0.5614,0.5814
0.6012,0.6207,0.6400,0.6595,0.6783,0.6972,0.7157,0.7340,0.7520,0.7694
0.7864,0.8028,0.8186,0.8337,0.8482,0.8615,0.8740,0.8852,0.8954,0.9046
0.9128,0.9199,0.9265,0.9324,0.9377,0.9427,0.9471,0.9510,0.9548,0.9580
0.9612,0.9639,0.9665,0.9688,0.9709,0.9727,0.9744,0.9758,0.9772,0.9784
0.9795,0.9806,0.9815,0.9824,0.9833,0.9840,0.9847,0.9854,0.9861,0.9866
0.9871,0.9877,0.9883,0.9888,0.9893,0.9897,0.9901,0.9906,0.9909,0.9914
0.9918,0.9921,0.9925,0.9928,0.9931,0.9935,0.9939,0.9942,0.9945,0.9948
0.9951,0.9954,0.9957,0.9960,0.9962,0.9965,0.9968,0.9970,0.9973,0.9976
0.9978,0.9981,0.9984,0.9986,0.9989,0.9991,0.9994,0.9996,0.9998,1.0000
hwc1u1fract=0.0002,0.0003,0.0005,0.0006,0.0008,0.0010,0.0011,0.0013
0.0015,0.0017,0.0019,0.0021,0.0025,0.0031,0.0044,0.0066,0.0101,0.0145
0.0203,0.0275,0.0370,0.0493,0.0635,0.0792,0.0966,0.1153,0.1350,0.1554
0.1760,0.1970,0.2187,0.2406,0.2624,0.2842,0.3065,0.3286,0.3511,0.3729
0.3945,0.4162,0.4376,0.4590,0.4803,0.5011,0.5221,0.5426,0.5632,0.5835
0.6036,0.6231,0.6432,0.6627,0.6822,0.7014,0.7202,0.7388,0.7572,0.7745
0.7916,0.8076,0.8230,0.8373,0.8510,0.8637,0.8752,0.8857,0.8955,0.9044
0.9123,0.9195,0.9261,0.9324,0.9380,0.9432,0.9480,0.9522,0.9561,0.9597
0.9629,0.9658,0.9683,0.9705,0.9725,0.9742,0.9757,0.9771,0.9783,0.9794
0.9804,0.9813,0.9821,0.9829,0.9836,0.9844,0.9850,0.9856,0.9861,0.9866
0.9872,0.9877,0.9882,0.9887,0.9891,0.9896,0.9900,0.9904,0.9908,0.9911
0.9915,0.9919,0.9923,0.9926,0.9930,0.9933,0.9936,0.9939,0.9942,0.9945
0.9948,0.9951,0.9954,0.9957,0.9960,0.9963,0.9966,0.9969,0.9972,0.9975
0.9978,0.9980,0.9983,0.9986,0.9988,0.9990,0.9993,0.9996,0.9998,1.0000
hwc1v1fract=0.0002,0.0003,0.0005,0.0007,0.0008,0.0010,0.0012,0.0014
0.0016,0.0018,0.0020,0.0022,0.0024,0.0026,0.0030,0.0034,0.0040,0.0051
0.0072,0.0111,0.0176,0.0272,0.0398,0.0550,0.0726,0.0918,0.1119,0.1331
0.1550,0.1770,0.1992,0.2221,0.2448,0.2676,0.2897,0.3118,0.3338,0.3558
0.3772,0.3988,0.4200,0.4412,0.4621,0.4824,0.5029,0.5232,0.5436,0.5636
0.5837,0.6036,0.6232,0.6429,0.6621,0.6811,0.6999,0.7184,0.7367,0.7546
0.7725,0.7898,0.8064,0.8223,0.8372,0.8516,0.8647,0.8766,0.8875,0.8972
0.9059,0.9137,0.9208,0.9272,0.9329,0.9382,0.9431,0.9477,0.9517,0.9555
0.9590,0.9623,0.9652,0.9678,0.9701,0.9721,0.9738,0.9753,0.9767,0.9779
0.9791,0.9802,0.9812,0.9821,0.9828,0.9836,0.9843,0.9850,0.9855,0.9862
0.9868,0.9873,0.9879,0.9884,0.9889,0.9894,0.9899,0.9903,0.9908,0.9912
0.9916,0.9920,0.9924,0.9928,0.9931,0.9935,0.9938,0.9942,0.9945,0.9948
0.9951,0.9954,0.9958,0.9961,0.9964,0.9966,0.9969,0.9972,0.9974,0.9977
0.9979,0.9981,0.9984,0.9986,0.9989,0.9991,0.9993,0.9996,0.9998,1.0000
hwc1y2fract=0.0002,0.0004,0.0005,0.0007,0.0009,0.0011,0.0014,0.0016
0.0018,0.0021,0.0023,0.0027,0.0031,0.0035,0.0042,0.0052,0.0067,0.0093
0.0133,0.0195,0.0283,0.0399,0.0539,0.0704,0.0887,0.1087,0.1296,0.1513
0.1736,0.1959,0.2184,0.2412,0.2637,0.2862,0.3090,0.3313,0.3533,0.3753
0.3968,0.4183,0.4392,0.4602,0.4808,0.5012,0.5215,0.5420,0.5616,0.5817
0.6015,0.6215,0.6408,0.6601,0.6789,0.6978,0.7165,0.7346,0.7521,0.7694
0.7861,0.8023,0.8179,0.8328,0.8471,0.8600,0.8718,0.8826,0.8924,0.9013
0.9092,0.9165,0.9230,0.9289,0.9343,0.9394,0.9441,0.9481,0.9520,0.9557
0.9587,0.9617,0.9643,0.9667,0.9689,0.9708,0.9724,0.9740,0.9754,0.9767
0.9779,0.9790,0.9801,0.9810,0.9818,0.9827,0.9835,0.9842,0.9849,0.9856
0.9862,0.9868,0.9873,0.9879,0.9883,0.9889,0.9895,0.9900,0.9904,0.9908
0.9912,0.9916,0.9921,0.9925,0.9929,0.9932,0.9936,0.9939,0.9943,0.9946
0.9949,0.9953,0.9956,0.9958,0.9961,0.9964,0.9967,0.9970,0.9972,0.9976
0.9978,0.9981,0.9983,0.9986,0.9988,0.9991,0.9993,0.9995,0.9998,1.0000
hwc1x2fract=0.0002,0.0004,0.0006,0.0008,0.0010,0.0012,0.0014,0.0016
0.0019,0.0021,0.0024,0.0027,0.0030,0.0034,0.0041,0.0050,0.0064,0.0086
0.0117,0.0161,0.0222,0.0305,0.0406,0.0527,0.0661,0.0809,0.0968,0.1141
0.1324,0.1513,0.1713,0.1916,0.2125,0.2331,0.2549,0.2768,0.2990,0.3206
0.3428,0.3653,0.3877,0.4099,0.4325,0.4545,0.4767,0.4980,0.5194,0.5407
0.5619,0.5829,0.6040,0.6244,0.6447,0.6648,0.6845,0.7041,0.7233,0.7424
0.7606,0.7784,0.7954,0.8114,0.8271,0.8416,0.8551,0.8675,0.8791,0.8896
0.8993,0.9083,0.9165,0.9240,0.9310,0.9374,0.9433,0.9488,0.9536,0.9580
0.9618,0.9653,0.9682,0.9707,0.9729,0.9748,0.9765,0.9778,0.9790,0.9801
0.9810,0.9818,0.9826,0.9833,0.9839,0.9845,0.9851,0.9857,0.9861,0.9867
0.9871,0.9876,0.9881,0.9884,0.9889,0.9892,0.9896,0.9899,0.9903,0.9907
0.9911,0.9915,0.9918,0.9922,0.9925,0.9928,0.9931,0.9935,0.9938,0.9941
0.9944,0.9947,0.9950,0.9954,0.9957,0.9960,0.9963,0.9966,0.9969,0.9972
0.9975,0.9978,0.9981,0.9984,0.9987,0.9990,0.9992,0.9995,0.9997,1.0000
hwc2x1fract=0.0002,0.0004,0.0006,0.0009,0.0011,0.0014,0.0017,0.0020
0.0023,0.0027,0.0031,0.0037,0.0043,0.0051,0.0064,0.0086,0.0122,0.0173
0.0239,0.0323,0.0426,0.0544,0.0676,0.0822,0.0982,0.1147,0.1327,0.1511
0.1703,0.1899,0.2102,0.2310,0.2521,0.2736,0.2956,0.3174,0.3394,0.3616
0.3839,0.4063,0.4285,0.4505,0.4725,0.4944,0.5159,0.5373,0.5586,0.5797
0.6010,0.6223,0.6432,0.6636,0.6843,0.7039,0.7238,0.7431,0.7620,0.7800
0.7976,0.8140,0.8297,0.8443,0.8580,0.8701,0.8817,0.8923,0.9020,0.9106
0.9186,0.9259,0.9329,0.9391,0.9446,0.9499,0.9546,0.9588,0.9627,0.9660
0.9687,0.9713,0.9735,0.9753,0.9769,0.9782,0.9795,0.9805,0.9815,0.9823
0.9830,0.9837,0.9844,0.9850,0.9855,0.9860,0.9866,0.9871,0.9875,0.9879
0.9883,0.9887,0.9891,0.9894,0.9898,0.9902,0.9905,0.9908,0.9912,0.9915
0.9918,0.9922,0.9925,0.9928,0.9931,0.9934,0.9937,0.9940,0.9944,0.9947
0.9950,0.9953,0.9956,0.9958,0.9961,0.9964,0.9967,0.9970,0.9973,0.9975
0.9978,0.9981,0.9983,0.9986,0.9988,0.9991,0.9993,0.9995,0.9998,1.0000
hwc2y1fract=0.0002,0.0003,0.0005,0.0007,0.0009,0.0011,0.0013,0.0015
0.0017,0.0020,0.0023,0.0026,0.0030,0.0034,0.0038,0.0046,0.0056,0.0072
0.0100,0.0148,0.0222,0.0329,0.0467,0.0631,0.0819,0.1023,0.1241,0.1472
0.1706,0.1942,0.2178,0.2406,0.2643,0.2875,0.3103,0.3328,0.3554,0.3779
0.4000,0.4216,0.4428,0.4636,0.4847,0.5050,0.5256,0.5457,0.5658,0.5858
0.6053,0.6251,0.6450,0.6641,0.6832,0.7021,0.7209,0.7391,0.7574,0.7751
0.7925,0.8090,0.8248,0.8400,0.8542,0.8673,0.8795,0.8906,0.9006,0.9094
0.9176,0.9245,0.9307,0.9364,0.9414,0.9460,0.9501,0.9539,0.9572,0.9602
0.9631,0.9656,0.9679,0.9700,0.9718,0.9735,0.9749,0.9763,0.9775,0.9786
0.9796,0.9805,0.9814,0.9822,0.9829,0.9837,0.9844,0.9850,0.9856,0.9863
0.9869,0.9874,0.9880,0.9885,0.9889,0.9894,0.9899,0.9903,0.9908,0.9912
0.9916,0.9920,0.9924,0.9928,0.9932,0.9935,0.9938,0.9941,0.9945,0.9947
0.9950,0.9954,0.9956,0.9959,0.9962,0.9965,0.9968,0.9971,0.9973,0.9976
0.9979,0.9982,0.9984,0.9986,0.9989,0.9991,0.9993,0.9995,0.9998,1.0000
hwc2u1fract=0.0001,0.0003,0.0005,0.0006,0.0008,0.0010,0.0011,0.0013
0.0015,0.0016,0.0018,0.0021,0.0023,0.0025,0.0028,0.0032,0.0038,0.0049
0.0072,0.0120,0.0203,0.0321,0.0473,0.0653,0.0855,0.1071,0.1297,0.1527
0.1761,0.1993,0.2227,0.2456,0.2684,0.2911,0.3138,0.3360,0.3579,0.3793
0.4010,0.4225,0.4437,0.4644,0.4851,0.5056,0.5265,0.5467,0.5664,0.5862
0.6055,0.6247,0.6440,0.6630,0.6820,0.7007,0.7195,0.7374,0.7557,0.7732
0.7905,0.8072,0.8235,0.8389,0.8533,0.8666,0.8789,0.8900,0.9001,0.9088
0.9169,0.9240,0.9303,0.9362,0.9412,0.9457,0.9500,0.9537,0.9572,0.9605
0.9633,0.9658,0.9681,0.9703,0.9722,0.9739,0.9754,0.9767,0.9779,0.9789
0.9798,0.9807,0.9816,0.9823,0.9831,0.9837,0.9844,0.9850,0.9856,0.9862
0.9867,0.9873,0.9878,0.9884,0.9889,0.9895,0.9899,0.9904,0.9909,0.9913
0.9917,0.9921,0.9925,0.9928,0.9932,0.9935,0.9939,0.9942,0.9946,0.9949
0.9952,0.9955,0.9958,0.9961,0.9963,0.9966,0.9970,0.9972,0.9974,0.9977
0.9979,0.9982,0.9985,0.9987,0.9990,0.9992,0.9994,0.9996,0.9998,1.0000
hwc2v1fract=0.0002,0.0003,0.0005,0.0007,0.0008,0.0010,0.0012,0.0014
0.0016,0.0018,0.0020,0.0022,0.0024,0.0027,0.0030,0.0034,0.0041,0.0051
0.0073,0.0114,0.0187,0.0295,0.0435,0.0606,0.0799,0.1009,0.1230,0.1453
0.1680,0.1918,0.2151,0.2384,0.2615,0.2844,0.3069,0.3293,0.3515,0.3735
0.3952,0.4165,0.4375,0.4584,0.4790,0.4994,0.5198,0.5402,0.5601,0.5800
0.5996,0.6189,0.6380,0.6574,0.6763,0.6955,0.7139,0.7324,0.7503,0.7680
0.7854,0.8022,0.8181,0.8338,0.8483,0.8621,0.8747,0.8862,0.8966,0.9057
0.9137,0.9209,0.9271,0.9328,0.9382,0.9430,0.9473,0.9514,0.9551,0.9585
0.9616,0.9644,0.9669,0.9692,0.9711,0.9728,0.9745,0.9759,0.9771,0.9783
0.9793,0.9803,0.9812,0.9821,0.9828,0.9836,0.9842,0.9849,0.9855,0.9861
0.9867,0.9872,0.9877,0.9882,0.9888,0.9893,0.9898,0.9902,0.9907,0.9911
0.9915,0.9919,0.9923,0.9927,0.9930,0.9934,0.9937,0.9941,0.9944,0.9948
0.9951,0.9954,0.9957,0.9960,0.9964,0.9967,0.9970,0.9973,0.9976,0.9978
0.9980,0.9983,0.9985,0.9987,0.9989,0.9992,0.9994,0.9996,0.9998,1.0000
hwc2y2fract=0.0002,0.0004,0.0005,0.0007,0.0009,0.0011,0.0014,0.0016
0.0019,0.0022,0.0024,0.0028,0.0032,0.0036,0.0042,0.0050,0.0064,0.0084
0.0117,0.0170,0.0251,0.0361,0.0504,0.0673,0.0863,0.1071,0.1294,0.1523
0.1762,0.1999,0.2231,0.2462,0.2697,0.2926,0.3155,0.3382,0.3605,0.3825
0.4044,0.4257,0.4468,0.4674,0.4883,0.5087,0.5288,0.5489,0.5691,0.5892
0.6088,0.6287,0.6482,0.6675,0.6867,0.7057,0.7243,0.7429,0.7607,0.7782
0.7953,0.8117,0.8275,0.8422,0.8563,0.8695,0.8816,0.8924,0.9023,0.9111
0.9189,0.9257,0.9318,0.9371,0.9420,0.9464,0.9505,0.9542,0.9575,0.9606
0.9635,0.9660,0.9682,0.9703,0.9721,0.9737,0.9752,0.9766,0.9778,0.9788
0.9799,0.9808,0.9816,0.9825,0.9833,0.9840,0.9847,0.9853,0.9858,0.9864
0.9869,0.9875,0.9880,0.9885,0.9889,0.9894,0.9899,0.9903,0.9907,0.9911
0.9915,0.9919,0.9922,0.9926,0.9930,0.9933,0.9936,0.9940,0.9943,0.9947
0.9950,0.9953,0.9956,0.9960,0.9962,0.9965,0.9969,0.9972,0.9974,0.9977
0.9979,0.9982,0.9984,0.9986,0.9989,0.9991,0.9994,0.9996,0.9998,1.0000
hwc2x2fract=0.0002,0.0004,0.0006,0.0008,0.0010,0.0012,0.0014,0.0017
0.0019,0.0023,0.0026,0.0029,0.0034,0.0040,0.0049,0.0064,0.0088,0.0129
0.0187,0.0260,0.0351,0.0461,0.0588,0.0731,0.0887,0.1052,0.1227,0.1415
0.1607,0.1807,0.2009,0.2219,0.2434,0.2646,0.2866,0.3086,0.3307,0.3532
0.3751,0.3972,0.4195,0.4414,0.4636,0.4855,0.5071,0.5285,0.5501,0.5714
0.5926,0.6140,0.6343,0.6551,0.6754,0.6954,0.7148,0.7342,0.7532,0.7716
0.7890,0.8060,0.8220,0.8370,0.8512,0.8640,0.8762,0.8869,0.8972,0.9065
0.9150,0.9227,0.9297,0.9361,0.9421,0.9475,0.9522,0.9567,0.9606,0.9642
0.9674,0.9701,0.9724,0.9745,0.9761,0.9775,0.9788,0.9800,0.9810,0.9819
0.9827,0.9835,0.9841,0.9847,0.9852,0.9857,0.9863,0.9868,0.9872,0.9877
0.9881,0.9885,0.9889,0.9893,0.9897,0.9900,0.9904,0.9908,0.9911,0.9915
0.9918,0.9922,0.9925,0.9929,0.9932,0.9935,0.9938,0.9940,0.9944,0.9947
0.9950,0.9953,0.9956,0.9959,0.9962,0.9965,0.9967,0.9970,0.9973,0.9976
0.9978,0.9981,0.9983,0.9986,0.9988,0.9990,0.9993,0.9995,0.9998,1.0000
