; Lookup table
;number of bins in Meek's time to distance lookup table
hdriftbins=138
;number of 1st bin in Meek's table in ns
hdrift1stbin=-24
;bin size in ns of Meek's table
hdriftbinsz=2
hwc1x1fract=0.0002,0.0003,0.0005,0.0007,0.0009,0.0011,0.0013,0.0014
0.0017,0.0019,0.0022,0.0024,0.0027,0.0031,0.0035,0.0040,0.0046,0.0054
0.0066,0.0083,0.0113,0.0160,0.0230,0.0323,0.0437,0.0568,0.0716,0.0878
0.1052,0.1236,0.1432,0.1637,0.1847,0.2064,0.2284,0.2504,0.2729,0.2952
0.3182,0.3410,0.3639,0.3864,0.4088,0.4309,0.4530,0.4750,0.4970,0.5183
0.5401,0.5613,0.5825,0.6033,0.6240,0.6442,0.6643,0.6843,0.7039,0.7230
0.7415,0.7599,0.7782,0.7952,0.8119,0.8279,0.8428,0.8566,0.8695,0.8810
0.8917,0.9012,0.9101,0.9179,0.9254,0.9322,0.9385,0.9444,0.9496,0.9546
0.9589,0.9627,0.9663,0.9693,0.9719,0.9742,0.9762,0.9779,0.9795,0.9808
0.9820,0.9831,0.9840,0.9848,0.9855,0.9862,0.9868,0.9874,0.9880,0.9885
0.9890,0.9894,0.9899,0.9903,0.9907,0.9911,0.9914,0.9918,0.9922,0.9925
0.9929,0.9932,0.9935,0.9938,0.9941,0.9944,0.9946,0.9949,0.9951,0.9954
0.9957,0.9960,0.9962,0.9964,0.9967,0.9969,0.9971,0.9974,0.9976,0.9978
0.9981,0.9983,0.9985,0.9988,0.9990,0.9992,0.9994,0.9996,0.9998,1.0000
hwc1y1fract=0.0001,0.0003,0.0005,0.0006,0.0008,0.0010,0.0012,0.0014
0.0016,0.0019,0.0021,0.0025,0.0028,0.0032,0.0036,0.0041,0.0051,0.0063
0.0083,0.0113,0.0165,0.0243,0.0356,0.0497,0.0662,0.0854,0.1064,0.1290
0.1521,0.1759,0.1997,0.2240,0.2480,0.2715,0.2947,0.3177,0.3404,0.3630
0.3852,0.4073,0.4289,0.4502,0.4712,0.4921,0.5129,0.5336,0.5538,0.5741
0.5944,0.6145,0.6345,0.6541,0.6735,0.6927,0.7119,0.7306,0.7492,0.7672
0.7843,0.8013,0.8175,0.8329,0.8475,0.8611,0.8736,0.8852,0.8957,0.9050
0.9133,0.9209,0.9275,0.9335,0.9389,0.9438,0.9482,0.9522,0.9560,0.9593
0.9624,0.9652,0.9677,0.9700,0.9720,0.9738,0.9755,0.9770,0.9783,0.9796
0.9807,0.9818,0.9827,0.9836,0.9844,0.9852,0.9859,0.9865,0.9872,0.9878
0.9883,0.9889,0.9894,0.9898,0.9903,0.9907,0.9912,0.9916,0.9920,0.9924
0.9927,0.9931,0.9934,0.9937,0.9941,0.9944,0.9947,0.9949,0.9952,0.9955
0.9957,0.9960,0.9963,0.9966,0.9968,0.9970,0.9972,0.9975,0.9977,0.9979
0.9981,0.9983,0.9986,0.9988,0.9990,0.9992,0.9994,0.9996,0.9998,1.0000
hwc1u1fract=0.0001,0.0002,0.0004,0.0005,0.0006,0.0007,0.0009,0.0010
0.0011,0.0013,0.0014,0.0015,0.0017,0.0018,0.0020,0.0022,0.0025,0.0030
0.0038,0.0055,0.0094,0.0161,0.0259,0.0391,0.0549,0.0731,0.0929,0.1140
0.1356,0.1583,0.1814,0.2052,0.2283,0.2514,0.2751,0.2982,0.3210,0.3432
0.3654,0.3876,0.4094,0.4308,0.4520,0.4733,0.4943,0.5150,0.5354,0.5559
0.5759,0.5957,0.6150,0.6346,0.6538,0.6732,0.6924,0.7112,0.7296,0.7479
0.7659,0.7833,0.8003,0.8167,0.8322,0.8466,0.8599,0.8721,0.8833,0.8936
0.9025,0.9106,0.9178,0.9241,0.9301,0.9354,0.9403,0.9451,0.9494,0.9533
0.9570,0.9604,0.9635,0.9663,0.9688,0.9711,0.9730,0.9747,0.9763,0.9776
0.9790,0.9802,0.9812,0.9822,0.9831,0.9839,0.9847,0.9854,0.9861,0.9868
0.9874,0.9880,0.9886,0.9891,0.9897,0.9902,0.9906,0.9910,0.9914,0.9918
0.9923,0.9927,0.9930,0.9934,0.9937,0.9940,0.9944,0.9947,0.9950,0.9953
0.9956,0.9958,0.9961,0.9964,0.9967,0.9969,0.9972,0.9974,0.9977,0.9979
0.9981,0.9983,0.9986,0.9988,0.9990,0.9992,0.9994,0.9996,0.9998,1.0000
hwc1v1fract=0.0001,0.0002,0.0004,0.0005,0.0007,0.0008,0.0009,0.0011
0.0012,0.0014,0.0016,0.0018,0.0020,0.0023,0.0026,0.0032,0.0040,0.0056
0.0083,0.0135,0.0214,0.0328,0.0470,0.0636,0.0823,0.1021,0.1231,0.1449
0.1673,0.1895,0.2121,0.2349,0.2576,0.2798,0.3020,0.3244,0.3462,0.3684
0.3902,0.4119,0.4331,0.4547,0.4756,0.4966,0.5174,0.5382,0.5586,0.5793
0.5997,0.6195,0.6392,0.6587,0.6780,0.6977,0.7167,0.7357,0.7543,0.7725
0.7899,0.8071,0.8234,0.8388,0.8536,0.8670,0.8791,0.8901,0.8999,0.9086
0.9163,0.9231,0.9293,0.9348,0.9398,0.9447,0.9491,0.9532,0.9570,0.9606
0.9640,0.9669,0.9695,0.9718,0.9738,0.9756,0.9772,0.9786,0.9798,0.9808
0.9818,0.9826,0.9834,0.9842,0.9850,0.9857,0.9864,0.9870,0.9875,0.9881
0.9886,0.9891,0.9896,0.9900,0.9904,0.9909,0.9912,0.9916,0.9920,0.9923
0.9927,0.9930,0.9934,0.9937,0.9940,0.9943,0.9947,0.9949,0.9952,0.9955
0.9958,0.9960,0.9963,0.9965,0.9968,0.9971,0.9973,0.9975,0.9977,0.9980
0.9982,0.9984,0.9986,0.9988,0.9990,0.9992,0.9994,0.9996,0.9998,1.0000
hwc1y2fract=0.0001,0.0003,0.0004,0.0006,0.0007,0.0008,0.0009,0.0011
0.0013,0.0014,0.0016,0.0017,0.0019,0.0020,0.0023,0.0026,0.0031,0.0040
0.0053,0.0076,0.0117,0.0183,0.0281,0.0407,0.0561,0.0740,0.0939,0.1155
0.1378,0.1613,0.1848,0.2087,0.2325,0.2564,0.2797,0.3032,0.3262,0.3491
0.3718,0.3939,0.4157,0.4374,0.4586,0.4797,0.5006,0.5212,0.5414,0.5619
0.5817,0.6016,0.6217,0.6414,0.6609,0.6804,0.6993,0.7180,0.7365,0.7546
0.7721,0.7890,0.8054,0.8213,0.8363,0.8500,0.8631,0.8753,0.8865,0.8963
0.9052,0.9129,0.9201,0.9267,0.9324,0.9377,0.9425,0.9469,0.9511,0.9548
0.9582,0.9613,0.9639,0.9664,0.9687,0.9707,0.9725,0.9742,0.9757,0.9771
0.9784,0.9796,0.9807,0.9818,0.9827,0.9836,0.9844,0.9851,0.9858,0.9865
0.9871,0.9877,0.9883,0.9889,0.9894,0.9899,0.9904,0.9909,0.9913,0.9917
0.9921,0.9924,0.9928,0.9932,0.9936,0.9939,0.9942,0.9946,0.9949,0.9952
0.9955,0.9958,0.9960,0.9963,0.9966,0.9968,0.9971,0.9974,0.9977,0.9979
0.9981,0.9983,0.9985,0.9987,0.9990,0.9992,0.9994,0.9996,0.9998,1.0000
hwc1x2fract=0.0001,0.0003,0.0005,0.0006,0.0008,0.0010,0.0012,0.0014
0.0016,0.0018,0.0020,0.0022,0.0025,0.0028,0.0032,0.0038,0.0047,0.0062
0.0087,0.0130,0.0191,0.0274,0.0379,0.0504,0.0648,0.0809,0.0980,0.1162
0.1355,0.1557,0.1766,0.1983,0.2200,0.2424,0.2648,0.2872,0.3101,0.3331
0.3555,0.3778,0.4001,0.4221,0.4440,0.4661,0.4879,0.5094,0.5306,0.5517
0.5725,0.5935,0.6139,0.6342,0.6541,0.6741,0.6936,0.7126,0.7317,0.7508
0.7689,0.7865,0.8032,0.8191,0.8341,0.8482,0.8613,0.8734,0.8844,0.8947
0.9039,0.9123,0.9200,0.9272,0.9336,0.9396,0.9451,0.9500,0.9545,0.9586
0.9624,0.9658,0.9687,0.9713,0.9736,0.9755,0.9772,0.9787,0.9800,0.9812
0.9821,0.9830,0.9838,0.9846,0.9854,0.9860,0.9866,0.9872,0.9877,0.9882
0.9886,0.9891,0.9895,0.9900,0.9903,0.9907,0.9910,0.9913,0.9917,0.9920
0.9923,0.9927,0.9930,0.9933,0.9936,0.9938,0.9941,0.9944,0.9948,0.9950
0.9953,0.9956,0.9959,0.9962,0.9964,0.9968,0.9970,0.9973,0.9975,0.9978
0.9980,0.9982,0.9984,0.9987,0.9989,0.9992,0.9994,0.9996,0.9998,1.0000
hwc2x1fract=0.0002,0.0003,0.0005,0.0007,0.0009,0.0011,0.0013,0.0015
0.0017,0.0020,0.0023,0.0027,0.0030,0.0034,0.0039,0.0045,0.0053,0.0064
0.0083,0.0112,0.0154,0.0213,0.0295,0.0400,0.0526,0.0668,0.0827,0.1000
0.1185,0.1386,0.1586,0.1796,0.2012,0.2232,0.2455,0.2678,0.2907,0.3132
0.3358,0.3585,0.3813,0.4037,0.4264,0.4485,0.4705,0.4924,0.5140,0.5358
0.5572,0.5785,0.5998,0.6203,0.6409,0.6613,0.6816,0.7016,0.7211,0.7401
0.7590,0.7772,0.7947,0.8114,0.8277,0.8430,0.8572,0.8705,0.8825,0.8934
0.9031,0.9120,0.9200,0.9273,0.9340,0.9400,0.9457,0.9507,0.9552,0.9593
0.9632,0.9665,0.9695,0.9721,0.9744,0.9763,0.9780,0.9795,0.9808,0.9821
0.9831,0.9840,0.9848,0.9855,0.9861,0.9867,0.9874,0.9880,0.9885,0.9890
0.9895,0.9899,0.9903,0.9907,0.9911,0.9915,0.9919,0.9922,0.9926,0.9929
0.9932,0.9936,0.9939,0.9941,0.9944,0.9947,0.9949,0.9952,0.9955,0.9957
0.9960,0.9962,0.9965,0.9967,0.9970,0.9972,0.9974,0.9976,0.9978,0.9980
0.9983,0.9985,0.9987,0.9989,0.9991,0.9993,0.9995,0.9996,0.9998,1.0000
hwc2y1fract=0.0001,0.0003,0.0004,0.0005,0.0006,0.0008,0.0009,0.0010
0.0012,0.0014,0.0015,0.0017,0.0019,0.0021,0.0023,0.0026,0.0030,0.0038
0.0051,0.0075,0.0124,0.0201,0.0312,0.0461,0.0636,0.0836,0.1053,0.1285
0.1527,0.1772,0.2015,0.2266,0.2510,0.2754,0.2993,0.3226,0.3460,0.3691
0.3917,0.4138,0.4357,0.4571,0.4784,0.4996,0.5200,0.5408,0.5609,0.5812
0.6015,0.6215,0.6415,0.6611,0.6806,0.6999,0.7190,0.7379,0.7564,0.7743
0.7918,0.8090,0.8252,0.8406,0.8552,0.8690,0.8816,0.8928,0.9031,0.9121
0.9203,0.9274,0.9337,0.9394,0.9445,0.9490,0.9531,0.9567,0.9602,0.9634
0.9662,0.9687,0.9708,0.9728,0.9746,0.9762,0.9776,0.9789,0.9800,0.9810
0.9820,0.9828,0.9837,0.9845,0.9852,0.9859,0.9865,0.9872,0.9877,0.9882
0.9887,0.9891,0.9896,0.9900,0.9904,0.9908,0.9912,0.9915,0.9919,0.9923
0.9927,0.9930,0.9934,0.9937,0.9940,0.9943,0.9946,0.9949,0.9952,0.9955
0.9958,0.9960,0.9963,0.9966,0.9968,0.9971,0.9973,0.9975,0.9978,0.9980
0.9982,0.9984,0.9986,0.9988,0.9990,0.9992,0.9994,0.9996,0.9998,1.0000
hwc2u1fract=0.0001,0.0002,0.0004,0.0005,0.0006,0.0008,0.0009,0.0010
0.0011,0.0013,0.0014,0.0016,0.0018,0.0019,0.0022,0.0024,0.0029,0.0036
0.0051,0.0082,0.0146,0.0247,0.0386,0.0555,0.0747,0.0961,0.1187,0.1422
0.1663,0.1904,0.2146,0.2387,0.2627,0.2861,0.3095,0.3330,0.3555,0.3781
0.4001,0.4223,0.4440,0.4652,0.4857,0.5065,0.5268,0.5475,0.5680,0.5880
0.6076,0.6273,0.6468,0.6663,0.6854,0.7043,0.7228,0.7409,0.7590,0.7768
0.7945,0.8115,0.8276,0.8431,0.8577,0.8711,0.8835,0.8944,0.9044,0.9131
0.9209,0.9277,0.9338,0.9392,0.9439,0.9484,0.9523,0.9561,0.9594,0.9625
0.9652,0.9678,0.9700,0.9721,0.9739,0.9756,0.9772,0.9784,0.9795,0.9806
0.9816,0.9824,0.9832,0.9840,0.9847,0.9854,0.9861,0.9866,0.9871,0.9876
0.9881,0.9887,0.9892,0.9896,0.9901,0.9905,0.9909,0.9914,0.9918,0.9922
0.9926,0.9929,0.9933,0.9936,0.9939,0.9943,0.9946,0.9950,0.9953,0.9955
0.9958,0.9961,0.9963,0.9966,0.9968,0.9970,0.9972,0.9975,0.9978,0.9980
0.9982,0.9984,0.9986,0.9988,0.9991,0.9993,0.9994,0.9996,0.9998,1.0000
hwc2v1fract=0.0001,0.0002,0.0004,0.0005,0.0006,0.0007,0.0009,0.0010
0.0012,0.0014,0.0015,0.0017,0.0020,0.0022,0.0026,0.0030,0.0035,0.0046
0.0066,0.0107,0.0181,0.0292,0.0437,0.0616,0.0818,0.1034,0.1263,0.1504
0.1745,0.1989,0.2230,0.2473,0.2712,0.2947,0.3178,0.3406,0.3633,0.3857
0.4075,0.4293,0.4508,0.4720,0.4928,0.5136,0.5342,0.5547,0.5745,0.5948
0.6145,0.6338,0.6534,0.6729,0.6920,0.7110,0.7296,0.7481,0.7663,0.7837
0.8009,0.8175,0.8334,0.8485,0.8627,0.8758,0.8878,0.8984,0.9079,0.9162
0.9234,0.9298,0.9357,0.9409,0.9454,0.9497,0.9534,0.9571,0.9604,0.9634
0.9660,0.9684,0.9706,0.9728,0.9745,0.9760,0.9774,0.9787,0.9799,0.9810
0.9820,0.9827,0.9835,0.9842,0.9849,0.9856,0.9862,0.9868,0.9873,0.9879
0.9885,0.9889,0.9894,0.9898,0.9903,0.9908,0.9911,0.9916,0.9920,0.9924
0.9927,0.9931,0.9934,0.9938,0.9941,0.9944,0.9947,0.9950,0.9952,0.9955
0.9958,0.9961,0.9964,0.9966,0.9969,0.9971,0.9973,0.9976,0.9978,0.9980
0.9982,0.9984,0.9986,0.9988,0.9990,0.9992,0.9994,0.9996,0.9998,1.0000
hwc2y2fract=0.0001,0.0003,0.0004,0.0005,0.0007,0.0008,0.0010,0.0011
0.0013,0.0014,0.0016,0.0018,0.0020,0.0023,0.0025,0.0029,0.0035,0.0044
0.0061,0.0091,0.0143,0.0226,0.0341,0.0490,0.0669,0.0870,0.1093,0.1327
0.1568,0.1813,0.2058,0.2303,0.2549,0.2788,0.3022,0.3258,0.3489,0.3716
0.3941,0.4163,0.4381,0.4599,0.4810,0.5020,0.5227,0.5435,0.5641,0.5843
0.6042,0.6244,0.6445,0.6643,0.6838,0.7033,0.7226,0.7413,0.7596,0.7773
0.7947,0.8113,0.8273,0.8426,0.8573,0.8709,0.8832,0.8944,0.9044,0.9132
0.9212,0.9283,0.9345,0.9401,0.9450,0.9495,0.9535,0.9572,0.9605,0.9636
0.9663,0.9687,0.9710,0.9729,0.9746,0.9763,0.9776,0.9788,0.9800,0.9810
0.9820,0.9829,0.9837,0.9845,0.9851,0.9858,0.9864,0.9869,0.9875,0.9880
0.9885,0.9890,0.9894,0.9899,0.9903,0.9907,0.9911,0.9915,0.9919,0.9922
0.9926,0.9930,0.9934,0.9937,0.9940,0.9943,0.9946,0.9949,0.9952,0.9955
0.9957,0.9960,0.9963,0.9965,0.9967,0.9970,0.9973,0.9975,0.9977,0.9979
0.9982,0.9984,0.9986,0.9988,0.9990,0.9992,0.9994,0.9996,0.9998,1.0000
hwc2x2fract=0.0002,0.0003,0.0005,0.0006,0.0008,0.0010,0.0012,0.0014
0.0016,0.0018,0.0021,0.0023,0.0026,0.0030,0.0034,0.0038,0.0044,0.0053
0.0068,0.0092,0.0134,0.0196,0.0287,0.0400,0.0536,0.0692,0.0866,0.1054
0.1249,0.1455,0.1668,0.1890,0.2113,0.2339,0.2570,0.2799,0.3033,0.3261
0.3491,0.3721,0.3948,0.4173,0.4394,0.4616,0.4836,0.5052,0.5266,0.5479
0.5687,0.5894,0.6101,0.6307,0.6510,0.6706,0.6902,0.7095,0.7284,0.7470
0.7651,0.7827,0.8000,0.8167,0.8324,0.8472,0.8612,0.8740,0.8856,0.8960
0.9052,0.9135,0.9214,0.9282,0.9346,0.9403,0.9455,0.9505,0.9549,0.9590
0.9626,0.9659,0.9688,0.9713,0.9736,0.9757,0.9775,0.9790,0.9803,0.9815
0.9825,0.9835,0.9843,0.9851,0.9858,0.9865,0.9871,0.9876,0.9881,0.9887
0.9892,0.9896,0.9901,0.9905,0.9909,0.9913,0.9917,0.9920,0.9924,0.9927
0.9930,0.9933,0.9936,0.9939,0.9942,0.9945,0.9948,0.9950,0.9953,0.9956
0.9958,0.9961,0.9963,0.9966,0.9968,0.9970,0.9973,0.9975,0.9978,0.9980
0.9982,0.9984,0.9986,0.9988,0.9990,0.9992,0.9994,0.9996,0.9998,1.0000
