; Lookup table
;number of bins in Meek's time to distance lookup table
hdriftbins=138
;number of 1st bin in Meek's table in ns
hdrift1stbin=-24
;bin size in ns of Meek's table
hdriftbinsz=2
hwc1x1fract=0.0002,0.0004,0.0006,0.0009,0.0011,0.0013,0.0016,0.0018
0.0021,0.0025,0.0028,0.0032,0.0036,0.0041,0.0047,0.0056,0.0070,0.0090
0.0117,0.0152,0.0199,0.0258,0.0335,0.0426,0.0536,0.0661,0.0804,0.0954
0.1114,0.1281,0.1458,0.1647,0.1842,0.2041,0.2243,0.2448,0.2660,0.2875
0.3093,0.3312,0.3532,0.3750,0.3969,0.4188,0.4409,0.4626,0.4845,0.5063
0.5281,0.5497,0.5709,0.5924,0.6133,0.6341,0.6546,0.6750,0.6951,0.7146
0.7340,0.7529,0.7710,0.7886,0.8054,0.8218,0.8370,0.8513,0.8649,0.8773
0.8891,0.9001,0.9101,0.9192,0.9273,0.9346,0.9410,0.9472,0.9529,0.9577
0.9623,0.9662,0.9696,0.9725,0.9751,0.9772,0.9792,0.9807,0.9821,0.9832
0.9842,0.9850,0.9858,0.9865,0.9871,0.9876,0.9881,0.9886,0.9891,0.9895
0.9899,0.9904,0.9908,0.9911,0.9915,0.9918,0.9921,0.9924,0.9928,0.9931
0.9933,0.9936,0.9939,0.9942,0.9945,0.9947,0.9950,0.9952,0.9955,0.9957
0.9960,0.9962,0.9965,0.9967,0.9969,0.9972,0.9974,0.9976,0.9979,0.9981
0.9983,0.9985,0.9987,0.9989,0.9991,0.9993,0.9995,0.9996,0.9998,1.0000
hwc1y1fract=0.0002,0.0004,0.0006,0.0009,0.0011,0.0014,0.0017,0.0020
0.0023,0.0027,0.0031,0.0034,0.0039,0.0044,0.0051,0.0058,0.0069,0.0083
0.0103,0.0134,0.0185,0.0263,0.0368,0.0506,0.0666,0.0846,0.1043,0.1255
0.1474,0.1697,0.1923,0.2151,0.2375,0.2599,0.2825,0.3049,0.3267,0.3491
0.3711,0.3929,0.4139,0.4353,0.4565,0.4776,0.4980,0.5187,0.5389,0.5589
0.5789,0.5989,0.6186,0.6383,0.6577,0.6770,0.6961,0.7149,0.7335,0.7519
0.7702,0.7876,0.8047,0.8209,0.8364,0.8514,0.8654,0.8786,0.8906,0.9012
0.9109,0.9197,0.9275,0.9343,0.9403,0.9457,0.9505,0.9548,0.9586,0.9622
0.9652,0.9681,0.9707,0.9728,0.9748,0.9765,0.9781,0.9795,0.9807,0.9818
0.9828,0.9837,0.9846,0.9854,0.9861,0.9868,0.9874,0.9880,0.9885,0.9890
0.9894,0.9899,0.9903,0.9907,0.9911,0.9915,0.9919,0.9922,0.9926,0.9930
0.9933,0.9936,0.9939,0.9942,0.9945,0.9948,0.9950,0.9953,0.9956,0.9959
0.9961,0.9964,0.9966,0.9968,0.9971,0.9973,0.9975,0.9977,0.9979,0.9981
0.9983,0.9985,0.9987,0.9990,0.9991,0.9993,0.9995,0.9996,0.9998,1.0000
hwc1u1fract=0.0001,0.0003,0.0005,0.0006,0.0008,0.0010,0.0012,0.0014
0.0016,0.0018,0.0020,0.0022,0.0025,0.0027,0.0031,0.0036,0.0047,0.0065
0.0092,0.0126,0.0172,0.0235,0.0324,0.0440,0.0579,0.0736,0.0906,0.1090
0.1283,0.1488,0.1696,0.1907,0.2124,0.2341,0.2557,0.2779,0.2997,0.3211
0.3430,0.3652,0.3867,0.4079,0.4290,0.4499,0.4709,0.4921,0.5129,0.5340
0.5545,0.5750,0.5951,0.6152,0.6350,0.6548,0.6743,0.6941,0.7135,0.7328
0.7511,0.7692,0.7868,0.8036,0.8197,0.8351,0.8497,0.8632,0.8759,0.8875
0.8978,0.9073,0.9158,0.9235,0.9306,0.9370,0.9426,0.9477,0.9522,0.9565
0.9602,0.9637,0.9668,0.9697,0.9722,0.9744,0.9763,0.9780,0.9794,0.9807
0.9819,0.9829,0.9837,0.9846,0.9854,0.9861,0.9868,0.9875,0.9881,0.9886
0.9891,0.9896,0.9901,0.9905,0.9910,0.9914,0.9918,0.9922,0.9925,0.9929
0.9933,0.9937,0.9940,0.9943,0.9946,0.9948,0.9951,0.9954,0.9956,0.9959
0.9961,0.9964,0.9966,0.9968,0.9971,0.9973,0.9975,0.9977,0.9979,0.9981
0.9983,0.9984,0.9987,0.9988,0.9990,0.9993,0.9994,0.9996,0.9998,1.0000
hwc1v1fract=0.0002,0.0003,0.0005,0.0007,0.0008,0.0010,0.0012,0.0013
0.0015,0.0017,0.0020,0.0021,0.0024,0.0027,0.0030,0.0034,0.0039,0.0047
0.0060,0.0085,0.0130,0.0202,0.0304,0.0438,0.0594,0.0770,0.0965,0.1166
0.1378,0.1591,0.1810,0.2029,0.2251,0.2475,0.2701,0.2920,0.3139,0.3357
0.3575,0.3792,0.4006,0.4218,0.4428,0.4638,0.4844,0.5052,0.5256,0.5460
0.5659,0.5859,0.6058,0.6254,0.6449,0.6643,0.6834,0.7024,0.7214,0.7399
0.7581,0.7761,0.7939,0.8106,0.8272,0.8427,0.8572,0.8711,0.8836,0.8947
0.9046,0.9137,0.9216,0.9287,0.9352,0.9409,0.9459,0.9506,0.9549,0.9587
0.9622,0.9653,0.9682,0.9707,0.9730,0.9750,0.9768,0.9784,0.9797,0.9809
0.9820,0.9830,0.9839,0.9847,0.9854,0.9860,0.9866,0.9873,0.9879,0.9884
0.9889,0.9894,0.9899,0.9903,0.9907,0.9912,0.9916,0.9921,0.9924,0.9928
0.9932,0.9935,0.9939,0.9942,0.9945,0.9948,0.9951,0.9954,0.9957,0.9959
0.9961,0.9964,0.9966,0.9969,0.9971,0.9973,0.9975,0.9978,0.9980,0.9982
0.9984,0.9986,0.9988,0.9990,0.9992,0.9993,0.9995,0.9997,0.9998,1.0000
hwc1y2fract=0.0002,0.0003,0.0005,0.0007,0.0009,0.0011,0.0014,0.0016
0.0018,0.0021,0.0024,0.0027,0.0030,0.0034,0.0039,0.0045,0.0055,0.0071
0.0095,0.0135,0.0196,0.0283,0.0400,0.0541,0.0706,0.0893,0.1091,0.1301
0.1514,0.1735,0.1953,0.2180,0.2407,0.2635,0.2858,0.3079,0.3300,0.3518
0.3738,0.3953,0.4167,0.4378,0.4586,0.4793,0.4999,0.5205,0.5405,0.5600
0.5802,0.6004,0.6203,0.6399,0.6597,0.6790,0.6979,0.7172,0.7358,0.7537
0.7715,0.7888,0.8051,0.8211,0.8365,0.8509,0.8646,0.8770,0.8887,0.8991
0.9082,0.9165,0.9239,0.9307,0.9367,0.9424,0.9472,0.9517,0.9556,0.9593
0.9625,0.9655,0.9682,0.9705,0.9726,0.9745,0.9762,0.9778,0.9791,0.9803
0.9814,0.9825,0.9834,0.9842,0.9850,0.9858,0.9865,0.9871,0.9876,0.9882
0.9887,0.9892,0.9897,0.9902,0.9906,0.9910,0.9915,0.9919,0.9924,0.9927
0.9931,0.9934,0.9938,0.9941,0.9944,0.9947,0.9950,0.9953,0.9956,0.9959
0.9961,0.9963,0.9966,0.9968,0.9970,0.9973,0.9975,0.9977,0.9979,0.9981
0.9983,0.9986,0.9988,0.9990,0.9991,0.9993,0.9995,0.9996,0.9998,1.0000
hwc1x2fract=0.0002,0.0004,0.0006,0.0008,0.0010,0.0012,0.0014,0.0016
0.0018,0.0021,0.0024,0.0026,0.0029,0.0033,0.0038,0.0043,0.0053,0.0067
0.0090,0.0125,0.0173,0.0242,0.0329,0.0439,0.0565,0.0707,0.0860,0.1024
0.1199,0.1380,0.1571,0.1770,0.1972,0.2178,0.2386,0.2597,0.2812,0.3029
0.3247,0.3465,0.3685,0.3904,0.4124,0.4343,0.4561,0.4785,0.4999,0.5212
0.5427,0.5637,0.5848,0.6056,0.6258,0.6465,0.6669,0.6869,0.7065,0.7259
0.7448,0.7642,0.7821,0.7995,0.8166,0.8322,0.8470,0.8611,0.8741,0.8861
0.8972,0.9073,0.9164,0.9248,0.9324,0.9391,0.9455,0.9512,0.9563,0.9611
0.9649,0.9682,0.9712,0.9738,0.9761,0.9780,0.9796,0.9811,0.9823,0.9833
0.9842,0.9850,0.9857,0.9863,0.9869,0.9874,0.9880,0.9884,0.9889,0.9893
0.9898,0.9901,0.9906,0.9909,0.9913,0.9916,0.9919,0.9922,0.9926,0.9929
0.9932,0.9935,0.9938,0.9942,0.9944,0.9947,0.9949,0.9952,0.9954,0.9957
0.9959,0.9962,0.9964,0.9966,0.9969,0.9971,0.9974,0.9976,0.9978,0.9980
0.9982,0.9984,0.9986,0.9988,0.9990,0.9992,0.9994,0.9996,0.9998,1.0000
hwc2x1fract=0.0002,0.0004,0.0006,0.0008,0.0011,0.0013,0.0015,0.0018
0.0021,0.0023,0.0026,0.0030,0.0034,0.0038,0.0044,0.0049,0.0058,0.0070
0.0089,0.0121,0.0170,0.0233,0.0313,0.0412,0.0529,0.0661,0.0805,0.0962
0.1128,0.1303,0.1486,0.1678,0.1871,0.2072,0.2277,0.2487,0.2694,0.2909
0.3122,0.3341,0.3559,0.3779,0.3998,0.4225,0.4444,0.4667,0.4889,0.5103
0.5322,0.5540,0.5754,0.5964,0.6175,0.6386,0.6593,0.6796,0.6997,0.7197
0.7393,0.7583,0.7768,0.7949,0.8122,0.8287,0.8443,0.8588,0.8720,0.8845
0.8958,0.9061,0.9154,0.9240,0.9315,0.9384,0.9446,0.9503,0.9555,0.9602
0.9641,0.9677,0.9708,0.9735,0.9759,0.9781,0.9797,0.9811,0.9824,0.9835
0.9844,0.9853,0.9860,0.9867,0.9873,0.9879,0.9885,0.9890,0.9894,0.9898
0.9902,0.9906,0.9910,0.9914,0.9918,0.9922,0.9925,0.9928,0.9931,0.9933
0.9936,0.9939,0.9941,0.9944,0.9947,0.9949,0.9952,0.9954,0.9957,0.9959
0.9962,0.9964,0.9966,0.9968,0.9970,0.9972,0.9975,0.9977,0.9979,0.9981
0.9984,0.9986,0.9988,0.9989,0.9991,0.9993,0.9995,0.9997,0.9998,1.0000
hwc2y1fract=0.0002,0.0003,0.0005,0.0007,0.0009,0.0011,0.0013,0.0015
0.0018,0.0020,0.0023,0.0025,0.0028,0.0032,0.0035,0.0040,0.0046,0.0055
0.0072,0.0099,0.0147,0.0220,0.0324,0.0460,0.0626,0.0818,0.1024,0.1240
0.1468,0.1691,0.1919,0.2149,0.2384,0.2616,0.2847,0.3073,0.3299,0.3522
0.3740,0.3957,0.4172,0.4382,0.4597,0.4807,0.5013,0.5216,0.5421,0.5624
0.5826,0.6024,0.6224,0.6421,0.6614,0.6807,0.7003,0.7192,0.7383,0.7569
0.7750,0.7925,0.8098,0.8263,0.8419,0.8569,0.8709,0.8838,0.8956,0.9062
0.9157,0.9240,0.9313,0.9376,0.9435,0.9487,0.9532,0.9571,0.9608,0.9643
0.9671,0.9696,0.9720,0.9740,0.9758,0.9774,0.9788,0.9799,0.9811,0.9822
0.9830,0.9839,0.9847,0.9853,0.9860,0.9866,0.9871,0.9878,0.9883,0.9888
0.9892,0.9897,0.9901,0.9905,0.9909,0.9913,0.9917,0.9921,0.9925,0.9928
0.9931,0.9935,0.9938,0.9941,0.9944,0.9947,0.9950,0.9953,0.9955,0.9958
0.9960,0.9963,0.9965,0.9968,0.9970,0.9972,0.9975,0.9977,0.9979,0.9981
0.9982,0.9985,0.9987,0.9988,0.9991,0.9992,0.9994,0.9996,0.9998,1.0000
hwc2u1fract=0.0002,0.0003,0.0005,0.0006,0.0008,0.0010,0.0012,0.0014
0.0016,0.0018,0.0020,0.0022,0.0024,0.0027,0.0029,0.0032,0.0037,0.0045
0.0060,0.0090,0.0149,0.0245,0.0375,0.0541,0.0728,0.0937,0.1151,0.1378
0.1610,0.1842,0.2074,0.2303,0.2530,0.2757,0.2978,0.3202,0.3425,0.3645
0.3862,0.4078,0.4289,0.4499,0.4707,0.4913,0.5116,0.5318,0.5520,0.5721
0.5919,0.6120,0.6314,0.6507,0.6700,0.6891,0.7081,0.7268,0.7453,0.7638
0.7818,0.7993,0.8158,0.8321,0.8477,0.8624,0.8759,0.8884,0.8996,0.9095
0.9184,0.9263,0.9330,0.9393,0.9446,0.9494,0.9537,0.9577,0.9609,0.9641
0.9668,0.9694,0.9716,0.9736,0.9755,0.9770,0.9784,0.9797,0.9807,0.9817
0.9827,0.9835,0.9843,0.9850,0.9856,0.9863,0.9869,0.9874,0.9880,0.9885
0.9890,0.9895,0.9900,0.9904,0.9908,0.9912,0.9917,0.9921,0.9925,0.9928
0.9932,0.9935,0.9938,0.9942,0.9945,0.9948,0.9950,0.9953,0.9955,0.9958
0.9961,0.9963,0.9966,0.9968,0.9970,0.9973,0.9975,0.9977,0.9979,0.9981
0.9983,0.9985,0.9987,0.9989,0.9991,0.9993,0.9995,0.9997,0.9998,1.0000
hwc2v1fract=0.0002,0.0004,0.0006,0.0008,0.0009,0.0011,0.0013,0.0015
0.0017,0.0019,0.0021,0.0024,0.0026,0.0029,0.0031,0.0035,0.0041,0.0047
0.0059,0.0081,0.0125,0.0202,0.0317,0.0462,0.0638,0.0830,0.1042,0.1263
0.1487,0.1718,0.1945,0.2177,0.2403,0.2630,0.2859,0.3088,0.3309,0.3527
0.3744,0.3960,0.4174,0.4383,0.4592,0.4794,0.4998,0.5198,0.5405,0.5606
0.5807,0.6003,0.6200,0.6394,0.6594,0.6783,0.6971,0.7157,0.7343,0.7526
0.7708,0.7887,0.8060,0.8226,0.8388,0.8539,0.8683,0.8812,0.8930,0.9036
0.9132,0.9215,0.9290,0.9353,0.9413,0.9464,0.9510,0.9551,0.9590,0.9624
0.9655,0.9683,0.9706,0.9729,0.9748,0.9766,0.9780,0.9793,0.9805,0.9816
0.9826,0.9834,0.9842,0.9849,0.9856,0.9862,0.9868,0.9874,0.9880,0.9885
0.9891,0.9896,0.9900,0.9905,0.9909,0.9914,0.9918,0.9922,0.9925,0.9929
0.9932,0.9936,0.9939,0.9942,0.9945,0.9948,0.9951,0.9954,0.9957,0.9959
0.9962,0.9964,0.9966,0.9969,0.9971,0.9973,0.9975,0.9977,0.9979,0.9981
0.9983,0.9985,0.9987,0.9989,0.9992,0.9993,0.9995,0.9997,0.9999,1.0000
hwc2y2fract=0.0002,0.0004,0.0006,0.0008,0.0010,0.0012,0.0014,0.0016
0.0019,0.0022,0.0025,0.0028,0.0030,0.0034,0.0038,0.0044,0.0052,0.0064
0.0083,0.0116,0.0167,0.0245,0.0358,0.0502,0.0668,0.0858,0.1066,0.1286
0.1518,0.1748,0.1981,0.2215,0.2449,0.2679,0.2908,0.3138,0.3361,0.3585
0.3806,0.4024,0.4241,0.4452,0.4662,0.4868,0.5074,0.5277,0.5478,0.5681
0.5882,0.6083,0.6277,0.6476,0.6672,0.6860,0.7052,0.7241,0.7426,0.7607
0.7787,0.7961,0.8129,0.8290,0.8447,0.8591,0.8728,0.8855,0.8968,0.9071
0.9163,0.9244,0.9317,0.9381,0.9439,0.9491,0.9535,0.9575,0.9612,0.9644
0.9673,0.9699,0.9722,0.9742,0.9760,0.9775,0.9790,0.9803,0.9813,0.9824
0.9833,0.9841,0.9849,0.9856,0.9863,0.9869,0.9875,0.9881,0.9887,0.9891
0.9896,0.9900,0.9905,0.9908,0.9912,0.9916,0.9919,0.9922,0.9926,0.9929
0.9933,0.9936,0.9939,0.9942,0.9946,0.9949,0.9951,0.9954,0.9957,0.9959
0.9962,0.9964,0.9967,0.9969,0.9971,0.9974,0.9976,0.9978,0.9980,0.9982
0.9984,0.9986,0.9987,0.9989,0.9991,0.9993,0.9995,0.9997,0.9998,1.0000
hwc2x2fract=0.0002,0.0004,0.0005,0.0007,0.0009,0.0011,0.0014,0.0016
0.0018,0.0021,0.0023,0.0026,0.0030,0.0033,0.0038,0.0043,0.0050,0.0062
0.0085,0.0120,0.0167,0.0230,0.0314,0.0417,0.0539,0.0678,0.0831,0.0996
0.1168,0.1353,0.1542,0.1737,0.1941,0.2145,0.2354,0.2565,0.2780,0.2999
0.3221,0.3444,0.3663,0.3886,0.4110,0.4331,0.4550,0.4769,0.4984,0.5199
0.5417,0.5628,0.5839,0.6047,0.6255,0.6457,0.6666,0.6868,0.7067,0.7264
0.7452,0.7640,0.7823,0.8002,0.8169,0.8330,0.8479,0.8623,0.8754,0.8874
0.8984,0.9084,0.9175,0.9257,0.9330,0.9398,0.9458,0.9514,0.9561,0.9602
0.9642,0.9677,0.9709,0.9736,0.9759,0.9779,0.9795,0.9810,0.9823,0.9833
0.9842,0.9851,0.9858,0.9865,0.9871,0.9877,0.9882,0.9887,0.9892,0.9897
0.9901,0.9905,0.9908,0.9911,0.9915,0.9918,0.9922,0.9925,0.9928,0.9931
0.9934,0.9937,0.9939,0.9942,0.9945,0.9947,0.9950,0.9953,0.9955,0.9958
0.9960,0.9963,0.9965,0.9967,0.9969,0.9971,0.9974,0.9976,0.9978,0.9980
0.9982,0.9984,0.9986,0.9989,0.9991,0.9993,0.9995,0.9997,0.9998,1.0000
