hwc1x1fract=0.0001,0.0001,0.0002,0.0003,0.0004,0.0005,0.0006,0.0007
0.0008,0.0010,0.0012,0.0015,0.0018,0.0023,0.0030,0.0040,0.0056,0.0078
0.0106,0.0146,0.0206,0.0287,0.0391,0.0513,0.0651,0.0807,0.0977,0.1156
0.1347,0.1549,0.1753,0.1968,0.2187,0.2413,0.2641,0.2869,0.3104,0.3336
0.3566,0.3797,0.4026,0.4258,0.4487,0.4717,0.4942,0.5164,0.5385,0.5601
0.5816,0.6029,0.6240,0.6450,0.6654,0.6861,0.7063,0.7260,0.7455,0.7645
0.7830,0.8008,0.8176,0.8337,0.8486,0.8625,0.8757,0.8875,0.8985,0.9085
0.9177,0.9261,0.9340,0.9409,0.9469,0.9529,0.9585,0.9635,0.9681,0.9721
0.9757,0.9788,0.9815,0.9838,0.9858,0.9876,0.9890,0.9903,0.9913,0.9922
0.9930,0.9937,0.9942,0.9947,0.9951,0.9955,0.9959,0.9962,0.9964,0.9967
0.9969,0.9971,0.9973,0.9975,0.9977,0.9978,0.9979,0.9980,0.9982,0.9983
0.9984,0.9985,0.9986,0.9987,0.9988,0.9989,0.9989,0.9990,0.9991,0.9991
0.9992,0.9992,0.9993,0.9994,0.9994,0.9995,0.9995,0.9996,0.9996,0.9996
0.9997,0.9997,0.9998,0.9998,0.9998,0.9999,0.9999,0.9999,1.0000,1.0000
hwc1y1fract=0.0001,0.0001,0.0001,0.0002,0.0003,0.0004,0.0005,0.0006
0.0007,0.0009,0.0010,0.0012,0.0015,0.0018,0.0021,0.0027,0.0035,0.0049
0.0069,0.0105,0.0164,0.0255,0.0377,0.0531,0.0712,0.0915,0.1138,0.1369
0.1608,0.1852,0.2098,0.2342,0.2587,0.2833,0.3073,0.3314,0.3551,0.3780
0.4005,0.4229,0.4450,0.4667,0.4884,0.5094,0.5303,0.5511,0.5720,0.5923
0.6128,0.6331,0.6528,0.6725,0.6923,0.7118,0.7309,0.7493,0.7673,0.7852
0.8026,0.8196,0.8361,0.8512,0.8655,0.8791,0.8914,0.9027,0.9127,0.9218
0.9297,0.9367,0.9428,0.9484,0.9533,0.9575,0.9615,0.9652,0.9685,0.9717
0.9745,0.9770,0.9793,0.9813,0.9830,0.9846,0.9860,0.9873,0.9884,0.9894
0.9902,0.9911,0.9918,0.9925,0.9931,0.9937,0.9942,0.9946,0.9950,0.9954
0.9958,0.9961,0.9964,0.9966,0.9969,0.9971,0.9973,0.9976,0.9978,0.9979
0.9981,0.9983,0.9984,0.9985,0.9987,0.9988,0.9989,0.9990,0.9990,0.9991
0.9992,0.9992,0.9993,0.9994,0.9994,0.9995,0.9995,0.9996,0.9996,0.9996
0.9997,0.9997,0.9998,0.9998,0.9998,0.9999,0.9999,0.9999,1.0000,1.0000
hwc1u1fract=0.0000,0.0000,0.0001,0.0001,0.0001,0.0001,0.0002,0.0002
0.0002,0.0003,0.0003,0.0004,0.0005,0.0006,0.0008,0.0015,0.0026,0.0043
0.0068,0.0102,0.0155,0.0233,0.0341,0.0476,0.0638,0.0814,0.1008,0.1216
0.1433,0.1658,0.1885,0.2119,0.2354,0.2588,0.2822,0.3057,0.3288,0.3522
0.3751,0.3977,0.4204,0.4428,0.4649,0.4867,0.5083,0.5292,0.5506,0.5714
0.5919,0.6122,0.6325,0.6529,0.6727,0.6925,0.7121,0.7313,0.7501,0.7687
0.7867,0.8037,0.8203,0.8360,0.8513,0.8652,0.8781,0.8899,0.9005,0.9100
0.9183,0.9260,0.9330,0.9394,0.9450,0.9502,0.9551,0.9594,0.9636,0.9673
0.9706,0.9736,0.9764,0.9788,0.9810,0.9829,0.9845,0.9859,0.9872,0.9883
0.9893,0.9902,0.9910,0.9918,0.9924,0.9929,0.9935,0.9940,0.9945,0.9949
0.9953,0.9956,0.9959,0.9962,0.9965,0.9967,0.9970,0.9972,0.9974,0.9976
0.9978,0.9980,0.9982,0.9983,0.9984,0.9985,0.9987,0.9988,0.9989,0.9990
0.9991,0.9992,0.9992,0.9993,0.9994,0.9994,0.9995,0.9995,0.9996,0.9996
0.9997,0.9997,0.9998,0.9998,0.9998,0.9999,0.9999,1.0000,1.0000,1.0000
hwc1v1fract=0.0000,0.0001,0.0001,0.0001,0.0001,0.0002,0.0002,0.0003
0.0003,0.0004,0.0004,0.0005,0.0006,0.0007,0.0009,0.0012,0.0018,0.0030
0.0052,0.0093,0.0160,0.0254,0.0381,0.0538,0.0718,0.0914,0.1124,0.1345
0.1572,0.1801,0.2032,0.2268,0.2502,0.2733,0.2964,0.3198,0.3426,0.3652
0.3875,0.4096,0.4316,0.4536,0.4756,0.4968,0.5180,0.5389,0.5594,0.5800
0.6005,0.6208,0.6408,0.6605,0.6803,0.6997,0.7190,0.7383,0.7570,0.7755
0.7933,0.8108,0.8275,0.8436,0.8586,0.8727,0.8852,0.8969,0.9071,0.9163
0.9242,0.9312,0.9376,0.9437,0.9489,0.9538,0.9583,0.9625,0.9662,0.9697
0.9728,0.9758,0.9785,0.9808,0.9828,0.9845,0.9861,0.9873,0.9884,0.9894
0.9902,0.9910,0.9917,0.9924,0.9930,0.9935,0.9940,0.9944,0.9948,0.9951
0.9955,0.9958,0.9961,0.9964,0.9967,0.9969,0.9972,0.9974,0.9976,0.9978
0.9980,0.9981,0.9982,0.9984,0.9985,0.9986,0.9988,0.9989,0.9990,0.9991
0.9992,0.9992,0.9993,0.9994,0.9994,0.9995,0.9995,0.9996,0.9996,0.9997
0.9997,0.9997,0.9998,0.9998,0.9998,0.9999,0.9999,0.9999,1.0000,1.0000
hwc1y2fract=0.0000,0.0001,0.0001,0.0001,0.0002,0.0002,0.0002,0.0003
0.0004,0.0004,0.0005,0.0006,0.0007,0.0008,0.0011,0.0015,0.0022,0.0037
0.0063,0.0109,0.0182,0.0285,0.0418,0.0582,0.0770,0.0973,0.1193,0.1423
0.1662,0.1905,0.2150,0.2398,0.2641,0.2881,0.3121,0.3361,0.3592,0.3821
0.4046,0.4268,0.4487,0.4703,0.4915,0.5130,0.5341,0.5551,0.5759,0.5963
0.6161,0.6366,0.6566,0.6762,0.6958,0.7149,0.7337,0.7520,0.7702,0.7875
0.8046,0.8212,0.8371,0.8521,0.8661,0.8790,0.8909,0.9016,0.9112,0.9197
0.9274,0.9343,0.9403,0.9459,0.9509,0.9553,0.9595,0.9633,0.9667,0.9698
0.9725,0.9750,0.9772,0.9794,0.9813,0.9829,0.9843,0.9857,0.9869,0.9881
0.9890,0.9899,0.9907,0.9914,0.9920,0.9927,0.9932,0.9938,0.9942,0.9946
0.9951,0.9954,0.9957,0.9961,0.9964,0.9966,0.9969,0.9971,0.9974,0.9976
0.9978,0.9979,0.9981,0.9982,0.9984,0.9985,0.9987,0.9988,0.9989,0.9990
0.9991,0.9991,0.9992,0.9993,0.9994,0.9994,0.9995,0.9995,0.9996,0.9997
0.9997,0.9997,0.9998,0.9998,0.9998,0.9999,0.9999,0.9999,1.0000,1.0000
hwc1x2fract=0.0000,0.0001,0.0001,0.0002,0.0002,0.0003,0.0004,0.0005
0.0005,0.0006,0.0007,0.0009,0.0010,0.0012,0.0015,0.0020,0.0029,0.0046
0.0074,0.0117,0.0181,0.0269,0.0379,0.0505,0.0655,0.0820,0.0995,0.1184
0.1380,0.1586,0.1800,0.2019,0.2244,0.2472,0.2703,0.2932,0.3164,0.3395
0.3631,0.3858,0.4089,0.4316,0.4541,0.4764,0.4991,0.5216,0.5437,0.5652
0.5868,0.6080,0.6289,0.6495,0.6699,0.6900,0.7100,0.7296,0.7487,0.7675
0.7853,0.8028,0.8197,0.8356,0.8507,0.8647,0.8778,0.8895,0.9003,0.9100
0.9190,0.9271,0.9346,0.9414,0.9476,0.9533,0.9585,0.9634,0.9679,0.9717
0.9752,0.9783,0.9810,0.9833,0.9853,0.9871,0.9886,0.9898,0.9909,0.9918
0.9925,0.9932,0.9938,0.9943,0.9948,0.9952,0.9956,0.9958,0.9961,0.9965
0.9967,0.9969,0.9971,0.9973,0.9975,0.9976,0.9977,0.9979,0.9980,0.9981
0.9982,0.9984,0.9984,0.9985,0.9986,0.9987,0.9988,0.9989,0.9990,0.9990
0.9991,0.9992,0.9992,0.9993,0.9993,0.9994,0.9994,0.9995,0.9996,0.9996
0.9996,0.9997,0.9997,0.9998,0.9998,0.9998,0.9999,0.9999,1.0000,1.0000
hwc2x1fract=0.0001,0.0002,0.0002,0.0003,0.0004,0.0005,0.0006,0.0008
0.0009,0.0012,0.0014,0.0017,0.0020,0.0024,0.0029,0.0036,0.0048,0.0071
0.0105,0.0153,0.0218,0.0305,0.0412,0.0540,0.0685,0.0844,0.1016,0.1202
0.1400,0.1605,0.1818,0.2033,0.2252,0.2482,0.2707,0.2940,0.3170,0.3400
0.3630,0.3863,0.4094,0.4322,0.4552,0.4775,0.5002,0.5226,0.5445,0.5665
0.5883,0.6099,0.6315,0.6526,0.6736,0.6942,0.7146,0.7351,0.7546,0.7737
0.7925,0.8108,0.8277,0.8441,0.8594,0.8732,0.8860,0.8976,0.9083,0.9178
0.9264,0.9344,0.9413,0.9476,0.9534,0.9585,0.9635,0.9678,0.9715,0.9749
0.9779,0.9807,0.9832,0.9852,0.9870,0.9885,0.9897,0.9908,0.9918,0.9926
0.9932,0.9939,0.9944,0.9948,0.9952,0.9956,0.9959,0.9962,0.9965,0.9968
0.9970,0.9972,0.9974,0.9976,0.9977,0.9979,0.9980,0.9981,0.9982,0.9984
0.9985,0.9986,0.9987,0.9988,0.9988,0.9989,0.9990,0.9991,0.9991,0.9992
0.9993,0.9993,0.9994,0.9994,0.9994,0.9995,0.9995,0.9996,0.9996,0.9996
0.9997,0.9997,0.9998,0.9998,0.9998,0.9999,0.9999,0.9999,1.0000,1.0000
hwc2y1fract=0.0000,0.0001,0.0001,0.0001,0.0002,0.0002,0.0003,0.0003
0.0003,0.0004,0.0004,0.0005,0.0006,0.0007,0.0008,0.0010,0.0013,0.0017
0.0027,0.0043,0.0075,0.0131,0.0219,0.0343,0.0498,0.0683,0.0893,0.1123
0.1361,0.1610,0.1859,0.2112,0.2360,0.2610,0.2857,0.3100,0.3345,0.3584
0.3818,0.4050,0.4275,0.4499,0.4718,0.4935,0.5149,0.5360,0.5568,0.5777
0.5980,0.6186,0.6390,0.6589,0.6790,0.6991,0.7189,0.7383,0.7569,0.7753
0.7935,0.8114,0.8285,0.8449,0.8606,0.8752,0.8887,0.9009,0.9119,0.9217
0.9303,0.9378,0.9443,0.9499,0.9552,0.9599,0.9639,0.9675,0.9709,0.9739
0.9766,0.9790,0.9811,0.9829,0.9844,0.9858,0.9870,0.9882,0.9892,0.9901
0.9909,0.9916,0.9922,0.9928,0.9932,0.9937,0.9941,0.9946,0.9950,0.9953
0.9956,0.9959,0.9962,0.9965,0.9967,0.9969,0.9971,0.9973,0.9975,0.9977
0.9978,0.9980,0.9982,0.9983,0.9985,0.9986,0.9987,0.9988,0.9989,0.9990
0.9991,0.9992,0.9992,0.9993,0.9994,0.9994,0.9995,0.9995,0.9996,0.9996
0.9997,0.9997,0.9998,0.9998,0.9998,0.9999,0.9999,0.9999,1.0000,1.0000
hwc2u1fract=0.0000,0.0000,0.0000,0.0000,0.0001,0.0001,0.0001,0.0001
0.0001,0.0002,0.0002,0.0002,0.0003,0.0003,0.0004,0.0005,0.0008,0.0013
0.0024,0.0051,0.0104,0.0196,0.0325,0.0492,0.0680,0.0892,0.1122,0.1366
0.1615,0.1859,0.2107,0.2358,0.2608,0.2852,0.3092,0.3330,0.3565,0.3793
0.4018,0.4240,0.4455,0.4672,0.4888,0.5099,0.5311,0.5520,0.5724,0.5931
0.6132,0.6331,0.6528,0.6730,0.6929,0.7125,0.7316,0.7505,0.7691,0.7874
0.8054,0.8224,0.8388,0.8547,0.8695,0.8832,0.8958,0.9070,0.9167,0.9256
0.9334,0.9399,0.9457,0.9510,0.9557,0.9598,0.9636,0.9670,0.9700,0.9727
0.9750,0.9771,0.9790,0.9806,0.9821,0.9834,0.9845,0.9856,0.9864,0.9872
0.9879,0.9885,0.9891,0.9896,0.9900,0.9904,0.9908,0.9912,0.9915,0.9918
0.9922,0.9925,0.9928,0.9931,0.9933,0.9935,0.9938,0.9940,0.9942,0.9944
0.9946,0.9947,0.9949,0.9951,0.9952,0.9953,0.9955,0.9956,0.9957,0.9959
0.9960,0.9962,0.9964,0.9966,0.9968,0.9971,0.9973,0.9976,0.9978,0.9980
0.9982,0.9985,0.9987,0.9989,0.9991,0.9993,0.9995,0.9996,0.9998,1.0000
hwc2v1fract=0.0000,0.0001,0.0001,0.0001,0.0001,0.0002,0.0002,0.0003
0.0003,0.0004,0.0005,0.0006,0.0006,0.0008,0.0010,0.0012,0.0017,0.0027
0.0044,0.0083,0.0153,0.0262,0.0407,0.0582,0.0780,0.1006,0.1240,0.1486
0.1731,0.1983,0.2231,0.2482,0.2723,0.2966,0.3202,0.3440,0.3673,0.3903
0.4128,0.4351,0.4567,0.4790,0.5004,0.5218,0.5425,0.5634,0.5839,0.6042
0.6240,0.6439,0.6638,0.6833,0.7026,0.7219,0.7404,0.7590,0.7772,0.7954
0.8128,0.8300,0.8463,0.8620,0.8762,0.8896,0.9014,0.9121,0.9216,0.9297
0.9370,0.9432,0.9489,0.9538,0.9582,0.9622,0.9658,0.9692,0.9722,0.9750
0.9775,0.9798,0.9815,0.9833,0.9849,0.9862,0.9874,0.9885,0.9894,0.9902
0.9909,0.9916,0.9923,0.9928,0.9932,0.9937,0.9941,0.9945,0.9949,0.9952
0.9956,0.9959,0.9961,0.9964,0.9967,0.9970,0.9972,0.9974,0.9976,0.9979
0.9980,0.9982,0.9984,0.9985,0.9986,0.9988,0.9989,0.9990,0.9991,0.9992
0.9992,0.9993,0.9994,0.9994,0.9995,0.9995,0.9996,0.9996,0.9996,0.9997
0.9997,0.9998,0.9998,0.9998,0.9999,0.9999,0.9999,0.9999,1.0000,1.0000
hwc2y2fract=0.0000,0.0001,0.0001,0.0001,0.0002,0.0002,0.0002,0.0003
0.0004,0.0004,0.0005,0.0006,0.0008,0.0010,0.0012,0.0016,0.0023,0.0035
0.0057,0.0094,0.0157,0.0253,0.0383,0.0547,0.0738,0.0950,0.1186,0.1430
0.1683,0.1939,0.2191,0.2447,0.2694,0.2940,0.3182,0.3420,0.3655,0.3888
0.4116,0.4341,0.4560,0.4779,0.4994,0.5206,0.5417,0.5627,0.5834,0.6041
0.6245,0.6448,0.6649,0.6850,0.7049,0.7246,0.7439,0.7625,0.7807,0.7987
0.8159,0.8327,0.8486,0.8638,0.8780,0.8911,0.9031,0.9137,0.9230,0.9312
0.9386,0.9451,0.9508,0.9559,0.9603,0.9643,0.9681,0.9712,0.9741,0.9767
0.9790,0.9811,0.9828,0.9844,0.9858,0.9870,0.9880,0.9890,0.9899,0.9907
0.9913,0.9920,0.9926,0.9931,0.9936,0.9940,0.9944,0.9948,0.9951,0.9955
0.9958,0.9961,0.9963,0.9966,0.9968,0.9970,0.9972,0.9975,0.9977,0.9979
0.9980,0.9981,0.9983,0.9984,0.9986,0.9987,0.9988,0.9989,0.9990,0.9991
0.9991,0.9992,0.9993,0.9993,0.9994,0.9995,0.9995,0.9996,0.9996,0.9997
0.9997,0.9997,0.9998,0.9998,0.9998,0.9999,0.9999,0.9999,1.0000,1.0000
hwc2x2fract=0.0000,0.0001,0.0002,0.0002,0.0003,0.0003,0.0004,0.0006
0.0007,0.0008,0.0010,0.0011,0.0013,0.0015,0.0019,0.0024,0.0032,0.0047
0.0069,0.0102,0.0150,0.0220,0.0311,0.0426,0.0562,0.0714,0.0887,0.1073
0.1276,0.1486,0.1703,0.1924,0.2153,0.2384,0.2620,0.2855,0.3088,0.3323
0.3558,0.3792,0.4029,0.4259,0.4488,0.4714,0.4942,0.5164,0.5382,0.5599
0.5814,0.6026,0.6242,0.6451,0.6656,0.6861,0.7063,0.7260,0.7453,0.7641
0.7828,0.8009,0.8184,0.8348,0.8504,0.8651,0.8785,0.8909,0.9020,0.9123
0.9214,0.9297,0.9371,0.9437,0.9496,0.9550,0.9599,0.9645,0.9687,0.9723
0.9754,0.9785,0.9811,0.9833,0.9853,0.9869,0.9884,0.9896,0.9907,0.9915
0.9923,0.9930,0.9937,0.9942,0.9947,0.9951,0.9954,0.9958,0.9961,0.9964
0.9966,0.9969,0.9972,0.9974,0.9975,0.9977,0.9979,0.9981,0.9982,0.9983
0.9985,0.9986,0.9987,0.9987,0.9988,0.9989,0.9990,0.9991,0.9991,0.9992
0.9992,0.9993,0.9994,0.9994,0.9995,0.9995,0.9995,0.9996,0.9996,0.9997
0.9997,0.9997,0.9998,0.9998,0.9998,0.9999,0.9999,0.9999,1.0000,1.0000
