; Lookup table
;number of bins in Meek's time to distance lookup table
hdriftbins=138
;number of 1st bin in Meek's table in ns
hdrift1stbin=-24
;bin size in ns of Meek's table
hdriftbinsz=2
hwc1x1fract=0.0001,0.0001,0.0002,0.0003,0.0004,0.0005,0.0006,0.0007
0.0009,0.0010,0.0011,0.0013,0.0016,0.0018,0.0022,0.0027,0.0035,0.0048
0.0066,0.0093,0.0132,0.0189,0.0269,0.0371,0.0495,0.0636,0.0796,0.0966
0.1150,0.1344,0.1547,0.1760,0.1978,0.2203,0.2430,0.2662,0.2894,0.3129
0.3362,0.3595,0.3830,0.4058,0.4284,0.4508,0.4734,0.4960,0.5182,0.5398
0.5615,0.5831,0.6045,0.6255,0.6462,0.6667,0.6870,0.7073,0.7268,0.7464
0.7653,0.7836,0.8014,0.8182,0.8343,0.8497,0.8638,0.8771,0.8891,0.9003
0.9105,0.9198,0.9279,0.9355,0.9424,0.9488,0.9544,0.9598,0.9646,0.9691
0.9731,0.9767,0.9798,0.9825,0.9847,0.9866,0.9882,0.9896,0.9909,0.9919
0.9928,0.9935,0.9942,0.9948,0.9953,0.9957,0.9961,0.9964,0.9966,0.9969
0.9971,0.9974,0.9976,0.9978,0.9979,0.9981,0.9982,0.9983,0.9985,0.9986
0.9987,0.9988,0.9989,0.9990,0.9991,0.9991,0.9992,0.9992,0.9993,0.9994
0.9994,0.9995,0.9995,0.9996,0.9996,0.9996,0.9997,0.9997,0.9998,0.9998
0.9998,0.9998,0.9999,0.9999,0.9999,0.9999,0.9999,1.0000,1.0000,1.0000
hwc1y1fract=0.0000,0.0001,0.0002,0.0003,0.0003,0.0004,0.0005,0.0006
0.0007,0.0009,0.0010,0.0012,0.0014,0.0017,0.0021,0.0026,0.0034,0.0047
0.0067,0.0102,0.0161,0.0252,0.0377,0.0534,0.0718,0.0926,0.1152,0.1393
0.1637,0.1885,0.2135,0.2383,0.2628,0.2869,0.3107,0.3343,0.3576,0.3807
0.4036,0.4263,0.4484,0.4698,0.4909,0.5122,0.5327,0.5533,0.5741,0.5946
0.6151,0.6354,0.6558,0.6755,0.6950,0.7147,0.7336,0.7526,0.7706,0.7888
0.8063,0.8231,0.8391,0.8542,0.8686,0.8818,0.8942,0.9052,0.9154,0.9242
0.9321,0.9390,0.9451,0.9506,0.9554,0.9597,0.9637,0.9672,0.9704,0.9734
0.9760,0.9785,0.9806,0.9825,0.9843,0.9858,0.9871,0.9882,0.9893,0.9902
0.9910,0.9918,0.9925,0.9932,0.9937,0.9942,0.9947,0.9952,0.9955,0.9959
0.9962,0.9965,0.9968,0.9971,0.9973,0.9976,0.9978,0.9979,0.9981,0.9983
0.9984,0.9986,0.9987,0.9988,0.9989,0.9990,0.9991,0.9992,0.9993,0.9993
0.9994,0.9994,0.9995,0.9995,0.9996,0.9996,0.9996,0.9997,0.9997,0.9998
0.9998,0.9998,0.9998,0.9999,0.9999,0.9999,0.9999,0.9999,1.0000,1.0000
hwc1u1fract=0.0000,0.0000,0.0001,0.0001,0.0001,0.0001,0.0002,0.0002
0.0002,0.0003,0.0003,0.0004,0.0004,0.0005,0.0007,0.0011,0.0018,0.0029
0.0045,0.0074,0.0121,0.0196,0.0306,0.0444,0.0604,0.0789,0.0991,0.1207
0.1430,0.1662,0.1899,0.2140,0.2376,0.2614,0.2854,0.3091,0.3323,0.3557
0.3788,0.4017,0.4241,0.4460,0.4678,0.4891,0.5105,0.5314,0.5523,0.5731
0.5936,0.6141,0.6339,0.6537,0.6734,0.6928,0.7123,0.7316,0.7500,0.7685
0.7863,0.8037,0.8204,0.8367,0.8521,0.8661,0.8791,0.8908,0.9015,0.9114
0.9200,0.9278,0.9346,0.9410,0.9465,0.9513,0.9559,0.9602,0.9641,0.9676
0.9710,0.9740,0.9768,0.9792,0.9813,0.9832,0.9847,0.9861,0.9873,0.9885
0.9895,0.9904,0.9912,0.9919,0.9927,0.9933,0.9938,0.9943,0.9947,0.9951
0.9955,0.9958,0.9961,0.9964,0.9967,0.9970,0.9972,0.9975,0.9977,0.9979
0.9981,0.9982,0.9984,0.9985,0.9986,0.9987,0.9988,0.9989,0.9990,0.9991
0.9992,0.9993,0.9993,0.9994,0.9995,0.9995,0.9996,0.9996,0.9997,0.9997
0.9997,0.9998,0.9998,0.9998,0.9999,0.9999,0.9999,0.9999,1.0000,1.0000
hwc1v1fract=0.0000,0.0000,0.0001,0.0001,0.0001,0.0001,0.0002,0.0002
0.0003,0.0004,0.0004,0.0005,0.0006,0.0007,0.0009,0.0013,0.0020,0.0033
0.0059,0.0106,0.0180,0.0287,0.0426,0.0591,0.0778,0.0982,0.1197,0.1423
0.1654,0.1884,0.2116,0.2352,0.2585,0.2814,0.3043,0.3273,0.3500,0.3724
0.3947,0.4168,0.4386,0.4600,0.4811,0.5027,0.5237,0.5447,0.5653,0.5858
0.6065,0.6268,0.6469,0.6669,0.6865,0.7063,0.7258,0.7450,0.7640,0.7821
0.8000,0.8174,0.8339,0.8497,0.8644,0.8783,0.8906,0.9019,0.9121,0.9210
0.9288,0.9358,0.9418,0.9474,0.9524,0.9569,0.9612,0.9650,0.9688,0.9721
0.9750,0.9778,0.9802,0.9823,0.9842,0.9858,0.9872,0.9884,0.9894,0.9904
0.9913,0.9920,0.9927,0.9933,0.9938,0.9943,0.9947,0.9951,0.9955,0.9958
0.9961,0.9964,0.9966,0.9969,0.9972,0.9974,0.9976,0.9978,0.9979,0.9981
0.9983,0.9984,0.9985,0.9987,0.9988,0.9989,0.9990,0.9991,0.9992,0.9993
0.9993,0.9994,0.9994,0.9995,0.9995,0.9996,0.9996,0.9997,0.9997,0.9997
0.9998,0.9998,0.9999,0.9999,0.9999,0.9999,0.9999,1.0000,1.0000,1.0000
hwc1y2fract=0.0000,0.0001,0.0001,0.0001,0.0002,0.0002,0.0002,0.0003
0.0003,0.0004,0.0005,0.0005,0.0006,0.0007,0.0009,0.0012,0.0016,0.0024
0.0038,0.0064,0.0111,0.0187,0.0293,0.0429,0.0594,0.0784,0.0995,0.1223
0.1457,0.1699,0.1948,0.2195,0.2440,0.2681,0.2923,0.3164,0.3401,0.3633
0.3863,0.4088,0.4310,0.4531,0.4748,0.4959,0.5174,0.5380,0.5584,0.5789
0.5995,0.6195,0.6397,0.6598,0.6796,0.6988,0.7180,0.7369,0.7555,0.7736
0.7912,0.8081,0.8246,0.8401,0.8553,0.8692,0.8821,0.8940,0.9044,0.9138
0.9223,0.9297,0.9365,0.9424,0.9480,0.9528,0.9573,0.9614,0.9651,0.9684
0.9714,0.9742,0.9766,0.9789,0.9808,0.9826,0.9841,0.9853,0.9866,0.9878
0.9888,0.9898,0.9906,0.9914,0.9920,0.9927,0.9932,0.9937,0.9942,0.9947
0.9951,0.9955,0.9959,0.9962,0.9965,0.9968,0.9970,0.9973,0.9975,0.9977
0.9979,0.9980,0.9982,0.9983,0.9985,0.9986,0.9987,0.9988,0.9989,0.9991
0.9992,0.9992,0.9993,0.9994,0.9995,0.9995,0.9996,0.9996,0.9996,0.9997
0.9997,0.9998,0.9998,0.9998,0.9999,0.9999,0.9999,1.0000,1.0000,1.0000
hwc1x2fract=0.0000,0.0001,0.0001,0.0001,0.0002,0.0002,0.0003,0.0004
0.0004,0.0005,0.0006,0.0006,0.0008,0.0009,0.0011,0.0015,0.0020,0.0029
0.0048,0.0078,0.0127,0.0196,0.0291,0.0409,0.0545,0.0701,0.0871,0.1055
0.1250,0.1457,0.1668,0.1887,0.2108,0.2337,0.2571,0.2806,0.3040,0.3275
0.3507,0.3741,0.3971,0.4198,0.4426,0.4650,0.4873,0.5094,0.5311,0.5528
0.5742,0.5956,0.6161,0.6369,0.6574,0.6779,0.6984,0.7184,0.7378,0.7569
0.7752,0.7933,0.8107,0.8273,0.8428,0.8575,0.8711,0.8837,0.8950,0.9057
0.9151,0.9237,0.9315,0.9385,0.9451,0.9512,0.9567,0.9617,0.9663,0.9704
0.9741,0.9773,0.9801,0.9826,0.9848,0.9867,0.9883,0.9896,0.9908,0.9919
0.9927,0.9934,0.9940,0.9945,0.9950,0.9955,0.9958,0.9962,0.9965,0.9967
0.9970,0.9972,0.9974,0.9976,0.9977,0.9979,0.9980,0.9982,0.9983,0.9984
0.9985,0.9986,0.9987,0.9988,0.9989,0.9990,0.9990,0.9991,0.9992,0.9992
0.9993,0.9993,0.9994,0.9994,0.9995,0.9995,0.9996,0.9996,0.9997,0.9997
0.9997,0.9998,0.9998,0.9998,0.9999,0.9999,0.9999,0.9999,1.0000,1.0000
hwc2x1fract=0.0001,0.0001,0.0002,0.0003,0.0003,0.0005,0.0005,0.0006
0.0008,0.0009,0.0011,0.0013,0.0015,0.0018,0.0021,0.0026,0.0033,0.0043
0.0063,0.0095,0.0139,0.0203,0.0288,0.0395,0.0523,0.0670,0.0831,0.1010
0.1199,0.1402,0.1607,0.1818,0.2037,0.2266,0.2493,0.2720,0.2953,0.3186
0.3421,0.3652,0.3885,0.4113,0.4344,0.4569,0.4791,0.5014,0.5237,0.5457
0.5675,0.5891,0.6107,0.6318,0.6527,0.6736,0.6944,0.7147,0.7347,0.7544
0.7733,0.7920,0.8097,0.8266,0.8430,0.8583,0.8725,0.8857,0.8974,0.9080
0.9178,0.9265,0.9342,0.9413,0.9478,0.9537,0.9589,0.9639,0.9681,0.9723
0.9758,0.9789,0.9818,0.9841,0.9861,0.9878,0.9892,0.9905,0.9915,0.9924
0.9932,0.9938,0.9944,0.9949,0.9954,0.9958,0.9961,0.9965,0.9967,0.9970
0.9972,0.9974,0.9975,0.9977,0.9979,0.9980,0.9982,0.9983,0.9985,0.9986
0.9987,0.9988,0.9989,0.9990,0.9990,0.9991,0.9992,0.9993,0.9993,0.9994
0.9995,0.9995,0.9995,0.9996,0.9996,0.9997,0.9997,0.9997,0.9998,0.9998
0.9998,0.9998,0.9999,0.9999,0.9999,0.9999,0.9999,1.0000,1.0000,1.0000
hwc2y1fract=0.0000,0.0000,0.0001,0.0001,0.0001,0.0001,0.0002,0.0002
0.0002,0.0003,0.0003,0.0004,0.0005,0.0006,0.0008,0.0010,0.0014,0.0022
0.0037,0.0066,0.0120,0.0206,0.0330,0.0487,0.0672,0.0883,0.1115,0.1354
0.1604,0.1855,0.2108,0.2362,0.2611,0.2856,0.3100,0.3340,0.3578,0.3814
0.4048,0.4270,0.4489,0.4711,0.4924,0.5138,0.5348,0.5555,0.5763,0.5971
0.6175,0.6379,0.6581,0.6780,0.6982,0.7179,0.7370,0.7557,0.7746,0.7929
0.8108,0.8279,0.8441,0.8598,0.8745,0.8880,0.9001,0.9111,0.9210,0.9297
0.9375,0.9443,0.9502,0.9554,0.9601,0.9643,0.9679,0.9712,0.9742,0.9769
0.9792,0.9814,0.9833,0.9848,0.9862,0.9874,0.9886,0.9897,0.9906,0.9913
0.9921,0.9927,0.9932,0.9937,0.9942,0.9946,0.9950,0.9954,0.9957,0.9960
0.9963,0.9966,0.9968,0.9970,0.9972,0.9974,0.9976,0.9978,0.9980,0.9982
0.9984,0.9985,0.9986,0.9987,0.9989,0.9990,0.9991,0.9992,0.9992,0.9993
0.9994,0.9994,0.9995,0.9996,0.9996,0.9997,0.9997,0.9997,0.9998,0.9998
0.9998,0.9998,0.9999,0.9999,0.9999,0.9999,0.9999,0.9999,1.0000,1.0000
hwc2u1fract=0.0000,0.0000,0.0001,0.0001,0.0001,0.0001,0.0001,0.0001
0.0002,0.0002,0.0003,0.0003,0.0004,0.0004,0.0006,0.0007,0.0010,0.0015
0.0027,0.0057,0.0116,0.0213,0.0347,0.0521,0.0720,0.0942,0.1176,0.1423
0.1672,0.1922,0.2173,0.2423,0.2665,0.2907,0.3146,0.3384,0.3615,0.3842
0.4067,0.4292,0.4512,0.4726,0.4941,0.5151,0.5358,0.5570,0.5775,0.5979
0.6179,0.6377,0.6573,0.6767,0.6965,0.7157,0.7350,0.7540,0.7723,0.7907
0.8085,0.8255,0.8418,0.8577,0.8729,0.8869,0.8993,0.9105,0.9203,0.9292
0.9365,0.9432,0.9489,0.9541,0.9586,0.9628,0.9664,0.9698,0.9728,0.9756
0.9780,0.9801,0.9822,0.9839,0.9854,0.9868,0.9880,0.9891,0.9900,0.9908
0.9915,0.9922,0.9928,0.9933,0.9938,0.9942,0.9946,0.9949,0.9953,0.9956
0.9959,0.9963,0.9965,0.9968,0.9970,0.9972,0.9974,0.9976,0.9978,0.9980
0.9982,0.9983,0.9985,0.9986,0.9987,0.9989,0.9990,0.9991,0.9992,0.9992
0.9993,0.9994,0.9994,0.9995,0.9996,0.9996,0.9996,0.9997,0.9997,0.9998
0.9998,0.9998,0.9999,0.9999,0.9999,0.9999,0.9999,1.0000,1.0000,1.0000
hwc2v1fract=0.0000,0.0000,0.0001,0.0001,0.0001,0.0002,0.0002,0.0002
0.0003,0.0003,0.0004,0.0005,0.0006,0.0007,0.0009,0.0011,0.0016,0.0025
0.0044,0.0082,0.0155,0.0266,0.0412,0.0594,0.0797,0.1021,0.1256,0.1502
0.1748,0.1995,0.2243,0.2491,0.2734,0.2977,0.3213,0.3449,0.3676,0.3905
0.4128,0.4351,0.4567,0.4785,0.4996,0.5207,0.5419,0.5626,0.5827,0.6030
0.6232,0.6433,0.6631,0.6829,0.7020,0.7212,0.7401,0.7590,0.7773,0.7955
0.8130,0.8300,0.8464,0.8622,0.8766,0.8900,0.9017,0.9126,0.9222,0.9307
0.9380,0.9443,0.9496,0.9546,0.9590,0.9631,0.9667,0.9700,0.9730,0.9757
0.9782,0.9805,0.9824,0.9841,0.9856,0.9869,0.9881,0.9891,0.9900,0.9908
0.9915,0.9921,0.9927,0.9932,0.9936,0.9941,0.9945,0.9949,0.9953,0.9956
0.9959,0.9962,0.9965,0.9968,0.9970,0.9973,0.9975,0.9977,0.9979,0.9981
0.9983,0.9985,0.9986,0.9988,0.9989,0.9989,0.9991,0.9992,0.9992,0.9993
0.9994,0.9995,0.9995,0.9996,0.9996,0.9997,0.9997,0.9998,0.9998,0.9998
0.9998,0.9999,0.9999,0.9999,0.9999,0.9999,0.9999,1.0000,1.0000,1.0000
hwc2y2fract=0.0000,0.0001,0.0001,0.0001,0.0002,0.0002,0.0002,0.0003
0.0003,0.0004,0.0005,0.0006,0.0007,0.0008,0.0011,0.0014,0.0020,0.0031
0.0050,0.0083,0.0142,0.0237,0.0363,0.0523,0.0713,0.0928,0.1161,0.1405
0.1656,0.1911,0.2168,0.2419,0.2672,0.2916,0.3156,0.3394,0.3631,0.3863
0.4086,0.4315,0.4535,0.4751,0.4969,0.5184,0.5395,0.5605,0.5810,0.6017
0.6223,0.6424,0.6622,0.6823,0.7018,0.7215,0.7408,0.7598,0.7786,0.7965
0.8139,0.8309,0.8469,0.8624,0.8767,0.8899,0.9018,0.9127,0.9225,0.9314
0.9389,0.9455,0.9513,0.9563,0.9609,0.9649,0.9684,0.9716,0.9747,0.9773
0.9796,0.9816,0.9834,0.9850,0.9864,0.9876,0.9887,0.9897,0.9906,0.9914
0.9921,0.9927,0.9933,0.9937,0.9942,0.9946,0.9950,0.9954,0.9957,0.9960
0.9963,0.9966,0.9968,0.9970,0.9973,0.9975,0.9977,0.9979,0.9981,0.9982
0.9984,0.9985,0.9987,0.9988,0.9989,0.9990,0.9991,0.9992,0.9993,0.9993
0.9994,0.9994,0.9995,0.9995,0.9996,0.9996,0.9997,0.9997,0.9997,0.9998
0.9998,0.9998,0.9998,0.9998,0.9999,0.9999,0.9999,0.9999,1.0000,1.0000
hwc2x2fract=0.0000,0.0001,0.0001,0.0002,0.0003,0.0003,0.0004,0.0005
0.0006,0.0007,0.0008,0.0010,0.0011,0.0013,0.0017,0.0020,0.0026,0.0037
0.0056,0.0083,0.0127,0.0192,0.0284,0.0401,0.0538,0.0698,0.0874,0.1064
0.1264,0.1478,0.1696,0.1920,0.2151,0.2384,0.2620,0.2856,0.3094,0.3326
0.3558,0.3793,0.4028,0.4257,0.4481,0.4704,0.4928,0.5147,0.5366,0.5580
0.5793,0.6007,0.6217,0.6425,0.6627,0.6831,0.7033,0.7227,0.7424,0.7614
0.7799,0.7982,0.8157,0.8323,0.8482,0.8627,0.8764,0.8893,0.9008,0.9112
0.9207,0.9291,0.9369,0.9436,0.9497,0.9550,0.9600,0.9646,0.9689,0.9726
0.9759,0.9790,0.9818,0.9840,0.9859,0.9875,0.9889,0.9901,0.9912,0.9921
0.9930,0.9937,0.9943,0.9947,0.9952,0.9956,0.9960,0.9963,0.9966,0.9969
0.9971,0.9974,0.9976,0.9977,0.9979,0.9980,0.9982,0.9983,0.9984,0.9986
0.9987,0.9988,0.9989,0.9990,0.9991,0.9991,0.9992,0.9993,0.9994,0.9994
0.9994,0.9995,0.9995,0.9995,0.9996,0.9996,0.9997,0.9997,0.9997,0.9998
0.9998,0.9998,0.9998,0.9999,0.9999,0.9999,0.9999,0.9999,1.0000,1.0000
