; Lookup table
;number of bins in Meek's time to distance lookup table
hdriftbins=138
;number of 1st bin in Meek's table in ns
hdrift1stbin=-24
;bin size in ns of Meek's table
hdriftbinsz=2
hwc1x1fract=0.0001,0.0002,0.0003,0.0004,0.0005,0.0006,0.0007,0.0008
0.0010,0.0012,0.0014,0.0015,0.0018,0.0021,0.0024,0.0029,0.0034,0.0042
0.0054,0.0075,0.0108,0.0157,0.0229,0.0318,0.0425,0.0548,0.0683,0.0831
0.0986,0.1158,0.1334,0.1522,0.1722,0.1922,0.2131,0.2346,0.2564,0.2785
0.3009,0.3235,0.3464,0.3691,0.3922,0.4151,0.4377,0.4602,0.4829,0.5052
0.5274,0.5497,0.5714,0.5933,0.6145,0.6356,0.6565,0.6774,0.6977,0.7176
0.7371,0.7563,0.7746,0.7924,0.8098,0.8266,0.8423,0.8569,0.8708,0.8834
0.8953,0.9064,0.9163,0.9257,0.9340,0.9418,0.9489,0.9556,0.9615,0.9668
0.9716,0.9759,0.9794,0.9824,0.9849,0.9870,0.9886,0.9899,0.9910,0.9918
0.9925,0.9932,0.9938,0.9943,0.9947,0.9950,0.9953,0.9956,0.9959,0.9961
0.9963,0.9965,0.9967,0.9969,0.9971,0.9973,0.9974,0.9976,0.9977,0.9978
0.9979,0.9981,0.9982,0.9982,0.9983,0.9984,0.9985,0.9986,0.9987,0.9988
0.9988,0.9989,0.9990,0.9991,0.9992,0.9992,0.9993,0.9994,0.9994,0.9995
0.9996,0.9996,0.9997,0.9997,0.9998,0.9998,0.9999,0.9999,1.0000,1.0000
hwc1y1fract=0.0001,0.0001,0.0002,0.0002,0.0003,0.0004,0.0005,0.0006
0.0007,0.0008,0.0009,0.0011,0.0013,0.0015,0.0018,0.0022,0.0030,0.0042
0.0061,0.0095,0.0149,0.0231,0.0340,0.0476,0.0632,0.0809,0.1006,0.1211
0.1425,0.1646,0.1876,0.2111,0.2346,0.2581,0.2812,0.3045,0.3278,0.3510
0.3737,0.3963,0.4185,0.4406,0.4624,0.4840,0.5058,0.5269,0.5478,0.5687
0.5893,0.6098,0.6297,0.6494,0.6694,0.6893,0.7085,0.7273,0.7459,0.7639
0.7816,0.7989,0.8153,0.8315,0.8464,0.8609,0.8742,0.8863,0.8977,0.9081
0.9175,0.9258,0.9334,0.9400,0.9462,0.9517,0.9567,0.9615,0.9655,0.9692
0.9726,0.9756,0.9783,0.9805,0.9826,0.9844,0.9861,0.9874,0.9887,0.9897
0.9907,0.9915,0.9923,0.9930,0.9936,0.9941,0.9945,0.9949,0.9953,0.9956
0.9959,0.9962,0.9964,0.9967,0.9969,0.9971,0.9973,0.9975,0.9976,0.9978
0.9980,0.9981,0.9982,0.9983,0.9984,0.9985,0.9986,0.9987,0.9988,0.9989
0.9990,0.9990,0.9991,0.9991,0.9992,0.9993,0.9993,0.9994,0.9994,0.9995
0.9995,0.9996,0.9997,0.9997,0.9998,0.9998,0.9999,0.9999,0.9999,1.0000
hwc1u1fract=0.0000,0.0001,0.0001,0.0002,0.0002,0.0002,0.0003,0.0003
0.0004,0.0004,0.0005,0.0005,0.0006,0.0007,0.0008,0.0010,0.0012,0.0018
0.0030,0.0054,0.0099,0.0174,0.0277,0.0404,0.0551,0.0717,0.0894,0.1087
0.1288,0.1499,0.1714,0.1937,0.2160,0.2384,0.2614,0.2842,0.3074,0.3301
0.3527,0.3757,0.3983,0.4208,0.4429,0.4650,0.4861,0.5077,0.5287,0.5497
0.5704,0.5908,0.6111,0.6314,0.6512,0.6710,0.6903,0.7096,0.7288,0.7474
0.7656,0.7832,0.8003,0.8171,0.8331,0.8481,0.8623,0.8753,0.8870,0.8976
0.9073,0.9160,0.9243,0.9317,0.9384,0.9445,0.9503,0.9557,0.9605,0.9650
0.9690,0.9728,0.9760,0.9789,0.9814,0.9833,0.9851,0.9866,0.9878,0.9890
0.9900,0.9908,0.9916,0.9922,0.9928,0.9934,0.9938,0.9942,0.9946,0.9949
0.9953,0.9956,0.9959,0.9961,0.9964,0.9966,0.9969,0.9971,0.9973,0.9974
0.9976,0.9977,0.9979,0.9980,0.9982,0.9983,0.9984,0.9985,0.9986,0.9987
0.9988,0.9989,0.9990,0.9990,0.9991,0.9992,0.9993,0.9993,0.9994,0.9995
0.9995,0.9996,0.9996,0.9997,0.9998,0.9998,0.9999,0.9999,1.0000,1.0000
hwc1v1fract=0.0000,0.0001,0.0001,0.0002,0.0002,0.0002,0.0003,0.0004
0.0005,0.0005,0.0006,0.0007,0.0008,0.0010,0.0012,0.0017,0.0026,0.0042
0.0072,0.0122,0.0197,0.0298,0.0420,0.0565,0.0726,0.0903,0.1085,0.1275
0.1472,0.1674,0.1881,0.2093,0.2310,0.2530,0.2749,0.2972,0.3195,0.3418
0.3643,0.3867,0.4087,0.4307,0.4522,0.4740,0.4952,0.5172,0.5384,0.5593
0.5799,0.6009,0.6213,0.6420,0.6626,0.6828,0.7025,0.7224,0.7418,0.7607
0.7793,0.7973,0.8148,0.8315,0.8471,0.8619,0.8752,0.8874,0.8984,0.9085
0.9174,0.9254,0.9328,0.9397,0.9459,0.9516,0.9568,0.9616,0.9663,0.9704
0.9741,0.9774,0.9803,0.9827,0.9848,0.9866,0.9882,0.9894,0.9905,0.9915
0.9922,0.9928,0.9934,0.9940,0.9944,0.9948,0.9952,0.9956,0.9958,0.9961
0.9963,0.9966,0.9968,0.9970,0.9972,0.9973,0.9975,0.9976,0.9977,0.9979
0.9980,0.9981,0.9982,0.9983,0.9984,0.9985,0.9986,0.9987,0.9988,0.9989
0.9990,0.9990,0.9991,0.9992,0.9992,0.9993,0.9994,0.9994,0.9995,0.9996
0.9996,0.9997,0.9997,0.9997,0.9998,0.9998,0.9999,0.9999,1.0000,1.0000
hwc1y2fract=0.0000,0.0001,0.0001,0.0002,0.0002,0.0002,0.0003,0.0003
0.0004,0.0004,0.0005,0.0006,0.0006,0.0007,0.0009,0.0012,0.0016,0.0025
0.0041,0.0070,0.0118,0.0188,0.0283,0.0402,0.0546,0.0711,0.0891,0.1089
0.1299,0.1512,0.1736,0.1963,0.2194,0.2423,0.2655,0.2885,0.3117,0.3345
0.3578,0.3807,0.4030,0.4249,0.4467,0.4680,0.4897,0.5110,0.5322,0.5529
0.5735,0.5943,0.6148,0.6350,0.6548,0.6744,0.6943,0.7134,0.7327,0.7511
0.7688,0.7865,0.8035,0.8196,0.8351,0.8497,0.8634,0.8757,0.8877,0.8983
0.9081,0.9170,0.9249,0.9322,0.9389,0.9450,0.9505,0.9555,0.9602,0.9644
0.9682,0.9717,0.9746,0.9773,0.9797,0.9818,0.9836,0.9851,0.9866,0.9878
0.9889,0.9900,0.9908,0.9915,0.9923,0.9929,0.9935,0.9940,0.9945,0.9948
0.9952,0.9956,0.9959,0.9962,0.9964,0.9967,0.9969,0.9971,0.9973,0.9975
0.9977,0.9978,0.9980,0.9981,0.9982,0.9984,0.9985,0.9986,0.9987,0.9988
0.9989,0.9990,0.9991,0.9991,0.9991,0.9992,0.9993,0.9994,0.9994,0.9995
0.9995,0.9996,0.9996,0.9997,0.9998,0.9998,0.9999,0.9999,0.9999,1.0000
hwc1x2fract=0.0001,0.0001,0.0002,0.0002,0.0003,0.0004,0.0004,0.0005
0.0006,0.0007,0.0008,0.0010,0.0011,0.0013,0.0016,0.0020,0.0027,0.0040
0.0062,0.0098,0.0152,0.0226,0.0320,0.0432,0.0561,0.0703,0.0859,0.1023
0.1201,0.1386,0.1581,0.1779,0.1986,0.2192,0.2410,0.2632,0.2857,0.3081
0.3307,0.3533,0.3767,0.3998,0.4227,0.4452,0.4680,0.4905,0.5127,0.5352
0.5569,0.5786,0.6001,0.6212,0.6426,0.6633,0.6836,0.7034,0.7234,0.7426
0.7616,0.7800,0.7977,0.8146,0.8307,0.8457,0.8602,0.8736,0.8863,0.8980
0.9085,0.9182,0.9271,0.9354,0.9428,0.9498,0.9563,0.9621,0.9673,0.9722
0.9761,0.9794,0.9822,0.9846,0.9866,0.9882,0.9895,0.9906,0.9915,0.9923
0.9928,0.9934,0.9938,0.9942,0.9946,0.9950,0.9953,0.9956,0.9958,0.9960
0.9963,0.9964,0.9966,0.9968,0.9970,0.9971,0.9972,0.9974,0.9975,0.9977
0.9978,0.9979,0.9980,0.9981,0.9982,0.9983,0.9984,0.9985,0.9986,0.9987
0.9988,0.9989,0.9990,0.9990,0.9991,0.9992,0.9992,0.9993,0.9993,0.9994
0.9995,0.9995,0.9996,0.9996,0.9997,0.9998,0.9998,0.9999,0.9999,1.0000
hwc2x1fract=0.0001,0.0002,0.0002,0.0003,0.0004,0.0005,0.0007,0.0008
0.0009,0.0011,0.0012,0.0014,0.0017,0.0020,0.0024,0.0029,0.0036,0.0051
0.0078,0.0117,0.0167,0.0236,0.0327,0.0430,0.0552,0.0688,0.0840,0.0999
0.1169,0.1347,0.1534,0.1731,0.1935,0.2146,0.2362,0.2583,0.2805,0.3027
0.3257,0.3485,0.3714,0.3946,0.4174,0.4403,0.4634,0.4860,0.5086,0.5310
0.5531,0.5751,0.5969,0.6181,0.6396,0.6609,0.6818,0.7023,0.7227,0.7426
0.7620,0.7808,0.7992,0.8164,0.8328,0.8481,0.8626,0.8759,0.8883,0.8999
0.9103,0.9199,0.9287,0.9367,0.9441,0.9511,0.9573,0.9628,0.9677,0.9720
0.9760,0.9794,0.9823,0.9848,0.9867,0.9884,0.9897,0.9910,0.9918,0.9926
0.9932,0.9938,0.9942,0.9946,0.9950,0.9953,0.9956,0.9959,0.9961,0.9964
0.9966,0.9968,0.9970,0.9971,0.9973,0.9974,0.9975,0.9977,0.9978,0.9979
0.9980,0.9981,0.9982,0.9983,0.9984,0.9984,0.9985,0.9986,0.9987,0.9988
0.9989,0.9989,0.9990,0.9991,0.9991,0.9992,0.9993,0.9993,0.9994,0.9994
0.9995,0.9995,0.9996,0.9996,0.9997,0.9998,0.9998,0.9999,1.0000,1.0000
hwc2y1fract=0.0000,0.0001,0.0001,0.0001,0.0002,0.0002,0.0002,0.0003
0.0003,0.0004,0.0004,0.0005,0.0006,0.0006,0.0007,0.0009,0.0013,0.0021
0.0036,0.0065,0.0115,0.0194,0.0301,0.0442,0.0606,0.0790,0.0995,0.1214
0.1443,0.1675,0.1915,0.2158,0.2402,0.2639,0.2881,0.3118,0.3354,0.3587
0.3818,0.4042,0.4266,0.4485,0.4705,0.4920,0.5133,0.5347,0.5556,0.5767
0.5973,0.6178,0.6381,0.6581,0.6780,0.6973,0.7168,0.7354,0.7542,0.7727
0.7908,0.8079,0.8244,0.8400,0.8552,0.8694,0.8825,0.8947,0.9056,0.9153
0.9239,0.9319,0.9389,0.9451,0.9507,0.9557,0.9603,0.9645,0.9683,0.9717
0.9747,0.9774,0.9797,0.9819,0.9835,0.9851,0.9865,0.9877,0.9888,0.9897
0.9906,0.9914,0.9921,0.9927,0.9932,0.9937,0.9942,0.9946,0.9949,0.9952
0.9955,0.9958,0.9961,0.9963,0.9966,0.9968,0.9970,0.9972,0.9974,0.9976
0.9977,0.9979,0.9981,0.9982,0.9983,0.9984,0.9985,0.9986,0.9987,0.9988
0.9989,0.9990,0.9991,0.9991,0.9992,0.9993,0.9993,0.9994,0.9994,0.9995
0.9996,0.9996,0.9997,0.9997,0.9998,0.9998,0.9999,0.9999,1.0000,1.0000
hwc2u1fract=0.0000,0.0001,0.0001,0.0001,0.0002,0.0002,0.0003,0.0003
0.0003,0.0004,0.0004,0.0005,0.0006,0.0007,0.0008,0.0011,0.0015,0.0025
0.0047,0.0093,0.0171,0.0278,0.0419,0.0583,0.0767,0.0967,0.1182,0.1400
0.1630,0.1864,0.2103,0.2339,0.2577,0.2811,0.3047,0.3282,0.3515,0.3740
0.3967,0.4191,0.4412,0.4629,0.4847,0.5060,0.5272,0.5484,0.5688,0.5892
0.6095,0.6295,0.6493,0.6691,0.6888,0.7081,0.7267,0.7452,0.7638,0.7820
0.7996,0.8169,0.8330,0.8486,0.8633,0.8770,0.8898,0.9010,0.9111,0.9202
0.9282,0.9353,0.9419,0.9478,0.9530,0.9579,0.9625,0.9664,0.9699,0.9733
0.9762,0.9790,0.9813,0.9833,0.9850,0.9865,0.9878,0.9889,0.9899,0.9907
0.9914,0.9921,0.9926,0.9931,0.9936,0.9940,0.9945,0.9948,0.9952,0.9955
0.9958,0.9961,0.9963,0.9966,0.9968,0.9970,0.9972,0.9974,0.9976,0.9977
0.9979,0.9980,0.9981,0.9983,0.9984,0.9985,0.9986,0.9987,0.9988,0.9989
0.9990,0.9991,0.9991,0.9992,0.9993,0.9993,0.9994,0.9994,0.9995,0.9995
0.9996,0.9996,0.9997,0.9998,0.9998,0.9998,0.9999,0.9999,1.0000,1.0000
hwc2v1fract=0.0000,0.0001,0.0001,0.0002,0.0002,0.0003,0.0003,0.0004
0.0004,0.0005,0.0006,0.0007,0.0008,0.0010,0.0012,0.0017,0.0025,0.0041
0.0074,0.0133,0.0224,0.0348,0.0498,0.0671,0.0863,0.1065,0.1280,0.1505
0.1734,0.1966,0.2200,0.2435,0.2672,0.2907,0.3139,0.3370,0.3598,0.3825
0.4049,0.4269,0.4486,0.4703,0.4919,0.5130,0.5338,0.5548,0.5754,0.5957
0.6157,0.6359,0.6557,0.6752,0.6944,0.7136,0.7322,0.7509,0.7690,0.7872
0.8049,0.8214,0.8374,0.8529,0.8671,0.8802,0.8924,0.9037,0.9133,0.9219
0.9298,0.9369,0.9432,0.9489,0.9543,0.9589,0.9633,0.9673,0.9709,0.9741
0.9770,0.9794,0.9816,0.9835,0.9852,0.9866,0.9879,0.9890,0.9899,0.9907
0.9915,0.9921,0.9927,0.9933,0.9937,0.9941,0.9945,0.9949,0.9952,0.9956
0.9959,0.9962,0.9964,0.9967,0.9969,0.9971,0.9973,0.9975,0.9977,0.9978
0.9980,0.9981,0.9983,0.9984,0.9985,0.9986,0.9987,0.9988,0.9988,0.9989
0.9990,0.9991,0.9992,0.9992,0.9993,0.9993,0.9994,0.9995,0.9995,0.9996
0.9996,0.9997,0.9997,0.9998,0.9998,0.9998,0.9999,0.9999,1.0000,1.0000
hwc2y2fract=0.0000,0.0000,0.0001,0.0001,0.0002,0.0002,0.0003,0.0003
0.0004,0.0004,0.0005,0.0005,0.0006,0.0007,0.0009,0.0012,0.0018,0.0029
0.0049,0.0084,0.0145,0.0233,0.0349,0.0494,0.0666,0.0856,0.1066,0.1284
0.1513,0.1748,0.1985,0.2226,0.2468,0.2709,0.2950,0.3189,0.3426,0.3660
0.3890,0.4116,0.4339,0.4561,0.4780,0.4992,0.5205,0.5417,0.5627,0.5834
0.6039,0.6243,0.6444,0.6644,0.6844,0.7040,0.7229,0.7419,0.7608,0.7788
0.7963,0.8138,0.8301,0.8457,0.8604,0.8741,0.8867,0.8981,0.9085,0.9179
0.9267,0.9343,0.9411,0.9473,0.9529,0.9577,0.9622,0.9662,0.9696,0.9729
0.9759,0.9784,0.9807,0.9826,0.9843,0.9858,0.9871,0.9883,0.9893,0.9902
0.9910,0.9918,0.9924,0.9930,0.9935,0.9939,0.9944,0.9948,0.9951,0.9955
0.9958,0.9961,0.9963,0.9965,0.9968,0.9970,0.9972,0.9973,0.9975,0.9977
0.9978,0.9979,0.9981,0.9982,0.9983,0.9984,0.9986,0.9987,0.9988,0.9988
0.9989,0.9990,0.9991,0.9991,0.9992,0.9993,0.9993,0.9994,0.9994,0.9995
0.9995,0.9996,0.9996,0.9997,0.9998,0.9998,0.9999,0.9999,1.0000,1.0000
hwc2x2fract=0.0001,0.0001,0.0002,0.0003,0.0003,0.0004,0.0005,0.0006
0.0007,0.0008,0.0009,0.0011,0.0012,0.0014,0.0017,0.0020,0.0025,0.0033
0.0046,0.0068,0.0106,0.0165,0.0245,0.0348,0.0470,0.0607,0.0762,0.0930
0.1109,0.1298,0.1495,0.1698,0.1909,0.2124,0.2347,0.2573,0.2797,0.3026
0.3254,0.3488,0.3714,0.3948,0.4177,0.4411,0.4640,0.4860,0.5080,0.5299
0.5520,0.5738,0.5950,0.6163,0.6374,0.6584,0.6790,0.6992,0.7188,0.7382
0.7573,0.7762,0.7943,0.8118,0.8284,0.8442,0.8587,0.8725,0.8853,0.8969
0.9076,0.9173,0.9263,0.9345,0.9420,0.9487,0.9549,0.9605,0.9656,0.9702
0.9743,0.9779,0.9809,0.9834,0.9856,0.9873,0.9889,0.9901,0.9912,0.9921
0.9928,0.9934,0.9939,0.9944,0.9948,0.9952,0.9955,0.9958,0.9961,0.9963
0.9966,0.9968,0.9970,0.9972,0.9974,0.9975,0.9977,0.9978,0.9979,0.9981
0.9981,0.9983,0.9984,0.9985,0.9985,0.9986,0.9987,0.9988,0.9989,0.9990
0.9991,0.9991,0.9992,0.9992,0.9993,0.9994,0.9994,0.9995,0.9995,0.9996
0.9996,0.9997,0.9997,0.9998,0.9998,0.9998,0.9999,0.9999,1.0000,1.0000
