; Lookup table
;number of bins in Meek's time to distance lookup table
hdriftbins=138
;number of 1st bin in Meek's table in ns
hdrift1stbin=-24
;bin size in ns of Meek's table
hdriftbinsz=2
hwc1x1fract=0.0002,0.0004,0.0006,0.0008,0.0010,0.0013,0.0015,0.0018
0.0020,0.0023,0.0027,0.0032,0.0039,0.0047,0.0060,0.0083,0.0114,0.0153
0.0202,0.0263,0.0340,0.0435,0.0547,0.0673,0.0811,0.0965,0.1127,0.1303
0.1487,0.1677,0.1874,0.2077,0.2284,0.2495,0.2707,0.2925,0.3143,0.3365
0.3587,0.3813,0.4029,0.4252,0.4473,0.4693,0.4914,0.5132,0.5348,0.5563
0.5777,0.5992,0.6201,0.6408,0.6613,0.6816,0.7011,0.7202,0.7393,0.7581
0.7760,0.7934,0.8093,0.8248,0.8392,0.8529,0.8659,0.8777,0.8886,0.8988
0.9085,0.9171,0.9251,0.9324,0.9391,0.9454,0.9509,0.9561,0.9606,0.9647
0.9683,0.9715,0.9742,0.9766,0.9785,0.9803,0.9816,0.9829,0.9839,0.9848
0.9856,0.9863,0.9869,0.9875,0.9880,0.9885,0.9890,0.9894,0.9898,0.9902
0.9906,0.9909,0.9913,0.9917,0.9919,0.9922,0.9926,0.9928,0.9931,0.9934
0.9936,0.9939,0.9942,0.9944,0.9947,0.9949,0.9952,0.9954,0.9957,0.9959
0.9961,0.9963,0.9966,0.9968,0.9971,0.9973,0.9975,0.9976,0.9978,0.9981
0.9983,0.9985,0.9987,0.9989,0.9991,0.9993,0.9995,0.9996,0.9998,1.0000
hwc1y1fract=0.0002,0.0004,0.0006,0.0008,0.0011,0.0013,0.0016,0.0020
0.0022,0.0026,0.0030,0.0034,0.0039,0.0045,0.0053,0.0063,0.0076,0.0096
0.0126,0.0172,0.0246,0.0347,0.0476,0.0634,0.0811,0.1007,0.1215,0.1433
0.1659,0.1886,0.2116,0.2348,0.2578,0.2808,0.3035,0.3266,0.3493,0.3715
0.3939,0.4156,0.4369,0.4580,0.4785,0.4995,0.5197,0.5402,0.5602,0.5804
0.6003,0.6199,0.6392,0.6589,0.6776,0.6966,0.7152,0.7335,0.7515,0.7689
0.7859,0.8024,0.8184,0.8338,0.8485,0.8621,0.8745,0.8861,0.8964,0.9059
0.9142,0.9218,0.9285,0.9347,0.9402,0.9451,0.9496,0.9539,0.9576,0.9613
0.9644,0.9673,0.9697,0.9719,0.9740,0.9758,0.9774,0.9788,0.9802,0.9815
0.9826,0.9836,0.9846,0.9854,0.9861,0.9869,0.9876,0.9882,0.9887,0.9893
0.9898,0.9903,0.9907,0.9911,0.9916,0.9920,0.9923,0.9927,0.9931,0.9934
0.9937,0.9941,0.9944,0.9947,0.9950,0.9952,0.9955,0.9957,0.9960,0.9962
0.9964,0.9966,0.9969,0.9971,0.9973,0.9975,0.9977,0.9979,0.9981,0.9983
0.9985,0.9987,0.9988,0.9990,0.9992,0.9993,0.9995,0.9997,0.9999,1.0000
hwc1u1fract=0.0001,0.0003,0.0004,0.0005,0.0006,0.0008,0.0009,0.0011
0.0012,0.0014,0.0016,0.0018,0.0021,0.0026,0.0037,0.0057,0.0085,0.0123
0.0173,0.0239,0.0329,0.0445,0.0580,0.0736,0.0908,0.1095,0.1292,0.1493
0.1698,0.1913,0.2132,0.2350,0.2573,0.2795,0.3018,0.3242,0.3462,0.3681
0.3905,0.4123,0.4339,0.4551,0.4766,0.4973,0.5182,0.5389,0.5594,0.5799
0.6002,0.6204,0.6407,0.6605,0.6800,0.6990,0.7179,0.7367,0.7547,0.7725
0.7901,0.8068,0.8227,0.8374,0.8515,0.8645,0.8763,0.8873,0.8973,0.9061
0.9145,0.9219,0.9287,0.9350,0.9407,0.9459,0.9508,0.9551,0.9592,0.9628
0.9661,0.9692,0.9718,0.9740,0.9761,0.9777,0.9792,0.9805,0.9818,0.9828
0.9838,0.9847,0.9856,0.9863,0.9870,0.9876,0.9882,0.9888,0.9893,0.9898
0.9903,0.9907,0.9911,0.9914,0.9918,0.9922,0.9925,0.9928,0.9931,0.9934
0.9938,0.9940,0.9943,0.9946,0.9948,0.9951,0.9954,0.9956,0.9958,0.9961
0.9964,0.9966,0.9968,0.9971,0.9973,0.9975,0.9977,0.9979,0.9981,0.9983
0.9984,0.9986,0.9988,0.9990,0.9991,0.9993,0.9995,0.9997,0.9998,1.0000
hwc1v1fract=0.0001,0.0002,0.0004,0.0005,0.0007,0.0008,0.0009,0.0011
0.0012,0.0014,0.0015,0.0017,0.0019,0.0021,0.0024,0.0029,0.0035,0.0046
0.0068,0.0109,0.0176,0.0275,0.0403,0.0559,0.0734,0.0927,0.1133,0.1347
0.1564,0.1787,0.2011,0.2234,0.2463,0.2687,0.2908,0.3130,0.3352,0.3576
0.3793,0.4012,0.4228,0.4444,0.4653,0.4864,0.5071,0.5271,0.5477,0.5681
0.5877,0.6074,0.6270,0.6465,0.6659,0.6848,0.7035,0.7223,0.7407,0.7589
0.7765,0.7938,0.8104,0.8265,0.8414,0.8554,0.8687,0.8808,0.8916,0.9016
0.9104,0.9182,0.9252,0.9317,0.9373,0.9427,0.9476,0.9520,0.9560,0.9596
0.9631,0.9665,0.9693,0.9719,0.9742,0.9763,0.9779,0.9793,0.9806,0.9817
0.9828,0.9838,0.9848,0.9856,0.9864,0.9871,0.9877,0.9883,0.9888,0.9893
0.9898,0.9903,0.9908,0.9912,0.9916,0.9920,0.9923,0.9927,0.9930,0.9934
0.9936,0.9939,0.9942,0.9945,0.9947,0.9950,0.9953,0.9955,0.9958,0.9961
0.9963,0.9966,0.9968,0.9970,0.9972,0.9974,0.9976,0.9978,0.9981,0.9982
0.9984,0.9986,0.9988,0.9990,0.9991,0.9993,0.9995,0.9997,0.9998,1.0000
hwc1y2fract=0.0001,0.0003,0.0004,0.0006,0.0008,0.0010,0.0012,0.0014
0.0016,0.0019,0.0022,0.0025,0.0029,0.0034,0.0040,0.0049,0.0063,0.0086
0.0124,0.0183,0.0268,0.0379,0.0519,0.0682,0.0863,0.1062,0.1270,0.1488
0.1708,0.1933,0.2159,0.2392,0.2619,0.2846,0.3070,0.3294,0.3514,0.3738
0.3955,0.4168,0.4382,0.4594,0.4803,0.5008,0.5210,0.5417,0.5618,0.5817
0.6015,0.6211,0.6407,0.6600,0.6795,0.6980,0.7166,0.7346,0.7526,0.7700
0.7870,0.8032,0.8192,0.8341,0.8483,0.8614,0.8734,0.8845,0.8945,0.9038
0.9120,0.9194,0.9260,0.9323,0.9378,0.9428,0.9473,0.9518,0.9558,0.9594
0.9624,0.9654,0.9680,0.9703,0.9725,0.9744,0.9761,0.9777,0.9791,0.9804
0.9815,0.9826,0.9835,0.9845,0.9854,0.9861,0.9868,0.9875,0.9882,0.9887
0.9892,0.9898,0.9902,0.9907,0.9911,0.9915,0.9919,0.9923,0.9927,0.9930
0.9934,0.9937,0.9940,0.9943,0.9946,0.9948,0.9952,0.9955,0.9957,0.9960
0.9962,0.9965,0.9967,0.9969,0.9971,0.9974,0.9976,0.9978,0.9980,0.9982
0.9983,0.9985,0.9987,0.9989,0.9991,0.9993,0.9995,0.9997,0.9998,1.0000
hwc1x2fract=0.0001,0.0003,0.0005,0.0007,0.0008,0.0010,0.0012,0.0014
0.0016,0.0019,0.0021,0.0024,0.0027,0.0032,0.0038,0.0049,0.0064,0.0087
0.0121,0.0166,0.0232,0.0317,0.0419,0.0541,0.0680,0.0832,0.0998,0.1167
0.1350,0.1540,0.1738,0.1939,0.2146,0.2362,0.2580,0.2798,0.3020,0.3244
0.3471,0.3693,0.3920,0.4144,0.4363,0.4585,0.4806,0.5022,0.5242,0.5457
0.5670,0.5881,0.6088,0.6294,0.6501,0.6703,0.6904,0.7101,0.7295,0.7481
0.7665,0.7837,0.8005,0.8165,0.8319,0.8461,0.8595,0.8721,0.8837,0.8947
0.9041,0.9131,0.9212,0.9289,0.9359,0.9421,0.9479,0.9532,0.9581,0.9623
0.9660,0.9694,0.9723,0.9749,0.9771,0.9790,0.9805,0.9817,0.9829,0.9839
0.9848,0.9855,0.9862,0.9868,0.9874,0.9879,0.9883,0.9888,0.9892,0.9896
0.9900,0.9905,0.9909,0.9913,0.9916,0.9919,0.9923,0.9926,0.9928,0.9932
0.9934,0.9937,0.9940,0.9943,0.9945,0.9948,0.9950,0.9953,0.9955,0.9958
0.9960,0.9963,0.9965,0.9967,0.9970,0.9972,0.9974,0.9976,0.9978,0.9980
0.9983,0.9985,0.9986,0.9988,0.9991,0.9993,0.9995,0.9996,0.9998,1.0000
hwc2x1fract=0.0002,0.0004,0.0006,0.0008,0.0010,0.0012,0.0015,0.0017
0.0020,0.0024,0.0028,0.0032,0.0038,0.0046,0.0058,0.0080,0.0115,0.0166
0.0233,0.0318,0.0420,0.0537,0.0670,0.0816,0.0971,0.1139,0.1315,0.1499
0.1692,0.1892,0.2100,0.2309,0.2519,0.2737,0.2958,0.3181,0.3407,0.3633
0.3856,0.4077,0.4299,0.4524,0.4741,0.4960,0.5180,0.5399,0.5614,0.5826
0.6039,0.6246,0.6454,0.6659,0.6863,0.7066,0.7262,0.7456,0.7642,0.7820
0.7997,0.8165,0.8323,0.8469,0.8607,0.8735,0.8852,0.8960,0.9057,0.9147
0.9228,0.9304,0.9372,0.9434,0.9490,0.9543,0.9589,0.9632,0.9669,0.9702
0.9729,0.9755,0.9776,0.9794,0.9809,0.9822,0.9835,0.9845,0.9854,0.9861
0.9868,0.9874,0.9880,0.9885,0.9889,0.9894,0.9898,0.9902,0.9906,0.9910
0.9914,0.9917,0.9920,0.9923,0.9926,0.9929,0.9932,0.9935,0.9937,0.9940
0.9942,0.9945,0.9947,0.9949,0.9952,0.9954,0.9956,0.9959,0.9961,0.9963
0.9965,0.9967,0.9969,0.9971,0.9973,0.9975,0.9977,0.9979,0.9981,0.9983
0.9984,0.9986,0.9988,0.9990,0.9992,0.9994,0.9995,0.9997,0.9999,1.0000
hwc2y1fract=0.0001,0.0003,0.0004,0.0006,0.0007,0.0009,0.0011,0.0013
0.0015,0.0017,0.0020,0.0023,0.0025,0.0029,0.0033,0.0040,0.0050,0.0065
0.0091,0.0134,0.0205,0.0307,0.0438,0.0603,0.0789,0.0992,0.1211,0.1437
0.1672,0.1907,0.2146,0.2384,0.2618,0.2849,0.3081,0.3311,0.3536,0.3758
0.3979,0.4195,0.4414,0.4628,0.4834,0.5044,0.5251,0.5453,0.5656,0.5857
0.6057,0.6256,0.6452,0.6647,0.6838,0.7028,0.7215,0.7401,0.7580,0.7757
0.7929,0.8095,0.8252,0.8404,0.8553,0.8687,0.8812,0.8927,0.9029,0.9119
0.9202,0.9274,0.9339,0.9398,0.9450,0.9497,0.9540,0.9577,0.9612,0.9645
0.9672,0.9698,0.9721,0.9741,0.9758,0.9774,0.9788,0.9801,0.9813,0.9823
0.9833,0.9842,0.9850,0.9857,0.9865,0.9872,0.9878,0.9883,0.9889,0.9894
0.9898,0.9902,0.9907,0.9911,0.9915,0.9919,0.9922,0.9926,0.9929,0.9933
0.9936,0.9939,0.9942,0.9945,0.9948,0.9951,0.9954,0.9957,0.9959,0.9961
0.9964,0.9966,0.9968,0.9971,0.9972,0.9975,0.9977,0.9979,0.9981,0.9983
0.9985,0.9987,0.9988,0.9990,0.9992,0.9993,0.9995,0.9997,0.9999,1.0000
hwc2u1fract=0.0001,0.0002,0.0003,0.0005,0.0006,0.0007,0.0008,0.0009
0.0011,0.0012,0.0014,0.0015,0.0017,0.0019,0.0021,0.0025,0.0031,0.0041
0.0065,0.0115,0.0198,0.0320,0.0475,0.0660,0.0863,0.1077,0.1301,0.1533
0.1769,0.2005,0.2242,0.2475,0.2707,0.2939,0.3168,0.3395,0.3620,0.3839
0.4054,0.4270,0.4485,0.4696,0.4903,0.5106,0.5308,0.5507,0.5708,0.5908
0.6102,0.6295,0.6491,0.6682,0.6870,0.7056,0.7243,0.7428,0.7609,0.7789
0.7964,0.8134,0.8295,0.8447,0.8596,0.8728,0.8851,0.8959,0.9060,0.9148
0.9225,0.9292,0.9354,0.9410,0.9460,0.9504,0.9545,0.9584,0.9618,0.9648
0.9678,0.9702,0.9725,0.9746,0.9764,0.9780,0.9793,0.9806,0.9817,0.9827
0.9836,0.9844,0.9852,0.9858,0.9865,0.9871,0.9877,0.9882,0.9887,0.9893
0.9897,0.9902,0.9907,0.9911,0.9915,0.9919,0.9923,0.9927,0.9930,0.9933
0.9936,0.9940,0.9943,0.9946,0.9949,0.9952,0.9954,0.9957,0.9960,0.9962
0.9964,0.9966,0.9968,0.9970,0.9973,0.9975,0.9977,0.9979,0.9981,0.9983
0.9985,0.9987,0.9988,0.9990,0.9992,0.9993,0.9995,0.9997,0.9998,1.0000
hwc2v1fract=0.0001,0.0003,0.0004,0.0005,0.0007,0.0008,0.0010,0.0011
0.0013,0.0014,0.0016,0.0018,0.0020,0.0022,0.0025,0.0030,0.0036,0.0047
0.0069,0.0109,0.0178,0.0286,0.0426,0.0594,0.0786,0.0997,0.1214,0.1441
0.1670,0.1903,0.2138,0.2373,0.2601,0.2833,0.3062,0.3287,0.3510,0.3731
0.3950,0.4171,0.4386,0.4599,0.4806,0.5013,0.5220,0.5423,0.5625,0.5828
0.6023,0.6223,0.6413,0.6609,0.6799,0.6989,0.7173,0.7359,0.7538,0.7715
0.7892,0.8064,0.8227,0.8383,0.8528,0.8665,0.8792,0.8905,0.9007,0.9100
0.9179,0.9251,0.9317,0.9374,0.9426,0.9475,0.9517,0.9557,0.9593,0.9627
0.9657,0.9683,0.9707,0.9729,0.9751,0.9768,0.9783,0.9797,0.9809,0.9821
0.9831,0.9839,0.9847,0.9855,0.9862,0.9868,0.9874,0.9880,0.9885,0.9890
0.9896,0.9901,0.9906,0.9910,0.9915,0.9919,0.9923,0.9926,0.9930,0.9934
0.9937,0.9941,0.9943,0.9946,0.9949,0.9952,0.9955,0.9957,0.9960,0.9962
0.9964,0.9966,0.9969,0.9971,0.9973,0.9975,0.9977,0.9979,0.9981,0.9983
0.9985,0.9987,0.9988,0.9990,0.9992,0.9993,0.9995,0.9997,0.9998,1.0000
hwc2y2fract=0.0001,0.0003,0.0004,0.0006,0.0008,0.0009,0.0011,0.0013
0.0015,0.0018,0.0021,0.0024,0.0027,0.0032,0.0037,0.0046,0.0058,0.0077
0.0106,0.0157,0.0235,0.0342,0.0480,0.0646,0.0836,0.1042,0.1265,0.1493
0.1728,0.1966,0.2202,0.2438,0.2671,0.2908,0.3140,0.3368,0.3594,0.3818
0.4038,0.4257,0.4474,0.4684,0.4892,0.5100,0.5307,0.5509,0.5713,0.5912
0.6109,0.6308,0.6502,0.6693,0.6889,0.7078,0.7266,0.7449,0.7626,0.7799
0.7971,0.8135,0.8293,0.8440,0.8582,0.8714,0.8837,0.8947,0.9047,0.9137
0.9215,0.9285,0.9348,0.9404,0.9454,0.9500,0.9542,0.9581,0.9614,0.9645
0.9673,0.9698,0.9721,0.9741,0.9759,0.9776,0.9789,0.9803,0.9813,0.9823
0.9833,0.9842,0.9850,0.9858,0.9864,0.9871,0.9877,0.9883,0.9888,0.9894
0.9898,0.9902,0.9907,0.9911,0.9915,0.9918,0.9922,0.9925,0.9929,0.9932
0.9936,0.9939,0.9942,0.9945,0.9947,0.9950,0.9952,0.9955,0.9958,0.9961
0.9963,0.9965,0.9968,0.9970,0.9972,0.9974,0.9976,0.9978,0.9980,0.9982
0.9983,0.9986,0.9988,0.9990,0.9991,0.9993,0.9995,0.9997,0.9998,1.0000
hwc2x2fract=0.0002,0.0003,0.0005,0.0006,0.0008,0.0010,0.0012,0.0014
0.0017,0.0019,0.0022,0.0026,0.0030,0.0035,0.0043,0.0057,0.0078,0.0114
0.0165,0.0232,0.0318,0.0423,0.0548,0.0688,0.0841,0.1007,0.1179,0.1364
0.1555,0.1755,0.1959,0.2170,0.2383,0.2601,0.2816,0.3040,0.3264,0.3492
0.3717,0.3946,0.4169,0.4391,0.4612,0.4833,0.5049,0.5268,0.5484,0.5700
0.5911,0.6123,0.6333,0.6541,0.6743,0.6942,0.7141,0.7340,0.7528,0.7713
0.7890,0.8060,0.8223,0.8376,0.8519,0.8650,0.8776,0.8890,0.8992,0.9085
0.9171,0.9251,0.9325,0.9391,0.9450,0.9505,0.9554,0.9598,0.9639,0.9675
0.9706,0.9734,0.9757,0.9778,0.9795,0.9810,0.9823,0.9835,0.9845,0.9854
0.9861,0.9868,0.9875,0.9880,0.9886,0.9890,0.9895,0.9899,0.9903,0.9907
0.9911,0.9914,0.9918,0.9921,0.9924,0.9927,0.9930,0.9933,0.9936,0.9939
0.9941,0.9943,0.9946,0.9948,0.9951,0.9953,0.9955,0.9957,0.9960,0.9963
0.9965,0.9967,0.9969,0.9971,0.9973,0.9975,0.9977,0.9979,0.9981,0.9983
0.9985,0.9986,0.9988,0.9990,0.9992,0.9994,0.9995,0.9997,0.9998,1.0000
