; Lookup table
;number of bins in Meek's time to distance lookup table
hdriftbins=138
;number of 1st bin in Meek's table in ns
hdrift1stbin=-24
;bin size in ns of Meek's table
hdriftbinsz=2
hwc1x1fract=0.0000,0.0001,0.0001,0.0002,0.0002,0.0003,0.0004,0.0005
0.0006,0.0007,0.0008,0.0010,0.0012,0.0014,0.0017,0.0022,0.0030,0.0043
0.0063,0.0088,0.0126,0.0179,0.0253,0.0344,0.0459,0.0592,0.0738,0.0906
0.1074,0.1257,0.1445,0.1646,0.1844,0.2050,0.2262,0.2477,0.2699,0.2920
0.3138,0.3360,0.3586,0.3812,0.4032,0.4254,0.4475,0.4699,0.4918,0.5134
0.5350,0.5566,0.5779,0.5992,0.6206,0.6413,0.6619,0.6819,0.7020,0.7220
0.7414,0.7603,0.7787,0.7969,0.8139,0.8305,0.8459,0.8606,0.8748,0.8874
0.8992,0.9096,0.9193,0.9284,0.9368,0.9441,0.9507,0.9572,0.9626,0.9678
0.9721,0.9763,0.9798,0.9829,0.9856,0.9878,0.9896,0.9910,0.9923,0.9934
0.9943,0.9951,0.9957,0.9962,0.9966,0.9970,0.9973,0.9975,0.9978,0.9980
0.9982,0.9984,0.9986,0.9987,0.9989,0.9990,0.9990,0.9991,0.9992,0.9993
0.9994,0.9994,0.9995,0.9996,0.9996,0.9996,0.9997,0.9997,0.9998,0.9998
0.9998,0.9999,0.9999,0.9999,0.9999,0.9999,0.9999,1.0000,1.0000,1.0000
1.0000,1.0000,1.0000,1.0000,1.0000,1.0000,1.0000,1.0000,1.0000,1.0000
hwc1y1fract=0.0000,0.0001,0.0001,0.0001,0.0002,0.0002,0.0003,0.0004
0.0005,0.0006,0.0007,0.0008,0.0010,0.0013,0.0016,0.0021,0.0028,0.0038
0.0055,0.0082,0.0131,0.0207,0.0316,0.0456,0.0624,0.0815,0.1028,0.1252
0.1482,0.1715,0.1947,0.2179,0.2413,0.2642,0.2876,0.3101,0.3330,0.3554
0.3776,0.3996,0.4215,0.4431,0.4642,0.4852,0.5062,0.5268,0.5470,0.5677
0.5883,0.6084,0.6286,0.6484,0.6680,0.6873,0.7067,0.7263,0.7450,0.7636
0.7812,0.7989,0.8160,0.8328,0.8485,0.8635,0.8775,0.8901,0.9025,0.9131
0.9226,0.9313,0.9389,0.9455,0.9514,0.9569,0.9618,0.9661,0.9700,0.9734
0.9764,0.9791,0.9814,0.9833,0.9851,0.9867,0.9882,0.9895,0.9906,0.9916
0.9923,0.9931,0.9938,0.9944,0.9950,0.9954,0.9959,0.9964,0.9967,0.9970
0.9972,0.9976,0.9978,0.9980,0.9982,0.9984,0.9986,0.9987,0.9989,0.9990
0.9992,0.9993,0.9993,0.9995,0.9995,0.9996,0.9997,0.9997,0.9998,0.9998
0.9998,0.9999,0.9999,0.9999,0.9999,0.9999,0.9999,1.0000,1.0000,1.0000
1.0000,1.0000,1.0000,1.0000,1.0000,1.0000,1.0000,1.0000,1.0000,1.0000
hwc1u1fract=0.0000,0.0000,0.0000,0.0000,0.0000,0.0000,0.0001,0.0001
0.0001,0.0001,0.0001,0.0002,0.0002,0.0003,0.0004,0.0006,0.0014,0.0027
0.0046,0.0073,0.0113,0.0175,0.0266,0.0386,0.0534,0.0702,0.0888,0.1091
0.1297,0.1513,0.1735,0.1957,0.2183,0.2409,0.2635,0.2860,0.3083,0.3305
0.3531,0.3753,0.3967,0.4186,0.4408,0.4620,0.4837,0.5046,0.5253,0.5458
0.5662,0.5866,0.6070,0.6273,0.6477,0.6670,0.6866,0.7062,0.7254,0.7442
0.7627,0.7810,0.7982,0.8154,0.8317,0.8474,0.8620,0.8756,0.8880,0.8996
0.9098,0.9191,0.9272,0.9347,0.9415,0.9476,0.9532,0.9583,0.9629,0.9669
0.9706,0.9740,0.9771,0.9799,0.9823,0.9843,0.9861,0.9876,0.9889,0.9901
0.9911,0.9920,0.9927,0.9934,0.9940,0.9946,0.9951,0.9955,0.9958,0.9962
0.9966,0.9968,0.9972,0.9975,0.9977,0.9979,0.9982,0.9984,0.9986,0.9987
0.9989,0.9990,0.9991,0.9992,0.9993,0.9994,0.9995,0.9996,0.9996,0.9997
0.9997,0.9998,0.9998,0.9998,0.9998,0.9999,0.9999,0.9999,0.9999,0.9999
0.9999,1.0000,1.0000,1.0000,1.0000,1.0000,1.0000,1.0000,1.0000,1.0000
hwc1v1fract=0.0000,0.0000,0.0000,0.0000,0.0000,0.0001,0.0001,0.0001
0.0001,0.0002,0.0002,0.0003,0.0003,0.0004,0.0006,0.0008,0.0012,0.0019
0.0034,0.0063,0.0117,0.0200,0.0320,0.0470,0.0642,0.0836,0.1051,0.1265
0.1484,0.1707,0.1932,0.2152,0.2378,0.2599,0.2821,0.3045,0.3271,0.3486
0.3701,0.3922,0.4139,0.4362,0.4577,0.4785,0.4992,0.5199,0.5404,0.5608
0.5812,0.6014,0.6214,0.6413,0.6614,0.6809,0.7001,0.7191,0.7383,0.7571
0.7755,0.7934,0.8113,0.8281,0.8444,0.8599,0.8743,0.8873,0.8995,0.9104
0.9200,0.9284,0.9359,0.9424,0.9488,0.9542,0.9589,0.9635,0.9677,0.9714
0.9748,0.9780,0.9806,0.9828,0.9850,0.9868,0.9882,0.9897,0.9908,0.9919
0.9926,0.9933,0.9939,0.9945,0.9950,0.9954,0.9957,0.9961,0.9965,0.9968
0.9971,0.9974,0.9976,0.9978,0.9980,0.9982,0.9984,0.9986,0.9988,0.9989
0.9991,0.9992,0.9993,0.9994,0.9994,0.9995,0.9996,0.9996,0.9997,0.9997
0.9998,0.9998,0.9998,0.9999,0.9999,0.9999,0.9999,0.9999,0.9999,1.0000
1.0000,1.0000,1.0000,1.0000,1.0000,1.0000,1.0000,1.0000,1.0000,1.0000
hwc1y2fract=0.0000,0.0001,0.0001,0.0001,0.0001,0.0001,0.0002,0.0002
0.0002,0.0003,0.0003,0.0004,0.0005,0.0006,0.0008,0.0012,0.0018,0.0029
0.0049,0.0087,0.0146,0.0235,0.0357,0.0508,0.0686,0.0880,0.1093,0.1317
0.1546,0.1781,0.2014,0.2242,0.2478,0.2712,0.2942,0.3165,0.3392,0.3613
0.3835,0.4057,0.4270,0.4487,0.4698,0.4908,0.5116,0.5322,0.5528,0.5732
0.5936,0.6133,0.6328,0.6526,0.6723,0.6919,0.7110,0.7303,0.7487,0.7673
0.7849,0.8022,0.8188,0.8349,0.8497,0.8649,0.8783,0.8905,0.9018,0.9121
0.9213,0.9297,0.9368,0.9434,0.9494,0.9546,0.9594,0.9637,0.9677,0.9711
0.9743,0.9771,0.9795,0.9817,0.9836,0.9853,0.9868,0.9882,0.9893,0.9905
0.9913,0.9921,0.9929,0.9935,0.9941,0.9946,0.9951,0.9956,0.9960,0.9963
0.9967,0.9970,0.9972,0.9975,0.9978,0.9980,0.9982,0.9984,0.9986,0.9987
0.9988,0.9989,0.9991,0.9992,0.9993,0.9994,0.9994,0.9995,0.9996,0.9996
0.9997,0.9997,0.9998,0.9998,0.9998,0.9998,0.9999,0.9999,0.9999,0.9999
0.9999,0.9999,0.9999,0.9999,1.0000,1.0000,1.0000,1.0000,1.0000,1.0000
hwc1x2fract=0.0000,0.0000,0.0001,0.0001,0.0002,0.0002,0.0002,0.0003
0.0003,0.0004,0.0005,0.0006,0.0007,0.0008,0.0010,0.0015,0.0023,0.0035
0.0057,0.0095,0.0151,0.0227,0.0332,0.0459,0.0600,0.0754,0.0918,0.1097
0.1286,0.1475,0.1678,0.1888,0.2103,0.2320,0.2535,0.2754,0.2981,0.3207
0.3425,0.3657,0.3880,0.4100,0.4320,0.4547,0.4762,0.4980,0.5200,0.5414
0.5629,0.5840,0.6047,0.6260,0.6469,0.6673,0.6875,0.7074,0.7271,0.7463
0.7652,0.7837,0.8012,0.8187,0.8351,0.8508,0.8655,0.8788,0.8914,0.9027
0.9131,0.9228,0.9316,0.9395,0.9463,0.9529,0.9588,0.9641,0.9687,0.9731
0.9768,0.9802,0.9829,0.9853,0.9875,0.9893,0.9909,0.9922,0.9933,0.9942
0.9948,0.9954,0.9959,0.9963,0.9967,0.9971,0.9973,0.9976,0.9978,0.9980
0.9982,0.9984,0.9986,0.9987,0.9989,0.9990,0.9991,0.9992,0.9993,0.9993
0.9994,0.9995,0.9995,0.9995,0.9996,0.9996,0.9996,0.9997,0.9997,0.9998
0.9998,0.9998,0.9998,0.9999,0.9999,0.9999,0.9999,0.9999,0.9999,0.9999
0.9999,0.9999,1.0000,1.0000,1.0000,1.0000,1.0000,1.0000,1.0000,1.0000
hwc2x1fract=0.0000,0.0001,0.0001,0.0002,0.0002,0.0003,0.0003,0.0004
0.0005,0.0006,0.0008,0.0009,0.0011,0.0013,0.0016,0.0019,0.0024,0.0033
0.0048,0.0076,0.0118,0.0181,0.0262,0.0363,0.0485,0.0627,0.0777,0.0948
0.1127,0.1315,0.1511,0.1713,0.1917,0.2128,0.2344,0.2564,0.2783,0.3005
0.3225,0.3450,0.3668,0.3897,0.4118,0.4343,0.4560,0.4779,0.5003,0.5226
0.5443,0.5663,0.5874,0.6084,0.6298,0.6505,0.6715,0.6917,0.7115,0.7319
0.7518,0.7713,0.7901,0.8083,0.8255,0.8421,0.8577,0.8722,0.8855,0.8978
0.9091,0.9189,0.9280,0.9361,0.9439,0.9506,0.9566,0.9619,0.9669,0.9713
0.9752,0.9787,0.9817,0.9845,0.9868,0.9887,0.9902,0.9916,0.9927,0.9937
0.9945,0.9950,0.9956,0.9961,0.9966,0.9970,0.9973,0.9976,0.9978,0.9981
0.9982,0.9984,0.9986,0.9988,0.9989,0.9990,0.9991,0.9992,0.9993,0.9994
0.9995,0.9995,0.9996,0.9996,0.9997,0.9997,0.9997,0.9998,0.9998,0.9998
0.9998,0.9999,0.9999,0.9999,0.9999,0.9999,0.9999,0.9999,0.9999,1.0000
1.0000,1.0000,1.0000,1.0000,1.0000,1.0000,1.0000,1.0000,1.0000,1.0000
hwc2y1fract=0.0000,0.0000,0.0000,0.0000,0.0000,0.0001,0.0001,0.0001
0.0001,0.0002,0.0002,0.0003,0.0004,0.0005,0.0006,0.0008,0.0011,0.0018
0.0029,0.0053,0.0098,0.0171,0.0281,0.0424,0.0604,0.0807,0.1028,0.1262
0.1497,0.1737,0.1985,0.2226,0.2465,0.2704,0.2941,0.3168,0.3401,0.3623
0.3849,0.4071,0.4284,0.4499,0.4716,0.4930,0.5139,0.5348,0.5549,0.5752
0.5951,0.6154,0.6357,0.6555,0.6753,0.6949,0.7142,0.7339,0.7525,0.7711
0.7894,0.8074,0.8244,0.8411,0.8567,0.8716,0.8856,0.8983,0.9099,0.9204
0.9298,0.9378,0.9453,0.9516,0.9573,0.9622,0.9665,0.9704,0.9738,0.9767
0.9794,0.9818,0.9839,0.9860,0.9875,0.9889,0.9899,0.9910,0.9919,0.9927
0.9934,0.9940,0.9946,0.9951,0.9955,0.9959,0.9962,0.9965,0.9968,0.9971
0.9974,0.9976,0.9978,0.9980,0.9981,0.9983,0.9985,0.9986,0.9988,0.9989
0.9990,0.9991,0.9992,0.9993,0.9994,0.9994,0.9995,0.9996,0.9996,0.9997
0.9997,0.9998,0.9998,0.9998,0.9999,0.9999,0.9999,0.9999,0.9999,0.9999
0.9999,1.0000,1.0000,1.0000,1.0000,1.0000,1.0000,1.0000,1.0000,1.0000
hwc2u1fract=0.0000,0.0000,0.0000,0.0000,0.0000,0.0000,0.0000,0.0000
0.0001,0.0001,0.0001,0.0002,0.0002,0.0003,0.0004,0.0005,0.0007,0.0013
0.0029,0.0066,0.0137,0.0249,0.0396,0.0580,0.0791,0.1019,0.1248,0.1491
0.1730,0.1963,0.2197,0.2434,0.2674,0.2903,0.3132,0.3356,0.3582,0.3808
0.4024,0.4241,0.4451,0.4662,0.4873,0.5081,0.5289,0.5496,0.5697,0.5899
0.6098,0.6296,0.6492,0.6686,0.6880,0.7071,0.7262,0.7450,0.7639,0.7822
0.8001,0.8178,0.8347,0.8511,0.8665,0.8807,0.8940,0.9058,0.9166,0.9264
0.9345,0.9418,0.9482,0.9540,0.9590,0.9634,0.9675,0.9709,0.9743,0.9772
0.9797,0.9818,0.9838,0.9856,0.9873,0.9887,0.9898,0.9908,0.9917,0.9925
0.9932,0.9937,0.9943,0.9947,0.9952,0.9956,0.9960,0.9963,0.9966,0.9969
0.9971,0.9973,0.9976,0.9978,0.9980,0.9982,0.9984,0.9985,0.9987,0.9988
0.9989,0.9991,0.9991,0.9993,0.9994,0.9995,0.9995,0.9996,0.9997,0.9997
0.9998,0.9998,0.9998,0.9998,0.9999,0.9999,0.9999,0.9999,0.9999,0.9999
0.9999,1.0000,1.0000,1.0000,1.0000,1.0000,1.0000,1.0000,1.0000,1.0000
hwc2v1fract=0.0000,0.0000,0.0000,0.0000,0.0000,0.0001,0.0001,0.0001
0.0001,0.0002,0.0002,0.0003,0.0004,0.0005,0.0006,0.0008,0.0010,0.0016
0.0028,0.0052,0.0104,0.0191,0.0321,0.0486,0.0683,0.0893,0.1123,0.1354
0.1593,0.1832,0.2070,0.2308,0.2543,0.2773,0.3006,0.3230,0.3454,0.3678
0.3895,0.4106,0.4322,0.4535,0.4750,0.4959,0.5166,0.5369,0.5576,0.5777
0.5981,0.6179,0.6374,0.6569,0.6768,0.6960,0.7152,0.7340,0.7531,0.7716
0.7900,0.8074,0.8246,0.8416,0.8574,0.8724,0.8863,0.8984,0.9098,0.9198
0.9285,0.9363,0.9437,0.9498,0.9553,0.9600,0.9642,0.9682,0.9717,0.9749
0.9777,0.9802,0.9823,0.9844,0.9863,0.9877,0.9890,0.9902,0.9912,0.9919
0.9926,0.9933,0.9939,0.9944,0.9949,0.9953,0.9957,0.9960,0.9964,0.9967
0.9969,0.9973,0.9975,0.9978,0.9980,0.9982,0.9984,0.9985,0.9987,0.9988
0.9990,0.9991,0.9992,0.9993,0.9994,0.9995,0.9996,0.9997,0.9997,0.9998
0.9998,0.9998,0.9998,0.9999,0.9999,0.9999,0.9999,0.9999,1.0000,1.0000
1.0000,1.0000,1.0000,1.0000,1.0000,1.0000,1.0000,1.0000,1.0000,1.0000
hwc2y2fract=0.0000,0.0000,0.0000,0.0000,0.0001,0.0001,0.0002,0.0002
0.0003,0.0003,0.0004,0.0004,0.0005,0.0006,0.0009,0.0011,0.0017,0.0025
0.0042,0.0068,0.0117,0.0198,0.0315,0.0467,0.0648,0.0855,0.1079,0.1317
0.1554,0.1799,0.2043,0.2283,0.2524,0.2762,0.2994,0.3228,0.3458,0.3687
0.3912,0.4138,0.4358,0.4572,0.4785,0.4989,0.5196,0.5402,0.5606,0.5808
0.6015,0.6214,0.6415,0.6612,0.6808,0.7004,0.7190,0.7380,0.7568,0.7753
0.7934,0.8109,0.8281,0.8447,0.8601,0.8746,0.8881,0.9011,0.9123,0.9226
0.9315,0.9397,0.9466,0.9527,0.9580,0.9628,0.9671,0.9704,0.9739,0.9769
0.9795,0.9820,0.9840,0.9859,0.9873,0.9888,0.9899,0.9910,0.9920,0.9928
0.9935,0.9941,0.9947,0.9953,0.9956,0.9960,0.9963,0.9967,0.9969,0.9972
0.9974,0.9976,0.9978,0.9980,0.9981,0.9983,0.9984,0.9986,0.9988,0.9989
0.9990,0.9991,0.9993,0.9994,0.9994,0.9995,0.9996,0.9997,0.9997,0.9998
0.9998,0.9998,0.9999,0.9999,0.9999,0.9999,0.9999,0.9999,0.9999,1.0000
1.0000,1.0000,1.0000,1.0000,1.0000,1.0000,1.0000,1.0000,1.0000,1.0000
hwc2x2fract=0.0000,0.0001,0.0001,0.0001,0.0002,0.0002,0.0003,0.0003
0.0004,0.0005,0.0006,0.0007,0.0008,0.0010,0.0012,0.0016,0.0021,0.0031
0.0047,0.0072,0.0113,0.0171,0.0252,0.0358,0.0487,0.0633,0.0798,0.0973
0.1162,0.1359,0.1561,0.1771,0.1988,0.2204,0.2425,0.2647,0.2874,0.3100
0.3326,0.3551,0.3775,0.4002,0.4224,0.4447,0.4671,0.4891,0.5115,0.5331
0.5542,0.5755,0.5963,0.6172,0.6381,0.6589,0.6789,0.6991,0.7193,0.7389
0.7581,0.7771,0.7956,0.8133,0.8299,0.8458,0.8612,0.8754,0.8888,0.9010
0.9116,0.9216,0.9304,0.9383,0.9454,0.9520,0.9579,0.9630,0.9676,0.9721
0.9758,0.9791,0.9821,0.9847,0.9869,0.9888,0.9904,0.9917,0.9928,0.9937
0.9945,0.9951,0.9957,0.9962,0.9966,0.9970,0.9973,0.9976,0.9978,0.9980
0.9982,0.9983,0.9985,0.9987,0.9988,0.9989,0.9991,0.9992,0.9993,0.9994
0.9994,0.9995,0.9996,0.9996,0.9997,0.9997,0.9998,0.9998,0.9998,0.9999
0.9999,0.9999,0.9999,0.9999,0.9999,1.0000,1.0000,1.0000,1.0000,1.0000
1.0000,1.0000,1.0000,1.0000,1.0000,1.0000,1.0000,1.0000,1.0000,1.0000
