; Lookup table
;number of bins in Meek's time to distance lookup table
hdriftbins=138
;number of 1st bin in Meek's table in ns
hdrift1stbin=-24
;bin size in ns of Meek's table
hdriftbinsz=2
hwc1x1fract=0.0000,0.0001,0.0002,0.0003,0.0004,0.0004,0.0005,0.0007
0.0008,0.0009,0.0011,0.0013,0.0016,0.0019,0.0023,0.0031,0.0044,0.0061
0.0086,0.0120,0.0169,0.0237,0.0331,0.0443,0.0578,0.0730,0.0898,0.1079
0.1270,0.1472,0.1680,0.1894,0.2118,0.2343,0.2572,0.2801,0.3036,0.3269
0.3500,0.3737,0.3967,0.4198,0.4428,0.4655,0.4880,0.5104,0.5327,0.5544
0.5757,0.5970,0.6183,0.6393,0.6600,0.6802,0.7005,0.7202,0.7399,0.7587
0.7772,0.7950,0.8121,0.8285,0.8439,0.8582,0.8717,0.8842,0.8958,0.9061
0.9155,0.9242,0.9321,0.9394,0.9461,0.9521,0.9576,0.9625,0.9669,0.9711
0.9748,0.9781,0.9809,0.9835,0.9857,0.9876,0.9892,0.9905,0.9917,0.9926
0.9935,0.9942,0.9949,0.9954,0.9958,0.9963,0.9966,0.9970,0.9972,0.9975
0.9977,0.9980,0.9981,0.9983,0.9984,0.9986,0.9987,0.9988,0.9989,0.9990
0.9991,0.9992,0.9992,0.9993,0.9994,0.9994,0.9995,0.9995,0.9996,0.9996
0.9996,0.9997,0.9997,0.9998,0.9998,0.9998,0.9998,0.9999,0.9999,0.9999
0.9999,0.9999,0.9999,1.0000,1.0000,1.0000,1.0000,1.0000,1.0000,1.0000
hwc1y1fract=0.0000,0.0001,0.0001,0.0002,0.0002,0.0003,0.0004,0.0005
0.0007,0.0008,0.0010,0.0012,0.0014,0.0018,0.0022,0.0029,0.0039,0.0054
0.0078,0.0118,0.0186,0.0286,0.0421,0.0588,0.0783,0.1000,0.1233,0.1475
0.1727,0.1977,0.2229,0.2475,0.2722,0.2969,0.3208,0.3444,0.3674,0.3902
0.4129,0.4352,0.4569,0.4785,0.4996,0.5204,0.5410,0.5614,0.5819,0.6027
0.6230,0.6428,0.6625,0.6823,0.7017,0.7207,0.7398,0.7583,0.7766,0.7945
0.8115,0.8279,0.8435,0.8584,0.8726,0.8859,0.8980,0.9088,0.9184,0.9270
0.9345,0.9411,0.9471,0.9523,0.9570,0.9610,0.9649,0.9684,0.9716,0.9744
0.9771,0.9794,0.9815,0.9834,0.9849,0.9864,0.9877,0.9889,0.9899,0.9908
0.9917,0.9924,0.9931,0.9937,0.9942,0.9948,0.9952,0.9956,0.9960,0.9964
0.9967,0.9970,0.9973,0.9975,0.9978,0.9980,0.9982,0.9984,0.9985,0.9987
0.9989,0.9990,0.9991,0.9992,0.9993,0.9994,0.9994,0.9995,0.9996,0.9997
0.9997,0.9997,0.9998,0.9998,0.9998,0.9999,0.9999,0.9999,0.9999,0.9999
0.9999,1.0000,1.0000,1.0000,1.0000,1.0000,1.0000,1.0000,1.0000,1.0000
hwc1u1fract=0.0000,0.0000,0.0000,0.0000,0.0000,0.0000,0.0001,0.0001
0.0001,0.0001,0.0002,0.0002,0.0002,0.0003,0.0006,0.0012,0.0023,0.0040
0.0064,0.0098,0.0153,0.0240,0.0359,0.0506,0.0676,0.0869,0.1078,0.1296
0.1526,0.1757,0.1995,0.2234,0.2470,0.2706,0.2940,0.3174,0.3404,0.3630
0.3856,0.4079,0.4303,0.4525,0.4743,0.4956,0.5168,0.5378,0.5585,0.5792
0.5999,0.6201,0.6401,0.6598,0.6799,0.6994,0.7187,0.7377,0.7564,0.7750
0.7926,0.8097,0.8263,0.8421,0.8570,0.8708,0.8833,0.8948,0.9051,0.9141
0.9221,0.9296,0.9362,0.9422,0.9476,0.9525,0.9571,0.9612,0.9651,0.9688
0.9720,0.9751,0.9778,0.9801,0.9822,0.9840,0.9856,0.9870,0.9883,0.9894
0.9904,0.9913,0.9921,0.9928,0.9934,0.9939,0.9944,0.9949,0.9954,0.9958
0.9961,0.9965,0.9968,0.9971,0.9973,0.9976,0.9978,0.9980,0.9982,0.9984
0.9986,0.9987,0.9988,0.9990,0.9991,0.9991,0.9992,0.9993,0.9994,0.9995
0.9995,0.9996,0.9996,0.9997,0.9997,0.9998,0.9998,0.9998,0.9999,0.9999
0.9999,0.9999,1.0000,1.0000,1.0000,1.0000,1.0000,1.0000,1.0000,1.0000
hwc1v1fract=0.0000,0.0000,0.0000,0.0000,0.0001,0.0001,0.0001,0.0001
0.0001,0.0002,0.0002,0.0003,0.0004,0.0005,0.0006,0.0008,0.0012,0.0020
0.0034,0.0061,0.0111,0.0188,0.0301,0.0446,0.0617,0.0811,0.1022,0.1247
0.1475,0.1707,0.1942,0.2178,0.2415,0.2647,0.2881,0.3108,0.3336,0.3563
0.3786,0.4008,0.4226,0.4444,0.4657,0.4874,0.5085,0.5294,0.5500,0.5708
0.5914,0.6114,0.6318,0.6518,0.6714,0.6908,0.7105,0.7298,0.7489,0.7677
0.7859,0.8038,0.8207,0.8374,0.8530,0.8677,0.8812,0.8935,0.9046,0.9142
0.9230,0.9305,0.9370,0.9430,0.9484,0.9532,0.9576,0.9617,0.9657,0.9692
0.9725,0.9755,0.9783,0.9806,0.9826,0.9844,0.9860,0.9874,0.9886,0.9896
0.9906,0.9914,0.9922,0.9928,0.9934,0.9940,0.9944,0.9949,0.9953,0.9957
0.9960,0.9964,0.9967,0.9970,0.9973,0.9975,0.9978,0.9979,0.9981,0.9983
0.9985,0.9987,0.9988,0.9989,0.9991,0.9992,0.9993,0.9994,0.9995,0.9995
0.9996,0.9996,0.9997,0.9997,0.9998,0.9998,0.9998,0.9999,0.9999,0.9999
0.9999,0.9999,1.0000,1.0000,1.0000,1.0000,1.0000,1.0000,1.0000,1.0000
hwc1y2fract=0.0000,0.0000,0.0000,0.0001,0.0001,0.0001,0.0002,0.0002
0.0002,0.0003,0.0004,0.0004,0.0006,0.0007,0.0010,0.0013,0.0019,0.0028
0.0047,0.0081,0.0135,0.0218,0.0335,0.0481,0.0657,0.0859,0.1077,0.1307
0.1550,0.1794,0.2042,0.2293,0.2532,0.2774,0.3012,0.3249,0.3481,0.3715
0.3943,0.4170,0.4390,0.4608,0.4821,0.5034,0.5244,0.5451,0.5656,0.5860
0.6064,0.6266,0.6468,0.6664,0.6862,0.7057,0.7246,0.7432,0.7616,0.7795
0.7973,0.8142,0.8304,0.8456,0.8600,0.8735,0.8861,0.8975,0.9077,0.9170
0.9250,0.9321,0.9385,0.9443,0.9493,0.9540,0.9583,0.9621,0.9656,0.9689
0.9719,0.9747,0.9772,0.9794,0.9813,0.9830,0.9845,0.9859,0.9871,0.9882
0.9892,0.9901,0.9910,0.9917,0.9925,0.9931,0.9937,0.9942,0.9946,0.9950
0.9955,0.9958,0.9961,0.9964,0.9968,0.9970,0.9973,0.9975,0.9978,0.9980
0.9982,0.9984,0.9985,0.9987,0.9989,0.9990,0.9991,0.9992,0.9993,0.9994
0.9995,0.9996,0.9996,0.9997,0.9997,0.9998,0.9998,0.9998,0.9999,0.9999
0.9999,0.9999,0.9999,0.9999,1.0000,1.0000,1.0000,1.0000,1.0000,1.0000
hwc1x2fract=0.0000,0.0000,0.0001,0.0001,0.0001,0.0002,0.0002,0.0002
0.0003,0.0004,0.0005,0.0006,0.0007,0.0008,0.0011,0.0014,0.0020,0.0032
0.0054,0.0088,0.0140,0.0216,0.0317,0.0439,0.0582,0.0747,0.0927,0.1118
0.1324,0.1536,0.1748,0.1972,0.2204,0.2434,0.2663,0.2901,0.3135,0.3370
0.3602,0.3833,0.4065,0.4295,0.4522,0.4742,0.4962,0.5183,0.5398,0.5613
0.5825,0.6036,0.6243,0.6448,0.6650,0.6851,0.7051,0.7246,0.7438,0.7627
0.7811,0.7991,0.8162,0.8325,0.8477,0.8620,0.8751,0.8872,0.8983,0.9086
0.9179,0.9261,0.9338,0.9405,0.9466,0.9525,0.9578,0.9628,0.9672,0.9711
0.9749,0.9780,0.9810,0.9834,0.9854,0.9872,0.9888,0.9901,0.9914,0.9923
0.9932,0.9941,0.9947,0.9953,0.9957,0.9961,0.9965,0.9968,0.9971,0.9973
0.9976,0.9978,0.9980,0.9982,0.9983,0.9985,0.9987,0.9988,0.9989,0.9990
0.9991,0.9992,0.9993,0.9993,0.9994,0.9995,0.9995,0.9995,0.9996,0.9996
0.9997,0.9997,0.9997,0.9997,0.9998,0.9998,0.9998,0.9999,0.9999,0.9999
0.9999,0.9999,0.9999,0.9999,1.0000,1.0000,1.0000,1.0000,1.0000,1.0000
hwc2x1fract=0.0001,0.0001,0.0002,0.0002,0.0003,0.0004,0.0005,0.0006
0.0008,0.0009,0.0011,0.0012,0.0015,0.0018,0.0021,0.0026,0.0034,0.0048
0.0073,0.0113,0.0168,0.0241,0.0334,0.0453,0.0588,0.0742,0.0912,0.1096
0.1291,0.1496,0.1704,0.1918,0.2139,0.2365,0.2593,0.2825,0.3055,0.3286
0.3519,0.3754,0.3981,0.4207,0.4434,0.4658,0.4883,0.5109,0.5330,0.5552
0.5768,0.5984,0.6198,0.6407,0.6614,0.6820,0.7023,0.7227,0.7424,0.7619
0.7806,0.7988,0.8164,0.8332,0.8490,0.8640,0.8774,0.8901,0.9012,0.9116
0.9209,0.9291,0.9366,0.9434,0.9495,0.9551,0.9605,0.9652,0.9694,0.9734
0.9768,0.9798,0.9825,0.9848,0.9868,0.9885,0.9899,0.9912,0.9922,0.9931
0.9939,0.9946,0.9952,0.9957,0.9961,0.9965,0.9969,0.9972,0.9974,0.9977
0.9979,0.9981,0.9982,0.9984,0.9986,0.9987,0.9988,0.9989,0.9990,0.9991
0.9992,0.9993,0.9994,0.9994,0.9995,0.9995,0.9996,0.9996,0.9997,0.9997
0.9997,0.9998,0.9998,0.9998,0.9998,0.9999,0.9999,0.9999,0.9999,0.9999
0.9999,0.9999,1.0000,1.0000,1.0000,1.0000,1.0000,1.0000,1.0000,1.0000
hwc2y1fract=0.0000,0.0000,0.0000,0.0001,0.0001,0.0001,0.0001,0.0002
0.0002,0.0003,0.0003,0.0004,0.0005,0.0007,0.0009,0.0012,0.0019,0.0029
0.0050,0.0088,0.0153,0.0252,0.0391,0.0561,0.0761,0.0983,0.1220,0.1468
0.1721,0.1976,0.2227,0.2481,0.2732,0.2976,0.3214,0.3452,0.3683,0.3911
0.4137,0.4361,0.4582,0.4802,0.5018,0.5227,0.5436,0.5643,0.5848,0.6051
0.6255,0.6456,0.6656,0.6856,0.7054,0.7246,0.7437,0.7624,0.7807,0.7984
0.8158,0.8326,0.8487,0.8641,0.8782,0.8914,0.9033,0.9143,0.9238,0.9321
0.9396,0.9461,0.9518,0.9567,0.9612,0.9652,0.9688,0.9719,0.9748,0.9776
0.9799,0.9819,0.9838,0.9855,0.9869,0.9882,0.9894,0.9904,0.9912,0.9920
0.9927,0.9933,0.9938,0.9944,0.9948,0.9952,0.9956,0.9959,0.9962,0.9965
0.9967,0.9970,0.9973,0.9974,0.9976,0.9978,0.9980,0.9982,0.9983,0.9985
0.9986,0.9987,0.9989,0.9990,0.9991,0.9992,0.9993,0.9994,0.9995,0.9995
0.9996,0.9997,0.9997,0.9998,0.9998,0.9998,0.9999,0.9999,0.9999,0.9999
0.9999,1.0000,1.0000,1.0000,1.0000,1.0000,1.0000,1.0000,1.0000,1.0000
hwc2u1fract=0.0000,0.0000,0.0000,0.0000,0.0000,0.0000,0.0001,0.0001
0.0001,0.0001,0.0001,0.0002,0.0002,0.0003,0.0004,0.0005,0.0008,0.0014
0.0027,0.0057,0.0118,0.0219,0.0359,0.0533,0.0740,0.0967,0.1208,0.1454
0.1706,0.1957,0.2208,0.2455,0.2702,0.2944,0.3181,0.3417,0.3646,0.3871
0.4093,0.4312,0.4529,0.4745,0.4961,0.5169,0.5376,0.5582,0.5790,0.5992
0.6194,0.6394,0.6589,0.6783,0.6975,0.7168,0.7360,0.7548,0.7733,0.7919
0.8094,0.8266,0.8429,0.8584,0.8735,0.8872,0.8997,0.9108,0.9205,0.9289
0.9365,0.9429,0.9487,0.9538,0.9584,0.9625,0.9661,0.9695,0.9724,0.9753
0.9778,0.9801,0.9823,0.9841,0.9857,0.9872,0.9884,0.9895,0.9904,0.9912
0.9918,0.9925,0.9931,0.9936,0.9941,0.9945,0.9949,0.9953,0.9956,0.9959
0.9962,0.9965,0.9968,0.9970,0.9973,0.9975,0.9977,0.9979,0.9981,0.9983
0.9985,0.9986,0.9988,0.9989,0.9990,0.9991,0.9992,0.9993,0.9994,0.9995
0.9996,0.9996,0.9997,0.9997,0.9998,0.9998,0.9998,0.9999,0.9999,0.9999
0.9999,0.9999,1.0000,1.0000,1.0000,1.0000,1.0000,1.0000,1.0000,1.0000
hwc2v1fract=0.0000,0.0000,0.0000,0.0000,0.0001,0.0001,0.0001,0.0002
0.0002,0.0002,0.0003,0.0004,0.0005,0.0006,0.0008,0.0011,0.0016,0.0025
0.0046,0.0090,0.0170,0.0290,0.0443,0.0630,0.0842,0.1076,0.1317,0.1563
0.1812,0.2066,0.2309,0.2558,0.2800,0.3039,0.3276,0.3509,0.3737,0.3968
0.4190,0.4411,0.4630,0.4846,0.5053,0.5259,0.5463,0.5672,0.5876,0.6075
0.6271,0.6470,0.6663,0.6856,0.7048,0.7237,0.7429,0.7615,0.7797,0.7978
0.8152,0.8323,0.8486,0.8640,0.8783,0.8911,0.9029,0.9134,0.9227,0.9309
0.9381,0.9443,0.9499,0.9550,0.9593,0.9633,0.9670,0.9702,0.9733,0.9761
0.9786,0.9808,0.9829,0.9847,0.9863,0.9876,0.9888,0.9899,0.9906,0.9915
0.9922,0.9928,0.9933,0.9939,0.9944,0.9948,0.9952,0.9955,0.9959,0.9962
0.9965,0.9968,0.9970,0.9973,0.9976,0.9978,0.9980,0.9982,0.9984,0.9986
0.9988,0.9989,0.9990,0.9991,0.9992,0.9993,0.9994,0.9995,0.9995,0.9996
0.9997,0.9997,0.9998,0.9998,0.9998,0.9999,0.9999,0.9999,0.9999,0.9999
0.9999,1.0000,1.0000,1.0000,1.0000,1.0000,1.0000,1.0000,1.0000,1.0000
hwc2y2fract=0.0000,0.0000,0.0000,0.0001,0.0001,0.0001,0.0002,0.0002
0.0003,0.0004,0.0005,0.0006,0.0007,0.0009,0.0012,0.0016,0.0024,0.0038
0.0063,0.0106,0.0178,0.0284,0.0425,0.0601,0.0804,0.1028,0.1266,0.1511
0.1761,0.2017,0.2271,0.2519,0.2766,0.3011,0.3252,0.3488,0.3719,0.3949
0.4175,0.4398,0.4617,0.4835,0.5049,0.5259,0.5467,0.5673,0.5880,0.6084
0.6288,0.6490,0.6692,0.6889,0.7086,0.7279,0.7470,0.7654,0.7837,0.8012
0.8184,0.8350,0.8511,0.8662,0.8804,0.8932,0.9048,0.9152,0.9247,0.9329
0.9402,0.9466,0.9522,0.9571,0.9615,0.9653,0.9688,0.9720,0.9749,0.9775
0.9798,0.9820,0.9839,0.9855,0.9870,0.9882,0.9893,0.9902,0.9911,0.9920
0.9927,0.9933,0.9939,0.9944,0.9948,0.9953,0.9956,0.9960,0.9962,0.9965
0.9968,0.9970,0.9973,0.9975,0.9977,0.9979,0.9981,0.9983,0.9984,0.9986
0.9987,0.9988,0.9990,0.9991,0.9992,0.9993,0.9994,0.9995,0.9995,0.9996
0.9997,0.9997,0.9998,0.9998,0.9998,0.9999,0.9999,0.9999,0.9999,0.9999
0.9999,1.0000,1.0000,1.0000,1.0000,1.0000,1.0000,1.0000,1.0000,1.0000
hwc2x2fract=0.0000,0.0001,0.0001,0.0001,0.0002,0.0003,0.0003,0.0003
0.0005,0.0006,0.0007,0.0008,0.0010,0.0013,0.0016,0.0021,0.0029,0.0043
0.0067,0.0103,0.0159,0.0236,0.0340,0.0465,0.0612,0.0778,0.0962,0.1158
0.1364,0.1577,0.1799,0.2021,0.2249,0.2483,0.2720,0.2956,0.3196,0.3429
0.3663,0.3897,0.4128,0.4354,0.4584,0.4808,0.5029,0.5248,0.5468,0.5685
0.5896,0.6108,0.6315,0.6521,0.6729,0.6929,0.7127,0.7320,0.7514,0.7702
0.7887,0.8066,0.8236,0.8398,0.8549,0.8693,0.8825,0.8942,0.9051,0.9148
0.9236,0.9315,0.9388,0.9454,0.9512,0.9566,0.9616,0.9660,0.9701,0.9738
0.9770,0.9799,0.9825,0.9847,0.9866,0.9882,0.9895,0.9908,0.9919,0.9928
0.9936,0.9943,0.9949,0.9953,0.9958,0.9962,0.9966,0.9970,0.9972,0.9975
0.9978,0.9980,0.9981,0.9983,0.9985,0.9986,0.9988,0.9989,0.9990,0.9991
0.9992,0.9993,0.9994,0.9994,0.9995,0.9995,0.9996,0.9996,0.9997,0.9997
0.9998,0.9998,0.9998,0.9998,0.9999,0.9999,0.9999,0.9999,0.9999,0.9999
1.0000,1.0000,1.0000,1.0000,1.0000,1.0000,1.0000,1.0000,1.0000,1.0000
