; Lookup table
;number of bins in Meek's time to distance lookup table
hdriftbins=138
;number of 1st bin in Meek's table in ns
hdrift1stbin=-24
;bin size in ns of Meek's table
hdriftbinsz=2
hwc1x1fract=0.0000,0.0001,0.0001,0.0002,0.0003,0.0003,0.0004,0.0006
0.0007,0.0008,0.0010,0.0011,0.0014,0.0019,0.0026,0.0038,0.0060,0.0094
0.0138,0.0190,0.0254,0.0334,0.0431,0.0540,0.0663,0.0801,0.0950,0.1110
0.1272,0.1446,0.1627,0.1813,0.2009,0.2213,0.2421,0.2636,0.2854,0.3076
0.3297,0.3516,0.3744,0.3971,0.4198,0.4421,0.4651,0.4878,0.5107,0.5340
0.5569,0.5794,0.6016,0.6240,0.6456,0.6670,0.6883,0.7094,0.7304,0.7510
0.7709,0.7902,0.8082,0.8254,0.8421,0.8579,0.8726,0.8860,0.8985,0.9101
0.9211,0.9306,0.9393,0.9470,0.9543,0.9606,0.9664,0.9715,0.9760,0.9800
0.9833,0.9860,0.9882,0.9901,0.9917,0.9929,0.9939,0.9948,0.9956,0.9962
0.9967,0.9970,0.9974,0.9977,0.9979,0.9981,0.9983,0.9984,0.9986,0.9987
0.9988,0.9989,0.9990,0.9991,0.9992,0.9993,0.9994,0.9994,0.9995,0.9996
0.9997,0.9997,0.9998,0.9998,0.9998,0.9998,0.9999,0.9999,0.9999,0.9999
0.9999,0.9999,0.9999,0.9999,0.9999,1.0000,1.0000,1.0000,1.0000,1.0000
1.0000,1.0000,1.0000,1.0000,1.0000,1.0000,1.0000,1.0000,1.0000,1.0000
hwc1y1fract=0.0000,0.0001,0.0002,0.0003,0.0004,0.0005,0.0006,0.0007
0.0009,0.0010,0.0012,0.0014,0.0018,0.0023,0.0030,0.0039,0.0052,0.0072
0.0102,0.0152,0.0225,0.0328,0.0458,0.0611,0.0789,0.0985,0.1192,0.1402
0.1623,0.1848,0.2081,0.2308,0.2541,0.2773,0.3001,0.3232,0.3457,0.3688
0.3907,0.4128,0.4348,0.4567,0.4786,0.5001,0.5213,0.5423,0.5632,0.5841
0.6048,0.6253,0.6460,0.6664,0.6868,0.7066,0.7263,0.7453,0.7645,0.7830
0.8009,0.8182,0.8351,0.8510,0.8663,0.8804,0.8935,0.9057,0.9166,0.9262
0.9349,0.9425,0.9493,0.9554,0.9608,0.9654,0.9693,0.9731,0.9764,0.9793
0.9817,0.9840,0.9858,0.9874,0.9888,0.9900,0.9911,0.9920,0.9929,0.9936
0.9943,0.9950,0.9954,0.9958,0.9962,0.9966,0.9970,0.9972,0.9975,0.9977
0.9980,0.9982,0.9984,0.9985,0.9987,0.9989,0.9990,0.9991,0.9992,0.9994
0.9995,0.9996,0.9996,0.9997,0.9997,0.9998,0.9998,0.9999,0.9999,0.9999
0.9999,0.9999,0.9999,0.9999,1.0000,1.0000,1.0000,1.0000,1.0000,1.0000
1.0000,1.0000,1.0000,1.0000,1.0000,1.0000,1.0000,1.0000,1.0000,1.0000
hwc1u1fract=0.0000,0.0000,0.0000,0.0000,0.0000,0.0000,0.0000,0.0001
0.0001,0.0001,0.0001,0.0002,0.0002,0.0003,0.0007,0.0018,0.0042,0.0075
0.0122,0.0180,0.0254,0.0347,0.0462,0.0595,0.0746,0.0907,0.1080,0.1273
0.1468,0.1672,0.1883,0.2098,0.2308,0.2530,0.2746,0.2970,0.3195,0.3424
0.3649,0.3876,0.4097,0.4321,0.4541,0.4762,0.4984,0.5201,0.5418,0.5634
0.5851,0.6065,0.6272,0.6485,0.6691,0.6892,0.7093,0.7293,0.7488,0.7686
0.7873,0.8053,0.8228,0.8393,0.8551,0.8696,0.8828,0.8954,0.9071,0.9173
0.9268,0.9351,0.9425,0.9493,0.9552,0.9607,0.9655,0.9699,0.9737,0.9771
0.9800,0.9826,0.9847,0.9867,0.9882,0.9897,0.9910,0.9920,0.9928,0.9935
0.9942,0.9948,0.9952,0.9957,0.9960,0.9964,0.9967,0.9970,0.9973,0.9976
0.9978,0.9980,0.9983,0.9984,0.9986,0.9988,0.9989,0.9990,0.9992,0.9993
0.9994,0.9994,0.9995,0.9996,0.9996,0.9997,0.9997,0.9997,0.9998,0.9998
0.9998,0.9999,0.9999,0.9999,0.9999,0.9999,0.9999,0.9999,1.0000,1.0000
1.0000,1.0000,1.0000,1.0000,1.0000,1.0000,1.0000,1.0000,1.0000,1.0000
hwc1v1fract=0.0000,0.0000,0.0000,0.0000,0.0001,0.0001,0.0001,0.0001
0.0001,0.0002,0.0002,0.0003,0.0003,0.0004,0.0005,0.0008,0.0013,0.0023
0.0043,0.0081,0.0146,0.0241,0.0362,0.0511,0.0683,0.0867,0.1063,0.1266
0.1483,0.1707,0.1929,0.2151,0.2373,0.2601,0.2831,0.3067,0.3292,0.3517
0.3737,0.3961,0.4179,0.4395,0.4608,0.4820,0.5036,0.5245,0.5454,0.5665
0.5871,0.6083,0.6287,0.6491,0.6690,0.6892,0.7093,0.7287,0.7480,0.7671
0.7857,0.8039,0.8217,0.8387,0.8548,0.8703,0.8845,0.8976,0.9091,0.9194
0.9289,0.9369,0.9443,0.9509,0.9566,0.9616,0.9659,0.9701,0.9736,0.9768
0.9796,0.9821,0.9843,0.9863,0.9880,0.9894,0.9905,0.9914,0.9923,0.9930
0.9936,0.9942,0.9947,0.9952,0.9955,0.9959,0.9963,0.9967,0.9969,0.9972
0.9975,0.9978,0.9980,0.9983,0.9985,0.9986,0.9988,0.9989,0.9991,0.9992
0.9993,0.9993,0.9994,0.9995,0.9996,0.9996,0.9997,0.9997,0.9998,0.9998
0.9999,0.9999,0.9999,0.9999,0.9999,0.9999,0.9999,0.9999,1.0000,1.0000
1.0000,1.0000,1.0000,1.0000,1.0000,1.0000,1.0000,1.0000,1.0000,1.0000
hwc1y2fract=0.0000,0.0001,0.0001,0.0001,0.0002,0.0002,0.0003,0.0003
0.0004,0.0005,0.0006,0.0008,0.0009,0.0011,0.0015,0.0021,0.0030,0.0046
0.0072,0.0114,0.0178,0.0263,0.0378,0.0514,0.0677,0.0856,0.1050,0.1255
0.1464,0.1683,0.1906,0.2135,0.2360,0.2589,0.2820,0.3050,0.3281,0.3508
0.3732,0.3958,0.4180,0.4398,0.4615,0.4833,0.5048,0.5264,0.5475,0.5684
0.5890,0.6097,0.6301,0.6501,0.6703,0.6903,0.7101,0.7293,0.7480,0.7666
0.7847,0.8023,0.8195,0.8361,0.8517,0.8664,0.8801,0.8927,0.9043,0.9149
0.9245,0.9331,0.9406,0.9471,0.9530,0.9583,0.9630,0.9673,0.9709,0.9743
0.9773,0.9798,0.9821,0.9841,0.9858,0.9873,0.9886,0.9899,0.9908,0.9917
0.9926,0.9933,0.9940,0.9946,0.9951,0.9956,0.9959,0.9963,0.9966,0.9970
0.9972,0.9975,0.9977,0.9980,0.9982,0.9984,0.9986,0.9988,0.9989,0.9991
0.9992,0.9993,0.9994,0.9995,0.9996,0.9996,0.9997,0.9997,0.9998,0.9998
0.9999,0.9999,0.9999,0.9999,0.9999,0.9999,0.9999,0.9999,0.9999,1.0000
1.0000,1.0000,1.0000,1.0000,1.0000,1.0000,1.0000,1.0000,1.0000,1.0000
hwc1x2fract=0.0000,0.0000,0.0000,0.0000,0.0001,0.0001,0.0001,0.0002
0.0002,0.0003,0.0004,0.0005,0.0006,0.0009,0.0013,0.0023,0.0039,0.0060
0.0090,0.0132,0.0194,0.0271,0.0364,0.0474,0.0602,0.0743,0.0897,0.1057
0.1232,0.1412,0.1596,0.1788,0.1993,0.2200,0.2411,0.2629,0.2850,0.3077
0.3303,0.3529,0.3760,0.3992,0.4222,0.4448,0.4680,0.4906,0.5136,0.5359
0.5578,0.5801,0.6023,0.6236,0.6458,0.6675,0.6890,0.7105,0.7317,0.7519
0.7718,0.7909,0.8093,0.8268,0.8434,0.8592,0.8741,0.8877,0.9002,0.9116
0.9224,0.9320,0.9404,0.9481,0.9553,0.9613,0.9667,0.9716,0.9761,0.9798
0.9831,0.9859,0.9882,0.9900,0.9915,0.9927,0.9937,0.9945,0.9952,0.9957
0.9962,0.9966,0.9969,0.9972,0.9975,0.9978,0.9980,0.9982,0.9984,0.9985
0.9987,0.9988,0.9990,0.9991,0.9992,0.9993,0.9993,0.9994,0.9995,0.9995
0.9996,0.9996,0.9997,0.9997,0.9997,0.9998,0.9998,0.9998,0.9998,0.9998
0.9999,0.9999,0.9999,0.9999,0.9999,0.9999,0.9999,0.9999,0.9999,1.0000
1.0000,1.0000,1.0000,1.0000,1.0000,1.0000,1.0000,1.0000,1.0000,1.0000
hwc2x1fract=0.0000,0.0001,0.0001,0.0002,0.0003,0.0003,0.0004,0.0005
0.0006,0.0007,0.0009,0.0010,0.0012,0.0016,0.0020,0.0026,0.0038,0.0061
0.0101,0.0157,0.0229,0.0320,0.0425,0.0543,0.0675,0.0816,0.0966,0.1126
0.1300,0.1482,0.1666,0.1854,0.2053,0.2257,0.2467,0.2682,0.2903,0.3116
0.3340,0.3571,0.3797,0.4021,0.4247,0.4478,0.4701,0.4929,0.5158,0.5384
0.5607,0.5833,0.6057,0.6277,0.6502,0.6722,0.6934,0.7143,0.7350,0.7551
0.7755,0.7946,0.8132,0.8309,0.8484,0.8641,0.8789,0.8920,0.9042,0.9152
0.9255,0.9349,0.9433,0.9509,0.9577,0.9634,0.9686,0.9732,0.9773,0.9810
0.9841,0.9868,0.9890,0.9909,0.9923,0.9936,0.9945,0.9953,0.9959,0.9963
0.9968,0.9972,0.9975,0.9978,0.9980,0.9982,0.9984,0.9985,0.9987,0.9988
0.9989,0.9991,0.9992,0.9993,0.9993,0.9994,0.9995,0.9995,0.9996,0.9996
0.9997,0.9997,0.9997,0.9997,0.9998,0.9998,0.9998,0.9999,0.9999,0.9999
0.9999,0.9999,0.9999,0.9999,0.9999,0.9999,1.0000,1.0000,1.0000,1.0000
1.0000,1.0000,1.0000,1.0000,1.0000,1.0000,1.0000,1.0000,1.0000,1.0000
hwc2y1fract=0.0000,0.0001,0.0001,0.0001,0.0001,0.0001,0.0002,0.0002
0.0003,0.0004,0.0005,0.0007,0.0008,0.0010,0.0014,0.0019,0.0028,0.0043
0.0069,0.0115,0.0188,0.0289,0.0423,0.0582,0.0763,0.0960,0.1171,0.1397
0.1624,0.1858,0.2101,0.2336,0.2573,0.2807,0.3044,0.3278,0.3508,0.3736
0.3964,0.4187,0.4407,0.4624,0.4842,0.5056,0.5270,0.5488,0.5698,0.5902
0.6113,0.6321,0.6525,0.6729,0.6927,0.7125,0.7321,0.7517,0.7702,0.7885
0.8071,0.8246,0.8413,0.8574,0.8725,0.8867,0.8996,0.9113,0.9222,0.9316
0.9401,0.9475,0.9538,0.9596,0.9648,0.9691,0.9730,0.9763,0.9793,0.9819
0.9841,0.9858,0.9876,0.9889,0.9901,0.9911,0.9921,0.9929,0.9935,0.9942
0.9947,0.9951,0.9956,0.9959,0.9963,0.9966,0.9969,0.9972,0.9974,0.9976
0.9978,0.9980,0.9982,0.9983,0.9985,0.9986,0.9988,0.9989,0.9991,0.9992
0.9993,0.9994,0.9995,0.9996,0.9996,0.9997,0.9997,0.9998,0.9998,0.9998
0.9999,0.9999,0.9999,0.9999,0.9999,0.9999,0.9999,0.9999,0.9999,1.0000
1.0000,1.0000,1.0000,1.0000,1.0000,1.0000,1.0000,1.0000,1.0000,1.0000
hwc2u1fract=0.0000,0.0000,0.0000,0.0000,0.0000,0.0000,0.0000,0.0001
0.0001,0.0001,0.0001,0.0002,0.0002,0.0003,0.0003,0.0005,0.0009,0.0017
0.0037,0.0079,0.0154,0.0260,0.0397,0.0565,0.0758,0.0963,0.1181,0.1410
0.1642,0.1875,0.2115,0.2345,0.2587,0.2818,0.3052,0.3283,0.3516,0.3744
0.3965,0.4182,0.4403,0.4624,0.4842,0.5051,0.5261,0.5472,0.5681,0.5887
0.6093,0.6291,0.6493,0.6692,0.6893,0.7091,0.7288,0.7480,0.7667,0.7856
0.8041,0.8216,0.8386,0.8552,0.8709,0.8850,0.8986,0.9106,0.9216,0.9312
0.9396,0.9469,0.9533,0.9589,0.9638,0.9679,0.9716,0.9749,0.9780,0.9807
0.9830,0.9849,0.9867,0.9882,0.9896,0.9908,0.9917,0.9925,0.9932,0.9937
0.9943,0.9948,0.9951,0.9955,0.9959,0.9963,0.9965,0.9968,0.9971,0.9973
0.9975,0.9978,0.9980,0.9982,0.9984,0.9986,0.9988,0.9989,0.9990,0.9992
0.9993,0.9994,0.9995,0.9996,0.9997,0.9997,0.9997,0.9998,0.9998,0.9998
0.9999,0.9999,0.9999,0.9999,0.9999,0.9999,0.9999,0.9999,0.9999,1.0000
1.0000,1.0000,1.0000,1.0000,1.0000,1.0000,1.0000,1.0000,1.0000,1.0000
hwc2v1fract=0.0000,0.0000,0.0001,0.0001,0.0001,0.0001,0.0001,0.0001
0.0002,0.0002,0.0003,0.0003,0.0004,0.0005,0.0006,0.0008,0.0012,0.0020
0.0040,0.0080,0.0148,0.0251,0.0386,0.0547,0.0728,0.0929,0.1140,0.1363
0.1588,0.1818,0.2050,0.2288,0.2525,0.2758,0.2991,0.3220,0.3452,0.3682
0.3904,0.4131,0.4353,0.4567,0.4780,0.4993,0.5202,0.5416,0.5615,0.5821
0.6024,0.6231,0.6434,0.6637,0.6834,0.7033,0.7229,0.7419,0.7611,0.7803
0.7992,0.8172,0.8344,0.8508,0.8665,0.8813,0.8946,0.9070,0.9179,0.9277
0.9366,0.9445,0.9509,0.9568,0.9618,0.9663,0.9703,0.9738,0.9768,0.9796
0.9820,0.9842,0.9861,0.9877,0.9891,0.9903,0.9914,0.9922,0.9929,0.9934
0.9940,0.9945,0.9950,0.9954,0.9958,0.9961,0.9965,0.9968,0.9971,0.9974
0.9977,0.9979,0.9981,0.9983,0.9985,0.9987,0.9988,0.9990,0.9991,0.9993
0.9994,0.9995,0.9995,0.9996,0.9997,0.9997,0.9998,0.9998,0.9998,0.9999
0.9999,0.9999,0.9999,0.9999,0.9999,0.9999,0.9999,1.0000,1.0000,1.0000
1.0000,1.0000,1.0000,1.0000,1.0000,1.0000,1.0000,1.0000,1.0000,1.0000
hwc2y2fract=0.0000,0.0000,0.0001,0.0001,0.0001,0.0002,0.0002,0.0003
0.0004,0.0005,0.0006,0.0008,0.0010,0.0013,0.0018,0.0025,0.0037,0.0057
0.0089,0.0143,0.0223,0.0330,0.0462,0.0627,0.0811,0.1018,0.1229,0.1455
0.1685,0.1923,0.2155,0.2397,0.2633,0.2868,0.3101,0.3336,0.3563,0.3790
0.4015,0.4240,0.4459,0.4681,0.4899,0.5107,0.5320,0.5529,0.5739,0.5951
0.6159,0.6367,0.6568,0.6771,0.6971,0.7170,0.7365,0.7561,0.7750,0.7933
0.8110,0.8284,0.8451,0.8614,0.8762,0.8902,0.9027,0.9144,0.9245,0.9339
0.9421,0.9492,0.9554,0.9608,0.9655,0.9699,0.9735,0.9768,0.9796,0.9822
0.9842,0.9860,0.9877,0.9890,0.9902,0.9913,0.9922,0.9929,0.9936,0.9942
0.9947,0.9952,0.9956,0.9960,0.9964,0.9967,0.9969,0.9972,0.9974,0.9977
0.9979,0.9980,0.9982,0.9984,0.9986,0.9988,0.9989,0.9990,0.9992,0.9993
0.9994,0.9995,0.9996,0.9996,0.9997,0.9997,0.9998,0.9998,0.9998,0.9999
0.9999,0.9999,0.9999,0.9999,0.9999,0.9999,1.0000,1.0000,1.0000,1.0000
1.0000,1.0000,1.0000,1.0000,1.0000,1.0000,1.0000,1.0000,1.0000,1.0000
hwc2x2fract=0.0000,0.0000,0.0001,0.0001,0.0001,0.0002,0.0002,0.0003
0.0003,0.0004,0.0005,0.0007,0.0008,0.0010,0.0013,0.0019,0.0030,0.0052
0.0091,0.0146,0.0213,0.0301,0.0407,0.0526,0.0661,0.0810,0.0967,0.1134
0.1310,0.1496,0.1688,0.1883,0.2085,0.2294,0.2510,0.2730,0.2947,0.3174
0.3403,0.3635,0.3866,0.4099,0.4330,0.4559,0.4788,0.5019,0.5247,0.5471
0.5701,0.5929,0.6156,0.6376,0.6593,0.6807,0.7021,0.7231,0.7437,0.7640
0.7834,0.8025,0.8208,0.8381,0.8544,0.8697,0.8836,0.8966,0.9087,0.9194
0.9292,0.9383,0.9463,0.9533,0.9597,0.9654,0.9703,0.9747,0.9785,0.9820
0.9848,0.9873,0.9894,0.9911,0.9926,0.9936,0.9945,0.9953,0.9960,0.9965
0.9969,0.9973,0.9976,0.9979,0.9981,0.9983,0.9985,0.9986,0.9988,0.9989
0.9990,0.9992,0.9992,0.9993,0.9994,0.9995,0.9995,0.9996,0.9996,0.9997
0.9997,0.9998,0.9998,0.9998,0.9998,0.9998,0.9999,0.9999,0.9999,0.9999
0.9999,0.9999,0.9999,0.9999,0.9999,0.9999,0.9999,1.0000,1.0000,1.0000
1.0000,1.0000,1.0000,1.0000,1.0000,1.0000,1.0000,1.0000,1.0000,1.0000
