; Lookup table
;number of bins in Meek's time to distance lookup table
hdriftbins=138
;number of 1st bin in Meek's table in ns
hdrift1stbin=-24
;bin size in ns of Meek's table
hdriftbinsz=2
hwc1x1fract=0.0001,0.0002,0.0003,0.0004,0.0005,0.0006,0.0008,0.0009
0.0011,0.0013,0.0015,0.0017,0.0020,0.0025,0.0030,0.0040,0.0055,0.0076
0.0106,0.0145,0.0198,0.0271,0.0362,0.0473,0.0605,0.0750,0.0909,0.1084
0.1271,0.1464,0.1669,0.1880,0.2098,0.2321,0.2550,0.2781,0.3011,0.3243
0.3472,0.3702,0.3932,0.4161,0.4386,0.4611,0.4837,0.5061,0.5280,0.5496
0.5712,0.5924,0.6134,0.6342,0.6549,0.6751,0.6950,0.7146,0.7340,0.7529
0.7709,0.7888,0.8057,0.8219,0.8372,0.8516,0.8652,0.8775,0.8891,0.8995
0.9087,0.9173,0.9256,0.9328,0.9395,0.9456,0.9514,0.9566,0.9614,0.9657
0.9698,0.9733,0.9765,0.9791,0.9814,0.9835,0.9853,0.9867,0.9880,0.9891
0.9901,0.9909,0.9916,0.9923,0.9929,0.9934,0.9939,0.9943,0.9947,0.9950
0.9953,0.9956,0.9959,0.9961,0.9964,0.9966,0.9968,0.9970,0.9971,0.9973
0.9975,0.9976,0.9977,0.9979,0.9980,0.9981,0.9982,0.9984,0.9985,0.9986
0.9987,0.9988,0.9989,0.9989,0.9990,0.9991,0.9992,0.9993,0.9993,0.9994
0.9995,0.9995,0.9996,0.9996,0.9997,0.9998,0.9998,0.9999,0.9999,1.0000
hwc1y1fract=0.0001,0.0002,0.0003,0.0004,0.0005,0.0007,0.0008,0.0009
0.0012,0.0014,0.0016,0.0018,0.0021,0.0025,0.0031,0.0038,0.0049,0.0065
0.0091,0.0133,0.0201,0.0299,0.0432,0.0596,0.0785,0.0992,0.1217,0.1452
0.1694,0.1940,0.2184,0.2429,0.2674,0.2916,0.3153,0.3390,0.3624,0.3849
0.4074,0.4294,0.4512,0.4727,0.4940,0.5149,0.5358,0.5562,0.5765,0.5966
0.6169,0.6365,0.6562,0.6759,0.6955,0.7143,0.7333,0.7518,0.7698,0.7871
0.8043,0.8207,0.8365,0.8516,0.8654,0.8781,0.8900,0.9006,0.9104,0.9189
0.9265,0.9335,0.9395,0.9448,0.9498,0.9542,0.9581,0.9619,0.9653,0.9685
0.9714,0.9739,0.9761,0.9782,0.9800,0.9816,0.9830,0.9844,0.9856,0.9867
0.9876,0.9885,0.9894,0.9902,0.9909,0.9915,0.9922,0.9927,0.9932,0.9937
0.9941,0.9945,0.9949,0.9952,0.9955,0.9958,0.9962,0.9964,0.9966,0.9969
0.9971,0.9973,0.9975,0.9977,0.9979,0.9980,0.9982,0.9983,0.9984,0.9985
0.9987,0.9988,0.9989,0.9990,0.9991,0.9991,0.9992,0.9993,0.9994,0.9994
0.9995,0.9995,0.9996,0.9997,0.9997,0.9998,0.9998,0.9999,0.9999,1.0000
hwc1u1fract=0.0001,0.0001,0.0002,0.0002,0.0003,0.0003,0.0004,0.0005
0.0005,0.0006,0.0007,0.0008,0.0009,0.0011,0.0014,0.0023,0.0037,0.0058
0.0088,0.0129,0.0189,0.0274,0.0388,0.0528,0.0691,0.0875,0.1076,0.1288
0.1504,0.1728,0.1957,0.2191,0.2426,0.2662,0.2898,0.3130,0.3363,0.3590
0.3817,0.4042,0.4264,0.4482,0.4698,0.4913,0.5125,0.5338,0.5548,0.5753
0.5956,0.6155,0.6356,0.6553,0.6752,0.6945,0.7137,0.7324,0.7511,0.7691
0.7867,0.8038,0.8199,0.8355,0.8500,0.8637,0.8763,0.8875,0.8978,0.9069
0.9152,0.9226,0.9293,0.9354,0.9411,0.9464,0.9511,0.9555,0.9596,0.9635
0.9670,0.9701,0.9730,0.9756,0.9778,0.9798,0.9815,0.9830,0.9843,0.9855
0.9865,0.9875,0.9884,0.9892,0.9900,0.9907,0.9913,0.9919,0.9923,0.9929
0.9933,0.9937,0.9941,0.9945,0.9949,0.9952,0.9955,0.9958,0.9960,0.9963
0.9965,0.9967,0.9970,0.9972,0.9974,0.9976,0.9977,0.9979,0.9981,0.9982
0.9983,0.9984,0.9985,0.9987,0.9988,0.9989,0.9990,0.9991,0.9992,0.9993
0.9994,0.9994,0.9995,0.9996,0.9996,0.9997,0.9998,0.9998,0.9999,1.0000
hwc1v1fract=0.0001,0.0001,0.0002,0.0002,0.0003,0.0004,0.0004,0.0005
0.0006,0.0007,0.0008,0.0009,0.0010,0.0012,0.0014,0.0017,0.0023,0.0035
0.0057,0.0097,0.0163,0.0262,0.0394,0.0556,0.0742,0.0946,0.1164,0.1390
0.1620,0.1853,0.2089,0.2326,0.2561,0.2794,0.3027,0.3257,0.3483,0.3706
0.3929,0.4149,0.4366,0.4581,0.4795,0.5006,0.5215,0.5428,0.5632,0.5835
0.6038,0.6237,0.6437,0.6632,0.6825,0.7015,0.7204,0.7393,0.7579,0.7758
0.7931,0.8103,0.8268,0.8427,0.8573,0.8708,0.8831,0.8943,0.9042,0.9130
0.9210,0.9282,0.9344,0.9400,0.9453,0.9499,0.9543,0.9584,0.9622,0.9658
0.9691,0.9721,0.9747,0.9770,0.9790,0.9810,0.9825,0.9840,0.9852,0.9864
0.9874,0.9883,0.9891,0.9898,0.9905,0.9911,0.9917,0.9922,0.9927,0.9931
0.9936,0.9940,0.9944,0.9947,0.9950,0.9954,0.9957,0.9959,0.9962,0.9964
0.9967,0.9969,0.9971,0.9973,0.9975,0.9977,0.9978,0.9979,0.9981,0.9982
0.9984,0.9985,0.9986,0.9987,0.9988,0.9990,0.9990,0.9991,0.9992,0.9993
0.9994,0.9995,0.9995,0.9996,0.9997,0.9998,0.9998,0.9999,0.9999,1.0000
hwc1y2fract=0.0001,0.0001,0.0002,0.0003,0.0004,0.0004,0.0005,0.0006
0.0007,0.0009,0.0010,0.0012,0.0014,0.0017,0.0020,0.0026,0.0037,0.0057
0.0089,0.0143,0.0223,0.0334,0.0474,0.0641,0.0832,0.1044,0.1268,0.1501
0.1736,0.1979,0.2221,0.2458,0.2701,0.2936,0.3173,0.3407,0.3635,0.3865
0.4090,0.4307,0.4522,0.4740,0.4952,0.5160,0.5367,0.5575,0.5779,0.5980
0.6184,0.6381,0.6580,0.6777,0.6972,0.7159,0.7345,0.7527,0.7706,0.7879
0.8047,0.8208,0.8360,0.8507,0.8643,0.8771,0.8887,0.8991,0.9083,0.9165
0.9240,0.9306,0.9366,0.9419,0.9468,0.9513,0.9554,0.9590,0.9626,0.9659
0.9689,0.9716,0.9740,0.9761,0.9780,0.9797,0.9813,0.9826,0.9838,0.9850
0.9860,0.9870,0.9879,0.9887,0.9894,0.9901,0.9908,0.9914,0.9920,0.9925
0.9930,0.9935,0.9939,0.9943,0.9947,0.9951,0.9954,0.9957,0.9960,0.9963
0.9965,0.9967,0.9970,0.9972,0.9974,0.9976,0.9978,0.9980,0.9981,0.9983
0.9984,0.9986,0.9987,0.9988,0.9989,0.9990,0.9991,0.9992,0.9993,0.9994
0.9994,0.9995,0.9996,0.9997,0.9997,0.9998,0.9998,0.9999,0.9999,1.0000
hwc1x2fract=0.0001,0.0001,0.0002,0.0003,0.0004,0.0004,0.0006,0.0007
0.0008,0.0009,0.0010,0.0012,0.0014,0.0017,0.0022,0.0029,0.0042,0.0062
0.0094,0.0141,0.0208,0.0298,0.0412,0.0545,0.0693,0.0862,0.1040,0.1230
0.1432,0.1641,0.1860,0.2079,0.2307,0.2539,0.2768,0.3003,0.3236,0.3469
0.3703,0.3933,0.4162,0.4385,0.4612,0.4832,0.5053,0.5271,0.5486,0.5699
0.5911,0.6118,0.6327,0.6530,0.6731,0.6928,0.7123,0.7314,0.7504,0.7683
0.7861,0.8033,0.8196,0.8351,0.8497,0.8632,0.8759,0.8874,0.8979,0.9077
0.9163,0.9241,0.9313,0.9380,0.9443,0.9500,0.9553,0.9601,0.9643,0.9682
0.9718,0.9750,0.9779,0.9802,0.9822,0.9841,0.9857,0.9870,0.9882,0.9892
0.9901,0.9909,0.9917,0.9923,0.9928,0.9933,0.9939,0.9943,0.9946,0.9949
0.9953,0.9955,0.9958,0.9961,0.9963,0.9965,0.9967,0.9969,0.9971,0.9973
0.9974,0.9976,0.9977,0.9978,0.9980,0.9981,0.9982,0.9983,0.9984,0.9985
0.9986,0.9987,0.9988,0.9989,0.9990,0.9991,0.9991,0.9992,0.9993,0.9994
0.9994,0.9995,0.9996,0.9996,0.9997,0.9998,0.9998,0.9999,0.9999,1.0000
hwc2x1fract=0.0001,0.0002,0.0003,0.0004,0.0005,0.0006,0.0007,0.0009
0.0011,0.0012,0.0014,0.0017,0.0020,0.0023,0.0027,0.0033,0.0042,0.0057
0.0085,0.0127,0.0183,0.0259,0.0355,0.0469,0.0604,0.0751,0.0914,0.1092
0.1281,0.1478,0.1685,0.1896,0.2114,0.2336,0.2565,0.2792,0.3021,0.3253
0.3482,0.3714,0.3946,0.4174,0.4400,0.4625,0.4855,0.5080,0.5303,0.5523
0.5742,0.5957,0.6172,0.6384,0.6593,0.6799,0.7003,0.7203,0.7402,0.7594
0.7783,0.7966,0.8140,0.8303,0.8459,0.8603,0.8737,0.8862,0.8973,0.9074
0.9163,0.9245,0.9321,0.9391,0.9451,0.9508,0.9562,0.9610,0.9654,0.9694
0.9730,0.9763,0.9790,0.9814,0.9835,0.9853,0.9868,0.9881,0.9892,0.9901
0.9910,0.9917,0.9923,0.9929,0.9934,0.9939,0.9942,0.9946,0.9949,0.9953
0.9956,0.9959,0.9961,0.9964,0.9966,0.9968,0.9970,0.9971,0.9973,0.9975
0.9976,0.9977,0.9979,0.9980,0.9981,0.9982,0.9983,0.9984,0.9985,0.9986
0.9987,0.9988,0.9989,0.9990,0.9990,0.9991,0.9992,0.9993,0.9993,0.9994
0.9995,0.9996,0.9996,0.9997,0.9998,0.9998,0.9999,0.9999,1.0000,1.0000
hwc2y1fract=0.0000,0.0001,0.0002,0.0002,0.0003,0.0004,0.0005,0.0006
0.0007,0.0008,0.0009,0.0011,0.0013,0.0015,0.0018,0.0022,0.0029,0.0041
0.0063,0.0102,0.0168,0.0264,0.0393,0.0556,0.0745,0.0957,0.1190,0.1430
0.1676,0.1922,0.2174,0.2418,0.2664,0.2907,0.3146,0.3384,0.3616,0.3844
0.4074,0.4297,0.4517,0.4736,0.4949,0.5160,0.5366,0.5576,0.5784,0.5988
0.6193,0.6394,0.6594,0.6793,0.6991,0.7187,0.7378,0.7566,0.7750,0.7930
0.8103,0.8270,0.8431,0.8583,0.8726,0.8856,0.8976,0.9085,0.9178,0.9263
0.9336,0.9400,0.9457,0.9507,0.9553,0.9594,0.9632,0.9665,0.9697,0.9724
0.9749,0.9772,0.9792,0.9810,0.9825,0.9839,0.9851,0.9862,0.9872,0.9881
0.9888,0.9896,0.9902,0.9908,0.9915,0.9920,0.9924,0.9929,0.9933,0.9938
0.9941,0.9945,0.9948,0.9951,0.9954,0.9957,0.9959,0.9962,0.9964,0.9966
0.9969,0.9971,0.9973,0.9975,0.9977,0.9979,0.9980,0.9982,0.9983,0.9984
0.9986,0.9987,0.9988,0.9989,0.9990,0.9991,0.9992,0.9993,0.9993,0.9994
0.9995,0.9996,0.9996,0.9997,0.9998,0.9998,0.9999,0.9999,1.0000,1.0000
hwc2u1fract=0.0001,0.0001,0.0002,0.0002,0.0003,0.0003,0.0004,0.0004
0.0005,0.0006,0.0006,0.0007,0.0008,0.0009,0.0011,0.0012,0.0015,0.0021
0.0032,0.0058,0.0110,0.0199,0.0327,0.0488,0.0678,0.0893,0.1124,0.1363
0.1608,0.1857,0.2105,0.2351,0.2596,0.2839,0.3077,0.3313,0.3546,0.3773
0.3994,0.4214,0.4437,0.4653,0.4866,0.5077,0.5288,0.5493,0.5696,0.5902
0.6105,0.6306,0.6500,0.6693,0.6887,0.7076,0.7269,0.7458,0.7641,0.7823
0.8001,0.8171,0.8336,0.8491,0.8637,0.8775,0.8900,0.9013,0.9112,0.9202
0.9280,0.9350,0.9409,0.9462,0.9510,0.9555,0.9595,0.9632,0.9666,0.9696
0.9723,0.9750,0.9772,0.9792,0.9809,0.9824,0.9838,0.9851,0.9862,0.9871
0.9880,0.9887,0.9894,0.9901,0.9907,0.9912,0.9918,0.9922,0.9927,0.9932
0.9935,0.9939,0.9942,0.9946,0.9949,0.9952,0.9955,0.9958,0.9961,0.9964
0.9966,0.9969,0.9971,0.9973,0.9975,0.9977,0.9979,0.9980,0.9982,0.9983
0.9984,0.9986,0.9987,0.9988,0.9989,0.9990,0.9991,0.9992,0.9993,0.9994
0.9995,0.9995,0.9996,0.9997,0.9997,0.9998,0.9998,0.9999,0.9999,1.0000
hwc2v1fract=0.0000,0.0001,0.0002,0.0002,0.0003,0.0004,0.0004,0.0005
0.0006,0.0007,0.0008,0.0009,0.0011,0.0012,0.0015,0.0018,0.0022,0.0032
0.0052,0.0092,0.0162,0.0270,0.0414,0.0592,0.0791,0.1010,0.1239,0.1478
0.1723,0.1970,0.2216,0.2462,0.2706,0.2944,0.3178,0.3411,0.3637,0.3866
0.4090,0.4313,0.4529,0.4745,0.4955,0.5169,0.5377,0.5586,0.5785,0.5989
0.6188,0.6388,0.6584,0.6778,0.6970,0.7162,0.7348,0.7534,0.7717,0.7897
0.8073,0.8243,0.8405,0.8561,0.8704,0.8837,0.8955,0.9062,0.9156,0.9237
0.9310,0.9373,0.9430,0.9481,0.9527,0.9570,0.9608,0.9644,0.9675,0.9705
0.9732,0.9758,0.9780,0.9799,0.9816,0.9832,0.9844,0.9855,0.9866,0.9875
0.9884,0.9891,0.9898,0.9905,0.9910,0.9916,0.9921,0.9925,0.9930,0.9935
0.9939,0.9943,0.9946,0.9949,0.9952,0.9955,0.9958,0.9961,0.9964,0.9966
0.9969,0.9971,0.9973,0.9975,0.9976,0.9978,0.9980,0.9981,0.9983,0.9984
0.9985,0.9987,0.9988,0.9989,0.9990,0.9991,0.9992,0.9993,0.9993,0.9994
0.9995,0.9996,0.9996,0.9997,0.9997,0.9998,0.9999,0.9999,1.0000,1.0000
hwc2y2fract=0.0001,0.0001,0.0002,0.0003,0.0004,0.0004,0.0005,0.0007
0.0008,0.0009,0.0011,0.0012,0.0015,0.0017,0.0021,0.0026,0.0035,0.0050
0.0075,0.0118,0.0189,0.0296,0.0431,0.0600,0.0793,0.1011,0.1245,0.1484
0.1729,0.1983,0.2232,0.2484,0.2731,0.2972,0.3214,0.3451,0.3680,0.3911
0.4136,0.4365,0.4582,0.4798,0.5015,0.5230,0.5442,0.5648,0.5855,0.6057
0.6262,0.6464,0.6663,0.6859,0.7057,0.7247,0.7438,0.7622,0.7800,0.7977
0.8146,0.8311,0.8468,0.8616,0.8756,0.8884,0.9001,0.9104,0.9194,0.9275
0.9346,0.9409,0.9465,0.9516,0.9560,0.9601,0.9637,0.9671,0.9700,0.9727
0.9752,0.9774,0.9794,0.9812,0.9827,0.9841,0.9853,0.9864,0.9873,0.9882
0.9891,0.9898,0.9904,0.9910,0.9916,0.9921,0.9926,0.9930,0.9935,0.9939
0.9942,0.9945,0.9949,0.9952,0.9955,0.9958,0.9961,0.9963,0.9965,0.9968
0.9970,0.9972,0.9974,0.9976,0.9978,0.9980,0.9981,0.9982,0.9984,0.9985
0.9986,0.9987,0.9988,0.9990,0.9991,0.9992,0.9992,0.9993,0.9994,0.9995
0.9995,0.9996,0.9996,0.9997,0.9998,0.9998,0.9998,0.9999,1.0000,1.0000
hwc2x2fract=0.0001,0.0002,0.0003,0.0003,0.0005,0.0006,0.0007,0.0008
0.0010,0.0011,0.0013,0.0015,0.0017,0.0019,0.0023,0.0028,0.0038,0.0056
0.0083,0.0123,0.0181,0.0263,0.0365,0.0491,0.0636,0.0796,0.0974,0.1161
0.1362,0.1571,0.1789,0.2014,0.2243,0.2471,0.2705,0.2937,0.3170,0.3402
0.3633,0.3865,0.4097,0.4322,0.4549,0.4774,0.4999,0.5217,0.5435,0.5647
0.5865,0.6079,0.6290,0.6498,0.6708,0.6909,0.7111,0.7309,0.7501,0.7691
0.7873,0.8052,0.8219,0.8378,0.8532,0.8672,0.8800,0.8915,0.9021,0.9117
0.9203,0.9281,0.9354,0.9419,0.9477,0.9531,0.9580,0.9626,0.9666,0.9702
0.9735,0.9765,0.9792,0.9814,0.9833,0.9849,0.9864,0.9876,0.9887,0.9896
0.9906,0.9913,0.9920,0.9926,0.9931,0.9936,0.9941,0.9945,0.9948,0.9951
0.9955,0.9957,0.9960,0.9962,0.9965,0.9967,0.9969,0.9970,0.9972,0.9974
0.9975,0.9977,0.9978,0.9979,0.9980,0.9981,0.9982,0.9984,0.9985,0.9986
0.9987,0.9988,0.9989,0.9990,0.9990,0.9991,0.9992,0.9993,0.9994,0.9994
0.9995,0.9996,0.9996,0.9997,0.9997,0.9998,0.9998,0.9999,0.9999,1.0000
