; Lookup table
;number of bins in Meek's time to distance lookup table
hdriftbins=138
;number of 1st bin in Meek's table in ns
hdrift1stbin=-24
;bin size in ns of Meek's table
hdriftbinsz=2
hwc1x1fract=0.0003,0.0006,0.0008,0.0011,0.0014,0.0017,0.0021,0.0024
0.0028,0.0032,0.0036,0.0041,0.0047,0.0053,0.0062,0.0075,0.0095,0.0123
0.0159,0.0203,0.0258,0.0324,0.0407,0.0506,0.0618,0.0738,0.0872,0.1020
0.1174,0.1335,0.1510,0.1687,0.1873,0.2062,0.2262,0.2460,0.2664,0.2872
0.3084,0.3295,0.3512,0.3728,0.3946,0.4168,0.4382,0.4598,0.4816,0.5031
0.5249,0.5465,0.5685,0.5896,0.6114,0.6324,0.6534,0.6737,0.6940,0.7138
0.7334,0.7519,0.7702,0.7875,0.8041,0.8202,0.8352,0.8492,0.8623,0.8746
0.8861,0.8965,0.9064,0.9151,0.9230,0.9302,0.9370,0.9430,0.9482,0.9529
0.9571,0.9608,0.9640,0.9668,0.9690,0.9710,0.9728,0.9742,0.9755,0.9766
0.9776,0.9785,0.9793,0.9801,0.9808,0.9815,0.9821,0.9827,0.9833,0.9838
0.9844,0.9850,0.9855,0.9860,0.9865,0.9870,0.9874,0.9879,0.9883,0.9888
0.9893,0.9896,0.9900,0.9904,0.9908,0.9913,0.9917,0.9921,0.9925,0.9929
0.9932,0.9936,0.9940,0.9944,0.9947,0.9951,0.9955,0.9958,0.9962,0.9966
0.9970,0.9973,0.9976,0.9980,0.9983,0.9987,0.9990,0.9994,0.9996,1.0000
hwc1y1fract=0.0003,0.0006,0.0009,0.0012,0.0015,0.0019,0.0023,0.0026
0.0031,0.0035,0.0040,0.0045,0.0051,0.0059,0.0067,0.0077,0.0091,0.0109
0.0136,0.0177,0.0238,0.0323,0.0432,0.0569,0.0727,0.0899,0.1084,0.1279
0.1485,0.1698,0.1913,0.2130,0.2348,0.2569,0.2793,0.3014,0.3238,0.3459
0.3676,0.3890,0.4104,0.4320,0.4531,0.4740,0.4949,0.5152,0.5360,0.5564
0.5766,0.5965,0.6164,0.6358,0.6554,0.6747,0.6940,0.7129,0.7316,0.7497
0.7672,0.7843,0.8011,0.8173,0.8330,0.8475,0.8612,0.8738,0.8853,0.8960
0.9054,0.9140,0.9214,0.9280,0.9340,0.9393,0.9442,0.9486,0.9524,0.9559
0.9591,0.9620,0.9645,0.9669,0.9689,0.9708,0.9725,0.9739,0.9752,0.9764
0.9775,0.9786,0.9794,0.9803,0.9811,0.9818,0.9826,0.9832,0.9839,0.9845
0.9851,0.9857,0.9863,0.9868,0.9874,0.9878,0.9883,0.9888,0.9893,0.9897
0.9902,0.9905,0.9909,0.9914,0.9918,0.9922,0.9926,0.9929,0.9933,0.9936
0.9940,0.9943,0.9947,0.9951,0.9954,0.9958,0.9961,0.9964,0.9968,0.9971
0.9974,0.9977,0.9980,0.9982,0.9985,0.9989,0.9992,0.9994,0.9997,1.0000
hwc1u1fract=0.0002,0.0004,0.0006,0.0008,0.0011,0.0013,0.0015,0.0018
0.0021,0.0024,0.0026,0.0029,0.0033,0.0037,0.0042,0.0053,0.0070,0.0097
0.0132,0.0178,0.0237,0.0313,0.0412,0.0531,0.0667,0.0821,0.0991,0.1166
0.1345,0.1534,0.1732,0.1933,0.2138,0.2349,0.2561,0.2774,0.2993,0.3208
0.3421,0.3639,0.3850,0.4068,0.4282,0.4496,0.4710,0.4920,0.5126,0.5332
0.5538,0.5743,0.5949,0.6149,0.6346,0.6549,0.6745,0.6939,0.7134,0.7323
0.7505,0.7688,0.7865,0.8034,0.8193,0.8343,0.8482,0.8612,0.8732,0.8846
0.8947,0.9039,0.9123,0.9199,0.9267,0.9330,0.9384,0.9436,0.9483,0.9525
0.9561,0.9594,0.9625,0.9652,0.9676,0.9697,0.9714,0.9731,0.9745,0.9757
0.9769,0.9780,0.9790,0.9798,0.9807,0.9815,0.9822,0.9829,0.9836,0.9842
0.9849,0.9855,0.9860,0.9867,0.9872,0.9877,0.9882,0.9887,0.9892,0.9896
0.9901,0.9905,0.9909,0.9914,0.9917,0.9922,0.9926,0.9930,0.9933,0.9937
0.9941,0.9945,0.9948,0.9952,0.9955,0.9959,0.9962,0.9965,0.9968,0.9972
0.9975,0.9978,0.9980,0.9983,0.9986,0.9989,0.9991,0.9995,0.9997,1.0000
hwc1v1fract=0.0002,0.0004,0.0007,0.0009,0.0011,0.0014,0.0016,0.0019
0.0021,0.0024,0.0026,0.0029,0.0032,0.0036,0.0040,0.0044,0.0051,0.0062
0.0080,0.0114,0.0170,0.0250,0.0358,0.0492,0.0645,0.0812,0.0992,0.1182
0.1383,0.1590,0.1802,0.2015,0.2229,0.2443,0.2660,0.2875,0.3095,0.3313
0.3531,0.3744,0.3954,0.4168,0.4373,0.4584,0.4795,0.5000,0.5204,0.5408
0.5609,0.5812,0.6013,0.6212,0.6413,0.6610,0.6805,0.6995,0.7185,0.7374
0.7557,0.7739,0.7910,0.8079,0.8240,0.8393,0.8537,0.8672,0.8792,0.8901
0.9000,0.9089,0.9166,0.9238,0.9302,0.9358,0.9410,0.9457,0.9499,0.9539
0.9574,0.9605,0.9635,0.9660,0.9681,0.9702,0.9719,0.9735,0.9749,0.9761
0.9773,0.9785,0.9794,0.9804,0.9811,0.9820,0.9828,0.9836,0.9842,0.9849
0.9855,0.9860,0.9866,0.9872,0.9877,0.9882,0.9887,0.9892,0.9896,0.9901
0.9905,0.9909,0.9914,0.9918,0.9922,0.9925,0.9928,0.9932,0.9935,0.9939
0.9942,0.9945,0.9949,0.9952,0.9956,0.9959,0.9962,0.9965,0.9968,0.9972
0.9974,0.9977,0.9981,0.9983,0.9986,0.9989,0.9992,0.9995,0.9997,1.0000
hwc1y2fract=0.0002,0.0005,0.0007,0.0010,0.0012,0.0015,0.0018,0.0021
0.0023,0.0027,0.0030,0.0034,0.0038,0.0043,0.0049,0.0056,0.0066,0.0078
0.0098,0.0131,0.0180,0.0249,0.0342,0.0464,0.0601,0.0762,0.0934,0.1124
0.1316,0.1519,0.1730,0.1942,0.2156,0.2372,0.2592,0.2811,0.3026,0.3245
0.3461,0.3676,0.3893,0.4109,0.4323,0.4529,0.4737,0.4947,0.5152,0.5355
0.5558,0.5759,0.5960,0.6159,0.6362,0.6558,0.6752,0.6943,0.7133,0.7316
0.7502,0.7679,0.7852,0.8019,0.8182,0.8334,0.8473,0.8603,0.8726,0.8840
0.8944,0.9035,0.9117,0.9193,0.9260,0.9321,0.9377,0.9425,0.9469,0.9509
0.9544,0.9577,0.9606,0.9632,0.9656,0.9678,0.9696,0.9713,0.9727,0.9740
0.9753,0.9764,0.9775,0.9785,0.9795,0.9804,0.9812,0.9821,0.9828,0.9835
0.9842,0.9849,0.9855,0.9861,0.9867,0.9872,0.9878,0.9883,0.9888,0.9893
0.9898,0.9902,0.9907,0.9911,0.9915,0.9919,0.9923,0.9927,0.9931,0.9935
0.9939,0.9942,0.9946,0.9950,0.9953,0.9957,0.9960,0.9964,0.9967,0.9970
0.9973,0.9977,0.9980,0.9983,0.9986,0.9989,0.9992,0.9995,0.9997,1.0000
hwc1x2fract=0.0002,0.0005,0.0008,0.0011,0.0013,0.0016,0.0019,0.0021
0.0024,0.0027,0.0031,0.0035,0.0040,0.0045,0.0052,0.0062,0.0075,0.0095
0.0125,0.0165,0.0221,0.0291,0.0379,0.0484,0.0600,0.0729,0.0872,0.1026
0.1188,0.1359,0.1540,0.1723,0.1913,0.2109,0.2314,0.2517,0.2727,0.2936
0.3153,0.3372,0.3589,0.3811,0.4032,0.4249,0.4469,0.4685,0.4904,0.5121
0.5339,0.5551,0.5766,0.5978,0.6188,0.6394,0.6603,0.6806,0.7008,0.7204
0.7395,0.7584,0.7770,0.7940,0.8105,0.8260,0.8406,0.8547,0.8676,0.8796
0.8906,0.9007,0.9101,0.9187,0.9263,0.9333,0.9394,0.9451,0.9501,0.9547
0.9586,0.9620,0.9650,0.9676,0.9698,0.9715,0.9732,0.9746,0.9758,0.9768
0.9777,0.9786,0.9794,0.9802,0.9809,0.9815,0.9822,0.9828,0.9834,0.9840
0.9846,0.9851,0.9857,0.9862,0.9866,0.9872,0.9876,0.9881,0.9885,0.9890
0.9894,0.9898,0.9902,0.9906,0.9910,0.9915,0.9919,0.9923,0.9927,0.9931
0.9935,0.9939,0.9943,0.9946,0.9950,0.9953,0.9957,0.9961,0.9964,0.9968
0.9971,0.9974,0.9978,0.9981,0.9984,0.9987,0.9990,0.9993,0.9997,1.0000
hwc2x1fract=0.0003,0.0005,0.0008,0.0011,0.0014,0.0016,0.0020,0.0023
0.0027,0.0030,0.0034,0.0039,0.0043,0.0049,0.0056,0.0065,0.0077,0.0095
0.0127,0.0172,0.0231,0.0303,0.0392,0.0493,0.0608,0.0738,0.0878,0.1031
0.1191,0.1357,0.1534,0.1713,0.1900,0.2094,0.2294,0.2494,0.2704,0.2916
0.3129,0.3347,0.3560,0.3777,0.3996,0.4212,0.4431,0.4654,0.4876,0.5094
0.5311,0.5527,0.5745,0.5960,0.6173,0.6382,0.6595,0.6797,0.6999,0.7201
0.7397,0.7587,0.7775,0.7952,0.8123,0.8283,0.8437,0.8578,0.8704,0.8823
0.8934,0.9033,0.9128,0.9211,0.9285,0.9353,0.9413,0.9468,0.9515,0.9557
0.9596,0.9630,0.9660,0.9685,0.9708,0.9727,0.9742,0.9755,0.9767,0.9778
0.9788,0.9796,0.9805,0.9812,0.9819,0.9826,0.9833,0.9839,0.9845,0.9850
0.9855,0.9861,0.9866,0.9870,0.9875,0.9879,0.9884,0.9888,0.9892,0.9897
0.9901,0.9905,0.9909,0.9913,0.9917,0.9920,0.9924,0.9928,0.9932,0.9936
0.9940,0.9944,0.9947,0.9951,0.9954,0.9957,0.9960,0.9963,0.9967,0.9970
0.9973,0.9976,0.9979,0.9982,0.9986,0.9989,0.9991,0.9994,0.9997,1.0000
hwc2y1fract=0.0003,0.0005,0.0007,0.0010,0.0012,0.0015,0.0018,0.0021
0.0024,0.0027,0.0030,0.0034,0.0038,0.0042,0.0048,0.0055,0.0065,0.0080
0.0102,0.0139,0.0197,0.0282,0.0397,0.0538,0.0702,0.0881,0.1077,0.1287
0.1503,0.1722,0.1944,0.2170,0.2396,0.2621,0.2845,0.3070,0.3296,0.3517
0.3737,0.3957,0.4168,0.4383,0.4593,0.4808,0.5014,0.5218,0.5425,0.5628
0.5835,0.6036,0.6239,0.6440,0.6634,0.6827,0.7020,0.7209,0.7394,0.7578
0.7756,0.7927,0.8096,0.8256,0.8410,0.8556,0.8690,0.8817,0.8934,0.9036
0.9127,0.9208,0.9277,0.9338,0.9396,0.9447,0.9488,0.9527,0.9562,0.9595
0.9623,0.9647,0.9669,0.9687,0.9706,0.9722,0.9736,0.9749,0.9761,0.9771
0.9781,0.9790,0.9800,0.9808,0.9816,0.9823,0.9829,0.9836,0.9842,0.9848
0.9854,0.9860,0.9865,0.9871,0.9876,0.9881,0.9885,0.9891,0.9895,0.9900
0.9904,0.9909,0.9913,0.9917,0.9920,0.9924,0.9928,0.9931,0.9935,0.9938
0.9942,0.9945,0.9949,0.9952,0.9955,0.9959,0.9962,0.9965,0.9968,0.9971
0.9973,0.9976,0.9980,0.9982,0.9985,0.9989,0.9991,0.9994,0.9997,1.0000
hwc2u1fract=0.0002,0.0004,0.0006,0.0009,0.0011,0.0013,0.0016,0.0018
0.0020,0.0023,0.0026,0.0029,0.0032,0.0034,0.0038,0.0042,0.0048,0.0060
0.0082,0.0125,0.0197,0.0300,0.0436,0.0595,0.0773,0.0970,0.1175,0.1385
0.1605,0.1823,0.2048,0.2271,0.2497,0.2722,0.2951,0.3174,0.3390,0.3609
0.3827,0.4043,0.4258,0.4467,0.4678,0.4885,0.5090,0.5293,0.5497,0.5700
0.5897,0.6093,0.6287,0.6480,0.6673,0.6861,0.7054,0.7241,0.7427,0.7609
0.7787,0.7962,0.8133,0.8296,0.8452,0.8592,0.8726,0.8846,0.8955,0.9054
0.9140,0.9216,0.9284,0.9344,0.9397,0.9444,0.9485,0.9524,0.9559,0.9591
0.9620,0.9645,0.9668,0.9689,0.9706,0.9722,0.9737,0.9750,0.9762,0.9771
0.9781,0.9790,0.9799,0.9807,0.9814,0.9821,0.9828,0.9835,0.9841,0.9848
0.9853,0.9859,0.9865,0.9871,0.9876,0.9882,0.9886,0.9891,0.9895,0.9900
0.9904,0.9909,0.9913,0.9917,0.9921,0.9925,0.9929,0.9933,0.9937,0.9940
0.9944,0.9947,0.9950,0.9954,0.9957,0.9961,0.9964,0.9967,0.9970,0.9973
0.9976,0.9979,0.9981,0.9985,0.9988,0.9990,0.9993,0.9995,0.9998,1.0000
hwc2v1fract=0.0003,0.0005,0.0007,0.0009,0.0012,0.0014,0.0017,0.0019
0.0022,0.0025,0.0028,0.0031,0.0034,0.0037,0.0041,0.0046,0.0052,0.0061
0.0080,0.0113,0.0173,0.0265,0.0387,0.0533,0.0703,0.0893,0.1092,0.1300
0.1515,0.1736,0.1957,0.2181,0.2408,0.2635,0.2857,0.3085,0.3303,0.3522
0.3738,0.3954,0.4167,0.4378,0.4585,0.4795,0.5002,0.5205,0.5409,0.5613
0.5813,0.6010,0.6210,0.6402,0.6598,0.6792,0.6983,0.7173,0.7357,0.7541
0.7719,0.7895,0.8066,0.8228,0.8385,0.8534,0.8668,0.8793,0.8906,0.9008
0.9096,0.9177,0.9249,0.9314,0.9369,0.9420,0.9466,0.9508,0.9545,0.9579
0.9609,0.9635,0.9658,0.9680,0.9699,0.9716,0.9731,0.9744,0.9755,0.9766
0.9776,0.9786,0.9795,0.9803,0.9811,0.9819,0.9827,0.9833,0.9840,0.9846
0.9852,0.9858,0.9864,0.9870,0.9875,0.9880,0.9885,0.9890,0.9895,0.9900
0.9904,0.9908,0.9913,0.9917,0.9921,0.9925,0.9929,0.9932,0.9936,0.9939
0.9943,0.9947,0.9950,0.9953,0.9956,0.9960,0.9963,0.9966,0.9969,0.9973
0.9976,0.9978,0.9981,0.9984,0.9987,0.9990,0.9992,0.9995,0.9998,1.0000
hwc2y2fract=0.0003,0.0005,0.0007,0.0009,0.0012,0.0015,0.0018,0.0020
0.0024,0.0027,0.0030,0.0035,0.0039,0.0044,0.0051,0.0059,0.0070,0.0088
0.0115,0.0159,0.0223,0.0314,0.0434,0.0580,0.0746,0.0929,0.1126,0.1336
0.1550,0.1773,0.2002,0.2223,0.2451,0.2678,0.2902,0.3128,0.3350,0.3570
0.3785,0.4003,0.4216,0.4432,0.4645,0.4854,0.5063,0.5269,0.5474,0.5677
0.5881,0.6082,0.6283,0.6483,0.6679,0.6875,0.7065,0.7254,0.7439,0.7621
0.7798,0.7969,0.8136,0.8296,0.8448,0.8591,0.8721,0.8843,0.8953,0.9051
0.9141,0.9221,0.9290,0.9350,0.9404,0.9453,0.9496,0.9533,0.9567,0.9598
0.9625,0.9650,0.9673,0.9692,0.9709,0.9725,0.9738,0.9750,0.9761,0.9772
0.9782,0.9791,0.9800,0.9807,0.9815,0.9821,0.9828,0.9835,0.9841,0.9846
0.9851,0.9857,0.9862,0.9868,0.9874,0.9878,0.9883,0.9888,0.9892,0.9897
0.9902,0.9906,0.9910,0.9914,0.9918,0.9922,0.9927,0.9930,0.9934,0.9938
0.9941,0.9944,0.9947,0.9951,0.9954,0.9957,0.9961,0.9964,0.9967,0.9971
0.9974,0.9977,0.9980,0.9983,0.9986,0.9989,0.9992,0.9995,0.9997,1.0000
hwc2x2fract=0.0002,0.0004,0.0007,0.0009,0.0012,0.0014,0.0017,0.0021
0.0023,0.0027,0.0030,0.0034,0.0039,0.0043,0.0049,0.0058,0.0070,0.0090
0.0123,0.0166,0.0226,0.0300,0.0393,0.0506,0.0631,0.0767,0.0913,0.1071
0.1240,0.1416,0.1598,0.1786,0.1981,0.2181,0.2386,0.2591,0.2802,0.3016
0.3231,0.3451,0.3672,0.3892,0.4112,0.4335,0.4555,0.4774,0.4988,0.5207
0.5427,0.5642,0.5862,0.6076,0.6282,0.6490,0.6696,0.6899,0.7100,0.7298
0.7490,0.7675,0.7858,0.8032,0.8199,0.8353,0.8501,0.8639,0.8763,0.8877
0.8981,0.9078,0.9165,0.9243,0.9316,0.9379,0.9436,0.9488,0.9533,0.9573
0.9609,0.9642,0.9670,0.9693,0.9713,0.9730,0.9745,0.9759,0.9769,0.9779
0.9789,0.9797,0.9805,0.9813,0.9821,0.9828,0.9834,0.9839,0.9845,0.9851
0.9856,0.9861,0.9866,0.9871,0.9876,0.9880,0.9884,0.9889,0.9893,0.9897
0.9901,0.9906,0.9910,0.9913,0.9917,0.9920,0.9924,0.9928,0.9932,0.9936
0.9939,0.9943,0.9947,0.9950,0.9953,0.9956,0.9960,0.9963,0.9966,0.9970
0.9973,0.9976,0.9979,0.9982,0.9985,0.9989,0.9991,0.9994,0.9997,1.0000
