; Lookup table
;number of bins in Meek's time to distance lookup table
hdriftbins=138
;number of 1st bin in Meek's table in ns
hdrift1stbin=-24
;bin size in ns of Meek's table
hdriftbinsz=2
hwc1x1fract=0.0004,0.0009,0.0012,0.0016,0.0020,0.0025,0.0029,0.0033
0.0038,0.0043,0.0047,0.0053,0.0059,0.0065,0.0072,0.0080,0.0091,0.0106
0.0127,0.0160,0.0207,0.0275,0.0361,0.0464,0.0582,0.0713,0.0853,0.1005
0.1163,0.1331,0.1509,0.1690,0.1878,0.2070,0.2272,0.2475,0.2680,0.2892
0.3101,0.3315,0.3528,0.3742,0.3956,0.4170,0.4380,0.4593,0.4801,0.5013
0.5218,0.5425,0.5631,0.5836,0.6037,0.6237,0.6432,0.6625,0.6812,0.6995
0.7182,0.7360,0.7532,0.7699,0.7859,0.8012,0.8154,0.8292,0.8418,0.8533
0.8641,0.8744,0.8839,0.8927,0.9007,0.9082,0.9150,0.9213,0.9273,0.9327
0.9376,0.9420,0.9457,0.9491,0.9521,0.9545,0.9567,0.9588,0.9605,0.9621
0.9634,0.9648,0.9659,0.9672,0.9683,0.9694,0.9704,0.9713,0.9723,0.9731
0.9740,0.9748,0.9756,0.9765,0.9772,0.9780,0.9788,0.9796,0.9803,0.9811
0.9819,0.9826,0.9833,0.9840,0.9848,0.9855,0.9862,0.9868,0.9875,0.9882
0.9889,0.9895,0.9901,0.9908,0.9914,0.9920,0.9926,0.9932,0.9938,0.9945
0.9950,0.9956,0.9962,0.9967,0.9973,0.9979,0.9985,0.9990,0.9995,1.0000
hwc1y1fract=0.0003,0.0006,0.0010,0.0014,0.0017,0.0021,0.0025,0.0029
0.0034,0.0039,0.0044,0.0050,0.0056,0.0062,0.0069,0.0078,0.0090,0.0106
0.0127,0.0156,0.0204,0.0275,0.0372,0.0496,0.0643,0.0810,0.0987,0.1183
0.1385,0.1590,0.1802,0.2017,0.2235,0.2454,0.2671,0.2888,0.3102,0.3317
0.3532,0.3745,0.3958,0.4166,0.4373,0.4579,0.4781,0.4982,0.5176,0.5372
0.5571,0.5764,0.5959,0.6152,0.6342,0.6529,0.6717,0.6897,0.7078,0.7254
0.7426,0.7595,0.7757,0.7913,0.8066,0.8208,0.8344,0.8469,0.8585,0.8690
0.8786,0.8872,0.8949,0.9021,0.9086,0.9146,0.9202,0.9252,0.9299,0.9344
0.9383,0.9420,0.9454,0.9484,0.9512,0.9538,0.9560,0.9581,0.9600,0.9617
0.9633,0.9649,0.9661,0.9675,0.9687,0.9698,0.9709,0.9721,0.9730,0.9739
0.9748,0.9757,0.9766,0.9774,0.9783,0.9791,0.9799,0.9806,0.9813,0.9821
0.9828,0.9835,0.9843,0.9850,0.9857,0.9864,0.9870,0.9877,0.9883,0.9890
0.9896,0.9901,0.9907,0.9913,0.9919,0.9924,0.9930,0.9935,0.9942,0.9947
0.9952,0.9958,0.9963,0.9968,0.9974,0.9979,0.9984,0.9989,0.9995,1.0000
hwc1u1fract=0.0003,0.0006,0.0010,0.0012,0.0016,0.0019,0.0022,0.0025
0.0028,0.0032,0.0035,0.0039,0.0042,0.0046,0.0050,0.0055,0.0061,0.0070
0.0088,0.0121,0.0179,0.0262,0.0372,0.0503,0.0650,0.0810,0.0984,0.1167
0.1362,0.1562,0.1765,0.1970,0.2179,0.2389,0.2603,0.2815,0.3028,0.3242
0.3457,0.3669,0.3880,0.4088,0.4290,0.4496,0.4697,0.4899,0.5100,0.5298
0.5497,0.5694,0.5888,0.6081,0.6272,0.6460,0.6650,0.6834,0.7015,0.7195
0.7371,0.7542,0.7707,0.7867,0.8017,0.8161,0.8295,0.8419,0.8533,0.8638
0.8735,0.8821,0.8901,0.8976,0.9045,0.9110,0.9169,0.9223,0.9275,0.9324
0.9368,0.9408,0.9443,0.9476,0.9506,0.9533,0.9556,0.9577,0.9596,0.9614
0.9631,0.9646,0.9660,0.9673,0.9686,0.9698,0.9709,0.9718,0.9729,0.9738
0.9747,0.9756,0.9765,0.9774,0.9782,0.9789,0.9798,0.9805,0.9813,0.9820
0.9827,0.9834,0.9841,0.9847,0.9854,0.9861,0.9868,0.9874,0.9881,0.9887
0.9894,0.9900,0.9905,0.9912,0.9918,0.9924,0.9930,0.9936,0.9941,0.9947
0.9953,0.9959,0.9964,0.9969,0.9974,0.9980,0.9985,0.9990,0.9995,1.0000
hwc1v1fract=0.0003,0.0006,0.0009,0.0012,0.0015,0.0019,0.0022,0.0024
0.0028,0.0031,0.0035,0.0038,0.0042,0.0046,0.0051,0.0057,0.0064,0.0076
0.0096,0.0130,0.0185,0.0269,0.0380,0.0514,0.0667,0.0838,0.1022,0.1214
0.1414,0.1619,0.1830,0.2042,0.2255,0.2466,0.2678,0.2896,0.3109,0.3318
0.3530,0.3744,0.3950,0.4158,0.4363,0.4569,0.4770,0.4970,0.5168,0.5368
0.5564,0.5759,0.5951,0.6141,0.6331,0.6516,0.6700,0.6880,0.7057,0.7237
0.7412,0.7582,0.7749,0.7909,0.8060,0.8202,0.8336,0.8462,0.8576,0.8682
0.8774,0.8860,0.8937,0.9009,0.9073,0.9136,0.9192,0.9244,0.9292,0.9337
0.9378,0.9417,0.9452,0.9484,0.9513,0.9537,0.9561,0.9582,0.9602,0.9620
0.9637,0.9650,0.9664,0.9677,0.9689,0.9701,0.9711,0.9722,0.9731,0.9741
0.9750,0.9759,0.9768,0.9776,0.9784,0.9793,0.9800,0.9807,0.9815,0.9822
0.9829,0.9836,0.9843,0.9850,0.9857,0.9864,0.9870,0.9877,0.9884,0.9890
0.9896,0.9902,0.9908,0.9914,0.9919,0.9925,0.9931,0.9937,0.9943,0.9948
0.9954,0.9960,0.9964,0.9970,0.9976,0.9981,0.9986,0.9991,0.9996,1.0000
hwc1y2fract=0.0003,0.0007,0.0010,0.0014,0.0017,0.0020,0.0023,0.0027
0.0031,0.0035,0.0038,0.0043,0.0047,0.0052,0.0058,0.0065,0.0075,0.0090
0.0114,0.0151,0.0207,0.0289,0.0395,0.0527,0.0678,0.0847,0.1030,0.1224
0.1425,0.1630,0.1842,0.2053,0.2266,0.2481,0.2699,0.2914,0.3130,0.3342
0.3554,0.3767,0.3981,0.4186,0.4392,0.4595,0.4796,0.4994,0.5195,0.5394
0.5589,0.5782,0.5978,0.6173,0.6362,0.6553,0.6741,0.6922,0.7102,0.7277
0.7450,0.7615,0.7775,0.7929,0.8076,0.8216,0.8345,0.8469,0.8582,0.8683
0.8776,0.8860,0.8938,0.9009,0.9074,0.9134,0.9188,0.9238,0.9285,0.9328
0.9369,0.9405,0.9439,0.9470,0.9497,0.9522,0.9544,0.9565,0.9584,0.9602
0.9618,0.9634,0.9649,0.9662,0.9675,0.9687,0.9699,0.9710,0.9720,0.9729
0.9737,0.9747,0.9755,0.9764,0.9773,0.9781,0.9789,0.9797,0.9804,0.9811
0.9819,0.9827,0.9834,0.9841,0.9849,0.9856,0.9862,0.9869,0.9875,0.9882
0.9889,0.9895,0.9902,0.9907,0.9914,0.9920,0.9926,0.9932,0.9938,0.9943
0.9949,0.9955,0.9961,0.9966,0.9972,0.9978,0.9984,0.9989,0.9995,1.0000
hwc1x2fract=0.0003,0.0007,0.0011,0.0015,0.0019,0.0023,0.0026,0.0030
0.0034,0.0038,0.0043,0.0047,0.0052,0.0058,0.0065,0.0075,0.0088,0.0112
0.0148,0.0197,0.0263,0.0346,0.0449,0.0568,0.0698,0.0840,0.0989,0.1150
0.1320,0.1498,0.1683,0.1872,0.2071,0.2270,0.2474,0.2681,0.2896,0.3103
0.3316,0.3527,0.3742,0.3954,0.4163,0.4373,0.4583,0.4796,0.5006,0.5213
0.5417,0.5620,0.5821,0.6019,0.6216,0.6411,0.6606,0.6793,0.6982,0.7164
0.7341,0.7515,0.7684,0.7843,0.7993,0.8137,0.8276,0.8401,0.8517,0.8625
0.8727,0.8820,0.8909,0.8987,0.9062,0.9131,0.9193,0.9252,0.9305,0.9354
0.9399,0.9438,0.9472,0.9501,0.9526,0.9549,0.9570,0.9589,0.9605,0.9620
0.9634,0.9646,0.9658,0.9670,0.9680,0.9690,0.9700,0.9708,0.9718,0.9726
0.9734,0.9743,0.9751,0.9760,0.9768,0.9776,0.9784,0.9792,0.9800,0.9807
0.9815,0.9822,0.9829,0.9836,0.9843,0.9850,0.9857,0.9864,0.9871,0.9877
0.9883,0.9890,0.9897,0.9904,0.9910,0.9917,0.9923,0.9930,0.9935,0.9942
0.9948,0.9954,0.9960,0.9966,0.9972,0.9978,0.9983,0.9989,0.9995,1.0000
hwc2x1fract=0.0004,0.0007,0.0011,0.0015,0.0019,0.0023,0.0027,0.0031
0.0035,0.0041,0.0046,0.0052,0.0058,0.0066,0.0074,0.0087,0.0104,0.0130
0.0166,0.0215,0.0281,0.0367,0.0472,0.0590,0.0724,0.0873,0.1028,0.1195
0.1370,0.1555,0.1744,0.1939,0.2141,0.2345,0.2553,0.2764,0.2977,0.3192
0.3408,0.3623,0.3835,0.4048,0.4260,0.4472,0.4683,0.4894,0.5103,0.5308
0.5516,0.5722,0.5925,0.6127,0.6322,0.6524,0.6718,0.6909,0.7095,0.7278
0.7458,0.7630,0.7795,0.7952,0.8102,0.8246,0.8377,0.8503,0.8616,0.8721
0.8816,0.8903,0.8982,0.9057,0.9127,0.9191,0.9249,0.9303,0.9354,0.9398
0.9438,0.9475,0.9509,0.9537,0.9561,0.9583,0.9602,0.9619,0.9634,0.9649
0.9662,0.9675,0.9686,0.9697,0.9707,0.9717,0.9726,0.9734,0.9743,0.9752
0.9761,0.9768,0.9776,0.9785,0.9792,0.9800,0.9807,0.9814,0.9821,0.9828
0.9834,0.9841,0.9847,0.9854,0.9860,0.9867,0.9873,0.9879,0.9885,0.9891
0.9897,0.9904,0.9909,0.9916,0.9922,0.9928,0.9934,0.9940,0.9945,0.9951
0.9956,0.9961,0.9967,0.9971,0.9976,0.9981,0.9986,0.9991,0.9996,1.0000
hwc2y1fract=0.0003,0.0006,0.0009,0.0012,0.0015,0.0017,0.0021,0.0024
0.0027,0.0030,0.0034,0.0037,0.0042,0.0046,0.0050,0.0056,0.0064,0.0075
0.0091,0.0118,0.0162,0.0233,0.0333,0.0461,0.0615,0.0787,0.0975,0.1177
0.1388,0.1603,0.1821,0.2045,0.2267,0.2487,0.2710,0.2934,0.3152,0.3370
0.3589,0.3802,0.4012,0.4219,0.4422,0.4627,0.4829,0.5026,0.5223,0.5423
0.5623,0.5820,0.6016,0.6211,0.6403,0.6591,0.6780,0.6963,0.7144,0.7320
0.7495,0.7663,0.7825,0.7986,0.8137,0.8281,0.8415,0.8536,0.8649,0.8750
0.8844,0.8928,0.9002,0.9070,0.9132,0.9188,0.9240,0.9285,0.9328,0.9368
0.9405,0.9439,0.9470,0.9497,0.9523,0.9545,0.9566,0.9585,0.9602,0.9617
0.9633,0.9647,0.9660,0.9674,0.9685,0.9696,0.9706,0.9716,0.9726,0.9736
0.9745,0.9754,0.9762,0.9770,0.9778,0.9785,0.9794,0.9802,0.9810,0.9818
0.9825,0.9832,0.9839,0.9846,0.9853,0.9860,0.9867,0.9873,0.9880,0.9887
0.9893,0.9899,0.9905,0.9911,0.9917,0.9923,0.9930,0.9936,0.9941,0.9946
0.9952,0.9958,0.9963,0.9969,0.9974,0.9980,0.9986,0.9991,0.9995,1.0000
hwc2u1fract=0.0003,0.0005,0.0008,0.0011,0.0014,0.0017,0.0020,0.0023
0.0026,0.0029,0.0033,0.0036,0.0040,0.0044,0.0048,0.0053,0.0061,0.0075
0.0102,0.0153,0.0235,0.0348,0.0489,0.0652,0.0837,0.1038,0.1244,0.1458
0.1677,0.1897,0.2120,0.2340,0.2562,0.2780,0.2999,0.3213,0.3428,0.3638
0.3851,0.4058,0.4267,0.4469,0.4672,0.4871,0.5072,0.5269,0.5463,0.5656
0.5849,0.6040,0.6228,0.6418,0.6605,0.6790,0.6973,0.7152,0.7327,0.7500
0.7667,0.7830,0.7991,0.8144,0.8286,0.8421,0.8544,0.8658,0.8760,0.8851
0.8931,0.9003,0.9070,0.9132,0.9188,0.9237,0.9286,0.9329,0.9370,0.9405
0.9440,0.9470,0.9498,0.9525,0.9549,0.9571,0.9590,0.9608,0.9623,0.9638
0.9652,0.9664,0.9677,0.9688,0.9699,0.9709,0.9719,0.9728,0.9738,0.9747
0.9756,0.9764,0.9772,0.9781,0.9789,0.9797,0.9805,0.9812,0.9820,0.9827
0.9834,0.9841,0.9847,0.9854,0.9861,0.9867,0.9874,0.9880,0.9886,0.9893
0.9898,0.9904,0.9910,0.9916,0.9922,0.9928,0.9933,0.9939,0.9945,0.9950
0.9955,0.9960,0.9965,0.9971,0.9976,0.9981,0.9986,0.9991,0.9996,1.0000
hwc2v1fract=0.0003,0.0006,0.0009,0.0012,0.0015,0.0018,0.0021,0.0025
0.0028,0.0032,0.0036,0.0040,0.0043,0.0047,0.0052,0.0057,0.0063,0.0073
0.0090,0.0120,0.0175,0.0264,0.0381,0.0532,0.0701,0.0890,0.1087,0.1294
0.1506,0.1719,0.1936,0.2156,0.2378,0.2599,0.2816,0.3037,0.3251,0.3466
0.3677,0.3889,0.4096,0.4306,0.4509,0.4710,0.4910,0.5109,0.5305,0.5500
0.5692,0.5887,0.6075,0.6266,0.6452,0.6637,0.6819,0.7004,0.7182,0.7359
0.7528,0.7696,0.7861,0.8018,0.8168,0.8309,0.8439,0.8562,0.8672,0.8771
0.8860,0.8941,0.9013,0.9080,0.9139,0.9193,0.9244,0.9291,0.9333,0.9373
0.9410,0.9444,0.9475,0.9503,0.9528,0.9551,0.9572,0.9591,0.9609,0.9625
0.9640,0.9654,0.9667,0.9679,0.9691,0.9702,0.9712,0.9722,0.9732,0.9742
0.9751,0.9759,0.9768,0.9776,0.9785,0.9793,0.9800,0.9809,0.9816,0.9823
0.9830,0.9837,0.9844,0.9851,0.9857,0.9864,0.9872,0.9878,0.9884,0.9890
0.9896,0.9902,0.9908,0.9914,0.9920,0.9926,0.9932,0.9938,0.9944,0.9949
0.9955,0.9959,0.9965,0.9970,0.9975,0.9980,0.9985,0.9990,0.9995,1.0000
hwc2y2fract=0.0003,0.0006,0.0009,0.0012,0.0016,0.0019,0.0023,0.0027
0.0031,0.0035,0.0038,0.0042,0.0047,0.0052,0.0057,0.0064,0.0072,0.0083
0.0101,0.0129,0.0175,0.0247,0.0350,0.0480,0.0635,0.0809,0.0999,0.1201
0.1413,0.1632,0.1854,0.2076,0.2298,0.2522,0.2742,0.2965,0.3182,0.3401
0.3617,0.3830,0.4044,0.4255,0.4461,0.4664,0.4865,0.5063,0.5262,0.5458
0.5652,0.5849,0.6045,0.6234,0.6422,0.6612,0.6796,0.6980,0.7160,0.7341
0.7512,0.7679,0.7841,0.8000,0.8149,0.8292,0.8426,0.8550,0.8663,0.8765
0.8856,0.8940,0.9013,0.9080,0.9140,0.9194,0.9245,0.9294,0.9337,0.9377
0.9414,0.9446,0.9475,0.9501,0.9524,0.9547,0.9568,0.9587,0.9605,0.9622
0.9636,0.9649,0.9662,0.9674,0.9686,0.9697,0.9707,0.9717,0.9727,0.9737
0.9745,0.9754,0.9762,0.9770,0.9778,0.9787,0.9794,0.9802,0.9809,0.9816
0.9823,0.9830,0.9837,0.9844,0.9850,0.9857,0.9864,0.9871,0.9878,0.9884
0.9891,0.9897,0.9903,0.9909,0.9915,0.9921,0.9927,0.9933,0.9939,0.9945
0.9950,0.9956,0.9961,0.9968,0.9973,0.9978,0.9984,0.9990,0.9995,1.0000
hwc2x2fract=0.0003,0.0006,0.0010,0.0014,0.0017,0.0021,0.0024,0.0028
0.0033,0.0036,0.0041,0.0046,0.0050,0.0056,0.0062,0.0069,0.0079,0.0093
0.0116,0.0152,0.0209,0.0285,0.0381,0.0498,0.0634,0.0781,0.0940,0.1109
0.1282,0.1471,0.1664,0.1861,0.2061,0.2268,0.2478,0.2691,0.2903,0.3118
0.3333,0.3551,0.3768,0.3979,0.4191,0.4402,0.4609,0.4819,0.5024,0.5230
0.5433,0.5635,0.5835,0.6035,0.6232,0.6427,0.6621,0.6812,0.7001,0.7184
0.7362,0.7537,0.7703,0.7867,0.8023,0.8171,0.8310,0.8441,0.8562,0.8670
0.8770,0.8862,0.8946,0.9022,0.9093,0.9160,0.9221,0.9276,0.9326,0.9374
0.9416,0.9455,0.9489,0.9520,0.9548,0.9571,0.9592,0.9610,0.9627,0.9642
0.9656,0.9669,0.9681,0.9692,0.9703,0.9713,0.9722,0.9731,0.9739,0.9748
0.9755,0.9763,0.9771,0.9779,0.9786,0.9794,0.9802,0.9809,0.9816,0.9822
0.9829,0.9836,0.9843,0.9850,0.9857,0.9864,0.9870,0.9876,0.9882,0.9888
0.9894,0.9899,0.9906,0.9912,0.9919,0.9925,0.9931,0.9937,0.9942,0.9948
0.9954,0.9960,0.9965,0.9971,0.9976,0.9981,0.9986,0.9990,0.9995,1.0000
