; Lookup table
;number of bins in Meek's time to distance lookup table
hdriftbins=138
;number of 1st bin in Meek's table in ns
hdrift1stbin=-24
;bin size in ns of Meek's table
hdriftbinsz=2
hwc1x1fract=0.0000,0.0001,0.0002,0.0002,0.0003,0.0004,0.0005,0.0006
0.0007,0.0008,0.0010,0.0012,0.0014,0.0017,0.0019,0.0023,0.0028,0.0036
0.0049,0.0070,0.0106,0.0164,0.0245,0.0352,0.0481,0.0629,0.0796,0.0975
0.1168,0.1372,0.1582,0.1797,0.2025,0.2256,0.2487,0.2721,0.2955,0.3190
0.3420,0.3650,0.3881,0.4112,0.4340,0.4568,0.4793,0.5013,0.5231,0.5449
0.5663,0.5875,0.6088,0.6297,0.6500,0.6702,0.6903,0.7098,0.7294,0.7488
0.7677,0.7858,0.8030,0.8201,0.8362,0.8513,0.8655,0.8783,0.8899,0.9009
0.9108,0.9194,0.9275,0.9350,0.9420,0.9481,0.9537,0.9591,0.9640,0.9685
0.9724,0.9761,0.9793,0.9821,0.9846,0.9866,0.9883,0.9897,0.9910,0.9921
0.9929,0.9938,0.9944,0.9951,0.9956,0.9961,0.9965,0.9968,0.9971,0.9974
0.9976,0.9978,0.9980,0.9982,0.9984,0.9985,0.9986,0.9987,0.9989,0.9990
0.9991,0.9992,0.9992,0.9993,0.9994,0.9994,0.9995,0.9995,0.9996,0.9996
0.9997,0.9997,0.9997,0.9998,0.9998,0.9998,0.9999,0.9999,0.9999,0.9999
0.9999,0.9999,1.0000,1.0000,1.0000,1.0000,1.0000,1.0000,1.0000,1.0000
hwc1y1fract=0.0000,0.0001,0.0001,0.0001,0.0002,0.0003,0.0004,0.0004
0.0006,0.0007,0.0008,0.0010,0.0012,0.0015,0.0018,0.0022,0.0030,0.0042
0.0061,0.0094,0.0152,0.0243,0.0365,0.0523,0.0712,0.0923,0.1149,0.1392
0.1636,0.1879,0.2130,0.2382,0.2627,0.2867,0.3106,0.3343,0.3576,0.3805
0.4032,0.4251,0.4472,0.4687,0.4898,0.5108,0.5314,0.5522,0.5728,0.5934
0.6135,0.6335,0.6536,0.6733,0.6929,0.7120,0.7310,0.7498,0.7681,0.7860
0.8031,0.8198,0.8360,0.8515,0.8659,0.8795,0.8917,0.9030,0.9132,0.9223
0.9301,0.9372,0.9436,0.9488,0.9539,0.9584,0.9624,0.9661,0.9695,0.9728
0.9756,0.9782,0.9804,0.9824,0.9842,0.9856,0.9869,0.9882,0.9893,0.9903
0.9912,0.9919,0.9927,0.9933,0.9939,0.9945,0.9950,0.9955,0.9959,0.9963
0.9966,0.9969,0.9972,0.9974,0.9977,0.9979,0.9981,0.9983,0.9984,0.9986
0.9988,0.9989,0.9990,0.9991,0.9992,0.9993,0.9994,0.9995,0.9995,0.9996
0.9997,0.9997,0.9998,0.9998,0.9998,0.9999,0.9999,0.9999,0.9999,0.9999
0.9999,1.0000,1.0000,1.0000,1.0000,1.0000,1.0000,1.0000,1.0000,1.0000
hwc1u1fract=0.0000,0.0000,0.0000,0.0000,0.0000,0.0001,0.0001,0.0001
0.0001,0.0001,0.0001,0.0002,0.0002,0.0003,0.0004,0.0005,0.0007,0.0012
0.0021,0.0040,0.0083,0.0157,0.0269,0.0409,0.0576,0.0772,0.0984,0.1209
0.1439,0.1682,0.1922,0.2164,0.2403,0.2642,0.2882,0.3117,0.3349,0.3581
0.3808,0.4033,0.4255,0.4471,0.4685,0.4902,0.5115,0.5321,0.5525,0.5728
0.5930,0.6133,0.6334,0.6530,0.6727,0.6924,0.7116,0.7304,0.7487,0.7671
0.7853,0.8025,0.8193,0.8350,0.8501,0.8643,0.8774,0.8893,0.9000,0.9097
0.9182,0.9258,0.9327,0.9390,0.9446,0.9497,0.9544,0.9588,0.9628,0.9664
0.9698,0.9728,0.9758,0.9783,0.9806,0.9826,0.9844,0.9859,0.9872,0.9884
0.9895,0.9905,0.9913,0.9920,0.9927,0.9932,0.9939,0.9944,0.9949,0.9954
0.9957,0.9961,0.9964,0.9967,0.9970,0.9972,0.9975,0.9977,0.9979,0.9981
0.9983,0.9984,0.9986,0.9987,0.9989,0.9990,0.9991,0.9992,0.9993,0.9993
0.9994,0.9995,0.9996,0.9996,0.9997,0.9997,0.9998,0.9998,0.9998,0.9998
0.9999,0.9999,0.9999,0.9999,0.9999,1.0000,1.0000,1.0000,1.0000,1.0000
hwc1v1fract=0.0000,0.0000,0.0000,0.0001,0.0001,0.0001,0.0001,0.0001
0.0002,0.0002,0.0003,0.0003,0.0004,0.0005,0.0007,0.0009,0.0014,0.0023
0.0039,0.0071,0.0128,0.0218,0.0341,0.0493,0.0671,0.0870,0.1081,0.1302
0.1527,0.1756,0.1991,0.2221,0.2449,0.2681,0.2913,0.3140,0.3371,0.3595
0.3814,0.4035,0.4255,0.4469,0.4687,0.4902,0.5118,0.5327,0.5535,0.5740
0.5945,0.6148,0.6349,0.6546,0.6748,0.6942,0.7135,0.7326,0.7516,0.7705
0.7887,0.8066,0.8239,0.8402,0.8555,0.8700,0.8832,0.8952,0.9058,0.9153
0.9236,0.9311,0.9377,0.9436,0.9489,0.9536,0.9580,0.9622,0.9661,0.9696
0.9729,0.9761,0.9788,0.9812,0.9832,0.9850,0.9867,0.9880,0.9892,0.9903
0.9912,0.9920,0.9928,0.9935,0.9941,0.9946,0.9952,0.9955,0.9959,0.9962
0.9966,0.9969,0.9971,0.9974,0.9976,0.9978,0.9980,0.9982,0.9984,0.9985
0.9987,0.9988,0.9989,0.9990,0.9991,0.9993,0.9993,0.9994,0.9995,0.9996
0.9996,0.9997,0.9997,0.9998,0.9998,0.9998,0.9998,0.9999,0.9999,0.9999
0.9999,0.9999,0.9999,0.9999,1.0000,1.0000,1.0000,1.0000,1.0000,1.0000
hwc1y2fract=0.0000,0.0000,0.0000,0.0000,0.0001,0.0001,0.0001,0.0001
0.0002,0.0002,0.0002,0.0003,0.0004,0.0005,0.0006,0.0008,0.0011,0.0017
0.0031,0.0054,0.0098,0.0171,0.0274,0.0415,0.0582,0.0778,0.0996,0.1229
0.1470,0.1715,0.1964,0.2217,0.2465,0.2708,0.2948,0.3189,0.3428,0.3662
0.3890,0.4113,0.4334,0.4550,0.4765,0.4977,0.5184,0.5392,0.5597,0.5801
0.6005,0.6202,0.6401,0.6600,0.6797,0.6993,0.7181,0.7366,0.7550,0.7731
0.7905,0.8075,0.8239,0.8396,0.8541,0.8680,0.8809,0.8929,0.9032,0.9128
0.9215,0.9289,0.9355,0.9414,0.9468,0.9517,0.9561,0.9604,0.9640,0.9674
0.9705,0.9735,0.9762,0.9785,0.9806,0.9824,0.9840,0.9855,0.9868,0.9880
0.9890,0.9900,0.9909,0.9916,0.9923,0.9930,0.9936,0.9941,0.9946,0.9951
0.9955,0.9959,0.9963,0.9966,0.9968,0.9971,0.9973,0.9976,0.9978,0.9980
0.9982,0.9984,0.9985,0.9986,0.9988,0.9989,0.9991,0.9992,0.9992,0.9993
0.9994,0.9995,0.9996,0.9996,0.9997,0.9997,0.9998,0.9998,0.9998,0.9999
0.9999,0.9999,0.9999,0.9999,0.9999,1.0000,1.0000,1.0000,1.0000,1.0000
hwc1x2fract=0.0000,0.0000,0.0001,0.0001,0.0001,0.0002,0.0002,0.0003
0.0003,0.0004,0.0005,0.0006,0.0008,0.0009,0.0012,0.0016,0.0023,0.0036
0.0061,0.0101,0.0165,0.0251,0.0361,0.0493,0.0648,0.0819,0.1005,0.1204
0.1409,0.1623,0.1846,0.2070,0.2300,0.2533,0.2768,0.2999,0.3235,0.3470
0.3704,0.3937,0.4163,0.4387,0.4609,0.4831,0.5050,0.5267,0.5482,0.5699
0.5908,0.6118,0.6325,0.6528,0.6730,0.6931,0.7126,0.7321,0.7507,0.7691
0.7868,0.8043,0.8209,0.8365,0.8515,0.8655,0.8785,0.8904,0.9010,0.9108
0.9196,0.9278,0.9349,0.9417,0.9478,0.9534,0.9586,0.9630,0.9675,0.9715
0.9750,0.9779,0.9808,0.9833,0.9855,0.9873,0.9888,0.9901,0.9913,0.9923
0.9932,0.9940,0.9946,0.9952,0.9957,0.9961,0.9965,0.9968,0.9971,0.9974
0.9976,0.9978,0.9980,0.9981,0.9983,0.9984,0.9985,0.9987,0.9988,0.9989
0.9990,0.9991,0.9992,0.9992,0.9993,0.9994,0.9994,0.9995,0.9995,0.9996
0.9996,0.9997,0.9997,0.9997,0.9998,0.9998,0.9998,0.9998,0.9999,0.9999
0.9999,0.9999,0.9999,0.9999,1.0000,1.0000,1.0000,1.0000,1.0000,1.0000
hwc2x1fract=0.0000,0.0001,0.0002,0.0002,0.0003,0.0003,0.0004,0.0005
0.0006,0.0008,0.0009,0.0011,0.0014,0.0016,0.0019,0.0023,0.0028,0.0037
0.0051,0.0074,0.0111,0.0165,0.0242,0.0344,0.0467,0.0616,0.0782,0.0962
0.1160,0.1369,0.1583,0.1800,0.2031,0.2260,0.2493,0.2725,0.2957,0.3192
0.3425,0.3656,0.3888,0.4115,0.4339,0.4565,0.4790,0.5013,0.5230,0.5448
0.5659,0.5874,0.6085,0.6292,0.6499,0.6703,0.6903,0.7104,0.7302,0.7495
0.7682,0.7868,0.8045,0.8219,0.8383,0.8540,0.8680,0.8810,0.8930,0.9040
0.9140,0.9227,0.9307,0.9379,0.9445,0.9503,0.9558,0.9609,0.9655,0.9696
0.9733,0.9766,0.9795,0.9821,0.9843,0.9863,0.9880,0.9894,0.9907,0.9917
0.9926,0.9934,0.9941,0.9946,0.9952,0.9956,0.9960,0.9963,0.9967,0.9970
0.9972,0.9975,0.9977,0.9979,0.9981,0.9983,0.9984,0.9986,0.9987,0.9988
0.9989,0.9990,0.9991,0.9992,0.9992,0.9994,0.9994,0.9995,0.9995,0.9996
0.9996,0.9997,0.9997,0.9998,0.9998,0.9998,0.9998,0.9999,0.9999,0.9999
0.9999,0.9999,0.9999,0.9999,1.0000,1.0000,1.0000,1.0000,1.0000,1.0000
hwc2y1fract=0.0000,0.0000,0.0000,0.0000,0.0000,0.0001,0.0001,0.0001
0.0001,0.0002,0.0002,0.0003,0.0003,0.0004,0.0005,0.0007,0.0011,0.0019
0.0032,0.0061,0.0115,0.0204,0.0329,0.0485,0.0677,0.0894,0.1133,0.1380
0.1632,0.1888,0.2145,0.2402,0.2651,0.2896,0.3142,0.3381,0.3615,0.3842
0.4076,0.4303,0.4525,0.4742,0.4960,0.5172,0.5380,0.5586,0.5793,0.5997
0.6200,0.6400,0.6601,0.6800,0.6997,0.7190,0.7377,0.7564,0.7752,0.7928
0.8103,0.8273,0.8434,0.8590,0.8735,0.8868,0.8991,0.9102,0.9201,0.9288
0.9364,0.9432,0.9491,0.9544,0.9592,0.9633,0.9669,0.9704,0.9734,0.9762
0.9788,0.9810,0.9830,0.9847,0.9863,0.9875,0.9887,0.9898,0.9907,0.9916
0.9923,0.9929,0.9936,0.9942,0.9947,0.9951,0.9955,0.9959,0.9962,0.9965
0.9968,0.9970,0.9972,0.9974,0.9976,0.9978,0.9980,0.9982,0.9983,0.9985
0.9986,0.9988,0.9989,0.9990,0.9991,0.9992,0.9993,0.9994,0.9995,0.9996
0.9996,0.9997,0.9997,0.9997,0.9998,0.9998,0.9998,0.9999,0.9999,0.9999
0.9999,0.9999,0.9999,0.9999,1.0000,1.0000,1.0000,1.0000,1.0000,1.0000
hwc2u1fract=0.0000,0.0000,0.0000,0.0000,0.0000,0.0000,0.0001,0.0001
0.0001,0.0001,0.0001,0.0002,0.0002,0.0003,0.0005,0.0006,0.0009,0.0015
0.0029,0.0063,0.0131,0.0238,0.0387,0.0571,0.0780,0.1010,0.1253,0.1501
0.1753,0.2003,0.2248,0.2492,0.2737,0.2980,0.3216,0.3450,0.3680,0.3909
0.4131,0.4351,0.4571,0.4788,0.5001,0.5213,0.5420,0.5627,0.5832,0.6034
0.6233,0.6436,0.6632,0.6828,0.7016,0.7209,0.7397,0.7584,0.7765,0.7944
0.8118,0.8288,0.8450,0.8605,0.8749,0.8883,0.9005,0.9114,0.9209,0.9293
0.9366,0.9430,0.9486,0.9537,0.9581,0.9622,0.9659,0.9692,0.9724,0.9752
0.9778,0.9802,0.9822,0.9841,0.9858,0.9871,0.9883,0.9894,0.9903,0.9911
0.9918,0.9924,0.9930,0.9935,0.9941,0.9946,0.9950,0.9954,0.9957,0.9960
0.9963,0.9966,0.9969,0.9971,0.9973,0.9976,0.9978,0.9980,0.9982,0.9984
0.9985,0.9987,0.9988,0.9989,0.9991,0.9991,0.9992,0.9993,0.9994,0.9995
0.9996,0.9996,0.9997,0.9997,0.9998,0.9998,0.9998,0.9999,0.9999,0.9999
0.9999,0.9999,0.9999,1.0000,1.0000,1.0000,1.0000,1.0000,1.0000,1.0000
hwc2v1fract=0.0000,0.0000,0.0000,0.0001,0.0001,0.0001,0.0001,0.0002
0.0002,0.0002,0.0003,0.0004,0.0004,0.0006,0.0008,0.0011,0.0015,0.0024
0.0044,0.0086,0.0166,0.0286,0.0442,0.0632,0.0844,0.1076,0.1319,0.1570
0.1820,0.2073,0.2318,0.2567,0.2809,0.3049,0.3287,0.3521,0.3748,0.3971
0.4195,0.4417,0.4633,0.4848,0.5058,0.5269,0.5480,0.5684,0.5885,0.6086
0.6286,0.6486,0.6681,0.6877,0.7070,0.7263,0.7448,0.7635,0.7815,0.7992
0.8165,0.8331,0.8490,0.8642,0.8785,0.8915,0.9034,0.9140,0.9233,0.9313
0.9384,0.9447,0.9503,0.9553,0.9596,0.9636,0.9672,0.9705,0.9734,0.9763
0.9788,0.9811,0.9830,0.9849,0.9864,0.9877,0.9888,0.9900,0.9909,0.9917
0.9923,0.9929,0.9935,0.9940,0.9945,0.9949,0.9953,0.9957,0.9961,0.9964
0.9966,0.9969,0.9972,0.9974,0.9976,0.9978,0.9980,0.9982,0.9984,0.9985
0.9987,0.9988,0.9990,0.9991,0.9992,0.9993,0.9994,0.9995,0.9995,0.9996
0.9997,0.9997,0.9998,0.9998,0.9998,0.9998,0.9999,0.9999,0.9999,0.9999
0.9999,1.0000,1.0000,1.0000,1.0000,1.0000,1.0000,1.0000,1.0000,1.0000
hwc2y2fract=0.0000,0.0000,0.0000,0.0001,0.0001,0.0001,0.0001,0.0001
0.0002,0.0002,0.0003,0.0004,0.0005,0.0006,0.0007,0.0009,0.0015,0.0024
0.0040,0.0073,0.0133,0.0225,0.0354,0.0522,0.0716,0.0937,0.1173,0.1417
0.1668,0.1924,0.2172,0.2425,0.2673,0.2919,0.3162,0.3400,0.3635,0.3866
0.4095,0.4317,0.4539,0.4756,0.4972,0.5180,0.5386,0.5595,0.5800,0.6001
0.6206,0.6412,0.6612,0.6814,0.7010,0.7206,0.7398,0.7586,0.7772,0.7951
0.8124,0.8288,0.8447,0.8602,0.8747,0.8880,0.9003,0.9112,0.9209,0.9294
0.9368,0.9436,0.9495,0.9548,0.9592,0.9634,0.9672,0.9706,0.9737,0.9765
0.9791,0.9812,0.9832,0.9850,0.9865,0.9878,0.9889,0.9900,0.9910,0.9917
0.9924,0.9930,0.9936,0.9942,0.9946,0.9950,0.9954,0.9958,0.9961,0.9964
0.9967,0.9969,0.9972,0.9975,0.9976,0.9978,0.9980,0.9982,0.9984,0.9985
0.9987,0.9988,0.9989,0.9990,0.9992,0.9992,0.9993,0.9994,0.9995,0.9996
0.9997,0.9997,0.9998,0.9998,0.9998,0.9999,0.9999,0.9999,0.9999,0.9999
0.9999,0.9999,0.9999,1.0000,1.0000,1.0000,1.0000,1.0000,1.0000,1.0000
hwc2x2fract=0.0000,0.0001,0.0001,0.0002,0.0002,0.0003,0.0003,0.0004
0.0005,0.0006,0.0007,0.0008,0.0010,0.0012,0.0015,0.0019,0.0024,0.0031
0.0045,0.0070,0.0112,0.0178,0.0274,0.0396,0.0541,0.0708,0.0890,0.1091
0.1305,0.1523,0.1748,0.1979,0.2213,0.2446,0.2683,0.2920,0.3159,0.3396
0.3630,0.3862,0.4093,0.4320,0.4545,0.4767,0.4986,0.5201,0.5418,0.5628
0.5841,0.6048,0.6255,0.6456,0.6658,0.6858,0.7057,0.7252,0.7444,0.7634
0.7820,0.7998,0.8169,0.8336,0.8491,0.8639,0.8774,0.8897,0.9010,0.9112
0.9204,0.9286,0.9357,0.9423,0.9483,0.9536,0.9586,0.9631,0.9674,0.9712
0.9747,0.9780,0.9808,0.9831,0.9852,0.9870,0.9885,0.9898,0.9909,0.9919
0.9928,0.9936,0.9942,0.9948,0.9953,0.9958,0.9962,0.9965,0.9969,0.9972
0.9975,0.9977,0.9980,0.9981,0.9983,0.9985,0.9986,0.9987,0.9989,0.9990
0.9991,0.9992,0.9993,0.9993,0.9994,0.9995,0.9995,0.9996,0.9996,0.9997
0.9997,0.9997,0.9998,0.9998,0.9998,0.9998,0.9999,0.9999,0.9999,0.9999
0.9999,0.9999,0.9999,1.0000,1.0000,1.0000,1.0000,1.0000,1.0000,1.0000
