; Lookup table
;number of bins in Meek's time to distance lookup table
hdriftbins=138
;number of 1st bin in Meek's table in ns
hdrift1stbin=-24
;bin size in ns of Meek's table
hdriftbinsz=2
hwc1x1fract=0.0000,0.0001,0.0001,0.0002,0.0002,0.0003,0.0004,0.0004
0.0005,0.0006,0.0008,0.0009,0.0012,0.0016,0.0024,0.0034,0.0052,0.0078
0.0109,0.0154,0.0213,0.0290,0.0386,0.0497,0.0620,0.0752,0.0896,0.1051
0.1213,0.1380,0.1555,0.1742,0.1938,0.2137,0.2344,0.2556,0.2765,0.2981
0.3197,0.3418,0.3642,0.3865,0.4089,0.4309,0.4536,0.4760,0.4979,0.5208
0.5432,0.5654,0.5871,0.6091,0.6307,0.6520,0.6738,0.6948,0.7151,0.7349
0.7548,0.7740,0.7919,0.8095,0.8264,0.8427,0.8579,0.8724,0.8857,0.8981
0.9096,0.9197,0.9292,0.9379,0.9457,0.9529,0.9592,0.9649,0.9703,0.9748
0.9787,0.9823,0.9852,0.9874,0.9892,0.9910,0.9923,0.9934,0.9943,0.9950
0.9957,0.9961,0.9965,0.9968,0.9972,0.9975,0.9977,0.9979,0.9981,0.9983
0.9985,0.9987,0.9988,0.9989,0.9990,0.9991,0.9992,0.9993,0.9993,0.9994
0.9995,0.9995,0.9996,0.9997,0.9997,0.9997,0.9997,0.9998,0.9998,0.9998
0.9998,0.9998,0.9999,0.9999,0.9999,0.9999,0.9999,0.9999,0.9999,0.9999
1.0000,1.0000,1.0000,1.0000,1.0000,1.0000,1.0000,1.0000,1.0000,1.0000
hwc1y1fract=0.0000,0.0001,0.0001,0.0001,0.0002,0.0002,0.0003,0.0004
0.0005,0.0006,0.0007,0.0009,0.0011,0.0013,0.0017,0.0022,0.0032,0.0044
0.0066,0.0106,0.0170,0.0255,0.0365,0.0503,0.0658,0.0832,0.1019,0.1221
0.1433,0.1645,0.1866,0.2084,0.2305,0.2526,0.2752,0.2974,0.3199,0.3417
0.3643,0.3864,0.4087,0.4306,0.4523,0.4739,0.4952,0.5165,0.5377,0.5590
0.5800,0.6011,0.6218,0.6427,0.6628,0.6835,0.7034,0.7233,0.7422,0.7610
0.7795,0.7974,0.8148,0.8309,0.8470,0.8622,0.8765,0.8895,0.9015,0.9122
0.9222,0.9308,0.9388,0.9459,0.9522,0.9576,0.9625,0.9670,0.9711,0.9746
0.9777,0.9804,0.9829,0.9848,0.9866,0.9880,0.9894,0.9906,0.9916,0.9924
0.9931,0.9938,0.9945,0.9950,0.9954,0.9959,0.9964,0.9968,0.9971,0.9974
0.9977,0.9979,0.9981,0.9983,0.9985,0.9987,0.9989,0.9990,0.9992,0.9993
0.9994,0.9994,0.9995,0.9996,0.9997,0.9997,0.9998,0.9998,0.9998,0.9999
0.9999,0.9999,0.9999,0.9999,0.9999,1.0000,1.0000,1.0000,1.0000,1.0000
1.0000,1.0000,1.0000,1.0000,1.0000,1.0000,1.0000,1.0000,1.0000,1.0000
hwc1u1fract=0.0000,0.0000,0.0000,0.0000,0.0000,0.0000,0.0000,0.0001
0.0001,0.0001,0.0001,0.0001,0.0001,0.0002,0.0005,0.0011,0.0023,0.0041
0.0065,0.0099,0.0151,0.0226,0.0319,0.0443,0.0580,0.0735,0.0903,0.1080
0.1265,0.1458,0.1654,0.1857,0.2072,0.2288,0.2502,0.2715,0.2931,0.3148
0.3365,0.3584,0.3799,0.4017,0.4236,0.4455,0.4671,0.4889,0.5107,0.5326
0.5542,0.5753,0.5961,0.6175,0.6384,0.6592,0.6791,0.6987,0.7188,0.7379
0.7569,0.7754,0.7932,0.8104,0.8267,0.8424,0.8573,0.8714,0.8845,0.8964
0.9073,0.9172,0.9259,0.9340,0.9414,0.9482,0.9540,0.9592,0.9641,0.9683
0.9722,0.9757,0.9789,0.9816,0.9839,0.9858,0.9875,0.9889,0.9901,0.9912
0.9922,0.9930,0.9937,0.9943,0.9949,0.9954,0.9958,0.9962,0.9966,0.9969
0.9973,0.9975,0.9977,0.9980,0.9982,0.9984,0.9986,0.9987,0.9989,0.9990
0.9991,0.9993,0.9994,0.9995,0.9995,0.9996,0.9996,0.9997,0.9998,0.9998
0.9998,0.9998,0.9999,0.9999,0.9999,0.9999,0.9999,0.9999,0.9999,1.0000
1.0000,1.0000,1.0000,1.0000,1.0000,1.0000,1.0000,1.0000,1.0000,1.0000
hwc1v1fract=0.0000,0.0000,0.0000,0.0000,0.0001,0.0001,0.0001,0.0001
0.0001,0.0001,0.0002,0.0002,0.0002,0.0003,0.0004,0.0006,0.0011,0.0021
0.0042,0.0077,0.0137,0.0224,0.0337,0.0473,0.0621,0.0793,0.0979,0.1172
0.1371,0.1572,0.1777,0.1990,0.2208,0.2425,0.2649,0.2871,0.3094,0.3308
0.3530,0.3749,0.3976,0.4194,0.4412,0.4627,0.4840,0.5052,0.5269,0.5476
0.5686,0.5890,0.6092,0.6295,0.6502,0.6706,0.6905,0.7101,0.7295,0.7487
0.7676,0.7865,0.8049,0.8220,0.8388,0.8545,0.8691,0.8823,0.8946,0.9058
0.9158,0.9248,0.9327,0.9398,0.9466,0.9526,0.9580,0.9627,0.9671,0.9712
0.9747,0.9778,0.9806,0.9829,0.9849,0.9867,0.9881,0.9894,0.9905,0.9915
0.9923,0.9930,0.9937,0.9942,0.9948,0.9952,0.9957,0.9962,0.9966,0.9970
0.9972,0.9975,0.9977,0.9979,0.9981,0.9984,0.9985,0.9987,0.9988,0.9989
0.9991,0.9992,0.9993,0.9994,0.9994,0.9995,0.9996,0.9997,0.9997,0.9997
0.9998,0.9998,0.9998,0.9999,0.9999,0.9999,0.9999,0.9999,0.9999,0.9999
0.9999,1.0000,1.0000,1.0000,1.0000,1.0000,1.0000,1.0000,1.0000,1.0000
hwc1y2fract=0.0000,0.0000,0.0000,0.0001,0.0001,0.0001,0.0001,0.0001
0.0001,0.0002,0.0002,0.0003,0.0004,0.0005,0.0007,0.0011,0.0016,0.0027
0.0044,0.0075,0.0125,0.0198,0.0292,0.0411,0.0555,0.0715,0.0893,0.1086
0.1284,0.1491,0.1703,0.1922,0.2139,0.2355,0.2576,0.2796,0.3022,0.3244
0.3470,0.3691,0.3913,0.4134,0.4354,0.4564,0.4776,0.4990,0.5197,0.5404
0.5616,0.5832,0.6039,0.6243,0.6447,0.6653,0.6855,0.7054,0.7249,0.7436
0.7624,0.7808,0.7986,0.8162,0.8322,0.8479,0.8624,0.8764,0.8892,0.9007
0.9109,0.9206,0.9294,0.9374,0.9442,0.9506,0.9559,0.9609,0.9654,0.9692
0.9728,0.9759,0.9788,0.9812,0.9833,0.9852,0.9869,0.9883,0.9895,0.9906
0.9916,0.9924,0.9933,0.9939,0.9945,0.9951,0.9956,0.9960,0.9964,0.9968
0.9971,0.9974,0.9976,0.9979,0.9981,0.9984,0.9986,0.9988,0.9989,0.9990
0.9992,0.9993,0.9994,0.9995,0.9995,0.9996,0.9996,0.9997,0.9997,0.9998
0.9998,0.9998,0.9999,0.9999,0.9999,0.9999,0.9999,0.9999,0.9999,0.9999
0.9999,1.0000,1.0000,1.0000,1.0000,1.0000,1.0000,1.0000,1.0000,1.0000
hwc1x2fract=0.0000,0.0000,0.0000,0.0001,0.0001,0.0001,0.0001,0.0002
0.0002,0.0002,0.0003,0.0004,0.0005,0.0008,0.0011,0.0016,0.0026,0.0044
0.0074,0.0117,0.0174,0.0253,0.0348,0.0459,0.0581,0.0718,0.0864,0.1024
0.1188,0.1364,0.1549,0.1737,0.1937,0.2143,0.2351,0.2568,0.2783,0.3002
0.3221,0.3441,0.3665,0.3885,0.4111,0.4335,0.4559,0.4777,0.4996,0.5217
0.5445,0.5667,0.5883,0.6103,0.6319,0.6536,0.6744,0.6952,0.7153,0.7358
0.7559,0.7755,0.7942,0.8119,0.8290,0.8451,0.8604,0.8745,0.8878,0.8997
0.9110,0.9211,0.9307,0.9393,0.9469,0.9541,0.9603,0.9660,0.9711,0.9754
0.9792,0.9825,0.9853,0.9875,0.9895,0.9909,0.9922,0.9932,0.9941,0.9948
0.9954,0.9959,0.9963,0.9966,0.9970,0.9973,0.9976,0.9979,0.9980,0.9983
0.9985,0.9986,0.9988,0.9989,0.9990,0.9991,0.9992,0.9993,0.9993,0.9994
0.9995,0.9995,0.9996,0.9996,0.9996,0.9997,0.9997,0.9997,0.9997,0.9998
0.9998,0.9998,0.9998,0.9998,0.9999,0.9999,0.9999,0.9999,0.9999,0.9999
0.9999,1.0000,1.0000,1.0000,1.0000,1.0000,1.0000,1.0000,1.0000,1.0000
hwc2x1fract=0.0000,0.0001,0.0001,0.0002,0.0002,0.0003,0.0004,0.0004
0.0005,0.0006,0.0007,0.0008,0.0009,0.0012,0.0014,0.0018,0.0025,0.0038
0.0062,0.0101,0.0152,0.0221,0.0306,0.0407,0.0528,0.0660,0.0801,0.0951
0.1110,0.1279,0.1454,0.1642,0.1828,0.2030,0.2233,0.2440,0.2653,0.2868
0.3088,0.3308,0.3531,0.3753,0.3979,0.4201,0.4423,0.4647,0.4874,0.5098
0.5326,0.5550,0.5771,0.5989,0.6205,0.6422,0.6639,0.6851,0.7060,0.7269
0.7472,0.7669,0.7862,0.8048,0.8227,0.8394,0.8553,0.8700,0.8837,0.8963
0.9077,0.9183,0.9280,0.9367,0.9445,0.9514,0.9580,0.9640,0.9693,0.9741
0.9780,0.9813,0.9842,0.9866,0.9887,0.9903,0.9917,0.9929,0.9938,0.9946
0.9953,0.9959,0.9963,0.9967,0.9971,0.9974,0.9976,0.9979,0.9981,0.9984
0.9985,0.9987,0.9988,0.9990,0.9991,0.9992,0.9993,0.9994,0.9995,0.9995
0.9996,0.9996,0.9997,0.9997,0.9997,0.9997,0.9998,0.9998,0.9999,0.9999
0.9999,0.9999,0.9999,0.9999,0.9999,1.0000,1.0000,1.0000,1.0000,1.0000
1.0000,1.0000,1.0000,1.0000,1.0000,1.0000,1.0000,1.0000,1.0000,1.0000
hwc2y1fract=0.0000,0.0000,0.0000,0.0000,0.0001,0.0001,0.0001,0.0002
0.0002,0.0002,0.0003,0.0003,0.0004,0.0006,0.0007,0.0010,0.0015,0.0024
0.0041,0.0072,0.0129,0.0214,0.0326,0.0461,0.0622,0.0804,0.1001,0.1205
0.1418,0.1639,0.1865,0.2091,0.2321,0.2547,0.2778,0.3007,0.3236,0.3459
0.3682,0.3908,0.4123,0.4339,0.4558,0.4774,0.4987,0.5203,0.5418,0.5627
0.5837,0.6040,0.6251,0.6454,0.6657,0.6858,0.7057,0.7252,0.7445,0.7637
0.7819,0.8004,0.8182,0.8354,0.8516,0.8671,0.8810,0.8942,0.9060,0.9167
0.9262,0.9349,0.9426,0.9491,0.9547,0.9597,0.9643,0.9684,0.9720,0.9754
0.9786,0.9811,0.9832,0.9851,0.9868,0.9882,0.9895,0.9906,0.9915,0.9923
0.9931,0.9937,0.9943,0.9948,0.9953,0.9957,0.9961,0.9965,0.9968,0.9971
0.9973,0.9976,0.9978,0.9980,0.9982,0.9984,0.9986,0.9988,0.9989,0.9991
0.9992,0.9993,0.9994,0.9995,0.9995,0.9996,0.9997,0.9997,0.9998,0.9998
0.9998,0.9998,0.9999,0.9999,0.9999,0.9999,0.9999,1.0000,1.0000,1.0000
1.0000,1.0000,1.0000,1.0000,1.0000,1.0000,1.0000,1.0000,1.0000,1.0000
hwc2u1fract=0.0000,0.0000,0.0000,0.0000,0.0001,0.0001,0.0001,0.0001
0.0001,0.0001,0.0001,0.0001,0.0002,0.0002,0.0003,0.0004,0.0005,0.0010
0.0021,0.0046,0.0093,0.0174,0.0287,0.0427,0.0586,0.0770,0.0964,0.1171
0.1381,0.1601,0.1818,0.2044,0.2268,0.2487,0.2714,0.2941,0.3166,0.3393
0.3616,0.3836,0.4059,0.4273,0.4488,0.4705,0.4920,0.5130,0.5337,0.5548
0.5756,0.5963,0.6164,0.6368,0.6570,0.6770,0.6967,0.7164,0.7353,0.7547
0.7734,0.7917,0.8098,0.8269,0.8435,0.8593,0.8738,0.8876,0.8995,0.9106
0.9205,0.9294,0.9370,0.9439,0.9500,0.9558,0.9608,0.9653,0.9692,0.9728
0.9759,0.9787,0.9810,0.9833,0.9852,0.9867,0.9880,0.9892,0.9903,0.9912
0.9920,0.9928,0.9934,0.9939,0.9944,0.9949,0.9954,0.9958,0.9961,0.9965
0.9968,0.9971,0.9974,0.9977,0.9979,0.9981,0.9983,0.9985,0.9986,0.9988
0.9989,0.9991,0.9992,0.9993,0.9994,0.9995,0.9995,0.9996,0.9997,0.9997
0.9998,0.9998,0.9998,0.9998,0.9999,0.9999,0.9999,0.9999,0.9999,0.9999
0.9999,1.0000,1.0000,1.0000,1.0000,1.0000,1.0000,1.0000,1.0000,1.0000
hwc2v1fract=0.0000,0.0000,0.0000,0.0000,0.0001,0.0001,0.0001,0.0001
0.0001,0.0001,0.0002,0.0002,0.0003,0.0003,0.0004,0.0006,0.0009,0.0017
0.0034,0.0068,0.0128,0.0220,0.0343,0.0494,0.0661,0.0848,0.1049,0.1256
0.1471,0.1691,0.1917,0.2138,0.2359,0.2586,0.2813,0.3036,0.3261,0.3485
0.3708,0.3932,0.4150,0.4369,0.4580,0.4792,0.5001,0.5213,0.5423,0.5629
0.5834,0.6039,0.6244,0.6449,0.6650,0.6853,0.7051,0.7242,0.7432,0.7624
0.7813,0.7992,0.8167,0.8330,0.8492,0.8644,0.8785,0.8913,0.9029,0.9132
0.9228,0.9312,0.9386,0.9451,0.9513,0.9568,0.9616,0.9660,0.9700,0.9736
0.9766,0.9793,0.9817,0.9839,0.9857,0.9872,0.9886,0.9897,0.9908,0.9917
0.9925,0.9932,0.9939,0.9944,0.9949,0.9954,0.9958,0.9962,0.9965,0.9968
0.9971,0.9975,0.9977,0.9980,0.9983,0.9985,0.9987,0.9989,0.9990,0.9991
0.9993,0.9993,0.9994,0.9995,0.9996,0.9996,0.9997,0.9997,0.9998,0.9998
0.9998,0.9998,0.9999,0.9999,0.9999,0.9999,0.9999,0.9999,0.9999,1.0000
1.0000,1.0000,1.0000,1.0000,1.0000,1.0000,1.0000,1.0000,1.0000,1.0000
hwc2y2fract=0.0000,0.0000,0.0000,0.0000,0.0001,0.0001,0.0001,0.0002
0.0002,0.0003,0.0003,0.0004,0.0005,0.0007,0.0009,0.0013,0.0021,0.0034
0.0058,0.0098,0.0159,0.0248,0.0365,0.0511,0.0674,0.0863,0.1060,0.1269
0.1485,0.1707,0.1932,0.2163,0.2398,0.2631,0.2858,0.3088,0.3314,0.3543
0.3769,0.3995,0.4221,0.4438,0.4657,0.4875,0.5089,0.5295,0.5504,0.5711
0.5920,0.6122,0.6329,0.6536,0.6739,0.6942,0.7135,0.7331,0.7522,0.7714
0.7898,0.8081,0.8254,0.8419,0.8578,0.8726,0.8862,0.8986,0.9100,0.9205
0.9296,0.9381,0.9452,0.9515,0.9573,0.9623,0.9668,0.9707,0.9740,0.9771
0.9799,0.9822,0.9842,0.9860,0.9875,0.9889,0.9901,0.9911,0.9920,0.9928
0.9934,0.9941,0.9947,0.9952,0.9956,0.9960,0.9964,0.9967,0.9970,0.9973
0.9975,0.9978,0.9980,0.9982,0.9984,0.9986,0.9987,0.9989,0.9990,0.9991
0.9993,0.9994,0.9995,0.9995,0.9996,0.9996,0.9997,0.9997,0.9998,0.9998
0.9998,0.9999,0.9999,0.9999,0.9999,0.9999,0.9999,1.0000,1.0000,1.0000
1.0000,1.0000,1.0000,1.0000,1.0000,1.0000,1.0000,1.0000,1.0000,1.0000
hwc2x2fract=0.0000,0.0000,0.0001,0.0001,0.0001,0.0002,0.0002,0.0003
0.0003,0.0004,0.0005,0.0006,0.0007,0.0008,0.0010,0.0013,0.0020,0.0033
0.0055,0.0086,0.0135,0.0203,0.0290,0.0393,0.0514,0.0645,0.0791,0.0949
0.1112,0.1286,0.1467,0.1653,0.1850,0.2051,0.2259,0.2471,0.2684,0.2904
0.3128,0.3348,0.3569,0.3800,0.4025,0.4250,0.4477,0.4704,0.4929,0.5154
0.5380,0.5596,0.5815,0.6032,0.6249,0.6464,0.6677,0.6888,0.7094,0.7299
0.7499,0.7696,0.7887,0.8070,0.8249,0.8412,0.8568,0.8714,0.8855,0.8980
0.9091,0.9197,0.9294,0.9379,0.9458,0.9525,0.9589,0.9646,0.9697,0.9739
0.9778,0.9811,0.9840,0.9864,0.9885,0.9900,0.9916,0.9927,0.9937,0.9945
0.9952,0.9958,0.9963,0.9967,0.9970,0.9973,0.9977,0.9980,0.9982,0.9983
0.9985,0.9987,0.9988,0.9990,0.9991,0.9992,0.9993,0.9993,0.9994,0.9995
0.9995,0.9996,0.9996,0.9997,0.9997,0.9998,0.9998,0.9998,0.9998,0.9999
0.9999,0.9999,0.9999,0.9999,0.9999,0.9999,0.9999,0.9999,1.0000,1.0000
1.0000,1.0000,1.0000,1.0000,1.0000,1.0000,1.0000,1.0000,1.0000,1.0000
