; Lookup table
;number of bins in Meek's time to distance lookup table
hdriftbins=138
;number of 1st bin in Meek's table in ns
hdrift1stbin=-24
;bin size in ns of Meek's table
hdriftbinsz=2
hwc1x1fract=0.0003,0.0007,0.0009,0.0013,0.0017,0.0020,0.0025,0.0029
0.0034,0.0040,0.0045,0.0050,0.0056,0.0064,0.0075,0.0092,0.0113,0.0143
0.0182,0.0229,0.0289,0.0364,0.0460,0.0564,0.0683,0.0811,0.0954,0.1106
0.1266,0.1434,0.1611,0.1794,0.1981,0.2176,0.2381,0.2579,0.2790,0.2997
0.3213,0.3424,0.3636,0.3855,0.4075,0.4304,0.4521,0.4744,0.4961,0.5181
0.5393,0.5615,0.5828,0.6036,0.6246,0.6463,0.6672,0.6878,0.7080,0.7274
0.7462,0.7642,0.7826,0.7998,0.8158,0.8315,0.8460,0.8600,0.8724,0.8845
0.8954,0.9055,0.9148,0.9236,0.9313,0.9386,0.9444,0.9501,0.9554,0.9597
0.9634,0.9667,0.9695,0.9720,0.9742,0.9757,0.9774,0.9787,0.9799,0.9808
0.9817,0.9825,0.9833,0.9840,0.9847,0.9853,0.9859,0.9865,0.9870,0.9875
0.9879,0.9883,0.9887,0.9891,0.9895,0.9899,0.9903,0.9908,0.9911,0.9914
0.9917,0.9921,0.9924,0.9927,0.9930,0.9934,0.9936,0.9940,0.9943,0.9946
0.9949,0.9952,0.9955,0.9958,0.9961,0.9964,0.9967,0.9969,0.9972,0.9975
0.9977,0.9980,0.9982,0.9985,0.9988,0.9990,0.9993,0.9995,0.9998,1.0000
hwc1y1fract=0.0003,0.0006,0.0008,0.0012,0.0016,0.0020,0.0023,0.0027
0.0031,0.0036,0.0041,0.0046,0.0053,0.0060,0.0069,0.0081,0.0098,0.0123
0.0158,0.0215,0.0293,0.0396,0.0520,0.0672,0.0839,0.1017,0.1207,0.1410
0.1621,0.1831,0.2041,0.2254,0.2472,0.2685,0.2904,0.3124,0.3342,0.3568
0.3787,0.4001,0.4221,0.4434,0.4645,0.4860,0.5061,0.5260,0.5464,0.5666
0.5872,0.6072,0.6277,0.6480,0.6675,0.6871,0.7064,0.7252,0.7438,0.7619
0.7799,0.7966,0.8133,0.8290,0.8443,0.8582,0.8708,0.8829,0.8938,0.9035
0.9121,0.9199,0.9271,0.9334,0.9389,0.9442,0.9487,0.9530,0.9567,0.9601
0.9632,0.9658,0.9682,0.9704,0.9724,0.9738,0.9752,0.9765,0.9779,0.9791
0.9800,0.9809,0.9818,0.9827,0.9834,0.9841,0.9848,0.9854,0.9860,0.9865
0.9872,0.9877,0.9882,0.9888,0.9893,0.9897,0.9901,0.9905,0.9910,0.9913
0.9917,0.9920,0.9924,0.9927,0.9932,0.9934,0.9938,0.9942,0.9946,0.9949
0.9952,0.9956,0.9958,0.9960,0.9963,0.9966,0.9969,0.9971,0.9974,0.9977
0.9979,0.9983,0.9985,0.9988,0.9990,0.9993,0.9994,0.9995,0.9998,1.0000
hwc1u1fract=0.0002,0.0005,0.0008,0.0010,0.0013,0.0015,0.0018,0.0020
0.0024,0.0026,0.0029,0.0032,0.0036,0.0042,0.0051,0.0065,0.0086,0.0116
0.0151,0.0204,0.0273,0.0366,0.0480,0.0611,0.0753,0.0914,0.1088,0.1273
0.1459,0.1654,0.1857,0.2061,0.2262,0.2470,0.2678,0.2896,0.3111,0.3323
0.3542,0.3758,0.3974,0.4187,0.4394,0.4604,0.4813,0.5024,0.5236,0.5446
0.5657,0.5860,0.6065,0.6273,0.6477,0.6675,0.6868,0.7060,0.7257,0.7438
0.7622,0.7801,0.7972,0.8134,0.8288,0.8428,0.8563,0.8691,0.8808,0.8916
0.9014,0.9101,0.9181,0.9256,0.9323,0.9380,0.9434,0.9484,0.9531,0.9572
0.9607,0.9640,0.9670,0.9693,0.9714,0.9735,0.9751,0.9764,0.9778,0.9789
0.9800,0.9809,0.9817,0.9825,0.9833,0.9840,0.9846,0.9852,0.9858,0.9864
0.9870,0.9876,0.9881,0.9887,0.9891,0.9896,0.9901,0.9905,0.9910,0.9913
0.9917,0.9920,0.9924,0.9927,0.9931,0.9934,0.9937,0.9942,0.9945,0.9948
0.9952,0.9955,0.9957,0.9960,0.9963,0.9966,0.9969,0.9971,0.9973,0.9976
0.9978,0.9980,0.9983,0.9985,0.9989,0.9991,0.9993,0.9995,0.9998,1.0000
hwc1v1fract=0.0003,0.0005,0.0008,0.0012,0.0014,0.0017,0.0020,0.0022
0.0026,0.0029,0.0032,0.0035,0.0038,0.0042,0.0046,0.0051,0.0059,0.0070
0.0091,0.0127,0.0182,0.0265,0.0372,0.0502,0.0652,0.0815,0.0990,0.1182
0.1381,0.1587,0.1789,0.1997,0.2208,0.2418,0.2631,0.2845,0.3055,0.3272
0.3488,0.3702,0.3918,0.4134,0.4346,0.4556,0.4765,0.4973,0.5172,0.5371
0.5577,0.5782,0.5985,0.6176,0.6377,0.6582,0.6782,0.6973,0.7167,0.7359
0.7543,0.7721,0.7898,0.8072,0.8236,0.8387,0.8526,0.8659,0.8777,0.8890
0.8988,0.9079,0.9161,0.9234,0.9298,0.9358,0.9413,0.9463,0.9508,0.9550
0.9588,0.9622,0.9652,0.9681,0.9704,0.9724,0.9741,0.9756,0.9771,0.9784
0.9794,0.9805,0.9814,0.9823,0.9830,0.9838,0.9844,0.9851,0.9858,0.9865
0.9870,0.9876,0.9882,0.9887,0.9892,0.9897,0.9902,0.9906,0.9911,0.9915
0.9919,0.9923,0.9927,0.9930,0.9934,0.9936,0.9940,0.9942,0.9945,0.9948
0.9951,0.9954,0.9957,0.9960,0.9963,0.9966,0.9968,0.9971,0.9973,0.9976
0.9979,0.9981,0.9984,0.9986,0.9989,0.9991,0.9994,0.9996,0.9998,1.0000
hwc1y2fract=0.0002,0.0004,0.0007,0.0010,0.0012,0.0015,0.0018,0.0021
0.0025,0.0028,0.0032,0.0037,0.0040,0.0046,0.0053,0.0061,0.0073,0.0091
0.0120,0.0162,0.0229,0.0320,0.0430,0.0563,0.0714,0.0880,0.1065,0.1257
0.1457,0.1662,0.1875,0.2092,0.2311,0.2528,0.2740,0.2960,0.3184,0.3402
0.3612,0.3825,0.4040,0.4255,0.4465,0.4671,0.4881,0.5097,0.5297,0.5499
0.5703,0.5912,0.6123,0.6319,0.6521,0.6717,0.6915,0.7102,0.7288,0.7469
0.7646,0.7823,0.7988,0.8151,0.8305,0.8452,0.8584,0.8708,0.8823,0.8924
0.9024,0.9108,0.9183,0.9252,0.9316,0.9377,0.9428,0.9473,0.9517,0.9558
0.9592,0.9623,0.9650,0.9676,0.9698,0.9717,0.9735,0.9750,0.9762,0.9775
0.9786,0.9797,0.9806,0.9815,0.9823,0.9832,0.9839,0.9845,0.9851,0.9858
0.9863,0.9870,0.9876,0.9882,0.9886,0.9890,0.9894,0.9899,0.9903,0.9907
0.9911,0.9915,0.9919,0.9923,0.9926,0.9929,0.9933,0.9936,0.9940,0.9943
0.9947,0.9951,0.9955,0.9958,0.9961,0.9963,0.9966,0.9969,0.9972,0.9975
0.9978,0.9980,0.9983,0.9985,0.9988,0.9990,0.9993,0.9995,0.9997,1.0000
hwc1x2fract=0.0003,0.0006,0.0009,0.0012,0.0016,0.0019,0.0022,0.0025
0.0029,0.0033,0.0036,0.0039,0.0045,0.0050,0.0056,0.0065,0.0078,0.0100
0.0128,0.0170,0.0229,0.0305,0.0392,0.0498,0.0619,0.0750,0.0891,0.1038
0.1201,0.1369,0.1548,0.1732,0.1927,0.2127,0.2324,0.2531,0.2736,0.2950
0.3156,0.3375,0.3591,0.3813,0.4033,0.4256,0.4473,0.4695,0.4917,0.5132
0.5350,0.5566,0.5778,0.5987,0.6205,0.6417,0.6615,0.6814,0.7014,0.7210
0.7403,0.7596,0.7777,0.7948,0.8119,0.8279,0.8424,0.8567,0.8698,0.8817
0.8934,0.9035,0.9129,0.9216,0.9293,0.9364,0.9425,0.9483,0.9533,0.9576
0.9616,0.9653,0.9681,0.9707,0.9729,0.9747,0.9764,0.9777,0.9789,0.9799
0.9806,0.9814,0.9822,0.9828,0.9834,0.9841,0.9847,0.9852,0.9858,0.9863
0.9867,0.9873,0.9878,0.9882,0.9887,0.9892,0.9896,0.9901,0.9905,0.9908
0.9912,0.9915,0.9920,0.9923,0.9927,0.9930,0.9934,0.9937,0.9940,0.9943
0.9947,0.9951,0.9954,0.9957,0.9960,0.9963,0.9967,0.9970,0.9972,0.9974
0.9977,0.9979,0.9982,0.9985,0.9987,0.9990,0.9992,0.9995,0.9997,1.0000
hwc2x1fract=0.0003,0.0006,0.0010,0.0014,0.0017,0.0021,0.0025,0.0027
0.0031,0.0035,0.0040,0.0046,0.0052,0.0058,0.0066,0.0077,0.0095,0.0123
0.0165,0.0217,0.0286,0.0367,0.0470,0.0587,0.0711,0.0848,0.0998,0.1156
0.1327,0.1505,0.1691,0.1880,0.2072,0.2274,0.2472,0.2678,0.2889,0.3103
0.3318,0.3540,0.3763,0.3984,0.4210,0.4433,0.4657,0.4883,0.5102,0.5319
0.5534,0.5748,0.5958,0.6172,0.6382,0.6591,0.6801,0.7009,0.7213,0.7411
0.7601,0.7784,0.7960,0.8136,0.8295,0.8448,0.8593,0.8725,0.8846,0.8959
0.9057,0.9147,0.9231,0.9310,0.9385,0.9447,0.9501,0.9546,0.9590,0.9628
0.9660,0.9689,0.9715,0.9735,0.9753,0.9769,0.9783,0.9793,0.9803,0.9812
0.9820,0.9827,0.9834,0.9840,0.9845,0.9850,0.9856,0.9861,0.9866,0.9872
0.9877,0.9882,0.9886,0.9890,0.9894,0.9898,0.9902,0.9905,0.9909,0.9913
0.9916,0.9919,0.9922,0.9926,0.9929,0.9931,0.9934,0.9937,0.9940,0.9943
0.9947,0.9949,0.9953,0.9956,0.9960,0.9963,0.9966,0.9969,0.9971,0.9974
0.9977,0.9980,0.9983,0.9985,0.9988,0.9990,0.9993,0.9996,0.9998,1.0000
hwc2y1fract=0.0002,0.0005,0.0008,0.0011,0.0014,0.0017,0.0020,0.0022
0.0026,0.0029,0.0033,0.0037,0.0042,0.0047,0.0053,0.0063,0.0076,0.0095
0.0129,0.0184,0.0264,0.0370,0.0503,0.0659,0.0834,0.1025,0.1227,0.1444
0.1661,0.1882,0.2112,0.2337,0.2561,0.2795,0.3020,0.3251,0.3475,0.3696
0.3918,0.4138,0.4353,0.4569,0.4784,0.4992,0.5202,0.5414,0.5619,0.5820
0.6023,0.6223,0.6422,0.6617,0.6813,0.7009,0.7201,0.7390,0.7580,0.7760
0.7938,0.8108,0.8272,0.8421,0.8567,0.8703,0.8829,0.8941,0.9041,0.9133
0.9216,0.9288,0.9351,0.9408,0.9459,0.9507,0.9545,0.9582,0.9615,0.9644
0.9670,0.9693,0.9713,0.9731,0.9747,0.9761,0.9774,0.9783,0.9794,0.9805
0.9813,0.9822,0.9829,0.9837,0.9843,0.9849,0.9855,0.9861,0.9866,0.9871
0.9876,0.9882,0.9886,0.9891,0.9896,0.9901,0.9906,0.9910,0.9913,0.9918
0.9921,0.9924,0.9927,0.9931,0.9934,0.9938,0.9941,0.9944,0.9947,0.9950
0.9953,0.9956,0.9958,0.9960,0.9963,0.9966,0.9969,0.9971,0.9974,0.9976
0.9978,0.9982,0.9985,0.9987,0.9989,0.9991,0.9993,0.9996,0.9998,1.0000
hwc2u1fract=0.0002,0.0005,0.0008,0.0010,0.0012,0.0015,0.0017,0.0019
0.0021,0.0024,0.0026,0.0030,0.0032,0.0035,0.0039,0.0043,0.0051,0.0063
0.0088,0.0133,0.0208,0.0313,0.0443,0.0602,0.0777,0.0970,0.1175,0.1385
0.1599,0.1817,0.2030,0.2255,0.2474,0.2695,0.2912,0.3134,0.3354,0.3564
0.3779,0.3995,0.4204,0.4411,0.4615,0.4817,0.5018,0.5223,0.5429,0.5627
0.5829,0.6028,0.6219,0.6412,0.6602,0.6792,0.6980,0.7163,0.7347,0.7525
0.7700,0.7864,0.8025,0.8180,0.8333,0.8477,0.8614,0.8729,0.8841,0.8938
0.9028,0.9104,0.9172,0.9237,0.9289,0.9340,0.9385,0.9425,0.9464,0.9499
0.9529,0.9557,0.9583,0.9607,0.9628,0.9649,0.9666,0.9681,0.9696,0.9708
0.9723,0.9736,0.9746,0.9758,0.9768,0.9778,0.9789,0.9799,0.9809,0.9818
0.9827,0.9836,0.9845,0.9852,0.9861,0.9868,0.9875,0.9883,0.9889,0.9896
0.9902,0.9907,0.9912,0.9918,0.9923,0.9926,0.9930,0.9934,0.9937,0.9941
0.9945,0.9948,0.9951,0.9955,0.9957,0.9960,0.9964,0.9967,0.9971,0.9974
0.9977,0.9980,0.9983,0.9986,0.9988,0.9990,0.9993,0.9995,0.9998,1.0000
hwc2v1fract=0.0002,0.0004,0.0006,0.0010,0.0012,0.0015,0.0018,0.0021
0.0024,0.0028,0.0031,0.0035,0.0038,0.0043,0.0048,0.0054,0.0065,0.0083
0.0117,0.0178,0.0270,0.0391,0.0540,0.0713,0.0896,0.1092,0.1296,0.1504
0.1721,0.1931,0.2154,0.2382,0.2605,0.2833,0.3059,0.3276,0.3496,0.3716
0.3935,0.4153,0.4366,0.4580,0.4791,0.4996,0.5202,0.5401,0.5603,0.5806
0.6005,0.6204,0.6404,0.6600,0.6795,0.6984,0.7176,0.7362,0.7551,0.7731
0.7907,0.8076,0.8239,0.8398,0.8541,0.8680,0.8803,0.8914,0.9015,0.9106
0.9185,0.9257,0.9323,0.9380,0.9433,0.9481,0.9521,0.9561,0.9595,0.9624
0.9653,0.9678,0.9700,0.9718,0.9734,0.9750,0.9764,0.9775,0.9786,0.9797
0.9806,0.9815,0.9823,0.9831,0.9838,0.9844,0.9850,0.9857,0.9863,0.9869
0.9874,0.9879,0.9885,0.9890,0.9895,0.9898,0.9903,0.9907,0.9912,0.9915
0.9919,0.9923,0.9925,0.9929,0.9933,0.9936,0.9938,0.9941,0.9944,0.9947
0.9951,0.9955,0.9958,0.9960,0.9963,0.9966,0.9968,0.9971,0.9974,0.9977
0.9980,0.9981,0.9984,0.9987,0.9989,0.9991,0.9993,0.9996,0.9999,1.0000
hwc2y2fract=0.0003,0.0005,0.0008,0.0011,0.0014,0.0017,0.0020,0.0023
0.0026,0.0030,0.0033,0.0037,0.0042,0.0049,0.0057,0.0068,0.0083,0.0108
0.0149,0.0210,0.0300,0.0413,0.0555,0.0718,0.0895,0.1084,0.1289,0.1500
0.1719,0.1939,0.2159,0.2386,0.2615,0.2839,0.3061,0.3283,0.3504,0.3720
0.3944,0.4165,0.4387,0.4604,0.4814,0.5024,0.5236,0.5437,0.5641,0.5846
0.6051,0.6255,0.6460,0.6661,0.6861,0.7050,0.7245,0.7436,0.7620,0.7797
0.7974,0.8138,0.8297,0.8447,0.8590,0.8728,0.8852,0.8964,0.9059,0.9147
0.9228,0.9300,0.9364,0.9420,0.9470,0.9513,0.9553,0.9588,0.9619,0.9644
0.9669,0.9690,0.9710,0.9728,0.9743,0.9756,0.9768,0.9780,0.9790,0.9800
0.9809,0.9818,0.9826,0.9833,0.9839,0.9846,0.9853,0.9858,0.9863,0.9867
0.9872,0.9876,0.9881,0.9887,0.9890,0.9895,0.9900,0.9904,0.9909,0.9913
0.9917,0.9921,0.9925,0.9928,0.9932,0.9935,0.9938,0.9942,0.9945,0.9948
0.9951,0.9954,0.9956,0.9959,0.9962,0.9966,0.9968,0.9971,0.9973,0.9977
0.9979,0.9982,0.9984,0.9986,0.9988,0.9991,0.9993,0.9995,0.9998,1.0000
hwc2x2fract=0.0003,0.0006,0.0009,0.0012,0.0015,0.0018,0.0021,0.0025
0.0029,0.0032,0.0037,0.0042,0.0046,0.0053,0.0061,0.0073,0.0091,0.0119
0.0160,0.0214,0.0286,0.0376,0.0479,0.0596,0.0727,0.0868,0.1022,0.1187
0.1358,0.1538,0.1732,0.1931,0.2133,0.2337,0.2545,0.2754,0.2973,0.3191
0.3412,0.3629,0.3844,0.4070,0.4288,0.4505,0.4725,0.4944,0.5163,0.5380
0.5598,0.5819,0.6029,0.6249,0.6460,0.6665,0.6875,0.7077,0.7278,0.7471
0.7660,0.7846,0.8023,0.8194,0.8353,0.8499,0.8633,0.8758,0.8878,0.8987
0.9083,0.9173,0.9254,0.9326,0.9391,0.9452,0.9503,0.9553,0.9595,0.9631
0.9663,0.9691,0.9716,0.9736,0.9754,0.9769,0.9783,0.9795,0.9805,0.9815
0.9824,0.9832,0.9839,0.9844,0.9850,0.9856,0.9862,0.9867,0.9872,0.9876
0.9881,0.9885,0.9889,0.9894,0.9898,0.9902,0.9905,0.9909,0.9913,0.9916
0.9920,0.9923,0.9926,0.9930,0.9933,0.9936,0.9939,0.9942,0.9944,0.9947
0.9950,0.9954,0.9956,0.9959,0.9962,0.9965,0.9968,0.9971,0.9974,0.9976
0.9979,0.9981,0.9983,0.9986,0.9989,0.9991,0.9993,0.9996,0.9998,1.0000
