; Lookup table
;number of bins in Meek's time to distance lookup table
hdriftbins=138
;number of 1st bin in Meek's table in ns
hdrift1stbin=-24
;bin size in ns of Meek's table
hdriftbinsz=2
hwc1x1fract=0.0001,0.0001,0.0002,0.0003,0.0003,0.0004,0.0005,0.0006
0.0007,0.0008,0.0009,0.0011,0.0013,0.0017,0.0022,0.0030,0.0044,0.0060
0.0084,0.0118,0.0167,0.0236,0.0328,0.0436,0.0558,0.0701,0.0858,0.1027
0.1205,0.1394,0.1590,0.1793,0.2007,0.2228,0.2449,0.2672,0.2909,0.3143
0.3377,0.3611,0.3841,0.4069,0.4299,0.4528,0.4755,0.4983,0.5212,0.5438
0.5652,0.5869,0.6080,0.6294,0.6501,0.6710,0.6917,0.7117,0.7313,0.7505
0.7696,0.7879,0.8050,0.8216,0.8375,0.8522,0.8658,0.8789,0.8906,0.9015
0.9115,0.9209,0.9293,0.9370,0.9442,0.9508,0.9567,0.9622,0.9672,0.9718
0.9758,0.9791,0.9819,0.9845,0.9866,0.9885,0.9901,0.9915,0.9926,0.9935
0.9942,0.9949,0.9955,0.9960,0.9965,0.9969,0.9972,0.9975,0.9977,0.9979
0.9981,0.9983,0.9984,0.9985,0.9986,0.9987,0.9989,0.9990,0.9991,0.9992
0.9993,0.9993,0.9994,0.9994,0.9995,0.9995,0.9996,0.9996,0.9997,0.9997
0.9997,0.9998,0.9998,0.9998,0.9999,0.9999,0.9999,0.9999,0.9999,0.9999
0.9999,0.9999,0.9999,0.9999,1.0000,1.0000,1.0000,1.0000,1.0000,1.0000
hwc1y1fract=0.0000,0.0001,0.0001,0.0002,0.0002,0.0003,0.0004,0.0005
0.0006,0.0008,0.0009,0.0010,0.0012,0.0015,0.0020,0.0026,0.0037,0.0054
0.0083,0.0130,0.0206,0.0316,0.0446,0.0602,0.0784,0.0987,0.1204,0.1433
0.1668,0.1904,0.2140,0.2380,0.2617,0.2856,0.3100,0.3339,0.3568,0.3797
0.4027,0.4257,0.4480,0.4699,0.4916,0.5128,0.5335,0.5544,0.5749,0.5956
0.6165,0.6375,0.6580,0.6782,0.6980,0.7172,0.7367,0.7555,0.7734,0.7909
0.8082,0.8243,0.8404,0.8558,0.8704,0.8831,0.8951,0.9055,0.9152,0.9242
0.9318,0.9386,0.9448,0.9500,0.9552,0.9596,0.9638,0.9675,0.9709,0.9740
0.9768,0.9792,0.9813,0.9831,0.9849,0.9863,0.9876,0.9890,0.9900,0.9911
0.9919,0.9927,0.9935,0.9941,0.9948,0.9952,0.9957,0.9961,0.9965,0.9969
0.9972,0.9975,0.9977,0.9980,0.9982,0.9984,0.9986,0.9987,0.9989,0.9990
0.9991,0.9992,0.9993,0.9994,0.9995,0.9995,0.9996,0.9997,0.9997,0.9998
0.9998,0.9998,0.9998,0.9999,0.9999,0.9999,0.9999,0.9999,0.9999,0.9999
1.0000,1.0000,1.0000,1.0000,1.0000,1.0000,1.0000,1.0000,1.0000,1.0000
hwc1u1fract=0.0000,0.0000,0.0000,0.0000,0.0000,0.0000,0.0001,0.0001
0.0001,0.0001,0.0001,0.0002,0.0002,0.0004,0.0007,0.0015,0.0025,0.0041
0.0065,0.0105,0.0171,0.0265,0.0382,0.0520,0.0682,0.0863,0.1056,0.1263
0.1478,0.1699,0.1926,0.2157,0.2392,0.2624,0.2857,0.3094,0.3326,0.3552
0.3784,0.4014,0.4239,0.4464,0.4685,0.4900,0.5112,0.5327,0.5539,0.5746
0.5961,0.6169,0.6365,0.6566,0.6765,0.6960,0.7157,0.7347,0.7534,0.7720
0.7896,0.8071,0.8236,0.8393,0.8541,0.8678,0.8804,0.8916,0.9018,0.9110
0.9194,0.9268,0.9336,0.9401,0.9460,0.9515,0.9564,0.9610,0.9652,0.9693
0.9726,0.9757,0.9785,0.9809,0.9830,0.9846,0.9863,0.9877,0.9889,0.9902
0.9911,0.9919,0.9926,0.9933,0.9938,0.9944,0.9949,0.9953,0.9957,0.9961
0.9964,0.9967,0.9970,0.9973,0.9976,0.9978,0.9980,0.9982,0.9983,0.9985
0.9986,0.9988,0.9989,0.9990,0.9991,0.9992,0.9993,0.9994,0.9995,0.9995
0.9996,0.9996,0.9997,0.9997,0.9998,0.9998,0.9998,0.9999,0.9999,0.9999
0.9999,0.9999,0.9999,0.9999,1.0000,1.0000,1.0000,1.0000,1.0000,1.0000
hwc1v1fract=0.0000,0.0000,0.0000,0.0000,0.0001,0.0001,0.0001,0.0001
0.0002,0.0002,0.0003,0.0003,0.0004,0.0005,0.0007,0.0009,0.0015,0.0025
0.0046,0.0085,0.0149,0.0239,0.0358,0.0499,0.0666,0.0853,0.1049,0.1259
0.1476,0.1698,0.1920,0.2148,0.2376,0.2605,0.2834,0.3061,0.3293,0.3524
0.3749,0.3976,0.4201,0.4421,0.4643,0.4860,0.5076,0.5287,0.5503,0.5707
0.5915,0.6121,0.6321,0.6525,0.6723,0.6922,0.7119,0.7314,0.7507,0.7697
0.7880,0.8059,0.8227,0.8386,0.8541,0.8683,0.8810,0.8928,0.9037,0.9131
0.9217,0.9294,0.9360,0.9424,0.9479,0.9529,0.9576,0.9620,0.9660,0.9700
0.9734,0.9763,0.9791,0.9813,0.9835,0.9853,0.9868,0.9881,0.9892,0.9904
0.9913,0.9922,0.9929,0.9936,0.9941,0.9946,0.9950,0.9956,0.9960,0.9963
0.9967,0.9970,0.9973,0.9975,0.9977,0.9979,0.9981,0.9983,0.9984,0.9986
0.9987,0.9988,0.9989,0.9991,0.9992,0.9992,0.9993,0.9994,0.9995,0.9995
0.9996,0.9997,0.9997,0.9998,0.9998,0.9998,0.9999,0.9999,0.9999,0.9999
0.9999,0.9999,0.9999,1.0000,1.0000,1.0000,1.0000,1.0000,1.0000,1.0000
hwc1y2fract=0.0000,0.0000,0.0000,0.0001,0.0001,0.0001,0.0001,0.0001
0.0002,0.0002,0.0003,0.0004,0.0005,0.0006,0.0009,0.0012,0.0018,0.0031
0.0054,0.0093,0.0154,0.0239,0.0353,0.0490,0.0655,0.0845,0.1049,0.1264
0.1491,0.1722,0.1960,0.2205,0.2446,0.2685,0.2919,0.3155,0.3388,0.3620
0.3854,0.4080,0.4304,0.4525,0.4743,0.4960,0.5175,0.5386,0.5595,0.5806
0.6011,0.6212,0.6415,0.6618,0.6813,0.7010,0.7197,0.7386,0.7579,0.7756
0.7933,0.8101,0.8264,0.8418,0.8564,0.8700,0.8826,0.8939,0.9043,0.9136
0.9221,0.9296,0.9362,0.9422,0.9479,0.9529,0.9574,0.9618,0.9658,0.9694
0.9725,0.9752,0.9777,0.9801,0.9819,0.9835,0.9852,0.9866,0.9878,0.9889
0.9900,0.9909,0.9917,0.9925,0.9932,0.9938,0.9943,0.9948,0.9953,0.9957
0.9961,0.9964,0.9968,0.9971,0.9974,0.9976,0.9978,0.9980,0.9982,0.9984
0.9986,0.9988,0.9989,0.9990,0.9992,0.9992,0.9993,0.9994,0.9995,0.9996
0.9996,0.9997,0.9997,0.9998,0.9998,0.9998,0.9999,0.9999,0.9999,0.9999
0.9999,0.9999,0.9999,1.0000,1.0000,1.0000,1.0000,1.0000,1.0000,1.0000
hwc1x2fract=0.0000,0.0000,0.0001,0.0001,0.0002,0.0002,0.0003,0.0003
0.0004,0.0004,0.0005,0.0006,0.0007,0.0009,0.0013,0.0017,0.0027,0.0044
0.0070,0.0113,0.0170,0.0250,0.0353,0.0472,0.0606,0.0755,0.0921,0.1096
0.1282,0.1479,0.1681,0.1896,0.2107,0.2332,0.2560,0.2791,0.3021,0.3259
0.3497,0.3723,0.3956,0.4184,0.4412,0.4637,0.4865,0.5090,0.5310,0.5525
0.5739,0.5954,0.6170,0.6382,0.6600,0.6806,0.7012,0.7217,0.7413,0.7601
0.7788,0.7970,0.8142,0.8309,0.8464,0.8602,0.8738,0.8861,0.8975,0.9077
0.9172,0.9259,0.9336,0.9408,0.9476,0.9538,0.9593,0.9647,0.9693,0.9735
0.9770,0.9802,0.9827,0.9852,0.9872,0.9889,0.9904,0.9915,0.9926,0.9935
0.9943,0.9949,0.9954,0.9959,0.9963,0.9968,0.9970,0.9973,0.9976,0.9978
0.9980,0.9982,0.9984,0.9985,0.9986,0.9987,0.9989,0.9990,0.9990,0.9991
0.9992,0.9993,0.9994,0.9994,0.9995,0.9995,0.9996,0.9996,0.9997,0.9997
0.9997,0.9998,0.9998,0.9998,0.9999,0.9999,0.9999,0.9999,0.9999,0.9999
0.9999,0.9999,0.9999,1.0000,1.0000,1.0000,1.0000,1.0000,1.0000,1.0000
hwc2x1fract=0.0000,0.0001,0.0001,0.0002,0.0002,0.0003,0.0004,0.0006
0.0007,0.0008,0.0009,0.0011,0.0013,0.0016,0.0020,0.0026,0.0036,0.0054
0.0085,0.0130,0.0189,0.0265,0.0365,0.0484,0.0618,0.0767,0.0927,0.1103
0.1285,0.1475,0.1679,0.1889,0.2102,0.2320,0.2542,0.2773,0.3001,0.3230
0.3460,0.3695,0.3925,0.4158,0.4394,0.4618,0.4850,0.5075,0.5297,0.5523
0.5745,0.5963,0.6185,0.6396,0.6612,0.6829,0.7037,0.7240,0.7435,0.7633
0.7822,0.8005,0.8185,0.8351,0.8508,0.8652,0.8784,0.8909,0.9018,0.9119
0.9209,0.9296,0.9376,0.9444,0.9507,0.9566,0.9618,0.9666,0.9710,0.9748
0.9785,0.9813,0.9837,0.9859,0.9878,0.9895,0.9909,0.9920,0.9930,0.9938
0.9945,0.9950,0.9955,0.9959,0.9964,0.9967,0.9970,0.9972,0.9975,0.9978
0.9980,0.9982,0.9984,0.9985,0.9987,0.9988,0.9989,0.9990,0.9991,0.9992
0.9992,0.9993,0.9994,0.9994,0.9995,0.9996,0.9996,0.9997,0.9997,0.9997
0.9997,0.9998,0.9998,0.9998,0.9998,0.9999,0.9999,0.9999,0.9999,0.9999
0.9999,0.9999,0.9999,1.0000,1.0000,1.0000,1.0000,1.0000,1.0000,1.0000
hwc2y1fract=0.0000,0.0000,0.0000,0.0000,0.0000,0.0000,0.0001,0.0001
0.0002,0.0002,0.0003,0.0004,0.0005,0.0006,0.0008,0.0011,0.0019,0.0031
0.0056,0.0099,0.0173,0.0274,0.0408,0.0568,0.0753,0.0957,0.1179,0.1410
0.1651,0.1899,0.2142,0.2390,0.2633,0.2875,0.3116,0.3348,0.3586,0.3821
0.4055,0.4283,0.4507,0.4727,0.4945,0.5162,0.5377,0.5590,0.5796,0.6008
0.6223,0.6429,0.6636,0.6835,0.7036,0.7233,0.7429,0.7618,0.7804,0.7983
0.8158,0.8324,0.8485,0.8635,0.8773,0.8899,0.9015,0.9122,0.9218,0.9304
0.9374,0.9438,0.9495,0.9548,0.9592,0.9636,0.9673,0.9708,0.9741,0.9770
0.9793,0.9814,0.9833,0.9849,0.9863,0.9876,0.9887,0.9897,0.9906,0.9915
0.9922,0.9929,0.9935,0.9941,0.9946,0.9951,0.9954,0.9958,0.9962,0.9965
0.9968,0.9970,0.9973,0.9975,0.9978,0.9980,0.9982,0.9984,0.9986,0.9987
0.9988,0.9990,0.9991,0.9992,0.9993,0.9994,0.9995,0.9995,0.9996,0.9997
0.9997,0.9998,0.9998,0.9998,0.9999,0.9999,0.9999,0.9999,0.9999,0.9999
1.0000,1.0000,1.0000,1.0000,1.0000,1.0000,1.0000,1.0000,1.0000,1.0000
hwc2u1fract=0.0000,0.0000,0.0000,0.0000,0.0000,0.0000,0.0000,0.0001
0.0001,0.0001,0.0002,0.0002,0.0003,0.0003,0.0004,0.0006,0.0011,0.0021
0.0043,0.0088,0.0162,0.0271,0.0417,0.0591,0.0788,0.0995,0.1222,0.1449
0.1688,0.1925,0.2171,0.2418,0.2662,0.2909,0.3147,0.3378,0.3609,0.3842
0.4073,0.4297,0.4521,0.4740,0.4960,0.5171,0.5385,0.5589,0.5797,0.6006
0.6211,0.6415,0.6617,0.6819,0.7017,0.7209,0.7398,0.7591,0.7777,0.7959
0.8131,0.8296,0.8458,0.8607,0.8753,0.8878,0.8997,0.9104,0.9199,0.9284
0.9359,0.9422,0.9481,0.9533,0.9577,0.9620,0.9659,0.9694,0.9726,0.9754
0.9780,0.9803,0.9824,0.9841,0.9857,0.9871,0.9883,0.9894,0.9903,0.9911
0.9919,0.9925,0.9931,0.9937,0.9941,0.9946,0.9950,0.9954,0.9957,0.9960
0.9963,0.9966,0.9969,0.9971,0.9974,0.9977,0.9979,0.9981,0.9983,0.9985
0.9986,0.9987,0.9989,0.9990,0.9991,0.9993,0.9993,0.9994,0.9995,0.9995
0.9996,0.9997,0.9997,0.9998,0.9998,0.9998,0.9998,0.9998,0.9999,0.9999
0.9999,0.9999,0.9999,1.0000,1.0000,1.0000,1.0000,1.0000,1.0000,1.0000
hwc2v1fract=0.0000,0.0000,0.0000,0.0001,0.0001,0.0001,0.0001,0.0002
0.0002,0.0003,0.0003,0.0003,0.0004,0.0005,0.0007,0.0011,0.0019,0.0033
0.0065,0.0124,0.0214,0.0334,0.0488,0.0669,0.0869,0.1082,0.1307,0.1540
0.1779,0.2016,0.2268,0.2506,0.2749,0.2989,0.3229,0.3469,0.3701,0.3930
0.4152,0.4381,0.4609,0.4824,0.5041,0.5256,0.5474,0.5682,0.5890,0.6093
0.6293,0.6494,0.6690,0.6883,0.7079,0.7268,0.7462,0.7654,0.7838,0.8019
0.8187,0.8356,0.8513,0.8658,0.8796,0.8923,0.9040,0.9134,0.9221,0.9301
0.9374,0.9436,0.9491,0.9543,0.9587,0.9630,0.9669,0.9705,0.9734,0.9763
0.9790,0.9812,0.9831,0.9849,0.9864,0.9878,0.9890,0.9900,0.9909,0.9916
0.9924,0.9930,0.9937,0.9942,0.9947,0.9951,0.9956,0.9960,0.9964,0.9967
0.9970,0.9973,0.9975,0.9977,0.9979,0.9981,0.9983,0.9985,0.9986,0.9988
0.9989,0.9990,0.9992,0.9992,0.9993,0.9994,0.9995,0.9996,0.9996,0.9997
0.9997,0.9998,0.9998,0.9998,0.9999,0.9999,0.9999,0.9999,0.9999,0.9999
1.0000,1.0000,1.0000,1.0000,1.0000,1.0000,1.0000,1.0000,1.0000,1.0000
hwc2y2fract=0.0000,0.0000,0.0000,0.0001,0.0001,0.0001,0.0002,0.0002
0.0002,0.0003,0.0004,0.0004,0.0005,0.0007,0.0010,0.0015,0.0025,0.0041
0.0069,0.0117,0.0193,0.0300,0.0435,0.0599,0.0788,0.0998,0.1221,0.1463
0.1704,0.1950,0.2192,0.2437,0.2687,0.2929,0.3172,0.3413,0.3652,0.3887
0.4118,0.4344,0.4575,0.4794,0.5012,0.5226,0.5439,0.5651,0.5865,0.6071
0.6281,0.6485,0.6690,0.6887,0.7084,0.7274,0.7469,0.7664,0.7845,0.8026
0.8199,0.8361,0.8519,0.8665,0.8803,0.8930,0.9044,0.9149,0.9241,0.9321
0.9388,0.9451,0.9505,0.9555,0.9599,0.9640,0.9679,0.9713,0.9742,0.9770
0.9793,0.9815,0.9835,0.9851,0.9866,0.9879,0.9889,0.9899,0.9907,0.9916
0.9923,0.9930,0.9936,0.9941,0.9946,0.9950,0.9954,0.9958,0.9962,0.9965
0.9968,0.9971,0.9973,0.9976,0.9978,0.9980,0.9982,0.9984,0.9986,0.9987
0.9989,0.9990,0.9991,0.9992,0.9993,0.9994,0.9995,0.9996,0.9996,0.9997
0.9997,0.9997,0.9998,0.9998,0.9999,0.9999,0.9999,0.9999,0.9999,0.9999
0.9999,1.0000,1.0000,1.0000,1.0000,1.0000,1.0000,1.0000,1.0000,1.0000
hwc2x2fract=0.0000,0.0000,0.0001,0.0001,0.0002,0.0002,0.0003,0.0003
0.0004,0.0005,0.0006,0.0008,0.0009,0.0011,0.0015,0.0021,0.0030,0.0048
0.0074,0.0114,0.0172,0.0252,0.0356,0.0475,0.0611,0.0767,0.0931,0.1110
0.1304,0.1504,0.1714,0.1930,0.2155,0.2382,0.2614,0.2848,0.3081,0.3315
0.3556,0.3794,0.4023,0.4261,0.4491,0.4720,0.4944,0.5171,0.5391,0.5615
0.5832,0.6049,0.6263,0.6476,0.6690,0.6894,0.7097,0.7299,0.7493,0.7682
0.7867,0.8045,0.8216,0.8379,0.8536,0.8677,0.8808,0.8926,0.9036,0.9132
0.9226,0.9308,0.9385,0.9452,0.9515,0.9574,0.9624,0.9672,0.9713,0.9749
0.9783,0.9812,0.9837,0.9858,0.9876,0.9891,0.9906,0.9918,0.9927,0.9935
0.9942,0.9949,0.9954,0.9958,0.9963,0.9967,0.9970,0.9973,0.9976,0.9979
0.9980,0.9982,0.9985,0.9986,0.9988,0.9989,0.9990,0.9991,0.9992,0.9992
0.9994,0.9994,0.9995,0.9995,0.9996,0.9997,0.9997,0.9997,0.9998,0.9998
0.9998,0.9998,0.9998,0.9998,0.9999,0.9999,0.9999,0.9999,0.9999,0.9999
1.0000,1.0000,1.0000,1.0000,1.0000,1.0000,1.0000,1.0000,1.0000,1.0000
