; Lookup table
;number of bins in Meek's time to distance lookup table
hdriftbins=138
;number of 1st bin in Meek's table in ns
hdrift1stbin=-24
;bin size in ns of Meek's table
hdriftbinsz=2
hwc1x1fract=0.0000,0.0001,0.0001,0.0001,0.0002,0.0002,0.0002,0.0003
0.0003,0.0004,0.0005,0.0007,0.0008,0.0010,0.0013,0.0017,0.0022,0.0030
0.0046,0.0066,0.0093,0.0133,0.0194,0.0268,0.0358,0.0469,0.0591,0.0730
0.0878,0.1036,0.1203,0.1380,0.1562,0.1750,0.1948,0.2155,0.2361,0.2570
0.2781,0.3003,0.3215,0.3434,0.3653,0.3884,0.4111,0.4333,0.4556,0.4782
0.5004,0.5229,0.5453,0.5673,0.5886,0.6099,0.6317,0.6536,0.6747,0.6951
0.7157,0.7357,0.7556,0.7746,0.7922,0.8098,0.8263,0.8425,0.8571,0.8712
0.8845,0.8971,0.9082,0.9183,0.9280,0.9364,0.9443,0.9513,0.9579,0.9637
0.9689,0.9735,0.9771,0.9805,0.9836,0.9862,0.9883,0.9901,0.9916,0.9929
0.9938,0.9946,0.9952,0.9958,0.9962,0.9966,0.9970,0.9972,0.9975,0.9978
0.9980,0.9982,0.9983,0.9985,0.9986,0.9988,0.9989,0.9991,0.9991,0.9992
0.9993,0.9994,0.9994,0.9995,0.9995,0.9996,0.9997,0.9997,0.9997,0.9998
0.9998,0.9998,0.9998,0.9998,0.9999,0.9999,0.9999,0.9999,0.9999,0.9999
1.0000,1.0000,1.0000,1.0000,1.0000,1.0000,1.0000,1.0000,1.0000,1.0000
hwc1y1fract=0.0000,0.0001,0.0001,0.0001,0.0002,0.0002,0.0003,0.0003
0.0004,0.0005,0.0006,0.0006,0.0007,0.0009,0.0012,0.0015,0.0020,0.0028
0.0040,0.0061,0.0097,0.0158,0.0245,0.0365,0.0503,0.0667,0.0844,0.1046
0.1251,0.1467,0.1688,0.1916,0.2138,0.2367,0.2592,0.2816,0.3038,0.3258
0.3479,0.3706,0.3929,0.4152,0.4369,0.4586,0.4798,0.5008,0.5220,0.5430
0.5643,0.5849,0.6053,0.6255,0.6461,0.6662,0.6854,0.7056,0.7247,0.7439
0.7625,0.7800,0.7979,0.8149,0.8321,0.8477,0.8625,0.8765,0.8892,0.9009
0.9117,0.9214,0.9299,0.9377,0.9446,0.9509,0.9563,0.9613,0.9657,0.9696
0.9729,0.9759,0.9787,0.9813,0.9836,0.9856,0.9872,0.9886,0.9899,0.9910
0.9921,0.9930,0.9938,0.9944,0.9950,0.9955,0.9959,0.9963,0.9967,0.9971
0.9974,0.9976,0.9978,0.9980,0.9983,0.9984,0.9986,0.9988,0.9989,0.9991
0.9992,0.9994,0.9994,0.9995,0.9996,0.9997,0.9997,0.9997,0.9998,0.9998
0.9999,0.9999,0.9999,0.9999,0.9999,0.9999,1.0000,1.0000,1.0000,1.0000
1.0000,1.0000,1.0000,1.0000,1.0000,1.0000,1.0000,1.0000,1.0000,1.0000
hwc1u1fract=0.0000,0.0000,0.0000,0.0000,0.0000,0.0000,0.0001,0.0001
0.0001,0.0001,0.0001,0.0001,0.0002,0.0002,0.0003,0.0005,0.0009,0.0017
0.0031,0.0051,0.0081,0.0128,0.0200,0.0298,0.0417,0.0558,0.0718,0.0890
0.1077,0.1268,0.1469,0.1674,0.1890,0.2111,0.2329,0.2547,0.2776,0.2993
0.3211,0.3435,0.3659,0.3884,0.4106,0.4324,0.4536,0.4749,0.4959,0.5173
0.5381,0.5593,0.5796,0.5998,0.6205,0.6405,0.6604,0.6803,0.6994,0.7192
0.7391,0.7577,0.7757,0.7936,0.8108,0.8272,0.8425,0.8578,0.8716,0.8845
0.8962,0.9072,0.9169,0.9254,0.9329,0.9400,0.9461,0.9520,0.9574,0.9626
0.9670,0.9708,0.9746,0.9778,0.9805,0.9831,0.9851,0.9871,0.9886,0.9899
0.9909,0.9918,0.9926,0.9933,0.9939,0.9945,0.9950,0.9955,0.9960,0.9963
0.9967,0.9970,0.9973,0.9976,0.9978,0.9981,0.9984,0.9985,0.9986,0.9988
0.9989,0.9990,0.9991,0.9992,0.9994,0.9994,0.9995,0.9995,0.9996,0.9996
0.9997,0.9997,0.9998,0.9998,0.9998,0.9999,0.9999,0.9999,0.9999,1.0000
1.0000,1.0000,1.0000,1.0000,1.0000,1.0000,1.0000,1.0000,1.0000,1.0000
hwc1v1fract=0.0000,0.0000,0.0000,0.0000,0.0000,0.0001,0.0001,0.0001
0.0001,0.0001,0.0002,0.0002,0.0002,0.0003,0.0004,0.0006,0.0009,0.0016
0.0027,0.0051,0.0094,0.0161,0.0260,0.0384,0.0535,0.0707,0.0891,0.1078
0.1278,0.1478,0.1690,0.1906,0.2121,0.2336,0.2562,0.2784,0.3006,0.3224
0.3440,0.3660,0.3878,0.4095,0.4307,0.4518,0.4737,0.4947,0.5159,0.5367
0.5576,0.5787,0.5987,0.6187,0.6386,0.6592,0.6792,0.6992,0.7191,0.7382
0.7575,0.7763,0.7942,0.8118,0.8289,0.8452,0.8610,0.8749,0.8877,0.8996
0.9101,0.9191,0.9276,0.9353,0.9421,0.9481,0.9538,0.9592,0.9641,0.9684
0.9721,0.9755,0.9786,0.9813,0.9837,0.9857,0.9877,0.9892,0.9903,0.9913
0.9924,0.9932,0.9939,0.9945,0.9950,0.9955,0.9960,0.9964,0.9967,0.9970
0.9973,0.9976,0.9979,0.9981,0.9983,0.9985,0.9987,0.9989,0.9990,0.9991
0.9992,0.9993,0.9994,0.9994,0.9995,0.9996,0.9996,0.9996,0.9997,0.9998
0.9998,0.9998,0.9998,0.9998,0.9999,0.9999,0.9999,0.9999,0.9999,0.9999
1.0000,1.0000,1.0000,1.0000,1.0000,1.0000,1.0000,1.0000,1.0000,1.0000
hwc1y2fract=0.0000,0.0000,0.0000,0.0001,0.0001,0.0001,0.0001,0.0002
0.0002,0.0003,0.0003,0.0004,0.0004,0.0005,0.0007,0.0011,0.0016,0.0026
0.0042,0.0073,0.0121,0.0193,0.0297,0.0417,0.0565,0.0732,0.0914,0.1107
0.1311,0.1524,0.1741,0.1964,0.2177,0.2404,0.2624,0.2845,0.3066,0.3291
0.3520,0.3739,0.3960,0.4179,0.4399,0.4615,0.4831,0.5044,0.5253,0.5453
0.5659,0.5865,0.6074,0.6276,0.6480,0.6677,0.6876,0.7075,0.7267,0.7457
0.7640,0.7821,0.7998,0.8167,0.8328,0.8483,0.8629,0.8761,0.8883,0.8994
0.9096,0.9194,0.9278,0.9356,0.9425,0.9488,0.9546,0.9595,0.9642,0.9682
0.9719,0.9751,0.9780,0.9805,0.9825,0.9845,0.9861,0.9877,0.9888,0.9899
0.9909,0.9919,0.9928,0.9935,0.9941,0.9947,0.9953,0.9958,0.9962,0.9965
0.9969,0.9972,0.9974,0.9977,0.9979,0.9982,0.9984,0.9985,0.9987,0.9988
0.9990,0.9991,0.9992,0.9994,0.9994,0.9995,0.9995,0.9996,0.9997,0.9997
0.9998,0.9998,0.9998,0.9999,0.9999,0.9999,0.9999,0.9999,0.9999,0.9999
0.9999,1.0000,1.0000,1.0000,1.0000,1.0000,1.0000,1.0000,1.0000,1.0000
hwc1x2fract=0.0000,0.0000,0.0000,0.0001,0.0001,0.0001,0.0001,0.0002
0.0002,0.0003,0.0003,0.0004,0.0005,0.0006,0.0008,0.0011,0.0017,0.0027
0.0046,0.0077,0.0122,0.0190,0.0272,0.0371,0.0485,0.0621,0.0764,0.0916
0.1080,0.1260,0.1445,0.1629,0.1832,0.2035,0.2242,0.2460,0.2679,0.2892
0.3109,0.3331,0.3557,0.3777,0.3997,0.4224,0.4450,0.4672,0.4896,0.5109
0.5329,0.5546,0.5765,0.5984,0.6200,0.6419,0.6626,0.6840,0.7044,0.7245
0.7443,0.7630,0.7818,0.8000,0.8169,0.8337,0.8492,0.8639,0.8780,0.8909
0.9025,0.9129,0.9226,0.9314,0.9395,0.9470,0.9538,0.9602,0.9657,0.9706
0.9748,0.9787,0.9819,0.9847,0.9870,0.9890,0.9906,0.9919,0.9930,0.9939
0.9947,0.9954,0.9958,0.9962,0.9966,0.9970,0.9973,0.9975,0.9978,0.9980
0.9982,0.9984,0.9985,0.9986,0.9988,0.9989,0.9990,0.9991,0.9992,0.9992
0.9993,0.9994,0.9995,0.9995,0.9996,0.9996,0.9997,0.9997,0.9998,0.9998
0.9998,0.9999,0.9999,0.9999,0.9999,0.9999,0.9999,1.0000,1.0000,1.0000
1.0000,1.0000,1.0000,1.0000,1.0000,1.0000,1.0000,1.0000,1.0000,1.0000
hwc2x1fract=0.0001,0.0001,0.0001,0.0002,0.0002,0.0003,0.0004,0.0004
0.0005,0.0005,0.0006,0.0008,0.0009,0.0011,0.0013,0.0015,0.0017,0.0025
0.0036,0.0061,0.0095,0.0145,0.0217,0.0303,0.0406,0.0532,0.0669,0.0820
0.0982,0.1151,0.1325,0.1515,0.1712,0.1909,0.2112,0.2329,0.2541,0.2765
0.2991,0.3216,0.3440,0.3657,0.3883,0.4110,0.4332,0.4553,0.4782,0.5006
0.5230,0.5446,0.5665,0.5886,0.6102,0.6320,0.6537,0.6748,0.6960,0.7164
0.7365,0.7563,0.7750,0.7935,0.8118,0.8292,0.8458,0.8614,0.8763,0.8893
0.9015,0.9126,0.9228,0.9317,0.9398,0.9468,0.9537,0.9596,0.9648,0.9697
0.9740,0.9779,0.9810,0.9838,0.9862,0.9882,0.9899,0.9915,0.9926,0.9936
0.9943,0.9948,0.9954,0.9959,0.9964,0.9968,0.9971,0.9974,0.9976,0.9978
0.9980,0.9982,0.9984,0.9986,0.9987,0.9988,0.9990,0.9991,0.9992,0.9993
0.9993,0.9994,0.9995,0.9996,0.9996,0.9997,0.9997,0.9997,0.9998,0.9998
0.9998,0.9998,0.9999,0.9999,0.9999,0.9999,0.9999,0.9999,1.0000,1.0000
1.0000,1.0000,1.0000,1.0000,1.0000,1.0000,1.0000,1.0000,1.0000,1.0000
hwc2y1fract=0.0000,0.0000,0.0000,0.0000,0.0000,0.0001,0.0001,0.0001
0.0001,0.0001,0.0002,0.0002,0.0003,0.0003,0.0004,0.0006,0.0008,0.0013
0.0020,0.0036,0.0066,0.0121,0.0203,0.0319,0.0463,0.0638,0.0829,0.1030
0.1254,0.1482,0.1710,0.1948,0.2185,0.2419,0.2659,0.2887,0.3120,0.3349
0.3579,0.3802,0.4029,0.4249,0.4466,0.4684,0.4902,0.5108,0.5320,0.5532
0.5738,0.5943,0.6149,0.6356,0.6555,0.6753,0.6947,0.7149,0.7343,0.7532
0.7717,0.7905,0.8090,0.8261,0.8424,0.8585,0.8731,0.8867,0.8996,0.9111
0.9215,0.9302,0.9385,0.9452,0.9515,0.9572,0.9622,0.9666,0.9705,0.9739
0.9769,0.9796,0.9821,0.9842,0.9858,0.9874,0.9888,0.9900,0.9910,0.9920
0.9929,0.9935,0.9941,0.9946,0.9951,0.9956,0.9959,0.9963,0.9967,0.9970
0.9972,0.9975,0.9977,0.9979,0.9981,0.9983,0.9985,0.9986,0.9987,0.9988
0.9989,0.9991,0.9992,0.9993,0.9994,0.9995,0.9996,0.9996,0.9997,0.9997
0.9998,0.9998,0.9998,0.9999,0.9999,0.9999,0.9999,0.9999,0.9999,1.0000
1.0000,1.0000,1.0000,1.0000,1.0000,1.0000,1.0000,1.0000,1.0000,1.0000
hwc2u1fract=0.0000,0.0000,0.0000,0.0000,0.0000,0.0001,0.0001,0.0001
0.0001,0.0001,0.0001,0.0001,0.0002,0.0003,0.0003,0.0005,0.0007,0.0013
0.0026,0.0054,0.0111,0.0204,0.0326,0.0481,0.0663,0.0861,0.1067,0.1287
0.1508,0.1738,0.1970,0.2206,0.2443,0.2674,0.2902,0.3131,0.3355,0.3584
0.3809,0.4031,0.4248,0.4464,0.4679,0.4893,0.5101,0.5313,0.5515,0.5723
0.5925,0.6129,0.6330,0.6528,0.6727,0.6930,0.7123,0.7322,0.7506,0.7687
0.7879,0.8063,0.8235,0.8401,0.8560,0.8710,0.8846,0.8974,0.9088,0.9193
0.9284,0.9363,0.9432,0.9496,0.9554,0.9601,0.9646,0.9686,0.9719,0.9749
0.9776,0.9802,0.9823,0.9843,0.9861,0.9876,0.9888,0.9899,0.9909,0.9916
0.9923,0.9930,0.9935,0.9940,0.9946,0.9950,0.9955,0.9958,0.9961,0.9965
0.9968,0.9971,0.9973,0.9976,0.9978,0.9981,0.9983,0.9985,0.9987,0.9988
0.9989,0.9990,0.9991,0.9993,0.9994,0.9994,0.9995,0.9996,0.9996,0.9997
0.9997,0.9998,0.9998,0.9998,0.9998,0.9999,0.9999,0.9999,0.9999,0.9999
0.9999,1.0000,1.0000,1.0000,1.0000,1.0000,1.0000,1.0000,1.0000,1.0000
hwc2v1fract=0.0000,0.0000,0.0000,0.0000,0.0000,0.0001,0.0001,0.0001
0.0001,0.0002,0.0002,0.0002,0.0003,0.0003,0.0004,0.0005,0.0007,0.0011
0.0021,0.0042,0.0082,0.0152,0.0254,0.0392,0.0558,0.0743,0.0946,0.1157
0.1374,0.1602,0.1826,0.2054,0.2285,0.2512,0.2742,0.2971,0.3202,0.3426
0.3652,0.3875,0.4101,0.4322,0.4538,0.4753,0.4965,0.5170,0.5379,0.5585
0.5794,0.5995,0.6195,0.6394,0.6600,0.6799,0.6991,0.7184,0.7379,0.7565
0.7748,0.7925,0.8106,0.8271,0.8437,0.8591,0.8735,0.8866,0.8988,0.9099
0.9199,0.9290,0.9368,0.9437,0.9499,0.9554,0.9604,0.9648,0.9688,0.9723
0.9754,0.9782,0.9806,0.9829,0.9849,0.9865,0.9880,0.9892,0.9904,0.9912
0.9920,0.9926,0.9933,0.9940,0.9945,0.9950,0.9954,0.9958,0.9961,0.9964
0.9968,0.9970,0.9973,0.9976,0.9979,0.9981,0.9983,0.9985,0.9986,0.9988
0.9990,0.9992,0.9993,0.9994,0.9995,0.9996,0.9997,0.9997,0.9998,0.9998
0.9998,0.9998,0.9999,0.9999,0.9999,0.9999,0.9999,1.0000,1.0000,1.0000
1.0000,1.0000,1.0000,1.0000,1.0000,1.0000,1.0000,1.0000,1.0000,1.0000
hwc2y2fract=0.0000,0.0000,0.0000,0.0000,0.0000,0.0001,0.0001,0.0001
0.0002,0.0002,0.0003,0.0003,0.0004,0.0004,0.0005,0.0008,0.0011,0.0017
0.0027,0.0047,0.0085,0.0148,0.0242,0.0362,0.0518,0.0692,0.0890,0.1102
0.1323,0.1551,0.1781,0.2015,0.2243,0.2480,0.2717,0.2952,0.3182,0.3412
0.3640,0.3861,0.4082,0.4298,0.4518,0.4736,0.4950,0.5162,0.5374,0.5589
0.5794,0.6005,0.6205,0.6409,0.6607,0.6810,0.7008,0.7202,0.7396,0.7583
0.7770,0.7949,0.8127,0.8304,0.8464,0.8618,0.8766,0.8899,0.9021,0.9127
0.9228,0.9319,0.9394,0.9465,0.9524,0.9579,0.9627,0.9671,0.9710,0.9746
0.9776,0.9802,0.9825,0.9844,0.9860,0.9877,0.9891,0.9902,0.9912,0.9922
0.9930,0.9936,0.9942,0.9946,0.9951,0.9956,0.9960,0.9963,0.9966,0.9969
0.9972,0.9975,0.9977,0.9979,0.9981,0.9983,0.9985,0.9986,0.9988,0.9989
0.9990,0.9991,0.9992,0.9993,0.9994,0.9995,0.9996,0.9996,0.9997,0.9997
0.9998,0.9998,0.9999,0.9999,0.9999,0.9999,0.9999,0.9999,1.0000,1.0000
1.0000,1.0000,1.0000,1.0000,1.0000,1.0000,1.0000,1.0000,1.0000,1.0000
hwc2x2fract=0.0000,0.0000,0.0001,0.0001,0.0001,0.0002,0.0002,0.0002
0.0003,0.0004,0.0004,0.0005,0.0006,0.0007,0.0009,0.0012,0.0016,0.0022
0.0034,0.0054,0.0080,0.0125,0.0189,0.0275,0.0383,0.0508,0.0647,0.0804
0.0970,0.1148,0.1328,0.1518,0.1715,0.1921,0.2133,0.2346,0.2560,0.2781
0.3002,0.3232,0.3452,0.3681,0.3909,0.4131,0.4360,0.4590,0.4810,0.5028
0.5243,0.5464,0.5681,0.5903,0.6122,0.6341,0.6558,0.6765,0.6966,0.7170
0.7371,0.7572,0.7765,0.7950,0.8126,0.8303,0.8467,0.8618,0.8765,0.8896
0.9016,0.9126,0.9222,0.9312,0.9391,0.9464,0.9532,0.9590,0.9642,0.9693
0.9738,0.9774,0.9808,0.9836,0.9861,0.9881,0.9895,0.9909,0.9920,0.9931
0.9938,0.9946,0.9953,0.9958,0.9963,0.9967,0.9971,0.9974,0.9978,0.9979
0.9981,0.9983,0.9985,0.9986,0.9988,0.9989,0.9990,0.9991,0.9992,0.9993
0.9993,0.9994,0.9995,0.9995,0.9996,0.9996,0.9997,0.9997,0.9998,0.9998
0.9998,0.9998,0.9999,0.9999,0.9999,0.9999,1.0000,1.0000,1.0000,1.0000
1.0000,1.0000,1.0000,1.0000,1.0000,1.0000,1.0000,1.0000,1.0000,1.0000
