; Lookup table
;number of bins in Meek's time to distance lookup table
hdriftbins=138
;number of 1st bin in Meek's table in ns
hdrift1stbin=-24
;bin size in ns of Meek's table
hdriftbinsz=2
hwc1x1fract=0.0000,0.0001,0.0001,0.0002,0.0003,0.0004,0.0005,0.0006
0.0007,0.0008,0.0010,0.0012,0.0014,0.0017,0.0020,0.0024,0.0030,0.0039
0.0052,0.0073,0.0108,0.0164,0.0244,0.0346,0.0472,0.0616,0.0777,0.0956
0.1147,0.1349,0.1555,0.1771,0.1993,0.2219,0.2447,0.2676,0.2911,0.3146
0.3381,0.3614,0.3847,0.4074,0.4304,0.4529,0.4753,0.4978,0.5197,0.5412
0.5626,0.5838,0.6050,0.6258,0.6463,0.6666,0.6871,0.7071,0.7267,0.7458
0.7648,0.7828,0.8003,0.8172,0.8333,0.8485,0.8628,0.8760,0.8878,0.8989
0.9089,0.9180,0.9265,0.9343,0.9411,0.9475,0.9535,0.9587,0.9637,0.9683
0.9723,0.9759,0.9790,0.9817,0.9841,0.9862,0.9880,0.9894,0.9907,0.9918
0.9928,0.9936,0.9943,0.9949,0.9954,0.9959,0.9963,0.9967,0.9970,0.9972
0.9974,0.9977,0.9979,0.9981,0.9983,0.9984,0.9985,0.9987,0.9988,0.9989
0.9990,0.9991,0.9992,0.9993,0.9994,0.9994,0.9995,0.9995,0.9995,0.9996
0.9996,0.9997,0.9997,0.9998,0.9998,0.9998,0.9998,0.9999,0.9999,0.9999
0.9999,0.9999,0.9999,1.0000,1.0000,1.0000,1.0000,1.0000,1.0000,1.0000
hwc1y1fract=0.0000,0.0001,0.0001,0.0002,0.0002,0.0003,0.0004,0.0005
0.0006,0.0007,0.0008,0.0010,0.0012,0.0015,0.0018,0.0023,0.0029,0.0041
0.0061,0.0095,0.0154,0.0245,0.0370,0.0527,0.0716,0.0929,0.1154,0.1390
0.1633,0.1883,0.2128,0.2381,0.2626,0.2872,0.3114,0.3350,0.3584,0.3816
0.4041,0.4265,0.4484,0.4700,0.4913,0.5126,0.5333,0.5539,0.5741,0.5949
0.6151,0.6354,0.6554,0.6752,0.6947,0.7138,0.7327,0.7516,0.7700,0.7882
0.8056,0.8225,0.8385,0.8536,0.8677,0.8811,0.8934,0.9046,0.9147,0.9236
0.9316,0.9386,0.9448,0.9501,0.9550,0.9593,0.9633,0.9669,0.9703,0.9733
0.9760,0.9785,0.9806,0.9825,0.9844,0.9858,0.9871,0.9884,0.9895,0.9905
0.9913,0.9921,0.9928,0.9935,0.9941,0.9946,0.9951,0.9955,0.9960,0.9964
0.9967,0.9970,0.9972,0.9975,0.9977,0.9979,0.9981,0.9983,0.9985,0.9987
0.9988,0.9989,0.9991,0.9992,0.9993,0.9994,0.9995,0.9995,0.9996,0.9997
0.9997,0.9997,0.9998,0.9998,0.9998,0.9998,0.9999,0.9999,0.9999,0.9999
0.9999,0.9999,0.9999,1.0000,1.0000,1.0000,1.0000,1.0000,1.0000,1.0000
hwc1u1fract=0.0000,0.0000,0.0000,0.0000,0.0000,0.0001,0.0001,0.0001
0.0001,0.0001,0.0001,0.0002,0.0002,0.0003,0.0004,0.0006,0.0010,0.0017
0.0028,0.0050,0.0093,0.0164,0.0271,0.0409,0.0576,0.0769,0.0980,0.1205
0.1434,0.1671,0.1911,0.2150,0.2391,0.2630,0.2870,0.3108,0.3341,0.3573
0.3804,0.4027,0.4250,0.4465,0.4682,0.4895,0.5109,0.5317,0.5525,0.5732
0.5934,0.6133,0.6332,0.6525,0.6719,0.6914,0.7105,0.7296,0.7486,0.7669
0.7850,0.8026,0.8194,0.8356,0.8509,0.8649,0.8781,0.8902,0.9011,0.9109
0.9195,0.9271,0.9340,0.9402,0.9458,0.9508,0.9553,0.9596,0.9637,0.9672
0.9706,0.9736,0.9763,0.9788,0.9810,0.9829,0.9845,0.9861,0.9874,0.9884
0.9895,0.9904,0.9912,0.9919,0.9926,0.9932,0.9938,0.9943,0.9948,0.9952
0.9956,0.9960,0.9963,0.9966,0.9969,0.9971,0.9974,0.9977,0.9979,0.9981
0.9983,0.9985,0.9986,0.9987,0.9989,0.9990,0.9991,0.9992,0.9993,0.9994
0.9994,0.9995,0.9996,0.9996,0.9997,0.9997,0.9998,0.9998,0.9998,0.9998
0.9999,0.9999,0.9999,0.9999,0.9999,1.0000,1.0000,1.0000,1.0000,1.0000
hwc1v1fract=0.0000,0.0000,0.0000,0.0001,0.0001,0.0001,0.0001,0.0001
0.0002,0.0002,0.0003,0.0003,0.0004,0.0005,0.0007,0.0009,0.0014,0.0022
0.0039,0.0069,0.0125,0.0212,0.0330,0.0474,0.0647,0.0841,0.1052,0.1274
0.1500,0.1727,0.1960,0.2191,0.2419,0.2649,0.2878,0.3102,0.3326,0.3548
0.3769,0.3989,0.4206,0.4422,0.4639,0.4853,0.5066,0.5275,0.5482,0.5690
0.5897,0.6103,0.6309,0.6508,0.6709,0.6907,0.7102,0.7295,0.7485,0.7672
0.7856,0.8035,0.8205,0.8375,0.8532,0.8679,0.8813,0.8938,0.9047,0.9146
0.9232,0.9307,0.9373,0.9432,0.9486,0.9535,0.9581,0.9623,0.9663,0.9697
0.9731,0.9761,0.9787,0.9811,0.9833,0.9852,0.9868,0.9882,0.9894,0.9904
0.9913,0.9921,0.9928,0.9934,0.9940,0.9946,0.9951,0.9955,0.9959,0.9963
0.9966,0.9969,0.9972,0.9974,0.9976,0.9978,0.9980,0.9982,0.9983,0.9985
0.9986,0.9988,0.9989,0.9990,0.9991,0.9992,0.9993,0.9993,0.9994,0.9995
0.9996,0.9996,0.9997,0.9997,0.9997,0.9998,0.9998,0.9998,0.9999,0.9999
0.9999,0.9999,0.9999,0.9999,1.0000,1.0000,1.0000,1.0000,1.0000,1.0000
hwc1y2fract=0.0000,0.0000,0.0000,0.0001,0.0001,0.0001,0.0001,0.0001
0.0002,0.0002,0.0003,0.0003,0.0004,0.0005,0.0006,0.0008,0.0012,0.0020
0.0033,0.0059,0.0103,0.0175,0.0281,0.0419,0.0586,0.0780,0.0994,0.1227
0.1468,0.1709,0.1951,0.2200,0.2447,0.2691,0.2935,0.3174,0.3407,0.3640
0.3867,0.4094,0.4317,0.4541,0.4757,0.4970,0.5179,0.5388,0.5595,0.5802
0.6007,0.6210,0.6410,0.6608,0.6802,0.6995,0.7186,0.7372,0.7555,0.7733
0.7908,0.8077,0.8243,0.8400,0.8548,0.8686,0.8815,0.8931,0.9036,0.9132
0.9218,0.9293,0.9362,0.9422,0.9476,0.9525,0.9569,0.9612,0.9649,0.9682
0.9712,0.9740,0.9765,0.9787,0.9806,0.9825,0.9841,0.9855,0.9867,0.9879
0.9889,0.9899,0.9908,0.9916,0.9923,0.9930,0.9936,0.9941,0.9946,0.9950
0.9955,0.9958,0.9962,0.9965,0.9969,0.9972,0.9974,0.9977,0.9979,0.9981
0.9982,0.9984,0.9985,0.9987,0.9988,0.9989,0.9990,0.9992,0.9993,0.9993
0.9994,0.9995,0.9995,0.9996,0.9996,0.9997,0.9997,0.9998,0.9998,0.9998
0.9999,0.9999,0.9999,0.9999,0.9999,1.0000,1.0000,1.0000,1.0000,1.0000
hwc1x2fract=0.0000,0.0000,0.0001,0.0001,0.0001,0.0002,0.0002,0.0003
0.0003,0.0004,0.0005,0.0007,0.0008,0.0010,0.0012,0.0016,0.0022,0.0033
0.0053,0.0090,0.0145,0.0225,0.0332,0.0457,0.0606,0.0772,0.0955,0.1148
0.1349,0.1561,0.1781,0.2005,0.2235,0.2465,0.2698,0.2931,0.3166,0.3402
0.3633,0.3864,0.4095,0.4322,0.4549,0.4772,0.4992,0.5212,0.5428,0.5643
0.5853,0.6061,0.6269,0.6471,0.6675,0.6871,0.7069,0.7264,0.7456,0.7640
0.7823,0.7998,0.8166,0.8326,0.8480,0.8623,0.8757,0.8876,0.8987,0.9088
0.9178,0.9261,0.9335,0.9405,0.9467,0.9525,0.9578,0.9625,0.9670,0.9711
0.9746,0.9778,0.9807,0.9832,0.9853,0.9872,0.9888,0.9901,0.9912,0.9922
0.9931,0.9938,0.9944,0.9950,0.9955,0.9960,0.9963,0.9967,0.9970,0.9972
0.9975,0.9977,0.9979,0.9981,0.9982,0.9983,0.9985,0.9986,0.9987,0.9989
0.9990,0.9990,0.9991,0.9992,0.9992,0.9993,0.9994,0.9995,0.9995,0.9995
0.9996,0.9997,0.9997,0.9997,0.9998,0.9998,0.9998,0.9999,0.9999,0.9999
0.9999,0.9999,0.9999,0.9999,1.0000,1.0000,1.0000,1.0000,1.0000,1.0000
hwc2x1fract=0.0000,0.0001,0.0002,0.0002,0.0003,0.0004,0.0005,0.0006
0.0007,0.0008,0.0010,0.0011,0.0014,0.0016,0.0020,0.0024,0.0030,0.0040
0.0057,0.0087,0.0129,0.0191,0.0273,0.0381,0.0506,0.0653,0.0819,0.1001
0.1192,0.1398,0.1610,0.1829,0.2050,0.2274,0.2505,0.2736,0.2966,0.3198
0.3433,0.3667,0.3900,0.4131,0.4360,0.4586,0.4812,0.5031,0.5250,0.5468
0.5683,0.5897,0.6110,0.6324,0.6534,0.6742,0.6942,0.7143,0.7342,0.7534
0.7724,0.7908,0.8083,0.8251,0.8413,0.8565,0.8707,0.8838,0.8956,0.9064
0.9162,0.9251,0.9327,0.9398,0.9463,0.9522,0.9577,0.9626,0.9671,0.9712
0.9748,0.9781,0.9810,0.9834,0.9857,0.9875,0.9890,0.9904,0.9915,0.9925
0.9933,0.9940,0.9946,0.9952,0.9957,0.9961,0.9965,0.9968,0.9971,0.9974
0.9977,0.9979,0.9981,0.9982,0.9984,0.9985,0.9987,0.9988,0.9989,0.9990
0.9991,0.9992,0.9993,0.9994,0.9995,0.9995,0.9996,0.9996,0.9996,0.9997
0.9997,0.9997,0.9998,0.9998,0.9998,0.9999,0.9999,0.9999,0.9999,0.9999
0.9999,0.9999,0.9999,1.0000,1.0000,1.0000,1.0000,1.0000,1.0000,1.0000
hwc2y1fract=0.0000,0.0000,0.0000,0.0000,0.0000,0.0001,0.0001,0.0001
0.0001,0.0002,0.0002,0.0002,0.0003,0.0004,0.0005,0.0007,0.0011,0.0018
0.0032,0.0061,0.0113,0.0201,0.0322,0.0481,0.0670,0.0886,0.1117,0.1360
0.1613,0.1869,0.2124,0.2377,0.2628,0.2874,0.3120,0.3362,0.3596,0.3829
0.4060,0.4283,0.4510,0.4726,0.4941,0.5153,0.5361,0.5571,0.5776,0.5980
0.6186,0.6388,0.6590,0.6786,0.6983,0.7175,0.7368,0.7558,0.7743,0.7924
0.8101,0.8271,0.8434,0.8586,0.8732,0.8866,0.8989,0.9099,0.9199,0.9285
0.9360,0.9430,0.9489,0.9542,0.9590,0.9632,0.9669,0.9703,0.9736,0.9764
0.9789,0.9810,0.9830,0.9848,0.9863,0.9876,0.9888,0.9899,0.9908,0.9915
0.9923,0.9930,0.9936,0.9941,0.9946,0.9950,0.9955,0.9959,0.9962,0.9965
0.9968,0.9970,0.9973,0.9975,0.9977,0.9979,0.9981,0.9983,0.9984,0.9986
0.9987,0.9989,0.9990,0.9991,0.9992,0.9992,0.9993,0.9994,0.9995,0.9995
0.9996,0.9997,0.9997,0.9998,0.9998,0.9998,0.9999,0.9999,0.9999,0.9999
0.9999,1.0000,1.0000,1.0000,1.0000,1.0000,1.0000,1.0000,1.0000,1.0000
hwc2u1fract=0.0000,0.0000,0.0000,0.0000,0.0000,0.0000,0.0000,0.0001
0.0001,0.0001,0.0001,0.0002,0.0002,0.0003,0.0004,0.0005,0.0008,0.0015
0.0029,0.0062,0.0126,0.0231,0.0374,0.0554,0.0759,0.0987,0.1228,0.1474
0.1723,0.1973,0.2221,0.2470,0.2714,0.2958,0.3202,0.3438,0.3669,0.3894
0.4116,0.4336,0.4553,0.4768,0.4979,0.5190,0.5399,0.5604,0.5804,0.6005
0.6204,0.6401,0.6599,0.6794,0.6988,0.7182,0.7368,0.7554,0.7740,0.7918
0.8094,0.8264,0.8429,0.8587,0.8731,0.8868,0.8993,0.9103,0.9202,0.9286
0.9361,0.9426,0.9483,0.9535,0.9580,0.9621,0.9658,0.9693,0.9725,0.9752
0.9778,0.9801,0.9822,0.9841,0.9858,0.9872,0.9884,0.9895,0.9903,0.9912
0.9920,0.9926,0.9932,0.9937,0.9942,0.9946,0.9950,0.9954,0.9958,0.9961
0.9964,0.9967,0.9969,0.9971,0.9973,0.9976,0.9978,0.9980,0.9982,0.9984
0.9985,0.9987,0.9988,0.9989,0.9991,0.9992,0.9993,0.9994,0.9994,0.9995
0.9996,0.9996,0.9997,0.9997,0.9998,0.9998,0.9998,0.9999,0.9999,0.9999
0.9999,0.9999,0.9999,1.0000,1.0000,1.0000,1.0000,1.0000,1.0000,1.0000
hwc2v1fract=0.0000,0.0000,0.0000,0.0001,0.0001,0.0001,0.0001,0.0002
0.0002,0.0003,0.0003,0.0004,0.0005,0.0006,0.0008,0.0011,0.0016,0.0026
0.0045,0.0088,0.0165,0.0281,0.0432,0.0621,0.0835,0.1065,0.1305,0.1556
0.1803,0.2051,0.2296,0.2543,0.2785,0.3031,0.3266,0.3498,0.3726,0.3955
0.4174,0.4397,0.4613,0.4827,0.5038,0.5251,0.5459,0.5666,0.5870,0.6071
0.6269,0.6469,0.6667,0.6866,0.7058,0.7246,0.7435,0.7620,0.7801,0.7978
0.8154,0.8324,0.8482,0.8635,0.8777,0.8908,0.9029,0.9134,0.9226,0.9308
0.9380,0.9443,0.9499,0.9550,0.9595,0.9636,0.9672,0.9704,0.9733,0.9761
0.9785,0.9808,0.9829,0.9847,0.9862,0.9876,0.9888,0.9898,0.9907,0.9915
0.9922,0.9928,0.9934,0.9939,0.9944,0.9948,0.9952,0.9956,0.9959,0.9963
0.9966,0.9968,0.9971,0.9973,0.9976,0.9978,0.9980,0.9982,0.9984,0.9985
0.9987,0.9988,0.9990,0.9991,0.9992,0.9993,0.9994,0.9995,0.9996,0.9996
0.9997,0.9997,0.9998,0.9998,0.9998,0.9998,0.9999,0.9999,0.9999,0.9999
0.9999,1.0000,1.0000,1.0000,1.0000,1.0000,1.0000,1.0000,1.0000,1.0000
hwc2y2fract=0.0000,0.0000,0.0001,0.0001,0.0001,0.0001,0.0001,0.0002
0.0002,0.0002,0.0003,0.0003,0.0004,0.0006,0.0008,0.0011,0.0016,0.0025
0.0043,0.0078,0.0139,0.0231,0.0358,0.0523,0.0715,0.0928,0.1160,0.1406
0.1655,0.1912,0.2165,0.2415,0.2664,0.2909,0.3151,0.3391,0.3627,0.3861
0.4088,0.4310,0.4533,0.4753,0.4969,0.5182,0.5391,0.5597,0.5802,0.6007
0.6211,0.6415,0.6616,0.6814,0.7012,0.7209,0.7400,0.7589,0.7771,0.7951
0.8127,0.8295,0.8453,0.8607,0.8749,0.8883,0.9002,0.9113,0.9212,0.9299
0.9375,0.9441,0.9499,0.9550,0.9595,0.9636,0.9672,0.9705,0.9736,0.9765
0.9789,0.9811,0.9831,0.9848,0.9863,0.9875,0.9887,0.9898,0.9908,0.9916
0.9923,0.9930,0.9936,0.9941,0.9946,0.9950,0.9954,0.9958,0.9961,0.9964
0.9967,0.9969,0.9972,0.9974,0.9976,0.9978,0.9980,0.9982,0.9984,0.9985
0.9986,0.9988,0.9989,0.9990,0.9991,0.9992,0.9993,0.9994,0.9995,0.9995
0.9996,0.9996,0.9997,0.9997,0.9998,0.9998,0.9998,0.9998,0.9999,0.9999
0.9999,0.9999,0.9999,0.9999,1.0000,1.0000,1.0000,1.0000,1.0000,1.0000
hwc2x2fract=0.0000,0.0001,0.0001,0.0001,0.0002,0.0002,0.0003,0.0004
0.0005,0.0006,0.0007,0.0008,0.0010,0.0012,0.0015,0.0019,0.0023,0.0032
0.0046,0.0069,0.0111,0.0177,0.0269,0.0386,0.0527,0.0692,0.0875,0.1071
0.1278,0.1492,0.1717,0.1951,0.2184,0.2420,0.2659,0.2893,0.3127,0.3360
0.3596,0.3829,0.4061,0.4289,0.4515,0.4736,0.4956,0.5173,0.5389,0.5604
0.5816,0.6025,0.6234,0.6435,0.6638,0.6840,0.7037,0.7234,0.7427,0.7617
0.7803,0.7982,0.8154,0.8322,0.8477,0.8623,0.8759,0.8883,0.9000,0.9102
0.9194,0.9279,0.9353,0.9420,0.9480,0.9535,0.9586,0.9631,0.9674,0.9713
0.9750,0.9780,0.9808,0.9833,0.9853,0.9870,0.9886,0.9900,0.9911,0.9921
0.9929,0.9937,0.9943,0.9949,0.9954,0.9958,0.9962,0.9965,0.9968,0.9972
0.9974,0.9977,0.9979,0.9981,0.9983,0.9984,0.9986,0.9987,0.9988,0.9990
0.9991,0.9991,0.9992,0.9993,0.9994,0.9994,0.9995,0.9996,0.9996,0.9996
0.9997,0.9997,0.9998,0.9998,0.9998,0.9998,0.9999,0.9999,0.9999,0.9999
0.9999,0.9999,0.9999,0.9999,1.0000,1.0000,1.0000,1.0000,1.0000,1.0000
