; Lookup table
;number of bins in Meek's time to distance lookup table
hdriftbins=138
;number of 1st bin in Meek's table in ns
hdrift1stbin=-24
;bin size in ns of Meek's table
hdriftbinsz=2
hwc1x1fract=0.0000,0.0001,0.0001,0.0002,0.0002,0.0003,0.0004,0.0004
0.0005,0.0006,0.0008,0.0009,0.0011,0.0013,0.0016,0.0022,0.0030,0.0043
0.0058,0.0083,0.0115,0.0164,0.0232,0.0317,0.0421,0.0541,0.0677,0.0823
0.0985,0.1158,0.1342,0.1531,0.1730,0.1938,0.2150,0.2369,0.2595,0.2821
0.3049,0.3279,0.3515,0.3747,0.3978,0.4207,0.4437,0.4664,0.4891,0.5119
0.5344,0.5565,0.5783,0.6002,0.6217,0.6430,0.6644,0.6849,0.7047,0.7248
0.7446,0.7636,0.7824,0.8002,0.8171,0.8331,0.8479,0.8619,0.8754,0.8877
0.8987,0.9090,0.9187,0.9274,0.9352,0.9425,0.9494,0.9555,0.9612,0.9664
0.9709,0.9749,0.9785,0.9816,0.9842,0.9863,0.9882,0.9898,0.9912,0.9922
0.9931,0.9939,0.9946,0.9952,0.9957,0.9961,0.9965,0.9969,0.9972,0.9975
0.9977,0.9979,0.9981,0.9983,0.9985,0.9986,0.9988,0.9989,0.9990,0.9991
0.9992,0.9992,0.9993,0.9994,0.9994,0.9995,0.9995,0.9996,0.9996,0.9997
0.9997,0.9997,0.9998,0.9998,0.9998,0.9998,0.9999,0.9999,0.9999,0.9999
0.9999,0.9999,0.9999,0.9999,1.0000,1.0000,1.0000,1.0000,1.0000,1.0000
hwc1y1fract=0.0000,0.0001,0.0001,0.0001,0.0002,0.0002,0.0003,0.0004
0.0005,0.0006,0.0007,0.0008,0.0010,0.0012,0.0015,0.0018,0.0025,0.0035
0.0051,0.0078,0.0122,0.0192,0.0289,0.0414,0.0566,0.0742,0.0937,0.1149
0.1368,0.1597,0.1833,0.2069,0.2308,0.2546,0.2783,0.3024,0.3257,0.3494
0.3728,0.3957,0.4180,0.4400,0.4620,0.4839,0.5054,0.5266,0.5481,0.5691
0.5899,0.6107,0.6312,0.6518,0.6718,0.6916,0.7115,0.7308,0.7497,0.7682
0.7864,0.8039,0.8210,0.8372,0.8523,0.8663,0.8794,0.8914,0.9024,0.9122
0.9207,0.9288,0.9360,0.9424,0.9480,0.9532,0.9579,0.9621,0.9661,0.9697
0.9728,0.9758,0.9784,0.9806,0.9825,0.9842,0.9858,0.9872,0.9884,0.9896
0.9906,0.9916,0.9924,0.9932,0.9938,0.9945,0.9950,0.9955,0.9960,0.9964
0.9967,0.9971,0.9973,0.9976,0.9979,0.9980,0.9983,0.9984,0.9986,0.9988
0.9989,0.9990,0.9991,0.9993,0.9994,0.9994,0.9995,0.9996,0.9996,0.9997
0.9997,0.9998,0.9998,0.9998,0.9999,0.9999,0.9999,0.9999,0.9999,0.9999
0.9999,0.9999,1.0000,1.0000,1.0000,1.0000,1.0000,1.0000,1.0000,1.0000
hwc1u1fract=0.0000,0.0000,0.0000,0.0000,0.0000,0.0000,0.0000,0.0000
0.0000,0.0001,0.0001,0.0001,0.0002,0.0002,0.0004,0.0007,0.0014,0.0025
0.0042,0.0066,0.0105,0.0165,0.0251,0.0359,0.0494,0.0649,0.0823,0.1011
0.1212,0.1420,0.1643,0.1866,0.2093,0.2321,0.2554,0.2788,0.3020,0.3252
0.3483,0.3712,0.3939,0.4168,0.4396,0.4619,0.4838,0.5057,0.5272,0.5483
0.5693,0.5899,0.6108,0.6313,0.6515,0.6715,0.6912,0.7107,0.7298,0.7485
0.7672,0.7853,0.8025,0.8190,0.8349,0.8497,0.8637,0.8764,0.8879,0.8985
0.9078,0.9167,0.9243,0.9315,0.9381,0.9442,0.9497,0.9549,0.9596,0.9638
0.9678,0.9714,0.9745,0.9773,0.9798,0.9819,0.9837,0.9854,0.9869,0.9882
0.9894,0.9904,0.9913,0.9921,0.9928,0.9935,0.9941,0.9946,0.9951,0.9955
0.9959,0.9963,0.9966,0.9969,0.9972,0.9974,0.9977,0.9979,0.9981,0.9982
0.9984,0.9986,0.9987,0.9988,0.9990,0.9991,0.9992,0.9993,0.9993,0.9994
0.9995,0.9996,0.9996,0.9997,0.9997,0.9997,0.9998,0.9998,0.9998,0.9998
0.9999,0.9999,0.9999,0.9999,1.0000,1.0000,1.0000,1.0000,1.0000,1.0000
hwc1v1fract=0.0000,0.0000,0.0000,0.0000,0.0001,0.0001,0.0001,0.0001
0.0002,0.0002,0.0003,0.0003,0.0004,0.0005,0.0007,0.0010,0.0016,0.0026
0.0048,0.0084,0.0145,0.0229,0.0343,0.0484,0.0643,0.0824,0.1015,0.1220
0.1432,0.1648,0.1871,0.2095,0.2325,0.2554,0.2789,0.3021,0.3251,0.3482
0.3709,0.3936,0.4158,0.4382,0.4603,0.4820,0.5031,0.5244,0.5455,0.5666
0.5874,0.6078,0.6283,0.6487,0.6687,0.6888,0.7086,0.7280,0.7471,0.7657
0.7839,0.8018,0.8190,0.8352,0.8509,0.8650,0.8780,0.8899,0.9006,0.9101
0.9187,0.9267,0.9336,0.9400,0.9457,0.9510,0.9560,0.9607,0.9648,0.9688
0.9723,0.9754,0.9783,0.9807,0.9829,0.9848,0.9864,0.9877,0.9889,0.9900
0.9909,0.9917,0.9925,0.9932,0.9938,0.9944,0.9949,0.9954,0.9958,0.9962
0.9966,0.9969,0.9972,0.9975,0.9977,0.9979,0.9981,0.9983,0.9985,0.9987
0.9988,0.9989,0.9991,0.9992,0.9993,0.9993,0.9994,0.9995,0.9995,0.9996
0.9996,0.9997,0.9997,0.9997,0.9998,0.9998,0.9998,0.9999,0.9999,0.9999
0.9999,0.9999,0.9999,1.0000,1.0000,1.0000,1.0000,1.0000,1.0000,1.0000
hwc1y2fract=0.0000,0.0000,0.0001,0.0001,0.0001,0.0001,0.0001,0.0002
0.0002,0.0002,0.0003,0.0004,0.0004,0.0006,0.0008,0.0011,0.0017,0.0028
0.0047,0.0084,0.0139,0.0221,0.0329,0.0462,0.0618,0.0799,0.0995,0.1208
0.1429,0.1657,0.1892,0.2128,0.2367,0.2608,0.2848,0.3083,0.3314,0.3551
0.3781,0.4010,0.4239,0.4461,0.4678,0.4895,0.5110,0.5324,0.5535,0.5745
0.5954,0.6157,0.6361,0.6563,0.6761,0.6960,0.7153,0.7343,0.7531,0.7711
0.7888,0.8058,0.8218,0.8377,0.8522,0.8660,0.8787,0.8901,0.9006,0.9104
0.9188,0.9265,0.9334,0.9397,0.9454,0.9506,0.9554,0.9597,0.9637,0.9674
0.9706,0.9737,0.9763,0.9785,0.9806,0.9826,0.9843,0.9857,0.9871,0.9882
0.9894,0.9904,0.9913,0.9921,0.9928,0.9935,0.9941,0.9946,0.9951,0.9955
0.9959,0.9963,0.9966,0.9969,0.9972,0.9975,0.9977,0.9980,0.9982,0.9984
0.9985,0.9987,0.9989,0.9990,0.9991,0.9992,0.9993,0.9994,0.9995,0.9995
0.9996,0.9996,0.9997,0.9997,0.9997,0.9998,0.9998,0.9998,0.9998,0.9999
0.9999,0.9999,0.9999,0.9999,1.0000,1.0000,1.0000,1.0000,1.0000,1.0000
hwc1x2fract=0.0000,0.0000,0.0001,0.0001,0.0001,0.0001,0.0002,0.0002
0.0003,0.0003,0.0004,0.0005,0.0007,0.0008,0.0011,0.0016,0.0024,0.0039
0.0063,0.0100,0.0156,0.0233,0.0327,0.0441,0.0571,0.0716,0.0876,0.1050
0.1232,0.1428,0.1630,0.1834,0.2045,0.2263,0.2486,0.2715,0.2945,0.3176
0.3409,0.3641,0.3873,0.4104,0.4335,0.4565,0.4793,0.5016,0.5237,0.5455
0.5676,0.5896,0.6111,0.6322,0.6532,0.6742,0.6949,0.7152,0.7350,0.7547
0.7738,0.7920,0.8095,0.8261,0.8423,0.8569,0.8705,0.8831,0.8946,0.9053
0.9147,0.9235,0.9318,0.9393,0.9463,0.9526,0.9583,0.9635,0.9683,0.9726
0.9764,0.9797,0.9826,0.9850,0.9869,0.9887,0.9902,0.9914,0.9924,0.9934
0.9942,0.9948,0.9954,0.9958,0.9962,0.9967,0.9970,0.9973,0.9976,0.9978
0.9980,0.9982,0.9983,0.9985,0.9986,0.9987,0.9988,0.9989,0.9990,0.9991
0.9992,0.9992,0.9993,0.9993,0.9994,0.9995,0.9995,0.9996,0.9996,0.9996
0.9997,0.9997,0.9997,0.9998,0.9998,0.9998,0.9998,0.9999,0.9999,0.9999
0.9999,0.9999,0.9999,1.0000,1.0000,1.0000,1.0000,1.0000,1.0000,1.0000
hwc2x1fract=0.0000,0.0001,0.0001,0.0002,0.0002,0.0003,0.0004,0.0005
0.0005,0.0007,0.0008,0.0009,0.0011,0.0013,0.0016,0.0019,0.0025,0.0035
0.0054,0.0083,0.0126,0.0184,0.0259,0.0354,0.0468,0.0596,0.0742,0.0899
0.1069,0.1253,0.1442,0.1645,0.1852,0.2067,0.2281,0.2507,0.2730,0.2959
0.3187,0.3420,0.3654,0.3882,0.4115,0.4347,0.4578,0.4805,0.5034,0.5257
0.5480,0.5702,0.5921,0.6139,0.6357,0.6576,0.6787,0.6994,0.7201,0.7398
0.7595,0.7787,0.7973,0.8149,0.8317,0.8474,0.8622,0.8757,0.8882,0.8997
0.9100,0.9193,0.9279,0.9359,0.9431,0.9497,0.9557,0.9611,0.9662,0.9709
0.9748,0.9783,0.9813,0.9840,0.9862,0.9880,0.9896,0.9908,0.9920,0.9929
0.9937,0.9944,0.9949,0.9955,0.9960,0.9964,0.9967,0.9970,0.9973,0.9975
0.9978,0.9980,0.9982,0.9984,0.9986,0.9987,0.9988,0.9989,0.9990,0.9992
0.9992,0.9993,0.9994,0.9994,0.9995,0.9995,0.9996,0.9996,0.9997,0.9997
0.9997,0.9998,0.9998,0.9998,0.9998,0.9998,0.9999,0.9999,0.9999,0.9999
0.9999,0.9999,1.0000,1.0000,1.0000,1.0000,1.0000,1.0000,1.0000,1.0000
hwc2y1fract=0.0000,0.0000,0.0000,0.0000,0.0001,0.0001,0.0001,0.0001
0.0002,0.0002,0.0002,0.0003,0.0003,0.0004,0.0006,0.0007,0.0011,0.0019
0.0031,0.0053,0.0095,0.0163,0.0262,0.0390,0.0546,0.0726,0.0926,0.1145
0.1370,0.1608,0.1847,0.2092,0.2339,0.2583,0.2825,0.3070,0.3313,0.3554
0.3787,0.4017,0.4243,0.4469,0.4690,0.4913,0.5130,0.5342,0.5555,0.5767
0.5977,0.6184,0.6390,0.6600,0.6803,0.7001,0.7197,0.7388,0.7577,0.7762
0.7941,0.8119,0.8287,0.8447,0.8598,0.8736,0.8866,0.8987,0.9093,0.9189
0.9276,0.9349,0.9415,0.9475,0.9529,0.9577,0.9620,0.9660,0.9696,0.9729
0.9757,0.9783,0.9806,0.9825,0.9843,0.9858,0.9871,0.9884,0.9895,0.9904
0.9913,0.9921,0.9928,0.9934,0.9940,0.9945,0.9949,0.9954,0.9957,0.9961
0.9965,0.9968,0.9970,0.9973,0.9975,0.9977,0.9979,0.9981,0.9983,0.9985
0.9987,0.9988,0.9989,0.9991,0.9992,0.9993,0.9994,0.9994,0.9995,0.9996
0.9996,0.9997,0.9997,0.9998,0.9998,0.9998,0.9999,0.9999,0.9999,0.9999
0.9999,0.9999,1.0000,1.0000,1.0000,1.0000,1.0000,1.0000,1.0000,1.0000
hwc2u1fract=0.0000,0.0000,0.0000,0.0000,0.0000,0.0000,0.0001,0.0001
0.0001,0.0001,0.0001,0.0002,0.0002,0.0002,0.0003,0.0004,0.0006,0.0010
0.0019,0.0041,0.0083,0.0155,0.0266,0.0405,0.0568,0.0759,0.0965,0.1184
0.1411,0.1647,0.1889,0.2134,0.2378,0.2621,0.2859,0.3097,0.3333,0.3565
0.3798,0.4025,0.4251,0.4470,0.4689,0.4907,0.5123,0.5336,0.5551,0.5762
0.5972,0.6178,0.6382,0.6583,0.6782,0.6977,0.7174,0.7368,0.7556,0.7743
0.7925,0.8102,0.8269,0.8430,0.8586,0.8726,0.8857,0.8975,0.9081,0.9175
0.9258,0.9332,0.9397,0.9455,0.9508,0.9556,0.9601,0.9640,0.9678,0.9712
0.9743,0.9771,0.9796,0.9818,0.9836,0.9853,0.9868,0.9881,0.9892,0.9901
0.9909,0.9917,0.9923,0.9929,0.9935,0.9940,0.9945,0.9949,0.9954,0.9958
0.9961,0.9965,0.9968,0.9971,0.9973,0.9975,0.9978,0.9980,0.9982,0.9983
0.9985,0.9987,0.9988,0.9989,0.9990,0.9991,0.9993,0.9994,0.9995,0.9995
0.9996,0.9996,0.9997,0.9997,0.9997,0.9998,0.9998,0.9998,0.9999,0.9999
0.9999,0.9999,0.9999,1.0000,1.0000,1.0000,1.0000,1.0000,1.0000,1.0000
hwc2v1fract=0.0000,0.0000,0.0000,0.0000,0.0001,0.0001,0.0001,0.0001
0.0002,0.0002,0.0002,0.0003,0.0004,0.0005,0.0006,0.0008,0.0012,0.0019
0.0033,0.0062,0.0116,0.0204,0.0324,0.0471,0.0644,0.0839,0.1051,0.1271
0.1496,0.1735,0.1970,0.2214,0.2449,0.2690,0.2930,0.3167,0.3405,0.3637
0.3867,0.4097,0.4322,0.4543,0.4759,0.4976,0.5187,0.5401,0.5609,0.5818
0.6025,0.6231,0.6432,0.6635,0.6832,0.7029,0.7222,0.7415,0.7605,0.7789
0.7972,0.8148,0.8316,0.8475,0.8623,0.8762,0.8888,0.9005,0.9107,0.9200
0.9278,0.9349,0.9412,0.9470,0.9521,0.9567,0.9612,0.9651,0.9688,0.9720
0.9750,0.9776,0.9799,0.9819,0.9837,0.9853,0.9869,0.9881,0.9892,0.9901
0.9910,0.9919,0.9926,0.9932,0.9938,0.9943,0.9947,0.9952,0.9956,0.9959
0.9962,0.9966,0.9969,0.9972,0.9975,0.9977,0.9979,0.9981,0.9983,0.9985
0.9986,0.9988,0.9989,0.9991,0.9992,0.9993,0.9994,0.9995,0.9996,0.9996
0.9996,0.9997,0.9997,0.9998,0.9998,0.9999,0.9999,0.9999,0.9999,0.9999
0.9999,1.0000,1.0000,1.0000,1.0000,1.0000,1.0000,1.0000,1.0000,1.0000
hwc2y2fract=0.0000,0.0000,0.0000,0.0000,0.0000,0.0001,0.0001,0.0001
0.0002,0.0002,0.0003,0.0003,0.0004,0.0005,0.0006,0.0009,0.0014,0.0023
0.0039,0.0066,0.0114,0.0189,0.0292,0.0425,0.0585,0.0768,0.0974,0.1193
0.1420,0.1657,0.1900,0.2149,0.2395,0.2637,0.2879,0.3121,0.3353,0.3590
0.3824,0.4057,0.4286,0.4506,0.4728,0.4948,0.5165,0.5379,0.5593,0.5805
0.6016,0.6224,0.6429,0.6636,0.6838,0.7038,0.7234,0.7426,0.7615,0.7800
0.7980,0.8154,0.8321,0.8476,0.8627,0.8766,0.8893,0.9009,0.9115,0.9208
0.9289,0.9363,0.9428,0.9486,0.9538,0.9584,0.9627,0.9665,0.9701,0.9732
0.9761,0.9785,0.9807,0.9826,0.9844,0.9860,0.9873,0.9885,0.9895,0.9905
0.9914,0.9921,0.9929,0.9935,0.9941,0.9946,0.9950,0.9955,0.9959,0.9962
0.9966,0.9968,0.9971,0.9974,0.9976,0.9978,0.9980,0.9982,0.9984,0.9986
0.9987,0.9989,0.9990,0.9991,0.9992,0.9993,0.9994,0.9995,0.9995,0.9996
0.9997,0.9997,0.9997,0.9998,0.9998,0.9998,0.9999,0.9999,0.9999,0.9999
0.9999,0.9999,1.0000,1.0000,1.0000,1.0000,1.0000,1.0000,1.0000,1.0000
hwc2x2fract=0.0000,0.0000,0.0001,0.0001,0.0001,0.0002,0.0002,0.0003
0.0004,0.0004,0.0005,0.0006,0.0008,0.0010,0.0012,0.0015,0.0020,0.0030
0.0046,0.0071,0.0107,0.0161,0.0237,0.0332,0.0449,0.0584,0.0736,0.0900
0.1082,0.1268,0.1466,0.1672,0.1884,0.2103,0.2330,0.2557,0.2791,0.3024
0.3259,0.3491,0.3724,0.3957,0.4191,0.4423,0.4651,0.4877,0.5102,0.5323
0.5543,0.5763,0.5984,0.6198,0.6409,0.6618,0.6822,0.7025,0.7227,0.7424
0.7621,0.7809,0.7993,0.8167,0.8334,0.8490,0.8634,0.8769,0.8894,0.9005
0.9108,0.9201,0.9286,0.9363,0.9433,0.9497,0.9556,0.9607,0.9655,0.9699
0.9738,0.9772,0.9802,0.9827,0.9849,0.9870,0.9886,0.9900,0.9912,0.9922
0.9931,0.9938,0.9945,0.9951,0.9956,0.9960,0.9964,0.9967,0.9971,0.9974
0.9976,0.9978,0.9981,0.9983,0.9984,0.9986,0.9987,0.9988,0.9989,0.9991
0.9992,0.9992,0.9993,0.9994,0.9994,0.9995,0.9996,0.9996,0.9997,0.9997
0.9998,0.9998,0.9998,0.9998,0.9999,0.9999,0.9999,0.9999,0.9999,0.9999
0.9999,1.0000,1.0000,1.0000,1.0000,1.0000,1.0000,1.0000,1.0000,1.0000
