; Lookup table
;number of bins in Meek's time to distance lookup table
hdriftbins=138
;number of 1st bin in Meek's table in ns
hdrift1stbin=-24
;bin size in ns of Meek's table
hdriftbinsz=2
hwc1x1fract=0.0000,0.0001,0.0002,0.0002,0.0003,0.0004,0.0005,0.0007
0.0008,0.0010,0.0012,0.0014,0.0018,0.0023,0.0032,0.0047,0.0068,0.0096
0.0136,0.0189,0.0254,0.0339,0.0443,0.0562,0.0692,0.0835,0.0988,0.1152
0.1323,0.1504,0.1692,0.1886,0.2083,0.2288,0.2496,0.2713,0.2929,0.3151
0.3373,0.3600,0.3821,0.4050,0.4275,0.4499,0.4723,0.4949,0.5173,0.5394
0.5611,0.5834,0.6050,0.6265,0.6478,0.6693,0.6898,0.7105,0.7306,0.7502
0.7698,0.7887,0.8066,0.8238,0.8400,0.8556,0.8704,0.8839,0.8965,0.9079
0.9181,0.9279,0.9366,0.9445,0.9515,0.9580,0.9638,0.9689,0.9733,0.9772
0.9808,0.9837,0.9863,0.9885,0.9904,0.9918,0.9929,0.9939,0.9946,0.9952
0.9957,0.9962,0.9965,0.9969,0.9972,0.9974,0.9977,0.9978,0.9980,0.9982
0.9984,0.9984,0.9986,0.9987,0.9988,0.9989,0.9990,0.9990,0.9992,0.9992
0.9993,0.9993,0.9994,0.9994,0.9995,0.9995,0.9996,0.9996,0.9996,0.9997
0.9997,0.9997,0.9997,0.9998,0.9998,0.9998,0.9998,0.9998,0.9999,0.9999
0.9999,0.9999,0.9999,0.9999,0.9999,0.9999,1.0000,1.0000,1.0000,1.0000
hwc1y1fract=0.0001,0.0001,0.0002,0.0002,0.0003,0.0004,0.0005,0.0006
0.0007,0.0008,0.0010,0.0012,0.0015,0.0018,0.0022,0.0029,0.0039,0.0054
0.0079,0.0121,0.0187,0.0281,0.0403,0.0552,0.0722,0.0911,0.1111,0.1324
0.1542,0.1766,0.1995,0.2222,0.2452,0.2676,0.2905,0.3131,0.3357,0.3583
0.3807,0.4024,0.4241,0.4456,0.4674,0.4889,0.5098,0.5307,0.5516,0.5724
0.5925,0.6132,0.6334,0.6533,0.6736,0.6931,0.7126,0.7321,0.7513,0.7701
0.7885,0.8060,0.8235,0.8400,0.8555,0.8705,0.8843,0.8966,0.9081,0.9188
0.9281,0.9364,0.9437,0.9502,0.9559,0.9609,0.9655,0.9693,0.9730,0.9762
0.9789,0.9814,0.9837,0.9855,0.9871,0.9885,0.9898,0.9910,0.9919,0.9929
0.9936,0.9942,0.9948,0.9953,0.9957,0.9961,0.9964,0.9967,0.9970,0.9973
0.9976,0.9978,0.9980,0.9981,0.9983,0.9985,0.9986,0.9988,0.9989,0.9990
0.9991,0.9992,0.9993,0.9994,0.9994,0.9995,0.9995,0.9996,0.9996,0.9997
0.9997,0.9997,0.9997,0.9998,0.9998,0.9998,0.9998,0.9998,0.9999,0.9999
0.9999,0.9999,0.9999,0.9999,0.9999,0.9999,1.0000,1.0000,1.0000,1.0000
hwc1u1fract=0.0000,0.0000,0.0000,0.0001,0.0001,0.0001,0.0001,0.0001
0.0002,0.0002,0.0002,0.0003,0.0004,0.0008,0.0016,0.0031,0.0053,0.0082
0.0123,0.0181,0.0263,0.0369,0.0496,0.0646,0.0813,0.0987,0.1180,0.1380
0.1585,0.1788,0.2000,0.2214,0.2433,0.2653,0.2870,0.3091,0.3307,0.3529
0.3750,0.3973,0.4193,0.4410,0.4624,0.4839,0.5057,0.5268,0.5480,0.5692
0.5901,0.6110,0.6312,0.6515,0.6721,0.6919,0.7115,0.7310,0.7506,0.7693
0.7878,0.8058,0.8226,0.8386,0.8542,0.8687,0.8820,0.8940,0.9051,0.9152
0.9243,0.9327,0.9403,0.9469,0.9528,0.9581,0.9630,0.9674,0.9712,0.9749
0.9779,0.9806,0.9829,0.9849,0.9867,0.9882,0.9894,0.9904,0.9914,0.9923
0.9931,0.9937,0.9943,0.9949,0.9953,0.9957,0.9961,0.9964,0.9967,0.9970
0.9974,0.9976,0.9978,0.9981,0.9982,0.9984,0.9986,0.9987,0.9988,0.9989
0.9990,0.9991,0.9992,0.9992,0.9993,0.9994,0.9995,0.9995,0.9995,0.9996
0.9996,0.9997,0.9997,0.9997,0.9998,0.9998,0.9998,0.9998,0.9998,0.9999
0.9999,0.9999,0.9999,0.9999,0.9999,0.9999,1.0000,1.0000,1.0000,1.0000
hwc1v1fract=0.0000,0.0000,0.0000,0.0001,0.0001,0.0001,0.0001,0.0002
0.0002,0.0002,0.0003,0.0004,0.0004,0.0005,0.0006,0.0009,0.0014,0.0023
0.0044,0.0083,0.0146,0.0241,0.0363,0.0512,0.0677,0.0859,0.1053,0.1255
0.1470,0.1688,0.1907,0.2129,0.2352,0.2575,0.2796,0.3020,0.3241,0.3464
0.3685,0.3904,0.4121,0.4337,0.4552,0.4766,0.4979,0.5191,0.5397,0.5602
0.5805,0.6011,0.6213,0.6413,0.6612,0.6815,0.7010,0.7207,0.7400,0.7593
0.7783,0.7966,0.8137,0.8303,0.8467,0.8624,0.8770,0.8899,0.9021,0.9129
0.9222,0.9308,0.9384,0.9451,0.9510,0.9564,0.9613,0.9657,0.9696,0.9732
0.9762,0.9791,0.9816,0.9838,0.9857,0.9873,0.9887,0.9899,0.9910,0.9918
0.9926,0.9933,0.9939,0.9944,0.9948,0.9953,0.9957,0.9961,0.9964,0.9968
0.9970,0.9973,0.9975,0.9977,0.9980,0.9982,0.9984,0.9985,0.9987,0.9988
0.9989,0.9990,0.9992,0.9992,0.9993,0.9994,0.9995,0.9995,0.9996,0.9996
0.9996,0.9997,0.9997,0.9997,0.9998,0.9998,0.9998,0.9998,0.9998,0.9999
0.9999,0.9999,0.9999,0.9999,1.0000,1.0000,1.0000,1.0000,1.0000,1.0000
hwc1y2fract=0.0000,0.0000,0.0001,0.0001,0.0001,0.0002,0.0002,0.0003
0.0004,0.0004,0.0005,0.0007,0.0008,0.0011,0.0014,0.0021,0.0031,0.0050
0.0081,0.0135,0.0214,0.0318,0.0448,0.0602,0.0780,0.0971,0.1176,0.1391
0.1610,0.1833,0.2054,0.2280,0.2508,0.2731,0.2959,0.3183,0.3407,0.3629
0.3850,0.4069,0.4288,0.4504,0.4721,0.4932,0.5147,0.5355,0.5561,0.5765
0.5972,0.6182,0.6387,0.6592,0.6791,0.6987,0.7182,0.7374,0.7561,0.7746
0.7920,0.8095,0.8265,0.8423,0.8571,0.8711,0.8845,0.8966,0.9075,0.9176
0.9263,0.9345,0.9417,0.9478,0.9534,0.9586,0.9632,0.9674,0.9709,0.9744
0.9772,0.9800,0.9821,0.9840,0.9857,0.9871,0.9884,0.9896,0.9906,0.9914
0.9922,0.9930,0.9936,0.9942,0.9948,0.9952,0.9956,0.9960,0.9963,0.9966
0.9969,0.9973,0.9975,0.9977,0.9980,0.9982,0.9984,0.9985,0.9987,0.9988
0.9989,0.9991,0.9992,0.9993,0.9993,0.9994,0.9995,0.9996,0.9996,0.9996
0.9997,0.9997,0.9997,0.9998,0.9998,0.9998,0.9998,0.9998,0.9999,0.9999
0.9999,0.9999,0.9999,0.9999,1.0000,1.0000,1.0000,1.0000,1.0000,1.0000
hwc1x2fract=0.0000,0.0000,0.0001,0.0001,0.0001,0.0002,0.0002,0.0003
0.0003,0.0004,0.0005,0.0006,0.0007,0.0009,0.0013,0.0020,0.0030,0.0048
0.0078,0.0121,0.0184,0.0262,0.0360,0.0477,0.0612,0.0755,0.0911,0.1072
0.1248,0.1429,0.1626,0.1825,0.2026,0.2237,0.2446,0.2657,0.2878,0.3096
0.3319,0.3543,0.3767,0.3988,0.4216,0.4444,0.4667,0.4890,0.5112,0.5337
0.5559,0.5777,0.5993,0.6204,0.6421,0.6634,0.6844,0.7050,0.7250,0.7453
0.7647,0.7837,0.8022,0.8196,0.8364,0.8521,0.8670,0.8807,0.8934,0.9050
0.9157,0.9254,0.9343,0.9427,0.9497,0.9562,0.9623,0.9677,0.9723,0.9764
0.9800,0.9830,0.9856,0.9877,0.9896,0.9911,0.9923,0.9932,0.9941,0.9948
0.9953,0.9958,0.9961,0.9966,0.9969,0.9972,0.9974,0.9976,0.9978,0.9980
0.9981,0.9983,0.9984,0.9986,0.9987,0.9988,0.9989,0.9990,0.9991,0.9992
0.9992,0.9993,0.9994,0.9994,0.9995,0.9995,0.9996,0.9996,0.9996,0.9997
0.9997,0.9997,0.9998,0.9998,0.9998,0.9998,0.9999,0.9999,0.9999,0.9999
0.9999,0.9999,0.9999,0.9999,1.0000,1.0000,1.0000,1.0000,1.0000,1.0000
hwc2x1fract=0.0000,0.0001,0.0001,0.0002,0.0003,0.0003,0.0004,0.0005
0.0006,0.0007,0.0009,0.0011,0.0013,0.0016,0.0019,0.0024,0.0032,0.0047
0.0073,0.0115,0.0172,0.0248,0.0340,0.0446,0.0575,0.0715,0.0864,0.1024
0.1194,0.1369,0.1552,0.1748,0.1950,0.2158,0.2371,0.2583,0.2801,0.3017
0.3242,0.3467,0.3693,0.3918,0.4146,0.4369,0.4596,0.4818,0.5042,0.5265
0.5487,0.5706,0.5928,0.6148,0.6365,0.6578,0.6789,0.6997,0.7203,0.7409
0.7610,0.7803,0.7989,0.8172,0.8344,0.8506,0.8662,0.8804,0.8936,0.9057
0.9164,0.9263,0.9352,0.9433,0.9504,0.9568,0.9625,0.9675,0.9722,0.9761
0.9796,0.9827,0.9854,0.9875,0.9893,0.9907,0.9920,0.9930,0.9939,0.9946
0.9952,0.9958,0.9962,0.9966,0.9969,0.9972,0.9975,0.9977,0.9979,0.9981
0.9982,0.9984,0.9986,0.9987,0.9989,0.9990,0.9990,0.9991,0.9992,0.9993
0.9993,0.9994,0.9994,0.9995,0.9995,0.9996,0.9996,0.9997,0.9997,0.9997
0.9997,0.9998,0.9998,0.9998,0.9998,0.9998,0.9998,0.9999,0.9999,0.9999
0.9999,0.9999,0.9999,0.9999,0.9999,0.9999,1.0000,1.0000,1.0000,1.0000
hwc2y1fract=0.0000,0.0000,0.0001,0.0001,0.0001,0.0002,0.0002,0.0003
0.0003,0.0004,0.0005,0.0006,0.0007,0.0009,0.0011,0.0015,0.0022,0.0034
0.0055,0.0094,0.0160,0.0255,0.0380,0.0537,0.0712,0.0910,0.1122,0.1344
0.1573,0.1804,0.2044,0.2280,0.2516,0.2751,0.2985,0.3212,0.3438,0.3667
0.3891,0.4113,0.4334,0.4552,0.4769,0.4981,0.5192,0.5407,0.5617,0.5825
0.6031,0.6234,0.6441,0.6645,0.6844,0.7044,0.7240,0.7438,0.7632,0.7822
0.8002,0.8177,0.8346,0.8506,0.8661,0.8806,0.8938,0.9065,0.9174,0.9273
0.9361,0.9439,0.9505,0.9564,0.9618,0.9664,0.9704,0.9739,0.9771,0.9798
0.9821,0.9843,0.9861,0.9877,0.9891,0.9903,0.9914,0.9922,0.9930,0.9936
0.9942,0.9947,0.9952,0.9956,0.9960,0.9963,0.9966,0.9969,0.9971,0.9974
0.9976,0.9978,0.9980,0.9982,0.9983,0.9985,0.9987,0.9988,0.9989,0.9990
0.9991,0.9992,0.9993,0.9994,0.9994,0.9995,0.9996,0.9996,0.9997,0.9997
0.9997,0.9998,0.9998,0.9998,0.9998,0.9998,0.9999,0.9999,0.9999,0.9999
0.9999,0.9999,0.9999,0.9999,1.0000,1.0000,1.0000,1.0000,1.0000,1.0000
hwc2u1fract=0.0000,0.0000,0.0000,0.0001,0.0001,0.0001,0.0001,0.0001
0.0002,0.0002,0.0002,0.0002,0.0003,0.0003,0.0004,0.0005,0.0008,0.0013
0.0025,0.0050,0.0104,0.0189,0.0311,0.0464,0.0641,0.0835,0.1048,0.1268
0.1495,0.1727,0.1957,0.2189,0.2418,0.2651,0.2884,0.3112,0.3340,0.3565
0.3790,0.4013,0.4236,0.4452,0.4669,0.4880,0.5092,0.5299,0.5507,0.5709
0.5916,0.6119,0.6321,0.6522,0.6717,0.6917,0.7109,0.7305,0.7494,0.7684
0.7865,0.8045,0.8221,0.8387,0.8552,0.8705,0.8847,0.8977,0.9096,0.9203
0.9296,0.9378,0.9450,0.9512,0.9567,0.9617,0.9659,0.9697,0.9731,0.9762
0.9788,0.9811,0.9832,0.9851,0.9867,0.9881,0.9894,0.9904,0.9912,0.9920
0.9927,0.9933,0.9938,0.9943,0.9947,0.9951,0.9955,0.9959,0.9963,0.9966
0.9968,0.9971,0.9974,0.9976,0.9978,0.9981,0.9983,0.9985,0.9986,0.9988
0.9989,0.9990,0.9991,0.9992,0.9993,0.9994,0.9994,0.9995,0.9996,0.9996
0.9997,0.9997,0.9997,0.9998,0.9998,0.9998,0.9998,0.9998,0.9999,0.9999
0.9999,0.9999,0.9999,0.9999,0.9999,0.9999,1.0000,1.0000,1.0000,1.0000
hwc2v1fract=0.0000,0.0000,0.0001,0.0001,0.0001,0.0001,0.0002,0.0002
0.0002,0.0003,0.0003,0.0004,0.0004,0.0005,0.0007,0.0009,0.0013,0.0022
0.0040,0.0079,0.0149,0.0253,0.0390,0.0551,0.0737,0.0942,0.1154,0.1379
0.1607,0.1834,0.2062,0.2294,0.2524,0.2755,0.2989,0.3218,0.3440,0.3660
0.3881,0.4101,0.4319,0.4539,0.4755,0.4969,0.5180,0.5388,0.5594,0.5798
0.6006,0.6211,0.6416,0.6613,0.6812,0.7007,0.7199,0.7394,0.7580,0.7766
0.7949,0.8130,0.8301,0.8467,0.8622,0.8771,0.8907,0.9031,0.9142,0.9239
0.9326,0.9403,0.9471,0.9532,0.9585,0.9631,0.9673,0.9709,0.9743,0.9773
0.9800,0.9823,0.9843,0.9860,0.9876,0.9889,0.9900,0.9909,0.9916,0.9924
0.9930,0.9936,0.9942,0.9946,0.9950,0.9955,0.9958,0.9962,0.9965,0.9968
0.9970,0.9973,0.9975,0.9978,0.9980,0.9982,0.9984,0.9985,0.9987,0.9988
0.9990,0.9991,0.9992,0.9993,0.9994,0.9995,0.9996,0.9996,0.9997,0.9997
0.9998,0.9998,0.9998,0.9998,0.9998,0.9998,0.9999,0.9999,0.9999,0.9999
0.9999,0.9999,0.9999,1.0000,1.0000,1.0000,1.0000,1.0000,1.0000,1.0000
hwc2y2fract=0.0000,0.0000,0.0001,0.0001,0.0001,0.0002,0.0002,0.0003
0.0004,0.0005,0.0006,0.0007,0.0008,0.0010,0.0013,0.0018,0.0026,0.0041
0.0065,0.0111,0.0183,0.0282,0.0411,0.0567,0.0750,0.0953,0.1166,0.1390
0.1619,0.1853,0.2088,0.2322,0.2556,0.2789,0.3021,0.3250,0.3478,0.3709
0.3931,0.4155,0.4378,0.4591,0.4808,0.5021,0.5232,0.5441,0.5648,0.5854
0.6057,0.6266,0.6472,0.6675,0.6874,0.7077,0.7273,0.7471,0.7661,0.7851
0.8032,0.8209,0.8382,0.8541,0.8693,0.8835,0.8968,0.9088,0.9195,0.9293
0.9379,0.9452,0.9519,0.9576,0.9626,0.9669,0.9706,0.9741,0.9771,0.9799
0.9821,0.9842,0.9859,0.9875,0.9888,0.9900,0.9910,0.9919,0.9927,0.9933
0.9939,0.9944,0.9948,0.9952,0.9955,0.9959,0.9962,0.9965,0.9968,0.9971
0.9974,0.9976,0.9979,0.9980,0.9982,0.9984,0.9986,0.9987,0.9989,0.9990
0.9991,0.9992,0.9993,0.9994,0.9994,0.9995,0.9995,0.9996,0.9996,0.9997
0.9997,0.9997,0.9998,0.9998,0.9998,0.9998,0.9998,0.9999,0.9999,0.9999
0.9999,0.9999,0.9999,1.0000,1.0000,1.0000,1.0000,1.0000,1.0000,1.0000
hwc2x2fract=0.0001,0.0001,0.0001,0.0002,0.0002,0.0003,0.0004,0.0004
0.0005,0.0006,0.0008,0.0009,0.0011,0.0014,0.0019,0.0028,0.0044,0.0072
0.0112,0.0167,0.0243,0.0337,0.0453,0.0587,0.0734,0.0892,0.1054,0.1235
0.1424,0.1618,0.1819,0.2028,0.2241,0.2456,0.2672,0.2898,0.3118,0.3345
0.3569,0.3798,0.4025,0.4247,0.4473,0.4700,0.4924,0.5146,0.5367,0.5586
0.5803,0.6017,0.6230,0.6442,0.6655,0.6866,0.7072,0.7275,0.7474,0.7672
0.7864,0.8049,0.8224,0.8394,0.8554,0.8703,0.8843,0.8972,0.9090,0.9198
0.9294,0.9379,0.9455,0.9524,0.9585,0.9641,0.9691,0.9732,0.9770,0.9804
0.9832,0.9855,0.9876,0.9893,0.9908,0.9920,0.9929,0.9938,0.9945,0.9951
0.9957,0.9961,0.9965,0.9968,0.9972,0.9974,0.9977,0.9979,0.9981,0.9983
0.9984,0.9986,0.9987,0.9988,0.9990,0.9991,0.9991,0.9992,0.9993,0.9993
0.9994,0.9995,0.9995,0.9996,0.9996,0.9996,0.9997,0.9997,0.9997,0.9997
0.9998,0.9998,0.9998,0.9998,0.9998,0.9999,0.9999,0.9999,0.9999,0.9999
0.9999,0.9999,0.9999,0.9999,1.0000,1.0000,1.0000,1.0000,1.0000,1.0000
