; Lookup table
;number of bins in Meek's time to distance lookup table
hdriftbins=138
;number of 1st bin in Meek's table in ns
hdrift1stbin=-24
;bin size in ns of Meek's table
hdriftbinsz=2
hwc1x1fract=0.0000,0.0001,0.0001,0.0002,0.0003,0.0003,0.0004,0.0006
0.0007,0.0008,0.0009,0.0011,0.0013,0.0016,0.0019,0.0024,0.0031,0.0041
0.0058,0.0086,0.0129,0.0194,0.0281,0.0388,0.0512,0.0656,0.0810,0.0974
0.1153,0.1335,0.1528,0.1728,0.1931,0.2146,0.2365,0.2584,0.2809,0.3035
0.3261,0.3490,0.3718,0.3944,0.4164,0.4390,0.4611,0.4833,0.5052,0.5272
0.5488,0.5707,0.5922,0.6131,0.6339,0.6544,0.6752,0.6954,0.7154,0.7352
0.7546,0.7730,0.7907,0.8079,0.8242,0.8401,0.8550,0.8688,0.8814,0.8934
0.9045,0.9147,0.9242,0.9330,0.9408,0.9478,0.9546,0.9604,0.9660,0.9709
0.9754,0.9791,0.9824,0.9853,0.9876,0.9895,0.9910,0.9924,0.9934,0.9943
0.9950,0.9956,0.9961,0.9966,0.9969,0.9973,0.9976,0.9978,0.9980,0.9982
0.9983,0.9985,0.9986,0.9987,0.9988,0.9989,0.9990,0.9991,0.9992,0.9993
0.9994,0.9994,0.9995,0.9995,0.9996,0.9996,0.9997,0.9997,0.9997,0.9997
0.9997,0.9998,0.9998,0.9998,0.9999,0.9999,0.9999,0.9999,0.9999,0.9999
0.9999,0.9999,0.9999,1.0000,1.0000,1.0000,1.0000,1.0000,1.0000,1.0000
hwc1y1fract=0.0000,0.0001,0.0001,0.0001,0.0002,0.0002,0.0003,0.0003
0.0004,0.0005,0.0006,0.0007,0.0008,0.0011,0.0013,0.0017,0.0022,0.0031
0.0045,0.0071,0.0114,0.0186,0.0289,0.0423,0.0583,0.0764,0.0968,0.1185
0.1408,0.1637,0.1870,0.2103,0.2339,0.2574,0.2804,0.3041,0.3272,0.3499
0.3726,0.3946,0.4166,0.4384,0.4600,0.4813,0.5026,0.5236,0.5442,0.5648
0.5852,0.6052,0.6251,0.6452,0.6648,0.6842,0.7034,0.7220,0.7406,0.7591
0.7773,0.7947,0.8115,0.8279,0.8434,0.8580,0.8720,0.8845,0.8963,0.9071
0.9168,0.9253,0.9330,0.9400,0.9461,0.9517,0.9568,0.9615,0.9656,0.9694
0.9728,0.9760,0.9786,0.9812,0.9834,0.9854,0.9871,0.9885,0.9898,0.9910
0.9919,0.9928,0.9935,0.9942,0.9948,0.9954,0.9959,0.9963,0.9967,0.9970
0.9973,0.9976,0.9978,0.9981,0.9983,0.9984,0.9986,0.9988,0.9989,0.9990
0.9991,0.9992,0.9993,0.9993,0.9994,0.9995,0.9995,0.9996,0.9996,0.9997
0.9997,0.9997,0.9998,0.9998,0.9998,0.9998,0.9999,0.9999,0.9999,0.9999
0.9999,0.9999,0.9999,0.9999,1.0000,1.0000,1.0000,1.0000,1.0000,1.0000
hwc1u1fract=0.0000,0.0000,0.0000,0.0000,0.0000,0.0001,0.0001,0.0001
0.0001,0.0001,0.0002,0.0002,0.0002,0.0003,0.0004,0.0007,0.0011,0.0019
0.0035,0.0070,0.0131,0.0226,0.0350,0.0498,0.0670,0.0858,0.1054,0.1264
0.1479,0.1700,0.1922,0.2151,0.2376,0.2609,0.2839,0.3074,0.3302,0.3529
0.3751,0.3970,0.4191,0.4410,0.4630,0.4842,0.5051,0.5261,0.5467,0.5672
0.5876,0.6081,0.6279,0.6475,0.6670,0.6864,0.7055,0.7242,0.7429,0.7612
0.7791,0.7964,0.8131,0.8291,0.8444,0.8588,0.8722,0.8846,0.8958,0.9060
0.9150,0.9234,0.9311,0.9379,0.9441,0.9499,0.9552,0.9600,0.9646,0.9687
0.9724,0.9759,0.9789,0.9815,0.9837,0.9857,0.9874,0.9889,0.9901,0.9911
0.9921,0.9929,0.9936,0.9943,0.9949,0.9954,0.9958,0.9962,0.9966,0.9969
0.9972,0.9975,0.9977,0.9979,0.9980,0.9982,0.9984,0.9986,0.9987,0.9988
0.9990,0.9991,0.9992,0.9993,0.9993,0.9994,0.9995,0.9995,0.9996,0.9996
0.9996,0.9997,0.9997,0.9998,0.9998,0.9998,0.9998,0.9999,0.9999,0.9999
0.9999,0.9999,0.9999,0.9999,1.0000,1.0000,1.0000,1.0000,1.0000,1.0000
hwc1v1fract=0.0000,0.0000,0.0000,0.0001,0.0001,0.0001,0.0001,0.0001
0.0002,0.0002,0.0003,0.0003,0.0004,0.0006,0.0008,0.0013,0.0021,0.0037
0.0068,0.0121,0.0200,0.0313,0.0454,0.0612,0.0787,0.0978,0.1177,0.1385
0.1597,0.1810,0.2028,0.2247,0.2466,0.2686,0.2907,0.3129,0.3349,0.3571
0.3790,0.4009,0.4226,0.4441,0.4655,0.4872,0.5081,0.5294,0.5499,0.5706
0.5911,0.6115,0.6315,0.6520,0.6718,0.6914,0.7106,0.7298,0.7483,0.7672
0.7855,0.8029,0.8202,0.8364,0.8520,0.8669,0.8801,0.8924,0.9034,0.9133
0.9222,0.9301,0.9372,0.9435,0.9493,0.9547,0.9596,0.9642,0.9685,0.9727
0.9763,0.9793,0.9821,0.9845,0.9866,0.9884,0.9898,0.9910,0.9921,0.9929
0.9937,0.9944,0.9949,0.9955,0.9959,0.9963,0.9966,0.9969,0.9972,0.9974
0.9977,0.9979,0.9981,0.9983,0.9984,0.9986,0.9987,0.9988,0.9989,0.9990
0.9992,0.9992,0.9993,0.9994,0.9994,0.9995,0.9995,0.9996,0.9996,0.9997
0.9997,0.9997,0.9997,0.9998,0.9998,0.9998,0.9998,0.9999,0.9999,0.9999
0.9999,0.9999,0.9999,0.9999,0.9999,1.0000,1.0000,1.0000,1.0000,1.0000
hwc1y2fract=0.0000,0.0000,0.0000,0.0000,0.0001,0.0001,0.0001,0.0001
0.0001,0.0002,0.0002,0.0003,0.0003,0.0004,0.0005,0.0008,0.0012,0.0023
0.0041,0.0075,0.0133,0.0217,0.0332,0.0472,0.0639,0.0826,0.1030,0.1246
0.1470,0.1698,0.1928,0.2158,0.2393,0.2625,0.2858,0.3093,0.3325,0.3554
0.3776,0.3997,0.4218,0.4438,0.4651,0.4865,0.5074,0.5283,0.5486,0.5689
0.5891,0.6091,0.6291,0.6488,0.6684,0.6880,0.7068,0.7256,0.7443,0.7622
0.7800,0.7970,0.8136,0.8293,0.8448,0.8588,0.8720,0.8843,0.8956,0.9061
0.9154,0.9238,0.9312,0.9381,0.9444,0.9501,0.9552,0.9599,0.9641,0.9682
0.9717,0.9748,0.9776,0.9802,0.9824,0.9843,0.9860,0.9874,0.9887,0.9900
0.9910,0.9920,0.9928,0.9935,0.9942,0.9948,0.9952,0.9957,0.9962,0.9965
0.9969,0.9972,0.9975,0.9977,0.9979,0.9981,0.9983,0.9985,0.9986,0.9988
0.9989,0.9990,0.9991,0.9992,0.9993,0.9994,0.9995,0.9995,0.9996,0.9996
0.9997,0.9997,0.9997,0.9998,0.9998,0.9998,0.9998,0.9999,0.9999,0.9999
0.9999,0.9999,0.9999,1.0000,1.0000,1.0000,1.0000,1.0000,1.0000,1.0000
hwc1x2fract=0.0000,0.0001,0.0001,0.0001,0.0002,0.0002,0.0003,0.0004
0.0004,0.0005,0.0006,0.0007,0.0008,0.0010,0.0013,0.0018,0.0026,0.0042
0.0070,0.0114,0.0181,0.0269,0.0380,0.0508,0.0650,0.0807,0.0976,0.1156
0.1347,0.1540,0.1745,0.1955,0.2172,0.2389,0.2607,0.2830,0.3060,0.3290
0.3515,0.3743,0.3969,0.4195,0.4421,0.4644,0.4868,0.5085,0.5302,0.5521
0.5737,0.5947,0.6156,0.6364,0.6567,0.6773,0.6973,0.7168,0.7361,0.7549
0.7733,0.7910,0.8083,0.8248,0.8403,0.8554,0.8691,0.8822,0.8938,0.9047
0.9146,0.9239,0.9323,0.9399,0.9470,0.9534,0.9593,0.9649,0.9698,0.9743
0.9783,0.9817,0.9846,0.9870,0.9890,0.9907,0.9920,0.9931,0.9940,0.9947
0.9954,0.9959,0.9963,0.9967,0.9970,0.9973,0.9976,0.9978,0.9980,0.9982
0.9983,0.9985,0.9986,0.9987,0.9988,0.9989,0.9990,0.9991,0.9991,0.9992
0.9993,0.9993,0.9994,0.9995,0.9995,0.9996,0.9996,0.9996,0.9997,0.9997
0.9997,0.9998,0.9998,0.9998,0.9998,0.9998,0.9998,0.9999,0.9999,0.9999
0.9999,0.9999,0.9999,0.9999,1.0000,1.0000,1.0000,1.0000,1.0000,1.0000
hwc2x1fract=0.0000,0.0001,0.0002,0.0002,0.0003,0.0004,0.0005,0.0006
0.0007,0.0008,0.0010,0.0012,0.0015,0.0019,0.0024,0.0032,0.0048,0.0077
0.0119,0.0181,0.0258,0.0360,0.0480,0.0617,0.0767,0.0933,0.1109,0.1293
0.1484,0.1687,0.1895,0.2105,0.2322,0.2542,0.2767,0.2995,0.3221,0.3451
0.3674,0.3901,0.4129,0.4356,0.4583,0.4806,0.5026,0.5246,0.5467,0.5684
0.5902,0.6114,0.6326,0.6535,0.6743,0.6944,0.7147,0.7345,0.7536,0.7728
0.7909,0.8086,0.8257,0.8417,0.8569,0.8710,0.8840,0.8959,0.9070,0.9167
0.9257,0.9340,0.9414,0.9483,0.9547,0.9603,0.9654,0.9702,0.9743,0.9780
0.9812,0.9842,0.9866,0.9887,0.9904,0.9918,0.9929,0.9938,0.9946,0.9953
0.9959,0.9963,0.9966,0.9970,0.9973,0.9976,0.9978,0.9980,0.9983,0.9984
0.9985,0.9987,0.9988,0.9989,0.9990,0.9991,0.9992,0.9993,0.9993,0.9994
0.9995,0.9995,0.9995,0.9996,0.9996,0.9997,0.9997,0.9997,0.9998,0.9998
0.9998,0.9998,0.9998,0.9998,0.9999,0.9999,0.9999,0.9999,0.9999,0.9999
0.9999,1.0000,1.0000,1.0000,1.0000,1.0000,1.0000,1.0000,1.0000,1.0000
hwc2y1fract=0.0000,0.0000,0.0000,0.0000,0.0000,0.0001,0.0001,0.0001
0.0001,0.0001,0.0002,0.0002,0.0002,0.0003,0.0004,0.0005,0.0007,0.0013
0.0023,0.0044,0.0086,0.0156,0.0258,0.0396,0.0566,0.0755,0.0966,0.1195
0.1432,0.1674,0.1917,0.2163,0.2405,0.2651,0.2890,0.3128,0.3362,0.3596
0.3823,0.4047,0.4269,0.4486,0.4703,0.4917,0.5129,0.5336,0.5541,0.5749
0.5956,0.6156,0.6356,0.6549,0.6746,0.6942,0.7131,0.7321,0.7506,0.7690
0.7869,0.8043,0.8211,0.8375,0.8534,0.8681,0.8816,0.8941,0.9055,0.9158
0.9251,0.9332,0.9403,0.9467,0.9524,0.9573,0.9620,0.9663,0.9699,0.9732
0.9763,0.9791,0.9816,0.9836,0.9855,0.9870,0.9883,0.9896,0.9907,0.9917
0.9925,0.9933,0.9939,0.9945,0.9950,0.9955,0.9959,0.9963,0.9966,0.9969
0.9972,0.9975,0.9977,0.9979,0.9981,0.9982,0.9984,0.9986,0.9987,0.9988
0.9989,0.9990,0.9991,0.9992,0.9993,0.9994,0.9994,0.9995,0.9996,0.9996
0.9997,0.9997,0.9997,0.9998,0.9998,0.9998,0.9998,0.9999,0.9999,0.9999
0.9999,0.9999,0.9999,0.9999,1.0000,1.0000,1.0000,1.0000,1.0000,1.0000
hwc2u1fract=0.0000,0.0000,0.0000,0.0000,0.0000,0.0001,0.0001,0.0001
0.0001,0.0001,0.0001,0.0002,0.0002,0.0003,0.0004,0.0007,0.0012,0.0024
0.0052,0.0109,0.0204,0.0337,0.0503,0.0690,0.0903,0.1127,0.1360,0.1596
0.1836,0.2075,0.2315,0.2553,0.2783,0.3019,0.3254,0.3484,0.3711,0.3934
0.4154,0.4376,0.4591,0.4802,0.5011,0.5220,0.5426,0.5630,0.5828,0.6026
0.6224,0.6419,0.6615,0.6809,0.6998,0.7190,0.7376,0.7562,0.7745,0.7926
0.8101,0.8271,0.8433,0.8587,0.8731,0.8863,0.8985,0.9096,0.9194,0.9281
0.9357,0.9423,0.9482,0.9534,0.9582,0.9626,0.9666,0.9703,0.9736,0.9766
0.9794,0.9819,0.9839,0.9857,0.9873,0.9887,0.9899,0.9909,0.9918,0.9926
0.9933,0.9938,0.9944,0.9948,0.9953,0.9956,0.9960,0.9963,0.9966,0.9969
0.9972,0.9974,0.9976,0.9978,0.9980,0.9982,0.9983,0.9985,0.9987,0.9988
0.9989,0.9991,0.9992,0.9992,0.9993,0.9994,0.9995,0.9996,0.9996,0.9997
0.9997,0.9997,0.9998,0.9998,0.9998,0.9998,0.9999,0.9999,0.9999,0.9999
0.9999,0.9999,0.9999,1.0000,1.0000,1.0000,1.0000,1.0000,1.0000,1.0000
hwc2v1fract=0.0000,0.0000,0.0000,0.0000,0.0001,0.0001,0.0001,0.0002
0.0002,0.0002,0.0003,0.0004,0.0004,0.0005,0.0006,0.0009,0.0013,0.0022
0.0040,0.0078,0.0149,0.0259,0.0401,0.0578,0.0773,0.0984,0.1204,0.1436
0.1670,0.1910,0.2148,0.2387,0.2620,0.2854,0.3087,0.3318,0.3544,0.3769
0.3989,0.4208,0.4425,0.4636,0.4846,0.5059,0.5269,0.5475,0.5679,0.5882
0.6081,0.6279,0.6476,0.6672,0.6864,0.7053,0.7240,0.7428,0.7614,0.7798
0.7973,0.8146,0.8312,0.8470,0.8623,0.8763,0.8892,0.9012,0.9118,0.9211
0.9294,0.9370,0.9434,0.9492,0.9544,0.9593,0.9635,0.9675,0.9710,0.9742
0.9772,0.9799,0.9823,0.9844,0.9862,0.9877,0.9891,0.9902,0.9912,0.9921
0.9929,0.9936,0.9942,0.9947,0.9951,0.9956,0.9959,0.9963,0.9966,0.9969
0.9972,0.9975,0.9977,0.9979,0.9981,0.9983,0.9985,0.9986,0.9987,0.9989
0.9990,0.9991,0.9992,0.9993,0.9994,0.9995,0.9995,0.9996,0.9996,0.9997
0.9997,0.9997,0.9998,0.9998,0.9998,0.9998,0.9999,0.9999,0.9999,0.9999
0.9999,0.9999,1.0000,1.0000,1.0000,1.0000,1.0000,1.0000,1.0000,1.0000
hwc2y2fract=0.0000,0.0000,0.0000,0.0001,0.0001,0.0001,0.0001,0.0001
0.0001,0.0002,0.0002,0.0002,0.0003,0.0003,0.0004,0.0006,0.0009,0.0015
0.0028,0.0054,0.0100,0.0177,0.0285,0.0427,0.0597,0.0791,0.1007,0.1234
0.1472,0.1714,0.1961,0.2205,0.2448,0.2691,0.2929,0.3163,0.3396,0.3626
0.3857,0.4080,0.4300,0.4518,0.4733,0.4947,0.5155,0.5361,0.5566,0.5772
0.5974,0.6174,0.6371,0.6571,0.6771,0.6967,0.7158,0.7347,0.7537,0.7718
0.7897,0.8072,0.8239,0.8400,0.8554,0.8700,0.8833,0.8956,0.9069,0.9169
0.9260,0.9339,0.9410,0.9474,0.9530,0.9579,0.9623,0.9665,0.9702,0.9734
0.9764,0.9790,0.9813,0.9833,0.9852,0.9868,0.9882,0.9894,0.9906,0.9916
0.9924,0.9932,0.9938,0.9944,0.9949,0.9955,0.9959,0.9962,0.9966,0.9968
0.9971,0.9974,0.9976,0.9978,0.9979,0.9981,0.9983,0.9984,0.9986,0.9987
0.9989,0.9990,0.9991,0.9992,0.9993,0.9994,0.9994,0.9995,0.9996,0.9996
0.9997,0.9997,0.9997,0.9998,0.9998,0.9998,0.9998,0.9999,0.9999,0.9999
0.9999,0.9999,0.9999,1.0000,1.0000,1.0000,1.0000,1.0000,1.0000,1.0000
hwc2x2fract=0.0000,0.0001,0.0001,0.0001,0.0002,0.0002,0.0003,0.0004
0.0004,0.0005,0.0007,0.0008,0.0009,0.0011,0.0013,0.0016,0.0022,0.0032
0.0049,0.0079,0.0131,0.0207,0.0306,0.0427,0.0570,0.0728,0.0900,0.1085
0.1280,0.1482,0.1692,0.1908,0.2129,0.2353,0.2579,0.2807,0.3037,0.3261
0.3490,0.3720,0.3952,0.4176,0.4401,0.4624,0.4845,0.5062,0.5278,0.5491
0.5706,0.5916,0.6125,0.6330,0.6534,0.6740,0.6938,0.7140,0.7337,0.7526
0.7712,0.7893,0.8072,0.8240,0.8405,0.8556,0.8699,0.8833,0.8952,0.9061
0.9160,0.9252,0.9332,0.9408,0.9476,0.9539,0.9596,0.9646,0.9695,0.9737
0.9774,0.9808,0.9835,0.9860,0.9879,0.9897,0.9911,0.9923,0.9933,0.9942
0.9948,0.9955,0.9960,0.9964,0.9968,0.9971,0.9974,0.9976,0.9978,0.9980
0.9982,0.9984,0.9985,0.9987,0.9988,0.9989,0.9990,0.9991,0.9992,0.9993
0.9993,0.9994,0.9994,0.9995,0.9996,0.9996,0.9997,0.9997,0.9997,0.9997
0.9998,0.9998,0.9998,0.9998,0.9998,0.9999,0.9999,0.9999,0.9999,0.9999
0.9999,0.9999,0.9999,0.9999,1.0000,1.0000,1.0000,1.0000,1.0000,1.0000
