hwc1x1fract=0.0001,0.0002,0.0004,0.0005,0.0007,0.0008,0.0010,0.0011
0.0013,0.0015,0.0017,0.0020,0.0023,0.0027,0.0031,0.0035,0.0040,0.0049
0.0063,0.0086,0.0123,0.0179,0.0260,0.0358,0.0474,0.0607,0.0751,0.0905
0.1066,0.1239,0.1421,0.1611,0.1803,0.2004,0.2211,0.2422,0.2633,0.2849
0.3067,0.3291,0.3513,0.3731,0.3955,0.4176,0.4395,0.4613,0.4833,0.5046
0.5258,0.5473,0.5684,0.5893,0.6102,0.6311,0.6518,0.6722,0.6921,0.7116
0.7311,0.7502,0.7688,0.7866,0.8041,0.8205,0.8363,0.8516,0.8658,0.8785
0.8904,0.9011,0.9112,0.9203,0.9286,0.9361,0.9429,0.9493,0.9551,0.9603
0.9649,0.9689,0.9725,0.9754,0.9779,0.9800,0.9818,0.9834,0.9847,0.9859
0.9868,0.9877,0.9884,0.9890,0.9896,0.9900,0.9905,0.9909,0.9913,0.9917
0.9921,0.9925,0.9928,0.9930,0.9934,0.9937,0.9939,0.9942,0.9945,0.9947
0.9949,0.9951,0.9954,0.9956,0.9958,0.9960,0.9962,0.9964,0.9965,0.9968
0.9970,0.9971,0.9973,0.9975,0.9977,0.9979,0.9980,0.9982,0.9984,0.9985
0.9987,0.9988,0.9989,0.9991,0.9992,0.9994,0.9996,0.9997,0.9999,1.0000
hwc1y1fract=0.0001,0.0003,0.0004,0.0005,0.0006,0.0008,0.0010,0.0012
0.0014,0.0016,0.0019,0.0022,0.0025,0.0029,0.0033,0.0039,0.0047,0.0060
0.0077,0.0105,0.0153,0.0228,0.0336,0.0474,0.0634,0.0815,0.1012,0.1220
0.1432,0.1654,0.1879,0.2109,0.2333,0.2559,0.2785,0.3010,0.3232,0.3457
0.3676,0.3895,0.4108,0.4326,0.4534,0.4742,0.4947,0.5152,0.5355,0.5562
0.5762,0.5964,0.6166,0.6363,0.6564,0.6760,0.6951,0.7142,0.7333,0.7519
0.7701,0.7876,0.8046,0.8211,0.8370,0.8520,0.8660,0.8792,0.8911,0.9018
0.9117,0.9207,0.9286,0.9354,0.9416,0.9470,0.9521,0.9567,0.9608,0.9644
0.9677,0.9706,0.9732,0.9755,0.9777,0.9793,0.9809,0.9823,0.9836,0.9847
0.9855,0.9864,0.9872,0.9880,0.9887,0.9893,0.9899,0.9904,0.9909,0.9914
0.9918,0.9921,0.9925,0.9929,0.9932,0.9935,0.9938,0.9941,0.9944,0.9947
0.9949,0.9952,0.9954,0.9957,0.9959,0.9961,0.9963,0.9966,0.9968,0.9969
0.9971,0.9973,0.9975,0.9977,0.9978,0.9980,0.9981,0.9983,0.9985,0.9986
0.9988,0.9989,0.9991,0.9992,0.9993,0.9995,0.9996,0.9998,0.9999,1.0000
hwc1u1fract=0.0001,0.0002,0.0002,0.0003,0.0004,0.0005,0.0006,0.0007
0.0008,0.0009,0.0010,0.0011,0.0012,0.0013,0.0015,0.0017,0.0020,0.0025
0.0034,0.0052,0.0092,0.0162,0.0261,0.0390,0.0537,0.0703,0.0880,0.1073
0.1269,0.1476,0.1685,0.1899,0.2114,0.2332,0.2556,0.2777,0.2999,0.3218
0.3434,0.3656,0.3869,0.4085,0.4300,0.4511,0.4721,0.4930,0.5136,0.5340
0.5539,0.5740,0.5940,0.6135,0.6333,0.6529,0.6724,0.6919,0.7107,0.7298
0.7485,0.7666,0.7843,0.8017,0.8184,0.8342,0.8494,0.8632,0.8760,0.8877
0.8983,0.9079,0.9165,0.9240,0.9311,0.9374,0.9430,0.9483,0.9531,0.9573
0.9612,0.9648,0.9680,0.9708,0.9733,0.9757,0.9777,0.9795,0.9811,0.9824
0.9836,0.9847,0.9857,0.9866,0.9873,0.9880,0.9886,0.9893,0.9899,0.9904
0.9909,0.9914,0.9918,0.9922,0.9926,0.9930,0.9933,0.9936,0.9939,0.9943
0.9946,0.9949,0.9952,0.9954,0.9956,0.9959,0.9961,0.9963,0.9966,0.9968
0.9970,0.9972,0.9974,0.9975,0.9977,0.9979,0.9981,0.9982,0.9984,0.9985
0.9987,0.9988,0.9990,0.9992,0.9993,0.9994,0.9996,0.9997,0.9998,1.0000
hwc1v1fract=0.0001,0.0002,0.0003,0.0004,0.0005,0.0006,0.0007,0.0008
0.0009,0.0010,0.0012,0.0013,0.0015,0.0017,0.0019,0.0022,0.0029,0.0041
0.0067,0.0119,0.0203,0.0317,0.0465,0.0635,0.0821,0.1019,0.1230,0.1446
0.1665,0.1885,0.2110,0.2336,0.2560,0.2782,0.3002,0.3222,0.3444,0.3660
0.3877,0.4091,0.4301,0.4513,0.4720,0.4927,0.5131,0.5334,0.5534,0.5733
0.5933,0.6128,0.6321,0.6515,0.6707,0.6902,0.7090,0.7278,0.7464,0.7643
0.7818,0.7991,0.8162,0.8324,0.8475,0.8619,0.8755,0.8878,0.8988,0.9083
0.9169,0.9246,0.9316,0.9378,0.9435,0.9485,0.9533,0.9573,0.9612,0.9646
0.9677,0.9706,0.9730,0.9752,0.9771,0.9789,0.9805,0.9819,0.9830,0.9841
0.9851,0.9860,0.9867,0.9875,0.9881,0.9887,0.9892,0.9898,0.9902,0.9906
0.9911,0.9915,0.9920,0.9923,0.9927,0.9931,0.9934,0.9937,0.9940,0.9943
0.9946,0.9948,0.9951,0.9953,0.9955,0.9958,0.9960,0.9962,0.9964,0.9966
0.9968,0.9970,0.9972,0.9974,0.9976,0.9977,0.9979,0.9981,0.9983,0.9985
0.9986,0.9988,0.9989,0.9991,0.9993,0.9994,0.9996,0.9997,0.9999,1.0000
hwc1y2fract=0.0001,0.0002,0.0003,0.0005,0.0006,0.0007,0.0008,0.0009
0.0011,0.0012,0.0014,0.0016,0.0018,0.0020,0.0022,0.0024,0.0029,0.0036
0.0046,0.0066,0.0099,0.0157,0.0243,0.0359,0.0501,0.0667,0.0848,0.1049
0.1258,0.1478,0.1699,0.1929,0.2155,0.2382,0.2606,0.2828,0.3052,0.3278
0.3494,0.3715,0.3934,0.4150,0.4363,0.4572,0.4779,0.4983,0.5189,0.5391
0.5595,0.5796,0.5996,0.6199,0.6400,0.6597,0.6792,0.6987,0.7177,0.7364
0.7549,0.7730,0.7905,0.8073,0.8234,0.8391,0.8535,0.8670,0.8798,0.8915
0.9020,0.9117,0.9199,0.9276,0.9343,0.9403,0.9458,0.9510,0.9554,0.9593
0.9629,0.9662,0.9691,0.9718,0.9741,0.9762,0.9779,0.9796,0.9810,0.9822
0.9834,0.9844,0.9854,0.9862,0.9870,0.9878,0.9884,0.9889,0.9895,0.9900
0.9905,0.9910,0.9914,0.9918,0.9922,0.9926,0.9929,0.9933,0.9936,0.9939
0.9942,0.9945,0.9949,0.9951,0.9954,0.9957,0.9959,0.9961,0.9963,0.9965
0.9967,0.9969,0.9971,0.9973,0.9975,0.9977,0.9979,0.9981,0.9982,0.9984
0.9985,0.9987,0.9989,0.9990,0.9992,0.9994,0.9995,0.9997,0.9998,1.0000
hwc1x2fract=0.0001,0.0002,0.0004,0.0005,0.0006,0.0008,0.0009,0.0011
0.0013,0.0015,0.0017,0.0020,0.0023,0.0027,0.0035,0.0045,0.0062,0.0096
0.0148,0.0218,0.0311,0.0419,0.0545,0.0683,0.0838,0.0999,0.1169,0.1348
0.1534,0.1728,0.1925,0.2130,0.2338,0.2550,0.2766,0.2983,0.3201,0.3420
0.3639,0.3856,0.4077,0.4293,0.4512,0.4730,0.4948,0.5165,0.5377,0.5588
0.5795,0.6006,0.6209,0.6417,0.6618,0.6816,0.7012,0.7204,0.7393,0.7582
0.7764,0.7937,0.8109,0.8271,0.8426,0.8569,0.8700,0.8824,0.8936,0.9041
0.9137,0.9226,0.9306,0.9378,0.9442,0.9501,0.9554,0.9601,0.9644,0.9682
0.9716,0.9745,0.9769,0.9791,0.9808,0.9823,0.9836,0.9847,0.9856,0.9865
0.9872,0.9879,0.9885,0.9890,0.9895,0.9900,0.9904,0.9908,0.9911,0.9914
0.9918,0.9921,0.9924,0.9927,0.9930,0.9933,0.9936,0.9939,0.9941,0.9943
0.9946,0.9948,0.9950,0.9952,0.9954,0.9956,0.9958,0.9960,0.9963,0.9964
0.9967,0.9969,0.9971,0.9972,0.9975,0.9976,0.9978,0.9980,0.9982,0.9983
0.9985,0.9987,0.9989,0.9990,0.9992,0.9993,0.9995,0.9997,0.9998,1.0000
hwc2x1fract=0.0001,0.0002,0.0004,0.0005,0.0007,0.0008,0.0010,0.0012
0.0014,0.0016,0.0019,0.0021,0.0025,0.0028,0.0032,0.0036,0.0041,0.0048
0.0060,0.0077,0.0106,0.0152,0.0220,0.0311,0.0425,0.0556,0.0706,0.0864
0.1037,0.1220,0.1411,0.1610,0.1816,0.2023,0.2239,0.2453,0.2676,0.2899
0.3124,0.3344,0.3569,0.3790,0.4014,0.4231,0.4450,0.4664,0.4879,0.5089
0.5304,0.5513,0.5724,0.5930,0.6137,0.6339,0.6544,0.6744,0.6944,0.7144
0.7340,0.7532,0.7715,0.7896,0.8071,0.8233,0.8396,0.8544,0.8687,0.8815
0.8934,0.9042,0.9140,0.9228,0.9310,0.9384,0.9448,0.9506,0.9559,0.9606
0.9650,0.9687,0.9720,0.9749,0.9774,0.9796,0.9813,0.9830,0.9843,0.9855
0.9866,0.9875,0.9882,0.9888,0.9894,0.9899,0.9904,0.9909,0.9913,0.9917
0.9921,0.9925,0.9928,0.9932,0.9935,0.9938,0.9940,0.9943,0.9946,0.9948
0.9951,0.9954,0.9956,0.9958,0.9960,0.9962,0.9964,0.9966,0.9968,0.9970
0.9971,0.9973,0.9975,0.9977,0.9978,0.9980,0.9982,0.9984,0.9985,0.9986
0.9988,0.9989,0.9991,0.9992,0.9993,0.9995,0.9996,0.9998,0.9999,1.0000
hwc2y1fract=0.0001,0.0002,0.0003,0.0004,0.0005,0.0006,0.0007,0.0009
0.0010,0.0012,0.0013,0.0015,0.0017,0.0019,0.0022,0.0025,0.0031,0.0040
0.0054,0.0083,0.0135,0.0219,0.0334,0.0479,0.0653,0.0844,0.1053,0.1268
0.1495,0.1726,0.1959,0.2190,0.2422,0.2655,0.2885,0.3111,0.3336,0.3557
0.3779,0.3997,0.4215,0.4429,0.4641,0.4850,0.5058,0.5264,0.5469,0.5672
0.5869,0.6069,0.6270,0.6468,0.6667,0.6865,0.7058,0.7249,0.7436,0.7621
0.7801,0.7979,0.8150,0.8315,0.8470,0.8618,0.8757,0.8886,0.9000,0.9105
0.9197,0.9279,0.9350,0.9415,0.9472,0.9523,0.9567,0.9605,0.9641,0.9672
0.9701,0.9727,0.9750,0.9768,0.9785,0.9800,0.9814,0.9826,0.9837,0.9847
0.9856,0.9864,0.9871,0.9877,0.9883,0.9889,0.9894,0.9898,0.9902,0.9907
0.9911,0.9915,0.9918,0.9922,0.9925,0.9929,0.9932,0.9935,0.9938,0.9942
0.9944,0.9947,0.9950,0.9952,0.9955,0.9957,0.9959,0.9962,0.9964,0.9966
0.9968,0.9970,0.9972,0.9974,0.9976,0.9978,0.9980,0.9981,0.9983,0.9985
0.9986,0.9988,0.9989,0.9991,0.9993,0.9994,0.9996,0.9997,0.9999,1.0000
hwc2u1fract=0.0001,0.0002,0.0003,0.0004,0.0004,0.0005,0.0006,0.0007
0.0008,0.0009,0.0011,0.0012,0.0013,0.0014,0.0016,0.0018,0.0022,0.0030
0.0047,0.0083,0.0153,0.0262,0.0404,0.0574,0.0764,0.0971,0.1186,0.1408
0.1632,0.1861,0.2088,0.2314,0.2542,0.2772,0.3000,0.3225,0.3444,0.3667
0.3881,0.4096,0.4308,0.4520,0.4726,0.4932,0.5137,0.5342,0.5543,0.5745
0.5941,0.6134,0.6328,0.6521,0.6712,0.6903,0.7091,0.7281,0.7465,0.7648
0.7823,0.8000,0.8167,0.8331,0.8485,0.8631,0.8764,0.8887,0.8998,0.9099
0.9188,0.9267,0.9334,0.9397,0.9452,0.9502,0.9547,0.9588,0.9625,0.9656
0.9685,0.9710,0.9734,0.9755,0.9773,0.9789,0.9804,0.9817,0.9829,0.9839
0.9848,0.9857,0.9865,0.9871,0.9878,0.9884,0.9889,0.9894,0.9900,0.9905
0.9909,0.9913,0.9918,0.9922,0.9925,0.9928,0.9932,0.9935,0.9938,0.9942
0.9944,0.9947,0.9949,0.9951,0.9954,0.9956,0.9959,0.9961,0.9964,0.9966
0.9968,0.9970,0.9972,0.9974,0.9975,0.9977,0.9979,0.9980,0.9982,0.9984
0.9986,0.9987,0.9989,0.9991,0.9992,0.9994,0.9996,0.9997,0.9998,1.0000
hwc2v1fract=0.0001,0.0002,0.0003,0.0004,0.0005,0.0006,0.0007,0.0008
0.0010,0.0011,0.0012,0.0014,0.0016,0.0018,0.0020,0.0023,0.0028,0.0037
0.0053,0.0089,0.0155,0.0259,0.0396,0.0563,0.0753,0.0963,0.1177,0.1407
0.1634,0.1862,0.2091,0.2325,0.2552,0.2785,0.3012,0.3242,0.3463,0.3688
0.3906,0.4126,0.4340,0.4553,0.4759,0.4970,0.5171,0.5376,0.5576,0.5779
0.5972,0.6170,0.6364,0.6563,0.6755,0.6948,0.7135,0.7323,0.7508,0.7695
0.7869,0.8046,0.8213,0.8376,0.8528,0.8673,0.8807,0.8931,0.9041,0.9138
0.9222,0.9300,0.9367,0.9428,0.9481,0.9529,0.9571,0.9610,0.9644,0.9676
0.9704,0.9730,0.9752,0.9772,0.9789,0.9805,0.9819,0.9830,0.9841,0.9850
0.9858,0.9867,0.9873,0.9879,0.9885,0.9891,0.9896,0.9901,0.9905,0.9910
0.9914,0.9918,0.9922,0.9925,0.9929,0.9932,0.9935,0.9938,0.9941,0.9944
0.9947,0.9950,0.9953,0.9955,0.9957,0.9959,0.9961,0.9964,0.9966,0.9968
0.9970,0.9972,0.9974,0.9975,0.9977,0.9979,0.9981,0.9983,0.9984,0.9986
0.9987,0.9989,0.9990,0.9992,0.9993,0.9995,0.9996,0.9997,0.9999,1.0000
hwc2y2fract=0.0001,0.0002,0.0003,0.0005,0.0006,0.0007,0.0008,0.0010
0.0011,0.0013,0.0015,0.0016,0.0019,0.0021,0.0024,0.0028,0.0035,0.0045
0.0061,0.0090,0.0143,0.0224,0.0341,0.0488,0.0661,0.0856,0.1063,0.1281
0.1507,0.1739,0.1972,0.2206,0.2439,0.2677,0.2906,0.3136,0.3360,0.3582
0.3805,0.4024,0.4235,0.4451,0.4659,0.4871,0.5080,0.5283,0.5487,0.5691
0.5891,0.6096,0.6294,0.6493,0.6690,0.6885,0.7077,0.7268,0.7453,0.7637
0.7819,0.7994,0.8163,0.8328,0.8483,0.8632,0.8766,0.8891,0.9007,0.9111
0.9201,0.9284,0.9356,0.9420,0.9476,0.9526,0.9571,0.9610,0.9644,0.9676
0.9704,0.9730,0.9753,0.9772,0.9788,0.9803,0.9816,0.9827,0.9838,0.9848
0.9857,0.9865,0.9872,0.9879,0.9885,0.9890,0.9895,0.9900,0.9904,0.9909
0.9913,0.9917,0.9920,0.9923,0.9927,0.9931,0.9934,0.9936,0.9939,0.9941
0.9944,0.9947,0.9949,0.9952,0.9955,0.9957,0.9960,0.9962,0.9964,0.9966
0.9968,0.9970,0.9973,0.9974,0.9976,0.9977,0.9979,0.9981,0.9982,0.9984
0.9986,0.9988,0.9989,0.9991,0.9993,0.9994,0.9995,0.9997,0.9998,1.0000
hwc2x2fract=0.0001,0.0002,0.0003,0.0005,0.0006,0.0008,0.0009,0.0011
0.0012,0.0014,0.0017,0.0019,0.0021,0.0025,0.0029,0.0033,0.0039,0.0048
0.0064,0.0093,0.0141,0.0213,0.0311,0.0427,0.0563,0.0715,0.0879,0.1055
0.1240,0.1430,0.1631,0.1840,0.2051,0.2266,0.2484,0.2702,0.2925,0.3149
0.3371,0.3594,0.3817,0.4038,0.4260,0.4477,0.4694,0.4907,0.5120,0.5330
0.5545,0.5756,0.5965,0.6170,0.6377,0.6582,0.6784,0.6980,0.7177,0.7370
0.7561,0.7742,0.7925,0.8097,0.8266,0.8425,0.8572,0.8711,0.8840,0.8957
0.9060,0.9155,0.9240,0.9317,0.9388,0.9451,0.9510,0.9560,0.9608,0.9649
0.9686,0.9718,0.9746,0.9770,0.9792,0.9810,0.9825,0.9838,0.9851,0.9861
0.9869,0.9878,0.9884,0.9891,0.9896,0.9902,0.9907,0.9911,0.9915,0.9918
0.9922,0.9925,0.9929,0.9932,0.9935,0.9937,0.9940,0.9943,0.9945,0.9948
0.9950,0.9952,0.9954,0.9956,0.9958,0.9960,0.9962,0.9964,0.9966,0.9968
0.9970,0.9971,0.9973,0.9975,0.9977,0.9979,0.9980,0.9982,0.9984,0.9985
0.9986,0.9988,0.9990,0.9991,0.9993,0.9994,0.9996,0.9997,0.9999,1.0000
