; Lookup table
;number of bins in Meek's time to distance lookup table
hdriftbins=138
;number of 1st bin in Meek's table in ns
hdrift1stbin=-24
;bin size in ns of Meek's table
hdriftbinsz=2
hwc1x1fract=0.0000,0.0002,0.0003,0.0003,0.0004,0.0005,0.0007,0.0009
0.0011,0.0013,0.0016,0.0018,0.0022,0.0028,0.0034,0.0046,0.0064,0.0094
0.0127,0.0174,0.0233,0.0313,0.0404,0.0517,0.0659,0.0817,0.0973,0.1145
0.1336,0.1526,0.1739,0.1957,0.2174,0.2405,0.2630,0.2868,0.3090,0.3325
0.3553,0.3780,0.4003,0.4227,0.4458,0.4678,0.4902,0.5109,0.5316,0.5535
0.5745,0.5968,0.6187,0.6395,0.6598,0.6805,0.7005,0.7212,0.7413,0.7608
0.7779,0.7961,0.8139,0.8308,0.8471,0.8612,0.8743,0.8865,0.8974,0.9076
0.9168,0.9255,0.9334,0.9397,0.9454,0.9511,0.9563,0.9613,0.9664,0.9704
0.9739,0.9767,0.9796,0.9820,0.9843,0.9862,0.9876,0.9888,0.9900,0.9911
0.9922,0.9929,0.9936,0.9942,0.9945,0.9949,0.9953,0.9955,0.9960,0.9963
0.9966,0.9969,0.9971,0.9974,0.9975,0.9977,0.9979,0.9980,0.9981,0.9981
0.9982,0.9984,0.9985,0.9985,0.9986,0.9986,0.9987,0.9988,0.9988,0.9989
0.9990,0.9991,0.9992,0.9993,0.9993,0.9993,0.9994,0.9994,0.9995,0.9995
0.9996,0.9997,0.9997,0.9997,0.9998,0.9998,0.9999,0.9999,1.0000,1.0000
hwc1y1fract=0.0001,0.0001,0.0003,0.0004,0.0005,0.0006,0.0007,0.0008
0.0010,0.0012,0.0014,0.0016,0.0019,0.0024,0.0030,0.0038,0.0050,0.0068
0.0092,0.0136,0.0208,0.0315,0.0448,0.0614,0.0803,0.1021,0.1243,0.1476
0.1719,0.1971,0.2230,0.2473,0.2718,0.2961,0.3201,0.3434,0.3662,0.3896
0.4118,0.4336,0.4545,0.4760,0.4983,0.5203,0.5409,0.5617,0.5827,0.6024
0.6223,0.6434,0.6641,0.6832,0.7029,0.7225,0.7415,0.7597,0.7782,0.7958
0.8132,0.8290,0.8445,0.8596,0.8732,0.8858,0.8965,0.9072,0.9167,0.9250
0.9325,0.9389,0.9447,0.9499,0.9549,0.9593,0.9633,0.9666,0.9697,0.9729
0.9756,0.9777,0.9798,0.9814,0.9827,0.9842,0.9856,0.9869,0.9879,0.9887
0.9897,0.9905,0.9913,0.9919,0.9925,0.9929,0.9934,0.9939,0.9943,0.9948
0.9952,0.9955,0.9959,0.9961,0.9965,0.9966,0.9968,0.9971,0.9974,0.9976
0.9978,0.9979,0.9981,0.9982,0.9984,0.9984,0.9984,0.9985,0.9986,0.9987
0.9988,0.9988,0.9989,0.9990,0.9990,0.9992,0.9993,0.9993,0.9994,0.9995
0.9996,0.9996,0.9997,0.9997,0.9998,0.9998,0.9998,0.9999,1.0000,1.0000
hwc1u1fract=0.0000,0.0000,0.0000,0.0001,0.0001,0.0002,0.0002,0.0002
0.0003,0.0004,0.0004,0.0005,0.0006,0.0007,0.0010,0.0017,0.0033,0.0058
0.0089,0.0134,0.0200,0.0285,0.0398,0.0540,0.0703,0.0887,0.1099,0.1307
0.1533,0.1757,0.1987,0.2213,0.2447,0.2677,0.2897,0.3127,0.3362,0.3593
0.3819,0.4042,0.4270,0.4486,0.4694,0.4908,0.5122,0.5346,0.5549,0.5760
0.5965,0.6169,0.6383,0.6588,0.6791,0.6981,0.7172,0.7363,0.7563,0.7748
0.7921,0.8089,0.8261,0.8423,0.8569,0.8715,0.8835,0.8954,0.9055,0.9145
0.9222,0.9295,0.9361,0.9420,0.9475,0.9529,0.9573,0.9612,0.9650,0.9685
0.9717,0.9747,0.9770,0.9789,0.9811,0.9831,0.9847,0.9859,0.9869,0.9878
0.9887,0.9895,0.9901,0.9911,0.9918,0.9924,0.9930,0.9934,0.9939,0.9942
0.9946,0.9949,0.9953,0.9956,0.9958,0.9961,0.9963,0.9966,0.9969,0.9971
0.9973,0.9975,0.9976,0.9978,0.9979,0.9981,0.9982,0.9984,0.9985,0.9987
0.9987,0.9988,0.9989,0.9990,0.9990,0.9991,0.9992,0.9993,0.9994,0.9995
0.9996,0.9997,0.9997,0.9997,0.9998,0.9998,0.9998,0.9999,1.0000,1.0000
hwc1v1fract=0.0000,0.0001,0.0001,0.0001,0.0002,0.0003,0.0003,0.0004
0.0004,0.0006,0.0006,0.0007,0.0008,0.0009,0.0012,0.0017,0.0023,0.0034
0.0056,0.0096,0.0170,0.0275,0.0420,0.0574,0.0756,0.0969,0.1184,0.1407
0.1641,0.1879,0.2109,0.2340,0.2581,0.2822,0.3053,0.3286,0.3517,0.3742
0.3964,0.4197,0.4412,0.4629,0.4839,0.5046,0.5263,0.5459,0.5668,0.5874
0.6077,0.6277,0.6477,0.6671,0.6868,0.7064,0.7257,0.7435,0.7619,0.7810
0.7993,0.8170,0.8335,0.8501,0.8648,0.8783,0.8903,0.9014,0.9115,0.9206
0.9286,0.9356,0.9417,0.9477,0.9527,0.9570,0.9605,0.9641,0.9673,0.9703
0.9730,0.9760,0.9784,0.9804,0.9821,0.9838,0.9852,0.9865,0.9877,0.9887
0.9895,0.9903,0.9909,0.9914,0.9920,0.9926,0.9932,0.9936,0.9940,0.9945
0.9947,0.9950,0.9953,0.9957,0.9960,0.9964,0.9965,0.9967,0.9969,0.9970
0.9973,0.9976,0.9977,0.9980,0.9981,0.9983,0.9984,0.9985,0.9987,0.9988
0.9988,0.9990,0.9991,0.9991,0.9992,0.9993,0.9994,0.9995,0.9995,0.9995
0.9995,0.9996,0.9997,0.9998,0.9998,0.9999,0.9999,0.9999,1.0000,1.0000
hwc1y2fract=0.0001,0.0001,0.0001,0.0001,0.0002,0.0003,0.0004,0.0005
0.0006,0.0007,0.0008,0.0010,0.0011,0.0015,0.0017,0.0023,0.0029,0.0042
0.0063,0.0100,0.0157,0.0239,0.0350,0.0498,0.0668,0.0865,0.1092,0.1312
0.1556,0.1798,0.2037,0.2272,0.2520,0.2757,0.2987,0.3213,0.3455,0.3680
0.3906,0.4135,0.4356,0.4574,0.4793,0.5009,0.5218,0.5428,0.5637,0.5841
0.6049,0.6253,0.6462,0.6661,0.6857,0.7044,0.7237,0.7428,0.7611,0.7795
0.7971,0.8141,0.8313,0.8463,0.8607,0.8741,0.8863,0.8977,0.9076,0.9172
0.9254,0.9327,0.9390,0.9446,0.9499,0.9544,0.9584,0.9620,0.9653,0.9684
0.9710,0.9737,0.9758,0.9781,0.9796,0.9813,0.9828,0.9843,0.9854,0.9867
0.9875,0.9885,0.9896,0.9902,0.9910,0.9916,0.9922,0.9928,0.9933,0.9936
0.9941,0.9945,0.9948,0.9953,0.9956,0.9959,0.9961,0.9963,0.9965,0.9968
0.9970,0.9973,0.9975,0.9977,0.9978,0.9980,0.9981,0.9983,0.9984,0.9985
0.9986,0.9987,0.9988,0.9989,0.9989,0.9991,0.9992,0.9993,0.9993,0.9994
0.9995,0.9995,0.9996,0.9997,0.9998,0.9998,0.9999,0.9999,1.0000,1.0000
hwc1x2fract=0.0001,0.0002,0.0002,0.0003,0.0005,0.0006,0.0006,0.0008
0.0008,0.0010,0.0011,0.0013,0.0016,0.0017,0.0021,0.0031,0.0042,0.0061
0.0095,0.0143,0.0210,0.0308,0.0422,0.0560,0.0719,0.0880,0.1066,0.1262
0.1467,0.1673,0.1901,0.2125,0.2355,0.2585,0.2817,0.3057,0.3301,0.3530
0.3757,0.3989,0.4216,0.4444,0.4678,0.4908,0.5135,0.5339,0.5560,0.5779
0.5993,0.6206,0.6404,0.6601,0.6810,0.7017,0.7214,0.7411,0.7600,0.7775
0.7956,0.8133,0.8300,0.8450,0.8597,0.8733,0.8861,0.8972,0.9078,0.9175
0.9258,0.9332,0.9404,0.9464,0.9523,0.9574,0.9618,0.9662,0.9701,0.9739
0.9770,0.9797,0.9819,0.9836,0.9853,0.9868,0.9881,0.9891,0.9901,0.9909
0.9917,0.9923,0.9929,0.9934,0.9938,0.9941,0.9945,0.9948,0.9951,0.9954
0.9957,0.9960,0.9963,0.9965,0.9967,0.9969,0.9971,0.9973,0.9974,0.9976
0.9978,0.9980,0.9981,0.9982,0.9983,0.9984,0.9985,0.9987,0.9987,0.9988
0.9988,0.9990,0.9990,0.9991,0.9992,0.9993,0.9993,0.9994,0.9994,0.9996
0.9996,0.9997,0.9998,0.9998,0.9999,0.9999,0.9999,1.0000,1.0000,1.0000
hwc2x1fract=0.0001,0.0002,0.0004,0.0005,0.0006,0.0008,0.0010,0.0011
0.0013,0.0015,0.0018,0.0021,0.0025,0.0028,0.0032,0.0039,0.0048,0.0066
0.0095,0.0139,0.0199,0.0275,0.0371,0.0484,0.0616,0.0772,0.0942,0.1128
0.1315,0.1513,0.1718,0.1927,0.2142,0.2374,0.2595,0.2817,0.3047,0.3280
0.3504,0.3734,0.3968,0.4200,0.4426,0.4659,0.4886,0.5101,0.5325,0.5554
0.5762,0.5976,0.6194,0.6406,0.6629,0.6843,0.7042,0.7241,0.7440,0.7646
0.7830,0.8000,0.8186,0.8351,0.8508,0.8651,0.8784,0.8904,0.9013,0.9122
0.9213,0.9292,0.9369,0.9438,0.9502,0.9560,0.9612,0.9657,0.9699,0.9735
0.9765,0.9792,0.9815,0.9840,0.9860,0.9876,0.9886,0.9896,0.9904,0.9912
0.9920,0.9926,0.9932,0.9937,0.9941,0.9945,0.9949,0.9952,0.9955,0.9958
0.9961,0.9964,0.9966,0.9967,0.9969,0.9970,0.9973,0.9975,0.9976,0.9978
0.9978,0.9979,0.9981,0.9982,0.9983,0.9983,0.9984,0.9985,0.9986,0.9986
0.9987,0.9988,0.9988,0.9989,0.9991,0.9991,0.9991,0.9992,0.9993,0.9994
0.9994,0.9995,0.9996,0.9997,0.9998,0.9999,0.9999,0.9999,1.0000,1.0000
hwc2y1fract=0.0000,0.0001,0.0001,0.0002,0.0002,0.0003,0.0004,0.0005
0.0006,0.0007,0.0008,0.0010,0.0011,0.0014,0.0016,0.0021,0.0030,0.0046
0.0074,0.0117,0.0187,0.0295,0.0425,0.0601,0.0801,0.1016,0.1247,0.1496
0.1734,0.1978,0.2226,0.2482,0.2725,0.2964,0.3208,0.3444,0.3672,0.3896
0.4121,0.4357,0.4573,0.4802,0.5017,0.5232,0.5444,0.5649,0.5859,0.6066
0.6269,0.6474,0.6684,0.6871,0.7058,0.7258,0.7452,0.7640,0.7839,0.8022
0.8202,0.8367,0.8526,0.8683,0.8818,0.8952,0.9069,0.9168,0.9258,0.9334
0.9406,0.9470,0.9526,0.9573,0.9620,0.9656,0.9688,0.9715,0.9746,0.9774
0.9798,0.9817,0.9834,0.9850,0.9864,0.9874,0.9884,0.9891,0.9900,0.9905
0.9911,0.9917,0.9922,0.9929,0.9933,0.9936,0.9940,0.9943,0.9946,0.9950
0.9953,0.9956,0.9959,0.9961,0.9963,0.9965,0.9967,0.9969,0.9971,0.9973
0.9975,0.9977,0.9978,0.9980,0.9982,0.9983,0.9985,0.9986,0.9986,0.9987
0.9989,0.9990,0.9990,0.9991,0.9992,0.9992,0.9993,0.9994,0.9995,0.9995
0.9995,0.9996,0.9997,0.9998,0.9998,0.9998,0.9999,0.9999,0.9999,1.0000
hwc2u1fract=0.0000,0.0000,0.0000,0.0001,0.0001,0.0001,0.0001,0.0002
0.0002,0.0003,0.0003,0.0004,0.0005,0.0006,0.0008,0.0008,0.0011,0.0016
0.0031,0.0060,0.0121,0.0215,0.0343,0.0518,0.0720,0.0948,0.1189,0.1428
0.1669,0.1917,0.2154,0.2399,0.2647,0.2880,0.3111,0.3355,0.3587,0.3815
0.4040,0.4263,0.4488,0.4695,0.4903,0.5107,0.5308,0.5515,0.5727,0.5929
0.6127,0.6323,0.6530,0.6728,0.6928,0.7125,0.7315,0.7510,0.7695,0.7885
0.8065,0.8238,0.8406,0.8571,0.8714,0.8842,0.8961,0.9071,0.9167,0.9258
0.9339,0.9405,0.9462,0.9516,0.9561,0.9601,0.9642,0.9675,0.9703,0.9732
0.9758,0.9777,0.9797,0.9816,0.9830,0.9844,0.9854,0.9867,0.9877,0.9885
0.9892,0.9898,0.9904,0.9911,0.9918,0.9923,0.9927,0.9932,0.9936,0.9940
0.9945,0.9948,0.9950,0.9953,0.9955,0.9957,0.9960,0.9962,0.9965,0.9967
0.9969,0.9971,0.9972,0.9975,0.9977,0.9979,0.9980,0.9981,0.9983,0.9984
0.9985,0.9987,0.9987,0.9989,0.9989,0.9990,0.9991,0.9992,0.9993,0.9995
0.9996,0.9996,0.9997,0.9997,0.9998,0.9998,0.9999,0.9999,1.0000,1.0000
hwc2v1fract=0.0000,0.0001,0.0001,0.0001,0.0002,0.0003,0.0004,0.0004
0.0004,0.0005,0.0005,0.0007,0.0008,0.0009,0.0012,0.0014,0.0021,0.0032
0.0052,0.0093,0.0170,0.0297,0.0451,0.0639,0.0853,0.1078,0.1315,0.1560
0.1817,0.2062,0.2318,0.2569,0.2812,0.3063,0.3292,0.3518,0.3747,0.3970
0.4194,0.4420,0.4635,0.4843,0.5049,0.5253,0.5452,0.5662,0.5858,0.6066
0.6266,0.6468,0.6668,0.6859,0.7045,0.7243,0.7431,0.7614,0.7793,0.7967
0.8131,0.8297,0.8464,0.8616,0.8766,0.8899,0.9016,0.9125,0.9224,0.9312
0.9381,0.9445,0.9504,0.9549,0.9591,0.9628,0.9665,0.9697,0.9730,0.9757
0.9775,0.9798,0.9819,0.9837,0.9849,0.9861,0.9872,0.9880,0.9889,0.9896
0.9903,0.9910,0.9915,0.9920,0.9928,0.9933,0.9936,0.9938,0.9941,0.9946
0.9949,0.9952,0.9955,0.9958,0.9960,0.9963,0.9967,0.9970,0.9972,0.9975
0.9977,0.9979,0.9980,0.9981,0.9984,0.9985,0.9987,0.9988,0.9989,0.9990
0.9991,0.9992,0.9992,0.9992,0.9992,0.9993,0.9995,0.9996,0.9996,0.9996
0.9997,0.9998,0.9998,0.9999,0.9999,0.9999,1.0000,1.0000,1.0000,1.0000
hwc2y2fract=0.0000,0.0001,0.0002,0.0002,0.0004,0.0004,0.0005,0.0006
0.0006,0.0008,0.0010,0.0011,0.0014,0.0017,0.0022,0.0030,0.0042,0.0058
0.0089,0.0135,0.0212,0.0307,0.0450,0.0634,0.0829,0.1053,0.1274,0.1523
0.1765,0.2013,0.2262,0.2522,0.2767,0.3012,0.3259,0.3486,0.3717,0.3949
0.4164,0.4387,0.4617,0.4839,0.5066,0.5280,0.5494,0.5704,0.5917,0.6111
0.6317,0.6508,0.6715,0.6912,0.7111,0.7301,0.7483,0.7669,0.7850,0.8031
0.8204,0.8369,0.8523,0.8672,0.8820,0.8942,0.9059,0.9170,0.9261,0.9336
0.9406,0.9467,0.9527,0.9574,0.9615,0.9653,0.9690,0.9718,0.9742,0.9766
0.9789,0.9811,0.9828,0.9846,0.9861,0.9875,0.9884,0.9891,0.9899,0.9907
0.9913,0.9917,0.9923,0.9928,0.9932,0.9936,0.9940,0.9944,0.9947,0.9950
0.9952,0.9954,0.9957,0.9960,0.9963,0.9966,0.9967,0.9968,0.9970,0.9971
0.9973,0.9974,0.9977,0.9979,0.9980,0.9982,0.9983,0.9984,0.9986,0.9987
0.9988,0.9989,0.9989,0.9990,0.9990,0.9992,0.9992,0.9993,0.9994,0.9994
0.9995,0.9995,0.9996,0.9996,0.9997,0.9997,0.9998,0.9999,0.9999,1.0000
hwc2x2fract=0.0001,0.0001,0.0002,0.0002,0.0003,0.0005,0.0006,0.0008
0.0008,0.0010,0.0012,0.0014,0.0018,0.0021,0.0026,0.0032,0.0043,0.0061
0.0090,0.0136,0.0200,0.0285,0.0397,0.0529,0.0679,0.0846,0.1030,0.1216
0.1412,0.1622,0.1830,0.2055,0.2283,0.2503,0.2729,0.2957,0.3191,0.3434
0.3666,0.3892,0.4127,0.4349,0.4560,0.4792,0.5015,0.5228,0.5440,0.5642
0.5851,0.6070,0.6292,0.6512,0.6718,0.6917,0.7126,0.7323,0.7518,0.7711
0.7902,0.8082,0.8243,0.8407,0.8552,0.8693,0.8821,0.8942,0.9052,0.9154
0.9241,0.9322,0.9400,0.9464,0.9524,0.9576,0.9625,0.9671,0.9706,0.9740
0.9767,0.9793,0.9820,0.9843,0.9861,0.9875,0.9887,0.9899,0.9908,0.9917
0.9924,0.9930,0.9938,0.9943,0.9948,0.9955,0.9959,0.9961,0.9964,0.9966
0.9967,0.9968,0.9970,0.9971,0.9973,0.9975,0.9976,0.9978,0.9979,0.9979
0.9980,0.9982,0.9984,0.9985,0.9985,0.9987,0.9988,0.9990,0.9990,0.9991
0.9991,0.9991,0.9992,0.9993,0.9994,0.9994,0.9995,0.9995,0.9996,0.9996
0.9997,0.9997,0.9997,0.9997,0.9998,0.9998,0.9999,0.9999,1.0000,1.0000
