; Lookup table
;number of bins in Meek's time to distance lookup table
hdriftbins=138
;number of 1st bin in Meek's table in ns
hdrift1stbin=-24
;bin size in ns of Meek's table
hdriftbinsz=2
hwc1x1fract=0.0001,0.0001,0.0002,0.0003,0.0004,0.0005,0.0006,0.0007
0.0009,0.0010,0.0012,0.0014,0.0016,0.0019,0.0021,0.0025,0.0031,0.0039
0.0050,0.0069,0.0100,0.0147,0.0215,0.0305,0.0414,0.0545,0.0689,0.0848
0.1020,0.1203,0.1393,0.1592,0.1800,0.2015,0.2234,0.2457,0.2685,0.2914
0.3145,0.3377,0.3609,0.3842,0.4072,0.4304,0.4531,0.4758,0.4982,0.5202
0.5421,0.5640,0.5856,0.6069,0.6281,0.6491,0.6695,0.6899,0.7100,0.7296
0.7489,0.7677,0.7856,0.8032,0.8203,0.8361,0.8511,0.8651,0.8781,0.8899
0.9008,0.9106,0.9196,0.9276,0.9351,0.9420,0.9484,0.9540,0.9593,0.9640
0.9683,0.9722,0.9755,0.9785,0.9809,0.9831,0.9849,0.9865,0.9879,0.9890
0.9901,0.9908,0.9916,0.9922,0.9927,0.9932,0.9937,0.9940,0.9944,0.9947
0.9950,0.9953,0.9956,0.9958,0.9961,0.9963,0.9965,0.9967,0.9969,0.9970
0.9972,0.9973,0.9974,0.9976,0.9977,0.9978,0.9979,0.9980,0.9982,0.9983
0.9984,0.9985,0.9986,0.9987,0.9988,0.9989,0.9990,0.9991,0.9991,0.9992
0.9993,0.9994,0.9995,0.9996,0.9996,0.9997,0.9998,0.9998,0.9999,1.0000
hwc1y1fract=0.0001,0.0001,0.0002,0.0003,0.0004,0.0005,0.0006,0.0007
0.0008,0.0009,0.0011,0.0013,0.0015,0.0018,0.0021,0.0025,0.0032,0.0042
0.0060,0.0088,0.0137,0.0213,0.0323,0.0462,0.0630,0.0822,0.1032,0.1256
0.1487,0.1727,0.1966,0.2211,0.2453,0.2696,0.2931,0.3166,0.3404,0.3642
0.3873,0.4101,0.4322,0.4543,0.4761,0.4977,0.5186,0.5395,0.5601,0.5802
0.6006,0.6212,0.6417,0.6615,0.6812,0.7005,0.7199,0.7390,0.7577,0.7758
0.7932,0.8104,0.8267,0.8423,0.8573,0.8712,0.8839,0.8954,0.9059,0.9153
0.9238,0.9312,0.9380,0.9438,0.9491,0.9538,0.9581,0.9620,0.9655,0.9688
0.9717,0.9743,0.9767,0.9787,0.9806,0.9824,0.9838,0.9851,0.9863,0.9874
0.9884,0.9893,0.9901,0.9908,0.9915,0.9920,0.9926,0.9930,0.9935,0.9939
0.9942,0.9946,0.9949,0.9953,0.9955,0.9958,0.9961,0.9963,0.9965,0.9968
0.9969,0.9971,0.9973,0.9975,0.9977,0.9979,0.9980,0.9981,0.9982,0.9984
0.9985,0.9986,0.9987,0.9988,0.9988,0.9989,0.9990,0.9991,0.9992,0.9993
0.9994,0.9994,0.9995,0.9996,0.9997,0.9997,0.9998,0.9999,0.9999,1.0000
hwc1u1fract=0.0000,0.0001,0.0001,0.0002,0.0002,0.0002,0.0003,0.0003
0.0004,0.0004,0.0005,0.0005,0.0006,0.0007,0.0008,0.0011,0.0014,0.0020
0.0031,0.0051,0.0089,0.0153,0.0247,0.0368,0.0516,0.0689,0.0876,0.1081
0.1297,0.1523,0.1748,0.1978,0.2213,0.2454,0.2689,0.2929,0.3162,0.3391
0.3621,0.3848,0.4075,0.4299,0.4518,0.4735,0.4952,0.5165,0.5376,0.5587
0.5790,0.5993,0.6192,0.6390,0.6590,0.6786,0.6981,0.7173,0.7363,0.7550
0.7728,0.7905,0.8076,0.8238,0.8394,0.8541,0.8676,0.8799,0.8913,0.9013
0.9104,0.9185,0.9259,0.9325,0.9386,0.9442,0.9492,0.9539,0.9582,0.9623
0.9660,0.9693,0.9722,0.9750,0.9774,0.9794,0.9811,0.9828,0.9842,0.9855
0.9866,0.9875,0.9884,0.9893,0.9900,0.9907,0.9913,0.9919,0.9924,0.9929
0.9934,0.9938,0.9942,0.9945,0.9949,0.9952,0.9955,0.9958,0.9961,0.9964
0.9966,0.9968,0.9970,0.9972,0.9974,0.9975,0.9977,0.9979,0.9980,0.9981
0.9983,0.9984,0.9985,0.9986,0.9987,0.9988,0.9989,0.9990,0.9991,0.9992
0.9993,0.9994,0.9995,0.9996,0.9997,0.9997,0.9998,0.9999,0.9999,1.0000
hwc1v1fract=0.0001,0.0001,0.0002,0.0002,0.0003,0.0003,0.0004,0.0005
0.0005,0.0006,0.0007,0.0008,0.0009,0.0011,0.0013,0.0016,0.0023,0.0035
0.0058,0.0102,0.0171,0.0273,0.0399,0.0556,0.0730,0.0925,0.1128,0.1344
0.1566,0.1792,0.2020,0.2251,0.2480,0.2716,0.2946,0.3177,0.3400,0.3624
0.3847,0.4068,0.4289,0.4510,0.4726,0.4937,0.5148,0.5358,0.5568,0.5777
0.5982,0.6185,0.6387,0.6588,0.6787,0.6982,0.7174,0.7370,0.7559,0.7746
0.7926,0.8103,0.8269,0.8428,0.8577,0.8717,0.8843,0.8954,0.9058,0.9150
0.9229,0.9303,0.9367,0.9426,0.9478,0.9527,0.9572,0.9612,0.9649,0.9685
0.9717,0.9746,0.9770,0.9792,0.9811,0.9828,0.9844,0.9857,0.9868,0.9879
0.9887,0.9896,0.9904,0.9910,0.9917,0.9922,0.9927,0.9932,0.9936,0.9940
0.9943,0.9947,0.9950,0.9954,0.9957,0.9959,0.9962,0.9964,0.9966,0.9968
0.9970,0.9972,0.9974,0.9975,0.9977,0.9978,0.9979,0.9981,0.9982,0.9983
0.9984,0.9985,0.9986,0.9987,0.9988,0.9989,0.9990,0.9991,0.9992,0.9993
0.9994,0.9995,0.9995,0.9996,0.9997,0.9997,0.9998,0.9999,0.9999,1.0000
hwc1y2fract=0.0000,0.0001,0.0001,0.0002,0.0002,0.0003,0.0003,0.0004
0.0005,0.0005,0.0006,0.0007,0.0008,0.0009,0.0010,0.0013,0.0016,0.0023
0.0034,0.0055,0.0093,0.0155,0.0245,0.0365,0.0512,0.0685,0.0882,0.1093
0.1316,0.1548,0.1785,0.2026,0.2269,0.2510,0.2750,0.2987,0.3225,0.3458
0.3686,0.3917,0.4138,0.4364,0.4580,0.4796,0.5011,0.5221,0.5429,0.5634
0.5837,0.6044,0.6247,0.6447,0.6642,0.6840,0.7034,0.7226,0.7413,0.7597
0.7777,0.7951,0.8117,0.8277,0.8433,0.8575,0.8708,0.8830,0.8940,0.9043
0.9135,0.9218,0.9288,0.9353,0.9412,0.9464,0.9513,0.9556,0.9597,0.9633
0.9667,0.9698,0.9723,0.9748,0.9770,0.9789,0.9805,0.9821,0.9835,0.9848
0.9859,0.9870,0.9879,0.9888,0.9896,0.9903,0.9909,0.9915,0.9921,0.9926
0.9931,0.9935,0.9939,0.9943,0.9946,0.9950,0.9952,0.9955,0.9958,0.9961
0.9963,0.9966,0.9968,0.9970,0.9971,0.9974,0.9975,0.9977,0.9978,0.9980
0.9981,0.9983,0.9984,0.9985,0.9986,0.9987,0.9989,0.9990,0.9991,0.9992
0.9993,0.9994,0.9995,0.9996,0.9996,0.9997,0.9998,0.9999,0.9999,1.0000
hwc1x2fract=0.0000,0.0001,0.0002,0.0002,0.0003,0.0004,0.0005,0.0006
0.0007,0.0008,0.0009,0.0010,0.0012,0.0015,0.0018,0.0024,0.0034,0.0051
0.0082,0.0129,0.0197,0.0287,0.0396,0.0526,0.0672,0.0833,0.1010,0.1195
0.1395,0.1597,0.1805,0.2017,0.2243,0.2469,0.2697,0.2923,0.3155,0.3383
0.3617,0.3845,0.4072,0.4303,0.4532,0.4754,0.4979,0.5198,0.5416,0.5632
0.5846,0.6057,0.6267,0.6478,0.6684,0.6888,0.7089,0.7281,0.7473,0.7659
0.7841,0.8014,0.8181,0.8344,0.8494,0.8633,0.8764,0.8882,0.8992,0.9090
0.9179,0.9261,0.9336,0.9404,0.9465,0.9525,0.9578,0.9627,0.9671,0.9709
0.9744,0.9774,0.9800,0.9820,0.9840,0.9856,0.9869,0.9881,0.9892,0.9901
0.9909,0.9915,0.9921,0.9926,0.9931,0.9935,0.9939,0.9943,0.9946,0.9949
0.9952,0.9954,0.9957,0.9959,0.9961,0.9963,0.9964,0.9966,0.9967,0.9969
0.9970,0.9972,0.9973,0.9974,0.9975,0.9976,0.9978,0.9979,0.9980,0.9982
0.9983,0.9984,0.9985,0.9986,0.9987,0.9988,0.9989,0.9990,0.9991,0.9992
0.9993,0.9994,0.9995,0.9995,0.9996,0.9997,0.9998,0.9998,0.9999,1.0000
hwc2x1fract=0.0001,0.0001,0.0003,0.0003,0.0004,0.0006,0.0007,0.0008
0.0010,0.0011,0.0013,0.0015,0.0017,0.0020,0.0024,0.0028,0.0034,0.0043
0.0060,0.0087,0.0124,0.0180,0.0254,0.0351,0.0467,0.0603,0.0756,0.0923
0.1102,0.1292,0.1489,0.1695,0.1909,0.2130,0.2354,0.2582,0.2809,0.3042
0.3277,0.3511,0.3743,0.3972,0.4197,0.4428,0.4656,0.4882,0.5108,0.5331
0.5554,0.5773,0.5989,0.6201,0.6412,0.6622,0.6829,0.7031,0.7231,0.7429
0.7623,0.7812,0.7996,0.8169,0.8335,0.8492,0.8633,0.8767,0.8889,0.9002
0.9104,0.9194,0.9278,0.9353,0.9421,0.9484,0.9540,0.9591,0.9637,0.9679
0.9717,0.9750,0.9779,0.9805,0.9826,0.9845,0.9861,0.9874,0.9885,0.9895
0.9904,0.9911,0.9918,0.9924,0.9929,0.9934,0.9938,0.9942,0.9945,0.9949
0.9951,0.9954,0.9957,0.9959,0.9961,0.9963,0.9966,0.9968,0.9970,0.9971
0.9973,0.9974,0.9976,0.9977,0.9978,0.9980,0.9980,0.9982,0.9983,0.9984
0.9985,0.9986,0.9987,0.9988,0.9989,0.9990,0.9991,0.9991,0.9992,0.9993
0.9994,0.9994,0.9995,0.9996,0.9997,0.9997,0.9998,0.9999,0.9999,1.0000
hwc2y1fract=0.0000,0.0001,0.0001,0.0002,0.0003,0.0003,0.0004,0.0004
0.0005,0.0006,0.0006,0.0007,0.0008,0.0010,0.0011,0.0013,0.0017,0.0024
0.0037,0.0062,0.0107,0.0179,0.0288,0.0425,0.0598,0.0794,0.1006,0.1239
0.1480,0.1726,0.1976,0.2225,0.2479,0.2727,0.2971,0.3211,0.3447,0.3683
0.3913,0.4137,0.4361,0.4581,0.4801,0.5016,0.5232,0.5443,0.5649,0.5859
0.6068,0.6271,0.6473,0.6674,0.6873,0.7071,0.7266,0.7456,0.7646,0.7828
0.8006,0.8177,0.8343,0.8500,0.8649,0.8787,0.8916,0.9032,0.9133,0.9224
0.9305,0.9376,0.9439,0.9493,0.9543,0.9589,0.9628,0.9665,0.9697,0.9727
0.9752,0.9774,0.9794,0.9812,0.9828,0.9842,0.9855,0.9866,0.9876,0.9885
0.9893,0.9900,0.9906,0.9912,0.9917,0.9923,0.9927,0.9932,0.9936,0.9939
0.9942,0.9945,0.9948,0.9951,0.9954,0.9957,0.9959,0.9962,0.9964,0.9967
0.9969,0.9971,0.9973,0.9975,0.9976,0.9978,0.9979,0.9981,0.9983,0.9984
0.9985,0.9986,0.9987,0.9988,0.9989,0.9990,0.9991,0.9992,0.9993,0.9993
0.9994,0.9995,0.9995,0.9996,0.9997,0.9998,0.9998,0.9999,1.0000,1.0000
hwc2u1fract=0.0001,0.0001,0.0001,0.0002,0.0002,0.0003,0.0003,0.0004
0.0004,0.0005,0.0006,0.0007,0.0007,0.0008,0.0010,0.0011,0.0015,0.0020
0.0032,0.0060,0.0115,0.0205,0.0332,0.0492,0.0681,0.0892,0.1121,0.1357
0.1602,0.1848,0.2097,0.2344,0.2587,0.2829,0.3067,0.3305,0.3537,0.3769
0.3995,0.4219,0.4439,0.4655,0.4869,0.5083,0.5294,0.5503,0.5705,0.5909
0.6111,0.6314,0.6514,0.6712,0.6906,0.7101,0.7292,0.7483,0.7666,0.7849
0.8024,0.8196,0.8362,0.8520,0.8667,0.8805,0.8927,0.9040,0.9141,0.9230
0.9306,0.9375,0.9435,0.9488,0.9535,0.9580,0.9619,0.9656,0.9689,0.9718
0.9743,0.9767,0.9788,0.9808,0.9824,0.9838,0.9850,0.9862,0.9872,0.9881
0.9889,0.9896,0.9903,0.9909,0.9915,0.9920,0.9924,0.9929,0.9933,0.9936
0.9940,0.9943,0.9946,0.9950,0.9953,0.9955,0.9958,0.9961,0.9963,0.9966
0.9968,0.9970,0.9972,0.9974,0.9975,0.9977,0.9979,0.9980,0.9982,0.9983
0.9984,0.9985,0.9986,0.9987,0.9989,0.9989,0.9990,0.9991,0.9992,0.9993
0.9994,0.9995,0.9995,0.9996,0.9997,0.9998,0.9998,0.9999,0.9999,1.0000
hwc2v1fract=0.0000,0.0001,0.0001,0.0002,0.0003,0.0003,0.0004,0.0004
0.0005,0.0006,0.0006,0.0007,0.0009,0.0010,0.0012,0.0015,0.0019,0.0028
0.0044,0.0080,0.0145,0.0245,0.0382,0.0552,0.0744,0.0957,0.1184,0.1417
0.1655,0.1900,0.2146,0.2394,0.2638,0.2877,0.3116,0.3352,0.3584,0.3815
0.4040,0.4263,0.4485,0.4705,0.4917,0.5132,0.5338,0.5549,0.5754,0.5958
0.6156,0.6357,0.6557,0.6755,0.6949,0.7142,0.7331,0.7520,0.7704,0.7884
0.8059,0.8227,0.8391,0.8548,0.8693,0.8828,0.8951,0.9061,0.9156,0.9241
0.9315,0.9381,0.9439,0.9492,0.9539,0.9583,0.9621,0.9657,0.9690,0.9719
0.9744,0.9768,0.9789,0.9808,0.9824,0.9839,0.9851,0.9862,0.9872,0.9881
0.9889,0.9896,0.9903,0.9909,0.9915,0.9920,0.9925,0.9929,0.9934,0.9938
0.9942,0.9945,0.9948,0.9951,0.9954,0.9957,0.9960,0.9963,0.9965,0.9967
0.9969,0.9971,0.9973,0.9975,0.9977,0.9978,0.9980,0.9981,0.9982,0.9984
0.9985,0.9986,0.9987,0.9989,0.9989,0.9990,0.9991,0.9992,0.9993,0.9994
0.9994,0.9995,0.9996,0.9996,0.9997,0.9998,0.9998,0.9999,0.9999,1.0000
hwc2y2fract=0.0000,0.0001,0.0001,0.0002,0.0003,0.0003,0.0004,0.0004
0.0005,0.0006,0.0006,0.0007,0.0009,0.0010,0.0012,0.0016,0.0021,0.0030
0.0046,0.0074,0.0125,0.0207,0.0321,0.0469,0.0645,0.0844,0.1059,0.1295
0.1534,0.1784,0.2036,0.2286,0.2538,0.2785,0.3028,0.3271,0.3507,0.3741
0.3972,0.4200,0.4424,0.4644,0.4861,0.5075,0.5287,0.5500,0.5709,0.5916
0.6122,0.6327,0.6529,0.6728,0.6927,0.7124,0.7316,0.7507,0.7695,0.7878
0.8053,0.8223,0.8387,0.8541,0.8686,0.8820,0.8943,0.9056,0.9155,0.9242
0.9319,0.9388,0.9449,0.9503,0.9550,0.9594,0.9633,0.9669,0.9700,0.9728
0.9754,0.9776,0.9797,0.9815,0.9830,0.9844,0.9855,0.9867,0.9877,0.9886
0.9893,0.9900,0.9906,0.9912,0.9917,0.9922,0.9927,0.9932,0.9935,0.9939
0.9943,0.9947,0.9950,0.9953,0.9955,0.9958,0.9960,0.9963,0.9965,0.9967
0.9969,0.9971,0.9973,0.9974,0.9976,0.9977,0.9979,0.9980,0.9981,0.9983
0.9984,0.9985,0.9986,0.9987,0.9988,0.9989,0.9990,0.9991,0.9992,0.9993
0.9993,0.9994,0.9995,0.9996,0.9997,0.9997,0.9998,0.9999,0.9999,1.0000
hwc2x2fract=0.0001,0.0001,0.0002,0.0003,0.0004,0.0005,0.0006,0.0007
0.0008,0.0009,0.0011,0.0013,0.0014,0.0017,0.0019,0.0023,0.0028,0.0035
0.0048,0.0069,0.0105,0.0164,0.0246,0.0352,0.0480,0.0626,0.0794,0.0973
0.1165,0.1367,0.1582,0.1804,0.2027,0.2255,0.2486,0.2720,0.2957,0.3191
0.3429,0.3659,0.3891,0.4120,0.4350,0.4578,0.4800,0.5025,0.5241,0.5458
0.5673,0.5886,0.6098,0.6306,0.6516,0.6723,0.6926,0.7123,0.7320,0.7512
0.7700,0.7880,0.8055,0.8228,0.8388,0.8540,0.8683,0.8814,0.8933,0.9038
0.9134,0.9221,0.9301,0.9371,0.9437,0.9494,0.9547,0.9595,0.9638,0.9677
0.9713,0.9746,0.9775,0.9799,0.9820,0.9838,0.9854,0.9869,0.9881,0.9891
0.9901,0.9908,0.9915,0.9921,0.9927,0.9932,0.9936,0.9940,0.9944,0.9947
0.9951,0.9954,0.9956,0.9958,0.9960,0.9963,0.9965,0.9967,0.9969,0.9970
0.9972,0.9973,0.9975,0.9977,0.9978,0.9979,0.9980,0.9981,0.9983,0.9984
0.9985,0.9986,0.9987,0.9988,0.9989,0.9990,0.9990,0.9991,0.9992,0.9993
0.9994,0.9994,0.9995,0.9996,0.9997,0.9997,0.9998,0.9999,1.0000,1.0000
