; Lookup table
;number of bins in Meek's time to distance lookup table
hdriftbins=138
;number of 1st bin in Meek's table in ns
hdrift1stbin=-24
;bin size in ns of Meek's table
hdriftbinsz=2
hwc1x1fract=0.0001,0.0003,0.0004,0.0005,0.0007,0.0008,0.0010,0.0011
0.0013,0.0015,0.0017,0.0019,0.0022,0.0025,0.0029,0.0033,0.0038,0.0046
0.0057,0.0075,0.0106,0.0153,0.0227,0.0321,0.0436,0.0572,0.0722,0.0886
0.1064,0.1252,0.1450,0.1655,0.1866,0.2082,0.2306,0.2530,0.2758,0.2985
0.3218,0.3448,0.3676,0.3905,0.4133,0.4357,0.4581,0.4801,0.5022,0.5240
0.5455,0.5669,0.5880,0.6087,0.6294,0.6498,0.6698,0.6901,0.7096,0.7289
0.7478,0.7665,0.7844,0.8015,0.8181,0.8341,0.8489,0.8625,0.8753,0.8868
0.8974,0.9072,0.9159,0.9239,0.9312,0.9378,0.9440,0.9494,0.9544,0.9590
0.9633,0.9671,0.9707,0.9737,0.9763,0.9787,0.9806,0.9822,0.9835,0.9847
0.9858,0.9867,0.9876,0.9883,0.9890,0.9897,0.9902,0.9907,0.9911,0.9915
0.9918,0.9922,0.9926,0.9929,0.9933,0.9935,0.9938,0.9941,0.9944,0.9946
0.9949,0.9951,0.9953,0.9955,0.9957,0.9959,0.9962,0.9964,0.9966,0.9968
0.9970,0.9972,0.9974,0.9976,0.9977,0.9979,0.9981,0.9982,0.9984,0.9986
0.9987,0.9989,0.9990,0.9991,0.9993,0.9994,0.9996,0.9997,0.9998,1.0000
hwc1y1fract=0.0001,0.0002,0.0003,0.0005,0.0006,0.0008,0.0009,0.0011
0.0013,0.0015,0.0017,0.0019,0.0022,0.0026,0.0030,0.0035,0.0043,0.0054
0.0072,0.0101,0.0150,0.0228,0.0340,0.0483,0.0656,0.0850,0.1062,0.1288
0.1520,0.1759,0.2001,0.2241,0.2481,0.2720,0.2956,0.3190,0.3421,0.3651
0.3875,0.4098,0.4320,0.4537,0.4753,0.4969,0.5177,0.5381,0.5584,0.5782
0.5982,0.6184,0.6383,0.6580,0.6778,0.6970,0.7159,0.7344,0.7528,0.7708
0.7886,0.8055,0.8217,0.8375,0.8523,0.8660,0.8789,0.8906,0.9012,0.9107
0.9190,0.9262,0.9329,0.9388,0.9440,0.9489,0.9531,0.9569,0.9605,0.9638
0.9669,0.9697,0.9721,0.9742,0.9762,0.9779,0.9795,0.9810,0.9824,0.9836
0.9846,0.9856,0.9864,0.9872,0.9879,0.9886,0.9892,0.9897,0.9903,0.9909
0.9913,0.9918,0.9922,0.9927,0.9930,0.9933,0.9936,0.9940,0.9943,0.9946
0.9949,0.9951,0.9954,0.9956,0.9959,0.9961,0.9964,0.9966,0.9967,0.9970
0.9971,0.9973,0.9975,0.9977,0.9979,0.9980,0.9982,0.9984,0.9985,0.9987
0.9988,0.9989,0.9991,0.9992,0.9993,0.9995,0.9996,0.9997,0.9999,1.0000
hwc1u1fract=0.0001,0.0002,0.0003,0.0003,0.0004,0.0005,0.0006,0.0006
0.0007,0.0008,0.0009,0.0010,0.0012,0.0013,0.0014,0.0015,0.0018,0.0022
0.0031,0.0049,0.0089,0.0157,0.0259,0.0394,0.0556,0.0740,0.0939,0.1152
0.1373,0.1601,0.1832,0.2070,0.2304,0.2538,0.2772,0.3006,0.3237,0.3464
0.3689,0.3913,0.4131,0.4350,0.4564,0.4778,0.4986,0.5197,0.5402,0.5604
0.5803,0.6003,0.6200,0.6398,0.6592,0.6787,0.6976,0.7166,0.7349,0.7533
0.7713,0.7888,0.8057,0.8218,0.8372,0.8520,0.8653,0.8775,0.8886,0.8987
0.9076,0.9154,0.9226,0.9291,0.9351,0.9402,0.9451,0.9497,0.9539,0.9579
0.9613,0.9646,0.9675,0.9702,0.9727,0.9749,0.9768,0.9785,0.9801,0.9814
0.9826,0.9838,0.9848,0.9857,0.9865,0.9872,0.9880,0.9886,0.9892,0.9898
0.9903,0.9908,0.9913,0.9917,0.9921,0.9925,0.9929,0.9933,0.9936,0.9940
0.9943,0.9946,0.9949,0.9952,0.9955,0.9957,0.9960,0.9962,0.9965,0.9967
0.9969,0.9971,0.9973,0.9975,0.9977,0.9979,0.9980,0.9982,0.9983,0.9985
0.9987,0.9988,0.9990,0.9992,0.9993,0.9994,0.9996,0.9997,0.9999,1.0000
hwc1v1fract=0.0001,0.0002,0.0003,0.0004,0.0005,0.0006,0.0007,0.0008
0.0009,0.0010,0.0012,0.0013,0.0015,0.0017,0.0019,0.0023,0.0031,0.0044
0.0070,0.0115,0.0193,0.0308,0.0451,0.0623,0.0814,0.1020,0.1239,0.1462
0.1687,0.1918,0.2147,0.2379,0.2609,0.2837,0.3063,0.3289,0.3512,0.3734
0.3954,0.4171,0.4385,0.4599,0.4810,0.5018,0.5225,0.5436,0.5640,0.5846
0.6045,0.6245,0.6444,0.6639,0.6831,0.7027,0.7215,0.7405,0.7587,0.7771
0.7945,0.8115,0.8279,0.8436,0.8581,0.8717,0.8841,0.8952,0.9052,0.9135
0.9214,0.9281,0.9342,0.9397,0.9449,0.9495,0.9537,0.9576,0.9612,0.9647
0.9677,0.9704,0.9729,0.9751,0.9770,0.9787,0.9803,0.9817,0.9829,0.9841
0.9851,0.9859,0.9868,0.9875,0.9882,0.9888,0.9894,0.9899,0.9904,0.9909
0.9913,0.9918,0.9922,0.9926,0.9930,0.9933,0.9936,0.9940,0.9943,0.9946
0.9948,0.9951,0.9954,0.9956,0.9958,0.9960,0.9963,0.9965,0.9967,0.9969
0.9971,0.9972,0.9974,0.9976,0.9978,0.9980,0.9981,0.9983,0.9984,0.9986
0.9988,0.9989,0.9991,0.9992,0.9994,0.9995,0.9996,0.9998,0.9999,1.0000
hwc1y2fract=0.0001,0.0002,0.0003,0.0003,0.0004,0.0005,0.0006,0.0008
0.0009,0.0010,0.0011,0.0012,0.0014,0.0016,0.0017,0.0020,0.0024,0.0031
0.0043,0.0065,0.0103,0.0164,0.0259,0.0382,0.0534,0.0712,0.0915,0.1133
0.1363,0.1599,0.1836,0.2076,0.2314,0.2556,0.2791,0.3027,0.3257,0.3485
0.3714,0.3937,0.4160,0.4379,0.4596,0.4810,0.5018,0.5225,0.5430,0.5634
0.5835,0.6038,0.6237,0.6437,0.6632,0.6825,0.7019,0.7209,0.7394,0.7574
0.7753,0.7925,0.8089,0.8249,0.8401,0.8544,0.8678,0.8800,0.8912,0.9010
0.9100,0.9181,0.9254,0.9318,0.9374,0.9426,0.9474,0.9516,0.9555,0.9591
0.9624,0.9653,0.9679,0.9703,0.9725,0.9746,0.9764,0.9780,0.9795,0.9809
0.9820,0.9831,0.9841,0.9851,0.9859,0.9867,0.9874,0.9881,0.9887,0.9892
0.9897,0.9903,0.9908,0.9912,0.9917,0.9921,0.9925,0.9929,0.9933,0.9936
0.9939,0.9943,0.9946,0.9948,0.9951,0.9954,0.9957,0.9960,0.9963,0.9965
0.9967,0.9969,0.9972,0.9974,0.9976,0.9978,0.9980,0.9981,0.9983,0.9985
0.9987,0.9989,0.9990,0.9992,0.9993,0.9995,0.9996,0.9997,0.9999,1.0000
hwc1x2fract=0.0001,0.0002,0.0003,0.0004,0.0005,0.0007,0.0008,0.0009
0.0011,0.0012,0.0014,0.0016,0.0018,0.0020,0.0023,0.0028,0.0037,0.0052
0.0079,0.0122,0.0188,0.0278,0.0385,0.0517,0.0662,0.0826,0.1001,0.1189
0.1385,0.1591,0.1802,0.2018,0.2242,0.2465,0.2691,0.2921,0.3154,0.3383
0.3609,0.3837,0.4066,0.4289,0.4510,0.4729,0.4943,0.5161,0.5374,0.5585
0.5796,0.6005,0.6213,0.6413,0.6617,0.6819,0.7014,0.7210,0.7401,0.7590
0.7768,0.7940,0.8107,0.8269,0.8419,0.8558,0.8689,0.8808,0.8918,0.9018
0.9110,0.9194,0.9268,0.9338,0.9400,0.9458,0.9511,0.9560,0.9603,0.9643
0.9679,0.9710,0.9739,0.9763,0.9784,0.9803,0.9819,0.9833,0.9845,0.9855
0.9864,0.9873,0.9881,0.9887,0.9894,0.9899,0.9904,0.9909,0.9913,0.9917
0.9920,0.9925,0.9928,0.9931,0.9934,0.9937,0.9939,0.9942,0.9944,0.9946
0.9949,0.9951,0.9953,0.9955,0.9958,0.9960,0.9962,0.9964,0.9966,0.9968
0.9969,0.9971,0.9973,0.9975,0.9977,0.9978,0.9980,0.9982,0.9984,0.9985
0.9986,0.9988,0.9990,0.9991,0.9992,0.9994,0.9995,0.9997,0.9998,1.0000
hwc2x1fract=0.0001,0.0003,0.0004,0.0005,0.0007,0.0009,0.0011,0.0013
0.0015,0.0017,0.0019,0.0022,0.0025,0.0028,0.0032,0.0037,0.0043,0.0053
0.0069,0.0096,0.0136,0.0195,0.0275,0.0376,0.0501,0.0645,0.0805,0.0982
0.1170,0.1367,0.1573,0.1785,0.2004,0.2226,0.2452,0.2682,0.2910,0.3142
0.3375,0.3604,0.3832,0.4061,0.4290,0.4514,0.4737,0.4953,0.5171,0.5383
0.5598,0.5811,0.6023,0.6233,0.6443,0.6650,0.6853,0.7055,0.7249,0.7444
0.7628,0.7812,0.7988,0.8156,0.8321,0.8473,0.8615,0.8747,0.8868,0.8976
0.9074,0.9163,0.9244,0.9315,0.9379,0.9441,0.9497,0.9547,0.9591,0.9631
0.9667,0.9700,0.9729,0.9755,0.9778,0.9797,0.9814,0.9828,0.9840,0.9852
0.9862,0.9871,0.9879,0.9886,0.9892,0.9898,0.9903,0.9909,0.9913,0.9917
0.9921,0.9925,0.9928,0.9931,0.9934,0.9937,0.9940,0.9943,0.9946,0.9948
0.9951,0.9954,0.9956,0.9958,0.9960,0.9962,0.9964,0.9966,0.9968,0.9969
0.9971,0.9973,0.9975,0.9977,0.9978,0.9980,0.9981,0.9983,0.9985,0.9986
0.9988,0.9989,0.9991,0.9992,0.9994,0.9995,0.9996,0.9998,0.9999,1.0000
hwc2y1fract=0.0001,0.0002,0.0003,0.0004,0.0004,0.0005,0.0006,0.0007
0.0008,0.0009,0.0011,0.0012,0.0013,0.0014,0.0016,0.0018,0.0022,0.0029
0.0042,0.0068,0.0114,0.0192,0.0305,0.0454,0.0632,0.0835,0.1057,0.1293
0.1535,0.1785,0.2034,0.2283,0.2528,0.2772,0.3012,0.3250,0.3480,0.3708
0.3932,0.4158,0.4376,0.4592,0.4805,0.5019,0.5226,0.5432,0.5637,0.5841
0.6045,0.6246,0.6445,0.6647,0.6845,0.7038,0.7232,0.7422,0.7609,0.7790
0.7965,0.8136,0.8303,0.8459,0.8606,0.8744,0.8871,0.8984,0.9087,0.9177
0.9259,0.9329,0.9391,0.9448,0.9498,0.9543,0.9582,0.9619,0.9651,0.9681
0.9706,0.9730,0.9750,0.9769,0.9785,0.9800,0.9814,0.9826,0.9837,0.9847
0.9856,0.9864,0.9871,0.9878,0.9884,0.9890,0.9895,0.9900,0.9905,0.9909
0.9913,0.9917,0.9921,0.9924,0.9928,0.9932,0.9935,0.9938,0.9942,0.9945
0.9947,0.9950,0.9953,0.9955,0.9958,0.9960,0.9963,0.9965,0.9968,0.9970
0.9972,0.9974,0.9975,0.9977,0.9979,0.9981,0.9982,0.9984,0.9985,0.9987
0.9988,0.9989,0.9991,0.9992,0.9993,0.9995,0.9996,0.9997,0.9999,1.0000
hwc2u1fract=0.0001,0.0002,0.0002,0.0003,0.0004,0.0005,0.0006,0.0006
0.0007,0.0009,0.0009,0.0011,0.0012,0.0013,0.0015,0.0017,0.0021,0.0028
0.0042,0.0073,0.0136,0.0237,0.0376,0.0549,0.0745,0.0963,0.1196,0.1436
0.1676,0.1920,0.2163,0.2407,0.2646,0.2886,0.3121,0.3350,0.3579,0.3807
0.4026,0.4246,0.4460,0.4676,0.4885,0.5094,0.5300,0.5509,0.5711,0.5914
0.6113,0.6311,0.6505,0.6703,0.6895,0.7086,0.7272,0.7458,0.7640,0.7819
0.7997,0.8168,0.8330,0.8484,0.8629,0.8765,0.8891,0.9002,0.9099,0.9185
0.9260,0.9328,0.9386,0.9438,0.9485,0.9529,0.9568,0.9603,0.9637,0.9667
0.9694,0.9719,0.9742,0.9762,0.9780,0.9795,0.9810,0.9822,0.9833,0.9843
0.9852,0.9860,0.9867,0.9874,0.9880,0.9886,0.9893,0.9898,0.9903,0.9908
0.9912,0.9917,0.9921,0.9924,0.9929,0.9932,0.9936,0.9939,0.9942,0.9945
0.9948,0.9951,0.9953,0.9956,0.9959,0.9961,0.9963,0.9966,0.9968,0.9970
0.9972,0.9974,0.9975,0.9977,0.9979,0.9980,0.9982,0.9983,0.9985,0.9986
0.9988,0.9989,0.9991,0.9992,0.9994,0.9995,0.9997,0.9998,0.9999,1.0000
hwc2v1fract=0.0001,0.0002,0.0002,0.0003,0.0004,0.0005,0.0006,0.0007
0.0009,0.0010,0.0011,0.0013,0.0015,0.0016,0.0019,0.0022,0.0027,0.0037
0.0055,0.0095,0.0168,0.0275,0.0419,0.0597,0.0799,0.1020,0.1252,0.1495
0.1740,0.1984,0.2227,0.2473,0.2712,0.2949,0.3183,0.3413,0.3643,0.3869
0.4091,0.4311,0.4527,0.4742,0.4948,0.5160,0.5364,0.5568,0.5766,0.5963
0.6163,0.6361,0.6556,0.6749,0.6938,0.7127,0.7315,0.7501,0.7685,0.7865
0.8038,0.8204,0.8365,0.8518,0.8660,0.8793,0.8916,0.9024,0.9120,0.9204
0.9277,0.9344,0.9401,0.9452,0.9498,0.9540,0.9579,0.9614,0.9645,0.9675
0.9703,0.9726,0.9748,0.9767,0.9784,0.9800,0.9814,0.9826,0.9836,0.9846
0.9854,0.9862,0.9869,0.9876,0.9882,0.9888,0.9893,0.9899,0.9903,0.9908
0.9912,0.9916,0.9920,0.9924,0.9927,0.9931,0.9935,0.9938,0.9941,0.9944
0.9947,0.9950,0.9953,0.9955,0.9958,0.9960,0.9962,0.9964,0.9967,0.9969
0.9971,0.9973,0.9975,0.9977,0.9978,0.9980,0.9981,0.9983,0.9985,0.9986
0.9988,0.9989,0.9990,0.9992,0.9993,0.9995,0.9996,0.9998,0.9999,1.0000
hwc2y2fract=0.0001,0.0002,0.0003,0.0003,0.0004,0.0005,0.0006,0.0007
0.0008,0.0010,0.0011,0.0013,0.0014,0.0016,0.0019,0.0022,0.0028,0.0037
0.0052,0.0079,0.0128,0.0207,0.0326,0.0472,0.0651,0.0852,0.1077,0.1312
0.1558,0.1804,0.2053,0.2301,0.2550,0.2789,0.3028,0.3262,0.3497,0.3730
0.3958,0.4182,0.4400,0.4616,0.4828,0.5042,0.5249,0.5454,0.5662,0.5867
0.6071,0.6269,0.6467,0.6666,0.6859,0.7054,0.7246,0.7435,0.7618,0.7799
0.7974,0.8146,0.8309,0.8464,0.8608,0.8745,0.8870,0.8985,0.9085,0.9175
0.9256,0.9328,0.9391,0.9448,0.9498,0.9543,0.9584,0.9619,0.9651,0.9681
0.9708,0.9733,0.9754,0.9772,0.9788,0.9803,0.9816,0.9827,0.9838,0.9848
0.9857,0.9865,0.9872,0.9878,0.9884,0.9890,0.9896,0.9901,0.9905,0.9910
0.9914,0.9917,0.9921,0.9925,0.9928,0.9932,0.9935,0.9938,0.9941,0.9944
0.9947,0.9950,0.9953,0.9956,0.9958,0.9960,0.9963,0.9965,0.9967,0.9969
0.9971,0.9973,0.9974,0.9976,0.9978,0.9980,0.9982,0.9983,0.9985,0.9986
0.9988,0.9989,0.9991,0.9992,0.9994,0.9995,0.9996,0.9997,0.9999,1.0000
hwc2x2fract=0.0001,0.0002,0.0004,0.0005,0.0006,0.0007,0.0009,0.0010
0.0012,0.0013,0.0015,0.0017,0.0020,0.0022,0.0026,0.0030,0.0035,0.0044
0.0058,0.0082,0.0123,0.0190,0.0280,0.0399,0.0540,0.0698,0.0874,0.1063
0.1264,0.1473,0.1690,0.1911,0.2141,0.2373,0.2605,0.2838,0.3072,0.3301
0.3533,0.3763,0.3993,0.4216,0.4439,0.4659,0.4879,0.5095,0.5312,0.5521
0.5731,0.5940,0.6148,0.6349,0.6552,0.6756,0.6957,0.7150,0.7343,0.7536
0.7720,0.7900,0.8073,0.8238,0.8395,0.8540,0.8678,0.8804,0.8915,0.9017
0.9110,0.9194,0.9269,0.9339,0.9401,0.9456,0.9509,0.9557,0.9599,0.9637
0.9672,0.9705,0.9733,0.9759,0.9780,0.9799,0.9815,0.9829,0.9842,0.9852
0.9862,0.9871,0.9879,0.9886,0.9893,0.9898,0.9904,0.9909,0.9914,0.9918
0.9922,0.9925,0.9929,0.9932,0.9935,0.9938,0.9941,0.9944,0.9947,0.9949
0.9952,0.9954,0.9956,0.9958,0.9961,0.9963,0.9965,0.9966,0.9968,0.9970
0.9972,0.9974,0.9975,0.9977,0.9979,0.9981,0.9982,0.9983,0.9985,0.9986
0.9988,0.9989,0.9991,0.9992,0.9993,0.9994,0.9996,0.9997,0.9999,1.0000
