; Lookup table
;number of bins in Meek's time to distance lookup table
hdriftbins=138
;number of 1st bin in Meek's table in ns
hdrift1stbin=-24
;bin size in ns of Meek's table
hdriftbinsz=2
hwc1x1fract=0.0002,0.0004,0.0006,0.0008,0.0010,0.0013,0.0015,0.0017
0.0020,0.0024,0.0027,0.0031,0.0036,0.0042,0.0050,0.0063,0.0082,0.0108
0.0142,0.0182,0.0238,0.0311,0.0402,0.0511,0.0636,0.0774,0.0925,0.1086
0.1260,0.1443,0.1636,0.1837,0.2046,0.2257,0.2472,0.2692,0.2915,0.3142
0.3369,0.3594,0.3823,0.4054,0.4278,0.4499,0.4724,0.4945,0.5165,0.5383
0.5601,0.5817,0.6035,0.6249,0.6462,0.6664,0.6867,0.7070,0.7266,0.7455
0.7641,0.7818,0.7991,0.8151,0.8305,0.8450,0.8583,0.8704,0.8820,0.8925
0.9021,0.9110,0.9190,0.9262,0.9332,0.9394,0.9451,0.9503,0.9548,0.9589
0.9626,0.9658,0.9686,0.9711,0.9731,0.9749,0.9765,0.9780,0.9792,0.9803
0.9813,0.9822,0.9830,0.9837,0.9844,0.9850,0.9856,0.9861,0.9866,0.9872
0.9876,0.9881,0.9885,0.9889,0.9894,0.9898,0.9902,0.9906,0.9910,0.9914
0.9918,0.9921,0.9924,0.9927,0.9931,0.9934,0.9938,0.9941,0.9944,0.9947
0.9950,0.9953,0.9956,0.9959,0.9962,0.9965,0.9967,0.9971,0.9973,0.9976
0.9979,0.9981,0.9984,0.9986,0.9989,0.9991,0.9994,0.9996,0.9998,1.0000
hwc1y1fract=0.0002,0.0004,0.0006,0.0008,0.0011,0.0013,0.0016,0.0019
0.0022,0.0026,0.0029,0.0033,0.0037,0.0043,0.0050,0.0061,0.0074,0.0093
0.0120,0.0162,0.0230,0.0324,0.0448,0.0604,0.0782,0.0982,0.1193,0.1419
0.1651,0.1887,0.2126,0.2367,0.2604,0.2841,0.3077,0.3306,0.3535,0.3764
0.3988,0.4207,0.4425,0.4636,0.4846,0.5055,0.5261,0.5465,0.5672,0.5870
0.6070,0.6268,0.6465,0.6662,0.6858,0.7047,0.7235,0.7421,0.7604,0.7780
0.7951,0.8119,0.8278,0.8428,0.8567,0.8698,0.8815,0.8922,0.9021,0.9109
0.9186,0.9254,0.9317,0.9371,0.9419,0.9464,0.9504,0.9541,0.9575,0.9606
0.9632,0.9656,0.9679,0.9699,0.9716,0.9733,0.9748,0.9761,0.9774,0.9787
0.9797,0.9807,0.9816,0.9825,0.9833,0.9840,0.9847,0.9853,0.9860,0.9866
0.9872,0.9878,0.9883,0.9888,0.9893,0.9898,0.9903,0.9908,0.9911,0.9916
0.9920,0.9924,0.9928,0.9932,0.9935,0.9939,0.9942,0.9945,0.9948,0.9951
0.9954,0.9956,0.9959,0.9962,0.9964,0.9967,0.9970,0.9973,0.9976,0.9978
0.9980,0.9983,0.9985,0.9987,0.9990,0.9992,0.9994,0.9996,0.9998,1.0000
hwc1u1fract=0.0002,0.0003,0.0004,0.0006,0.0007,0.0009,0.0011,0.0012
0.0014,0.0016,0.0018,0.0020,0.0022,0.0025,0.0030,0.0041,0.0060,0.0085
0.0119,0.0163,0.0223,0.0306,0.0414,0.0549,0.0699,0.0869,0.1058,0.1259
0.1469,0.1684,0.1904,0.2129,0.2357,0.2584,0.2810,0.3036,0.3262,0.3486
0.3714,0.3936,0.4157,0.4376,0.4593,0.4808,0.5022,0.5235,0.5444,0.5651
0.5855,0.6059,0.6263,0.6463,0.6663,0.6863,0.7057,0.7246,0.7434,0.7617
0.7793,0.7965,0.8128,0.8283,0.8429,0.8566,0.8692,0.8807,0.8912,0.9006
0.9090,0.9164,0.9233,0.9295,0.9351,0.9404,0.9451,0.9495,0.9535,0.9570
0.9603,0.9633,0.9660,0.9684,0.9705,0.9723,0.9739,0.9754,0.9767,0.9780
0.9791,0.9802,0.9812,0.9821,0.9829,0.9837,0.9844,0.9851,0.9858,0.9863
0.9869,0.9875,0.9880,0.9885,0.9890,0.9895,0.9900,0.9904,0.9908,0.9912
0.9916,0.9920,0.9924,0.9927,0.9930,0.9933,0.9937,0.9940,0.9943,0.9947
0.9950,0.9953,0.9956,0.9959,0.9962,0.9964,0.9968,0.9970,0.9973,0.9975
0.9978,0.9980,0.9983,0.9986,0.9989,0.9991,0.9994,0.9996,0.9998,1.0000
hwc1v1fract=0.0002,0.0003,0.0005,0.0007,0.0008,0.0010,0.0012,0.0013
0.0016,0.0017,0.0020,0.0022,0.0024,0.0027,0.0029,0.0034,0.0041,0.0053
0.0074,0.0113,0.0176,0.0268,0.0394,0.0545,0.0720,0.0912,0.1117,0.1333
0.1555,0.1783,0.2014,0.2244,0.2476,0.2703,0.2930,0.3157,0.3383,0.3606
0.3826,0.4045,0.4260,0.4475,0.4685,0.4897,0.5107,0.5313,0.5520,0.5725
0.5925,0.6125,0.6323,0.6519,0.6712,0.6907,0.7098,0.7290,0.7472,0.7653
0.7834,0.8006,0.8171,0.8332,0.8482,0.8619,0.8746,0.8859,0.8959,0.9052
0.9130,0.9200,0.9266,0.9324,0.9378,0.9428,0.9473,0.9513,0.9551,0.9585
0.9618,0.9646,0.9670,0.9694,0.9714,0.9732,0.9747,0.9761,0.9774,0.9786
0.9796,0.9806,0.9816,0.9824,0.9832,0.9839,0.9846,0.9852,0.9858,0.9863
0.9869,0.9875,0.9881,0.9886,0.9891,0.9896,0.9900,0.9905,0.9909,0.9914
0.9918,0.9922,0.9925,0.9929,0.9934,0.9937,0.9941,0.9944,0.9948,0.9950
0.9953,0.9956,0.9959,0.9962,0.9965,0.9967,0.9970,0.9973,0.9975,0.9978
0.9980,0.9983,0.9985,0.9988,0.9990,0.9992,0.9994,0.9996,0.9998,1.0000
hwc1y2fract=0.0002,0.0003,0.0005,0.0007,0.0009,0.0011,0.0013,0.0015
0.0017,0.0019,0.0022,0.0025,0.0029,0.0032,0.0036,0.0042,0.0050,0.0062
0.0082,0.0115,0.0167,0.0243,0.0348,0.0481,0.0639,0.0822,0.1016,0.1229
0.1449,0.1676,0.1909,0.2145,0.2381,0.2620,0.2851,0.3082,0.3313,0.3541
0.3767,0.3988,0.4208,0.4422,0.4636,0.4847,0.5054,0.5257,0.5460,0.5665
0.5870,0.6070,0.6270,0.6469,0.6666,0.6862,0.7055,0.7242,0.7428,0.7606
0.7782,0.7951,0.8112,0.8271,0.8416,0.8553,0.8680,0.8795,0.8899,0.8995
0.9080,0.9158,0.9227,0.9288,0.9343,0.9392,0.9438,0.9479,0.9516,0.9550
0.9582,0.9612,0.9637,0.9661,0.9682,0.9701,0.9718,0.9734,0.9749,0.9762
0.9774,0.9785,0.9795,0.9805,0.9814,0.9822,0.9831,0.9839,0.9845,0.9852
0.9859,0.9866,0.9871,0.9877,0.9882,0.9888,0.9892,0.9897,0.9902,0.9906
0.9911,0.9915,0.9919,0.9924,0.9928,0.9932,0.9935,0.9939,0.9942,0.9945
0.9949,0.9953,0.9956,0.9959,0.9962,0.9965,0.9967,0.9970,0.9973,0.9976
0.9978,0.9981,0.9984,0.9986,0.9989,0.9991,0.9994,0.9995,0.9998,1.0000
hwc1x2fract=0.0002,0.0003,0.0005,0.0007,0.0009,0.0011,0.0013,0.0015
0.0017,0.0020,0.0022,0.0025,0.0029,0.0033,0.0039,0.0048,0.0062,0.0082
0.0112,0.0157,0.0219,0.0302,0.0404,0.0524,0.0661,0.0813,0.0979,0.1159
0.1342,0.1540,0.1745,0.1958,0.2173,0.2391,0.2619,0.2846,0.3074,0.3301
0.3529,0.3762,0.3986,0.4210,0.4435,0.4659,0.4881,0.5099,0.5314,0.5526
0.5740,0.5947,0.6158,0.6365,0.6569,0.6770,0.6972,0.7168,0.7360,0.7544
0.7728,0.7904,0.8073,0.8230,0.8380,0.8524,0.8654,0.8772,0.8878,0.8978
0.9066,0.9149,0.9226,0.9298,0.9361,0.9420,0.9474,0.9521,0.9566,0.9604
0.9638,0.9669,0.9694,0.9718,0.9737,0.9755,0.9770,0.9783,0.9795,0.9806
0.9815,0.9823,0.9832,0.9839,0.9846,0.9852,0.9858,0.9864,0.9869,0.9874
0.9879,0.9884,0.9889,0.9892,0.9896,0.9900,0.9904,0.9909,0.9912,0.9916
0.9919,0.9923,0.9926,0.9929,0.9932,0.9935,0.9939,0.9942,0.9945,0.9948
0.9951,0.9954,0.9957,0.9960,0.9962,0.9965,0.9968,0.9970,0.9973,0.9976
0.9979,0.9981,0.9983,0.9986,0.9989,0.9991,0.9993,0.9995,0.9998,1.0000
hwc2x1fract=0.0002,0.0004,0.0006,0.0009,0.0011,0.0014,0.0017,0.0020
0.0023,0.0026,0.0030,0.0034,0.0038,0.0043,0.0050,0.0058,0.0070,0.0089
0.0119,0.0163,0.0224,0.0300,0.0394,0.0506,0.0638,0.0783,0.0942,0.1109
0.1291,0.1479,0.1674,0.1878,0.2082,0.2299,0.2517,0.2739,0.2962,0.3189
0.3418,0.3643,0.3871,0.4097,0.4321,0.4546,0.4771,0.4991,0.5213,0.5432
0.5649,0.5865,0.6082,0.6291,0.6502,0.6708,0.6910,0.7109,0.7304,0.7496
0.7684,0.7866,0.8043,0.8210,0.8366,0.8511,0.8647,0.8770,0.8881,0.8985
0.9080,0.9163,0.9240,0.9309,0.9373,0.9431,0.9482,0.9530,0.9574,0.9613
0.9647,0.9676,0.9701,0.9724,0.9744,0.9761,0.9775,0.9789,0.9800,0.9812
0.9821,0.9829,0.9837,0.9844,0.9850,0.9856,0.9862,0.9868,0.9873,0.9879
0.9883,0.9888,0.9893,0.9897,0.9901,0.9905,0.9909,0.9913,0.9916,0.9919
0.9923,0.9926,0.9930,0.9933,0.9935,0.9939,0.9942,0.9944,0.9947,0.9950
0.9953,0.9956,0.9959,0.9961,0.9964,0.9967,0.9970,0.9972,0.9974,0.9976
0.9979,0.9982,0.9984,0.9987,0.9989,0.9991,0.9994,0.9996,0.9998,1.0000
hwc2y1fract=0.0001,0.0003,0.0005,0.0007,0.0008,0.0010,0.0012,0.0014
0.0017,0.0019,0.0021,0.0024,0.0027,0.0031,0.0035,0.0042,0.0051,0.0065
0.0089,0.0129,0.0195,0.0290,0.0418,0.0579,0.0761,0.0966,0.1187,0.1417
0.1654,0.1896,0.2138,0.2383,0.2626,0.2862,0.3098,0.3332,0.3559,0.3785
0.4008,0.4228,0.4447,0.4661,0.4878,0.5088,0.5300,0.5506,0.5713,0.5918
0.6123,0.6322,0.6520,0.6718,0.6913,0.7108,0.7300,0.7484,0.7668,0.7843
0.8017,0.8183,0.8339,0.8491,0.8634,0.8764,0.8883,0.8993,0.9086,0.9170
0.9245,0.9311,0.9369,0.9422,0.9466,0.9508,0.9544,0.9578,0.9611,0.9638
0.9663,0.9686,0.9704,0.9722,0.9737,0.9751,0.9765,0.9776,0.9788,0.9798
0.9807,0.9815,0.9823,0.9830,0.9837,0.9844,0.9850,0.9857,0.9862,0.9868
0.9873,0.9878,0.9883,0.9888,0.9893,0.9898,0.9903,0.9907,0.9911,0.9916
0.9920,0.9924,0.9928,0.9931,0.9934,0.9938,0.9941,0.9944,0.9948,0.9951
0.9955,0.9958,0.9961,0.9963,0.9966,0.9968,0.9971,0.9974,0.9976,0.9978
0.9981,0.9983,0.9985,0.9988,0.9989,0.9991,0.9994,0.9996,0.9998,1.0000
hwc2u1fract=0.0001,0.0001,0.0002,0.0003,0.0004,0.0005,0.0006,0.0007
0.0008,0.0009,0.0010,0.0011,0.0013,0.0014,0.0016,0.0018,0.0021,0.0026
0.0038,0.0062,0.0109,0.0192,0.0309,0.0460,0.0642,0.0846,0.1066,0.1300
0.1534,0.1777,0.2018,0.2264,0.2505,0.2739,0.2972,0.3209,0.3438,0.3665
0.3890,0.4112,0.4331,0.4547,0.4757,0.4968,0.5175,0.5383,0.5589,0.5795
0.5996,0.6197,0.6394,0.6592,0.6785,0.6974,0.7166,0.7354,0.7536,0.7724
0.7901,0.8076,0.8241,0.8404,0.8554,0.8695,0.8824,0.8939,0.9044,0.9131
0.9211,0.9281,0.9344,0.9400,0.9451,0.9494,0.9534,0.9569,0.9602,0.9631
0.9655,0.9678,0.9698,0.9715,0.9731,0.9745,0.9757,0.9769,0.9779,0.9788
0.9796,0.9803,0.9810,0.9818,0.9823,0.9830,0.9836,0.9841,0.9846,0.9851
0.9858,0.9863,0.9867,0.9873,0.9878,0.9882,0.9886,0.9891,0.9895,0.9899
0.9903,0.9906,0.9909,0.9913,0.9916,0.9919,0.9921,0.9924,0.9927,0.9930
0.9933,0.9937,0.9940,0.9943,0.9947,0.9950,0.9954,0.9958,0.9962,0.9966
0.9969,0.9973,0.9977,0.9980,0.9983,0.9987,0.9990,0.9993,0.9997,1.0000
hwc2v1fract=0.0002,0.0003,0.0005,0.0007,0.0008,0.0010,0.0012,0.0014
0.0016,0.0018,0.0020,0.0022,0.0025,0.0028,0.0031,0.0035,0.0042,0.0053
0.0073,0.0111,0.0179,0.0284,0.0419,0.0587,0.0778,0.0990,0.1217,0.1452
0.1686,0.1930,0.2170,0.2411,0.2648,0.2885,0.3120,0.3350,0.3577,0.3797
0.4018,0.4241,0.4456,0.4667,0.4877,0.5087,0.5291,0.5498,0.5700,0.5900
0.6097,0.6298,0.6496,0.6690,0.6881,0.7072,0.7262,0.7448,0.7633,0.7815
0.7991,0.8163,0.8321,0.8476,0.8619,0.8750,0.8869,0.8975,0.9067,0.9151
0.9225,0.9290,0.9347,0.9399,0.9446,0.9490,0.9527,0.9562,0.9595,0.9624
0.9650,0.9674,0.9694,0.9712,0.9729,0.9744,0.9758,0.9770,0.9781,0.9791
0.9801,0.9809,0.9818,0.9825,0.9833,0.9840,0.9847,0.9853,0.9859,0.9864
0.9870,0.9876,0.9881,0.9886,0.9892,0.9897,0.9902,0.9906,0.9911,0.9915
0.9919,0.9924,0.9927,0.9931,0.9934,0.9937,0.9941,0.9943,0.9946,0.9949
0.9952,0.9955,0.9957,0.9960,0.9963,0.9965,0.9968,0.9971,0.9974,0.9976
0.9978,0.9981,0.9983,0.9986,0.9988,0.9991,0.9993,0.9995,0.9998,1.0000
hwc2y2fract=0.0002,0.0004,0.0005,0.0007,0.0009,0.0011,0.0013,0.0016
0.0018,0.0021,0.0024,0.0028,0.0031,0.0036,0.0041,0.0049,0.0062,0.0078
0.0108,0.0153,0.0223,0.0328,0.0460,0.0621,0.0809,0.1018,0.1236,0.1469
0.1708,0.1950,0.2193,0.2433,0.2669,0.2909,0.3145,0.3379,0.3609,0.3836
0.4063,0.4282,0.4504,0.4723,0.4934,0.5141,0.5349,0.5554,0.5759,0.5962
0.6166,0.6367,0.6566,0.6762,0.6957,0.7150,0.7335,0.7524,0.7705,0.7882
0.8053,0.8218,0.8374,0.8522,0.8660,0.8789,0.8906,0.9012,0.9103,0.9183
0.9257,0.9320,0.9378,0.9429,0.9475,0.9515,0.9550,0.9584,0.9615,0.9642
0.9667,0.9689,0.9708,0.9725,0.9741,0.9754,0.9767,0.9778,0.9789,0.9798
0.9807,0.9815,0.9823,0.9831,0.9838,0.9845,0.9851,0.9858,0.9863,0.9868
0.9874,0.9879,0.9884,0.9888,0.9893,0.9897,0.9902,0.9906,0.9910,0.9915
0.9918,0.9923,0.9927,0.9930,0.9933,0.9937,0.9940,0.9943,0.9946,0.9949
0.9953,0.9955,0.9959,0.9962,0.9964,0.9967,0.9970,0.9972,0.9974,0.9977
0.9979,0.9981,0.9984,0.9986,0.9988,0.9991,0.9993,0.9996,0.9998,1.0000
hwc2x2fract=0.0002,0.0003,0.0005,0.0007,0.0009,0.0011,0.0013,0.0015
0.0018,0.0020,0.0023,0.0026,0.0030,0.0035,0.0041,0.0048,0.0060,0.0080
0.0112,0.0158,0.0221,0.0301,0.0402,0.0517,0.0656,0.0810,0.0980,0.1159
0.1349,0.1546,0.1749,0.1961,0.2178,0.2399,0.2622,0.2850,0.3074,0.3302
0.3533,0.3764,0.3993,0.4217,0.4446,0.4674,0.4894,0.5115,0.5336,0.5553
0.5768,0.5982,0.6193,0.6404,0.6607,0.6814,0.7013,0.7214,0.7411,0.7599
0.7785,0.7965,0.8132,0.8294,0.8446,0.8584,0.8713,0.8828,0.8932,0.9027
0.9117,0.9196,0.9271,0.9337,0.9397,0.9454,0.9504,0.9549,0.9589,0.9624
0.9656,0.9685,0.9710,0.9730,0.9749,0.9764,0.9779,0.9792,0.9803,0.9813
0.9822,0.9830,0.9837,0.9843,0.9850,0.9856,0.9861,0.9867,0.9873,0.9878
0.9882,0.9887,0.9891,0.9895,0.9899,0.9904,0.9908,0.9911,0.9914,0.9917
0.9921,0.9924,0.9927,0.9930,0.9933,0.9937,0.9940,0.9943,0.9946,0.9949
0.9952,0.9955,0.9958,0.9961,0.9964,0.9966,0.9969,0.9972,0.9974,0.9977
0.9979,0.9981,0.9984,0.9986,0.9989,0.9992,0.9994,0.9995,0.9998,1.0000
