; Lookup table
;number of bins in Meek's time to distance lookup table
hdriftbins=138
;number of 1st bin in Meek's table in ns
hdrift1stbin=-24
;bin size in ns of Meek's table
hdriftbinsz=2
hwc1x1fract=0.0000,0.0001,0.0001,0.0002,0.0003,0.0003,0.0004,0.0005
0.0006,0.0008,0.0009,0.0011,0.0012,0.0014,0.0017,0.0022,0.0029,0.0042
0.0062,0.0084,0.0117,0.0161,0.0225,0.0307,0.0408,0.0524,0.0657,0.0804
0.0962,0.1134,0.1308,0.1497,0.1682,0.1881,0.2086,0.2291,0.2508,0.2730
0.2945,0.3164,0.3386,0.3610,0.3831,0.4056,0.4277,0.4502,0.4724,0.4945
0.5167,0.5392,0.5612,0.5833,0.6046,0.6263,0.6476,0.6689,0.6896,0.7101
0.7301,0.7493,0.7681,0.7866,0.8042,0.8214,0.8381,0.8533,0.8681,0.8819
0.8945,0.9061,0.9168,0.9262,0.9348,0.9430,0.9502,0.9566,0.9623,0.9676
0.9722,0.9766,0.9800,0.9834,0.9859,0.9882,0.9900,0.9914,0.9927,0.9937
0.9944,0.9952,0.9958,0.9963,0.9966,0.9969,0.9972,0.9975,0.9977,0.9980
0.9982,0.9983,0.9985,0.9986,0.9987,0.9989,0.9990,0.9991,0.9992,0.9992
0.9993,0.9994,0.9994,0.9995,0.9996,0.9996,0.9996,0.9997,0.9997,0.9997
0.9997,0.9998,0.9998,0.9998,0.9998,0.9999,0.9999,0.9999,0.9999,0.9999
1.0000,1.0000,1.0000,1.0000,1.0000,1.0000,1.0000,1.0000,1.0000,1.0000
hwc1y1fract=0.0000,0.0000,0.0001,0.0001,0.0002,0.0003,0.0003,0.0004
0.0004,0.0005,0.0006,0.0007,0.0009,0.0011,0.0014,0.0018,0.0025,0.0034
0.0047,0.0068,0.0110,0.0173,0.0267,0.0392,0.0540,0.0717,0.0906,0.1116
0.1334,0.1557,0.1789,0.2021,0.2254,0.2485,0.2717,0.2945,0.3175,0.3400
0.3627,0.3846,0.4063,0.4282,0.4496,0.4711,0.4922,0.5136,0.5340,0.5548
0.5754,0.5959,0.6164,0.6360,0.6559,0.6764,0.6960,0.7155,0.7345,0.7535
0.7722,0.7905,0.8077,0.8251,0.8411,0.8565,0.8709,0.8846,0.8970,0.9079
0.9180,0.9273,0.9355,0.9427,0.9493,0.9552,0.9601,0.9647,0.9689,0.9725
0.9755,0.9784,0.9810,0.9833,0.9852,0.9870,0.9885,0.9898,0.9910,0.9920
0.9928,0.9935,0.9942,0.9948,0.9954,0.9958,0.9962,0.9966,0.9969,0.9972
0.9975,0.9978,0.9980,0.9982,0.9984,0.9985,0.9987,0.9989,0.9990,0.9992
0.9993,0.9994,0.9995,0.9996,0.9996,0.9997,0.9997,0.9997,0.9998,0.9998
0.9998,0.9998,0.9998,0.9999,0.9999,0.9999,0.9999,0.9999,0.9999,0.9999
0.9999,0.9999,1.0000,1.0000,1.0000,1.0000,1.0000,1.0000,1.0000,1.0000
hwc1u1fract=0.0000,0.0000,0.0000,0.0000,0.0001,0.0001,0.0001,0.0001
0.0001,0.0002,0.0002,0.0003,0.0003,0.0003,0.0005,0.0007,0.0014,0.0025
0.0041,0.0064,0.0100,0.0156,0.0237,0.0349,0.0478,0.0631,0.0802,0.0990
0.1185,0.1391,0.1603,0.1815,0.2037,0.2256,0.2479,0.2704,0.2930,0.3155
0.3374,0.3598,0.3818,0.4032,0.4250,0.4468,0.4677,0.4893,0.5107,0.5316
0.5529,0.5737,0.5941,0.6149,0.6352,0.6555,0.6751,0.6946,0.7138,0.7333
0.7515,0.7702,0.7882,0.8053,0.8223,0.8380,0.8533,0.8676,0.8808,0.8928
0.9039,0.9142,0.9236,0.9317,0.9391,0.9455,0.9515,0.9571,0.9620,0.9662
0.9701,0.9736,0.9767,0.9796,0.9822,0.9844,0.9863,0.9880,0.9894,0.9907
0.9918,0.9926,0.9933,0.9939,0.9946,0.9951,0.9956,0.9959,0.9962,0.9966
0.9970,0.9973,0.9975,0.9977,0.9980,0.9982,0.9984,0.9985,0.9987,0.9988
0.9989,0.9990,0.9991,0.9993,0.9993,0.9994,0.9995,0.9995,0.9996,0.9996
0.9997,0.9997,0.9998,0.9998,0.9998,0.9999,0.9999,0.9999,0.9999,0.9999
0.9999,0.9999,1.0000,1.0000,1.0000,1.0000,1.0000,1.0000,1.0000,1.0000
hwc1v1fract=0.0000,0.0000,0.0000,0.0000,0.0000,0.0001,0.0001,0.0001
0.0001,0.0002,0.0002,0.0002,0.0003,0.0005,0.0006,0.0008,0.0012,0.0020
0.0033,0.0060,0.0109,0.0186,0.0289,0.0427,0.0586,0.0766,0.0961,0.1160
0.1368,0.1573,0.1783,0.2005,0.2229,0.2446,0.2668,0.2891,0.3110,0.3327
0.3546,0.3760,0.3980,0.4197,0.4411,0.4617,0.4831,0.5041,0.5251,0.5463
0.5670,0.5875,0.6082,0.6281,0.6477,0.6673,0.6869,0.7061,0.7259,0.7450
0.7640,0.7828,0.8007,0.8184,0.8354,0.8516,0.8665,0.8806,0.8937,0.9052
0.9156,0.9246,0.9328,0.9400,0.9463,0.9520,0.9575,0.9624,0.9668,0.9709
0.9744,0.9776,0.9804,0.9830,0.9849,0.9869,0.9886,0.9899,0.9910,0.9920
0.9929,0.9936,0.9942,0.9947,0.9953,0.9957,0.9960,0.9964,0.9967,0.9970
0.9972,0.9975,0.9977,0.9980,0.9982,0.9984,0.9986,0.9988,0.9989,0.9990
0.9991,0.9992,0.9993,0.9994,0.9995,0.9996,0.9996,0.9997,0.9997,0.9998
0.9998,0.9999,0.9999,0.9999,0.9999,0.9999,0.9999,0.9999,1.0000,1.0000
1.0000,1.0000,1.0000,1.0000,1.0000,1.0000,1.0000,1.0000,1.0000,1.0000
hwc1y2fract=0.0000,0.0000,0.0000,0.0000,0.0001,0.0001,0.0001,0.0001
0.0002,0.0002,0.0002,0.0003,0.0004,0.0005,0.0007,0.0009,0.0015,0.0025
0.0043,0.0073,0.0123,0.0199,0.0303,0.0438,0.0597,0.0771,0.0967,0.1168
0.1386,0.1613,0.1833,0.2059,0.2290,0.2523,0.2749,0.2974,0.3202,0.3427
0.3648,0.3869,0.4091,0.4310,0.4525,0.4734,0.4949,0.5156,0.5361,0.5569
0.5771,0.5977,0.6182,0.6385,0.6584,0.6783,0.6983,0.7174,0.7363,0.7549
0.7733,0.7911,0.8083,0.8252,0.8408,0.8553,0.8697,0.8830,0.8951,0.9059
0.9156,0.9248,0.9325,0.9400,0.9467,0.9527,0.9579,0.9624,0.9666,0.9703
0.9736,0.9767,0.9793,0.9815,0.9835,0.9854,0.9868,0.9882,0.9893,0.9904
0.9914,0.9922,0.9930,0.9937,0.9943,0.9948,0.9952,0.9956,0.9961,0.9964
0.9967,0.9971,0.9974,0.9976,0.9978,0.9981,0.9983,0.9985,0.9987,0.9989
0.9990,0.9991,0.9992,0.9993,0.9994,0.9995,0.9995,0.9996,0.9996,0.9997
0.9997,0.9998,0.9998,0.9998,0.9998,0.9998,0.9999,0.9999,0.9999,0.9999
0.9999,0.9999,0.9999,1.0000,1.0000,1.0000,1.0000,1.0000,1.0000,1.0000
hwc1x2fract=0.0000,0.0000,0.0000,0.0001,0.0001,0.0001,0.0002,0.0002
0.0003,0.0003,0.0004,0.0005,0.0006,0.0007,0.0010,0.0013,0.0018,0.0028
0.0044,0.0074,0.0119,0.0183,0.0273,0.0380,0.0507,0.0647,0.0798,0.0962
0.1139,0.1325,0.1525,0.1723,0.1926,0.2135,0.2350,0.2562,0.2785,0.3002
0.3223,0.3451,0.3681,0.3907,0.4134,0.4360,0.4582,0.4803,0.5023,0.5243
0.5460,0.5682,0.5896,0.6103,0.6312,0.6521,0.6728,0.6931,0.7131,0.7327
0.7516,0.7705,0.7891,0.8066,0.8238,0.8400,0.8560,0.8708,0.8839,0.8963
0.9075,0.9179,0.9273,0.9359,0.9437,0.9504,0.9566,0.9625,0.9676,0.9722
0.9763,0.9800,0.9832,0.9858,0.9879,0.9896,0.9912,0.9924,0.9935,0.9944
0.9951,0.9958,0.9962,0.9966,0.9970,0.9973,0.9976,0.9978,0.9980,0.9982
0.9983,0.9985,0.9986,0.9988,0.9989,0.9991,0.9992,0.9992,0.9993,0.9994
0.9995,0.9996,0.9996,0.9996,0.9997,0.9997,0.9997,0.9997,0.9998,0.9998
0.9998,0.9999,0.9999,0.9999,0.9999,0.9999,0.9999,1.0000,1.0000,1.0000
1.0000,1.0000,1.0000,1.0000,1.0000,1.0000,1.0000,1.0000,1.0000,1.0000
hwc2x1fract=0.0000,0.0001,0.0001,0.0002,0.0002,0.0003,0.0004,0.0005
0.0006,0.0007,0.0008,0.0010,0.0012,0.0014,0.0016,0.0020,0.0024,0.0032
0.0044,0.0068,0.0106,0.0162,0.0233,0.0321,0.0431,0.0562,0.0703,0.0855
0.1022,0.1191,0.1373,0.1562,0.1757,0.1962,0.2171,0.2382,0.2597,0.2815
0.3039,0.3262,0.3486,0.3709,0.3932,0.4155,0.4377,0.4604,0.4830,0.5046
0.5269,0.5491,0.5708,0.5921,0.6142,0.6358,0.6570,0.6777,0.6987,0.7189
0.7389,0.7588,0.7781,0.7969,0.8146,0.8317,0.8483,0.8633,0.8775,0.8903
0.9023,0.9135,0.9237,0.9329,0.9409,0.9483,0.9549,0.9611,0.9663,0.9709
0.9751,0.9787,0.9817,0.9845,0.9869,0.9888,0.9905,0.9918,0.9929,0.9939
0.9947,0.9953,0.9958,0.9963,0.9967,0.9970,0.9973,0.9975,0.9978,0.9981
0.9982,0.9984,0.9986,0.9988,0.9989,0.9990,0.9991,0.9992,0.9993,0.9994
0.9995,0.9995,0.9996,0.9996,0.9997,0.9997,0.9997,0.9997,0.9998,0.9998
0.9998,0.9998,0.9999,0.9999,0.9999,0.9999,0.9999,0.9999,0.9999,0.9999
0.9999,0.9999,0.9999,0.9999,0.9999,1.0000,1.0000,1.0000,1.0000,1.0000
hwc2y1fract=0.0000,0.0000,0.0001,0.0001,0.0001,0.0001,0.0001,0.0002
0.0002,0.0002,0.0003,0.0003,0.0004,0.0004,0.0005,0.0007,0.0009,0.0015
0.0025,0.0045,0.0082,0.0147,0.0240,0.0363,0.0515,0.0698,0.0895,0.1107
0.1337,0.1571,0.1814,0.2050,0.2289,0.2530,0.2765,0.3001,0.3231,0.3459
0.3684,0.3914,0.4135,0.4356,0.4576,0.4794,0.5006,0.5215,0.5422,0.5632
0.5839,0.6047,0.6246,0.6450,0.6648,0.6846,0.7041,0.7234,0.7427,0.7611
0.7796,0.7972,0.8150,0.8321,0.8487,0.8642,0.8784,0.8922,0.9045,0.9158
0.9254,0.9340,0.9422,0.9492,0.9553,0.9605,0.9651,0.9693,0.9729,0.9761
0.9790,0.9814,0.9835,0.9855,0.9870,0.9884,0.9897,0.9908,0.9917,0.9926
0.9934,0.9940,0.9945,0.9950,0.9954,0.9958,0.9962,0.9965,0.9968,0.9971
0.9973,0.9975,0.9977,0.9979,0.9981,0.9982,0.9984,0.9986,0.9987,0.9988
0.9990,0.9991,0.9992,0.9994,0.9994,0.9995,0.9996,0.9996,0.9996,0.9997
0.9997,0.9998,0.9998,0.9998,0.9999,0.9999,0.9999,0.9999,0.9999,0.9999
0.9999,0.9999,1.0000,1.0000,1.0000,1.0000,1.0000,1.0000,1.0000,1.0000
hwc2u1fract=0.0000,0.0000,0.0000,0.0000,0.0000,0.0000,0.0000,0.0001
0.0001,0.0001,0.0002,0.0002,0.0003,0.0004,0.0005,0.0006,0.0009,0.0015
0.0029,0.0059,0.0119,0.0216,0.0351,0.0513,0.0698,0.0907,0.1129,0.1358
0.1592,0.1827,0.2068,0.2302,0.2535,0.2771,0.3010,0.3242,0.3463,0.3694
0.3916,0.4137,0.4352,0.4569,0.4784,0.4993,0.5201,0.5413,0.5617,0.5819
0.6014,0.6209,0.6402,0.6601,0.6799,0.6994,0.7187,0.7382,0.7571,0.7751
0.7932,0.8110,0.8281,0.8446,0.8602,0.8748,0.8884,0.9008,0.9118,0.9220
0.9308,0.9387,0.9459,0.9517,0.9573,0.9619,0.9662,0.9700,0.9735,0.9766
0.9793,0.9816,0.9837,0.9855,0.9870,0.9884,0.9896,0.9906,0.9915,0.9923
0.9930,0.9936,0.9941,0.9945,0.9949,0.9954,0.9957,0.9961,0.9964,0.9967
0.9969,0.9972,0.9975,0.9977,0.9979,0.9981,0.9983,0.9985,0.9987,0.9989
0.9990,0.9991,0.9992,0.9993,0.9994,0.9995,0.9996,0.9996,0.9997,0.9997
0.9997,0.9998,0.9998,0.9999,0.9999,0.9999,0.9999,0.9999,0.9999,0.9999
1.0000,1.0000,1.0000,1.0000,1.0000,1.0000,1.0000,1.0000,1.0000,1.0000
hwc2v1fract=0.0000,0.0000,0.0000,0.0000,0.0001,0.0001,0.0001,0.0001
0.0001,0.0002,0.0002,0.0003,0.0003,0.0004,0.0005,0.0007,0.0010,0.0016
0.0025,0.0045,0.0088,0.0165,0.0282,0.0426,0.0599,0.0801,0.1018,0.1238
0.1460,0.1685,0.1922,0.2155,0.2397,0.2634,0.2866,0.3094,0.3323,0.3546
0.3768,0.3987,0.4204,0.4421,0.4635,0.4846,0.5063,0.5267,0.5472,0.5677
0.5884,0.6081,0.6281,0.6473,0.6667,0.6859,0.7053,0.7239,0.7430,0.7616
0.7808,0.7986,0.8162,0.8328,0.8492,0.8646,0.8790,0.8922,0.9044,0.9154
0.9254,0.9336,0.9411,0.9479,0.9538,0.9591,0.9634,0.9675,0.9713,0.9744
0.9774,0.9800,0.9824,0.9843,0.9862,0.9878,0.9892,0.9904,0.9914,0.9924
0.9932,0.9937,0.9943,0.9948,0.9953,0.9957,0.9960,0.9963,0.9966,0.9969
0.9972,0.9975,0.9978,0.9980,0.9982,0.9984,0.9986,0.9988,0.9989,0.9991
0.9992,0.9993,0.9994,0.9995,0.9995,0.9996,0.9997,0.9997,0.9998,0.9998
0.9998,0.9998,0.9999,0.9999,0.9999,0.9999,0.9999,0.9999,1.0000,1.0000
1.0000,1.0000,1.0000,1.0000,1.0000,1.0000,1.0000,1.0000,1.0000,1.0000
hwc2y2fract=0.0000,0.0000,0.0000,0.0001,0.0001,0.0001,0.0001,0.0002
0.0002,0.0003,0.0003,0.0004,0.0005,0.0006,0.0007,0.0009,0.0014,0.0021
0.0034,0.0056,0.0097,0.0161,0.0262,0.0394,0.0554,0.0743,0.0955,0.1178
0.1404,0.1640,0.1873,0.2104,0.2335,0.2574,0.2808,0.3038,0.3271,0.3500
0.3729,0.3954,0.4175,0.4393,0.4609,0.4823,0.5032,0.5247,0.5458,0.5660
0.5863,0.6071,0.6274,0.6478,0.6681,0.6880,0.7076,0.7269,0.7454,0.7641
0.7825,0.8003,0.8178,0.8348,0.8509,0.8664,0.8807,0.8938,0.9056,0.9165
0.9265,0.9351,0.9428,0.9495,0.9557,0.9606,0.9653,0.9694,0.9730,0.9762
0.9789,0.9813,0.9834,0.9852,0.9871,0.9885,0.9898,0.9908,0.9917,0.9926
0.9934,0.9940,0.9946,0.9951,0.9956,0.9959,0.9963,0.9967,0.9969,0.9971
0.9974,0.9976,0.9978,0.9980,0.9982,0.9983,0.9985,0.9986,0.9987,0.9989
0.9990,0.9992,0.9992,0.9993,0.9994,0.9995,0.9995,0.9996,0.9997,0.9997
0.9997,0.9998,0.9998,0.9999,0.9999,0.9999,0.9999,0.9999,0.9999,0.9999
0.9999,1.0000,1.0000,1.0000,1.0000,1.0000,1.0000,1.0000,1.0000,1.0000
hwc2x2fract=0.0000,0.0001,0.0001,0.0002,0.0002,0.0002,0.0003,0.0003
0.0004,0.0004,0.0005,0.0006,0.0008,0.0009,0.0012,0.0014,0.0019,0.0027
0.0041,0.0062,0.0094,0.0146,0.0215,0.0309,0.0420,0.0550,0.0700,0.0862
0.1032,0.1219,0.1402,0.1603,0.1809,0.2015,0.2232,0.2449,0.2667,0.2892
0.3117,0.3342,0.3566,0.3800,0.4022,0.4246,0.4468,0.4687,0.4909,0.5125
0.5348,0.5568,0.5779,0.5998,0.6213,0.6424,0.6631,0.6839,0.7041,0.7240
0.7438,0.7631,0.7815,0.8003,0.8179,0.8349,0.8510,0.8660,0.8798,0.8929
0.9047,0.9155,0.9253,0.9341,0.9421,0.9492,0.9556,0.9613,0.9666,0.9714
0.9752,0.9787,0.9817,0.9844,0.9866,0.9885,0.9901,0.9915,0.9927,0.9937
0.9945,0.9952,0.9957,0.9961,0.9966,0.9968,0.9972,0.9974,0.9978,0.9980
0.9982,0.9984,0.9986,0.9988,0.9989,0.9990,0.9991,0.9992,0.9993,0.9994
0.9994,0.9995,0.9996,0.9996,0.9997,0.9997,0.9997,0.9998,0.9998,0.9998
0.9999,0.9999,0.9999,0.9999,0.9999,0.9999,0.9999,0.9999,1.0000,1.0000
1.0000,1.0000,1.0000,1.0000,1.0000,1.0000,1.0000,1.0000,1.0000,1.0000
