; Lookup table
;number of bins in Meek's time to distance lookup table
hdriftbins=138
;number of 1st bin in Meek's table in ns
hdrift1stbin=-24
;bin size in ns of Meek's table
hdriftbinsz=2
hwc1x1fract=0.0001,0.0002,0.0003,0.0004,0.0005,0.0006,0.0007,0.0008
0.0010,0.0011,0.0013,0.0015,0.0017,0.0020,0.0023,0.0027,0.0032,0.0041
0.0054,0.0074,0.0106,0.0157,0.0227,0.0315,0.0422,0.0543,0.0678,0.0824
0.0982,0.1150,0.1332,0.1522,0.1717,0.1921,0.2129,0.2337,0.2554,0.2777
0.3000,0.3226,0.3450,0.3678,0.3903,0.4133,0.4361,0.4591,0.4815,0.5039
0.5265,0.5487,0.5708,0.5924,0.6141,0.6357,0.6563,0.6773,0.6980,0.7179
0.7378,0.7567,0.7749,0.7929,0.8104,0.8271,0.8427,0.8575,0.8710,0.8835
0.8952,0.9061,0.9162,0.9254,0.9339,0.9417,0.9490,0.9555,0.9614,0.9667
0.9714,0.9755,0.9791,0.9820,0.9845,0.9867,0.9883,0.9897,0.9908,0.9917
0.9925,0.9932,0.9938,0.9942,0.9946,0.9950,0.9953,0.9956,0.9958,0.9960
0.9963,0.9965,0.9967,0.9969,0.9971,0.9972,0.9974,0.9975,0.9976,0.9978
0.9979,0.9980,0.9981,0.9982,0.9983,0.9984,0.9985,0.9986,0.9986,0.9987
0.9988,0.9989,0.9990,0.9991,0.9991,0.9992,0.9993,0.9993,0.9994,0.9994
0.9995,0.9995,0.9996,0.9997,0.9997,0.9998,0.9999,0.9999,0.9999,1.0000
hwc1y1fract=0.0000,0.0001,0.0002,0.0002,0.0003,0.0004,0.0005,0.0006
0.0007,0.0008,0.0009,0.0011,0.0013,0.0016,0.0019,0.0024,0.0032,0.0044
0.0065,0.0099,0.0153,0.0233,0.0341,0.0473,0.0632,0.0810,0.1001,0.1212
0.1428,0.1653,0.1880,0.2113,0.2350,0.2581,0.2816,0.3048,0.3278,0.3511
0.3740,0.3968,0.4192,0.4411,0.4629,0.4844,0.5061,0.5269,0.5476,0.5686
0.5891,0.6096,0.6293,0.6497,0.6697,0.6892,0.7084,0.7274,0.7460,0.7645
0.7825,0.7999,0.8164,0.8321,0.8474,0.8616,0.8747,0.8873,0.8985,0.9085
0.9176,0.9261,0.9335,0.9405,0.9463,0.9518,0.9567,0.9612,0.9654,0.9692
0.9724,0.9752,0.9780,0.9802,0.9822,0.9840,0.9855,0.9870,0.9883,0.9894
0.9904,0.9912,0.9920,0.9927,0.9932,0.9938,0.9942,0.9946,0.9950,0.9953
0.9956,0.9959,0.9962,0.9964,0.9967,0.9969,0.9970,0.9972,0.9974,0.9976
0.9977,0.9979,0.9980,0.9982,0.9983,0.9984,0.9985,0.9986,0.9986,0.9987
0.9988,0.9989,0.9990,0.9990,0.9991,0.9992,0.9993,0.9993,0.9994,0.9995
0.9995,0.9996,0.9996,0.9997,0.9997,0.9998,0.9999,0.9999,0.9999,1.0000
hwc1u1fract=0.0000,0.0001,0.0001,0.0001,0.0002,0.0002,0.0003,0.0003
0.0004,0.0004,0.0005,0.0006,0.0007,0.0007,0.0008,0.0010,0.0012,0.0017
0.0029,0.0054,0.0099,0.0171,0.0272,0.0398,0.0544,0.0710,0.0886,0.1077
0.1278,0.1490,0.1703,0.1922,0.2146,0.2374,0.2606,0.2833,0.3062,0.3293
0.3518,0.3745,0.3968,0.4194,0.4416,0.4637,0.4852,0.5064,0.5276,0.5490
0.5698,0.5905,0.6108,0.6311,0.6510,0.6708,0.6902,0.7094,0.7283,0.7469
0.7649,0.7825,0.7995,0.8164,0.8324,0.8475,0.8612,0.8744,0.8863,0.8973
0.9071,0.9160,0.9242,0.9314,0.9381,0.9444,0.9502,0.9556,0.9605,0.9650
0.9690,0.9727,0.9759,0.9786,0.9811,0.9832,0.9850,0.9866,0.9879,0.9890
0.9900,0.9908,0.9915,0.9921,0.9927,0.9933,0.9937,0.9942,0.9946,0.9950
0.9953,0.9956,0.9959,0.9961,0.9964,0.9967,0.9969,0.9971,0.9972,0.9974
0.9976,0.9977,0.9978,0.9980,0.9981,0.9982,0.9983,0.9984,0.9986,0.9987
0.9987,0.9988,0.9989,0.9990,0.9991,0.9992,0.9992,0.9993,0.9994,0.9994
0.9995,0.9995,0.9996,0.9997,0.9997,0.9998,0.9998,0.9999,0.9999,1.0000
hwc1v1fract=0.0000,0.0001,0.0001,0.0002,0.0002,0.0003,0.0004,0.0004
0.0005,0.0005,0.0006,0.0007,0.0009,0.0010,0.0013,0.0018,0.0028,0.0043
0.0071,0.0119,0.0193,0.0294,0.0416,0.0562,0.0716,0.0892,0.1074,0.1265
0.1460,0.1664,0.1873,0.2087,0.2301,0.2520,0.2739,0.2961,0.3184,0.3409
0.3631,0.3849,0.4071,0.4293,0.4513,0.4732,0.4950,0.5169,0.5381,0.5594
0.5806,0.6014,0.6216,0.6424,0.6624,0.6829,0.7025,0.7221,0.7418,0.7604
0.7788,0.7971,0.8147,0.8317,0.8473,0.8620,0.8755,0.8878,0.8992,0.9092
0.9181,0.9260,0.9333,0.9401,0.9462,0.9519,0.9573,0.9622,0.9667,0.9708
0.9744,0.9775,0.9804,0.9829,0.9849,0.9867,0.9881,0.9893,0.9904,0.9913
0.9920,0.9927,0.9932,0.9937,0.9941,0.9945,0.9949,0.9953,0.9957,0.9960
0.9963,0.9965,0.9967,0.9969,0.9971,0.9973,0.9975,0.9976,0.9978,0.9979
0.9980,0.9981,0.9982,0.9983,0.9984,0.9985,0.9986,0.9987,0.9988,0.9989
0.9989,0.9990,0.9991,0.9992,0.9993,0.9993,0.9994,0.9994,0.9995,0.9995
0.9996,0.9996,0.9997,0.9997,0.9998,0.9998,0.9999,0.9999,1.0000,1.0000
hwc1y2fract=0.0000,0.0001,0.0001,0.0002,0.0002,0.0003,0.0004,0.0004
0.0005,0.0005,0.0006,0.0007,0.0008,0.0009,0.0010,0.0013,0.0018,0.0026
0.0042,0.0071,0.0117,0.0187,0.0281,0.0401,0.0547,0.0709,0.0892,0.1085
0.1294,0.1508,0.1731,0.1957,0.2185,0.2420,0.2653,0.2882,0.3112,0.3337
0.3568,0.3794,0.4018,0.4242,0.4461,0.4677,0.4892,0.5109,0.5321,0.5527
0.5736,0.5944,0.6148,0.6351,0.6550,0.6746,0.6943,0.7136,0.7325,0.7508
0.7687,0.7863,0.8035,0.8195,0.8348,0.8494,0.8632,0.8757,0.8876,0.8983
0.9079,0.9169,0.9250,0.9323,0.9389,0.9450,0.9505,0.9555,0.9601,0.9642
0.9681,0.9715,0.9745,0.9771,0.9794,0.9815,0.9833,0.9849,0.9862,0.9874
0.9885,0.9896,0.9904,0.9912,0.9919,0.9926,0.9932,0.9937,0.9940,0.9945
0.9948,0.9952,0.9955,0.9958,0.9961,0.9964,0.9966,0.9969,0.9971,0.9973
0.9974,0.9976,0.9977,0.9979,0.9980,0.9982,0.9983,0.9985,0.9986,0.9987
0.9988,0.9988,0.9989,0.9990,0.9991,0.9992,0.9992,0.9993,0.9993,0.9994
0.9995,0.9995,0.9996,0.9996,0.9997,0.9997,0.9998,0.9999,0.9999,1.0000
hwc1x2fract=0.0001,0.0001,0.0002,0.0003,0.0004,0.0004,0.0005,0.0006
0.0007,0.0008,0.0009,0.0011,0.0012,0.0015,0.0017,0.0022,0.0028,0.0041
0.0062,0.0098,0.0153,0.0226,0.0320,0.0432,0.0560,0.0699,0.0855,0.1020
0.1193,0.1379,0.1572,0.1774,0.1980,0.2195,0.2412,0.2635,0.2856,0.3081
0.3312,0.3541,0.3769,0.3997,0.4227,0.4456,0.4680,0.4905,0.5130,0.5348
0.5567,0.5783,0.6000,0.6213,0.6424,0.6631,0.6835,0.7036,0.7235,0.7431
0.7618,0.7803,0.7983,0.8153,0.8312,0.8465,0.8609,0.8739,0.8864,0.8977
0.9083,0.9183,0.9273,0.9356,0.9431,0.9502,0.9565,0.9623,0.9673,0.9717
0.9757,0.9791,0.9819,0.9843,0.9863,0.9880,0.9894,0.9906,0.9916,0.9924
0.9930,0.9935,0.9940,0.9945,0.9948,0.9952,0.9955,0.9957,0.9960,0.9962
0.9964,0.9966,0.9968,0.9969,0.9971,0.9972,0.9974,0.9975,0.9976,0.9978
0.9979,0.9980,0.9981,0.9982,0.9983,0.9984,0.9985,0.9986,0.9987,0.9988
0.9989,0.9989,0.9990,0.9990,0.9991,0.9992,0.9993,0.9993,0.9994,0.9995
0.9995,0.9995,0.9996,0.9996,0.9997,0.9998,0.9998,0.9999,0.9999,1.0000
hwc2x1fract=0.0001,0.0001,0.0002,0.0003,0.0004,0.0005,0.0006,0.0007
0.0008,0.0010,0.0012,0.0014,0.0017,0.0020,0.0024,0.0029,0.0038,0.0053
0.0079,0.0117,0.0170,0.0239,0.0325,0.0432,0.0551,0.0684,0.0831,0.0991
0.1161,0.1340,0.1527,0.1728,0.1930,0.2138,0.2357,0.2574,0.2796,0.3020
0.3245,0.3471,0.3700,0.3928,0.4161,0.4385,0.4611,0.4838,0.5062,0.5283
0.5505,0.5722,0.5944,0.6162,0.6378,0.6589,0.6799,0.7006,0.7212,0.7406
0.7600,0.7789,0.7969,0.8144,0.8311,0.8468,0.8614,0.8750,0.8875,0.8991
0.9097,0.9196,0.9285,0.9365,0.9439,0.9507,0.9569,0.9625,0.9676,0.9720
0.9761,0.9794,0.9825,0.9850,0.9870,0.9886,0.9899,0.9910,0.9919,0.9927
0.9934,0.9939,0.9944,0.9948,0.9952,0.9955,0.9958,0.9961,0.9963,0.9965
0.9967,0.9969,0.9971,0.9973,0.9974,0.9976,0.9977,0.9979,0.9980,0.9981
0.9982,0.9983,0.9984,0.9985,0.9986,0.9986,0.9987,0.9988,0.9989,0.9990
0.9990,0.9991,0.9992,0.9992,0.9993,0.9993,0.9994,0.9995,0.9995,0.9996
0.9996,0.9997,0.9997,0.9998,0.9998,0.9998,0.9999,0.9999,1.0000,1.0000
hwc2y1fract=0.0000,0.0001,0.0001,0.0002,0.0002,0.0002,0.0003,0.0003
0.0004,0.0004,0.0005,0.0006,0.0006,0.0007,0.0008,0.0010,0.0014,0.0022
0.0036,0.0064,0.0116,0.0196,0.0304,0.0440,0.0605,0.0786,0.0991,0.1205
0.1433,0.1667,0.1912,0.2152,0.2396,0.2638,0.2874,0.3111,0.3349,0.3583
0.3813,0.4044,0.4271,0.4492,0.4711,0.4924,0.5137,0.5346,0.5553,0.5759
0.5963,0.6169,0.6374,0.6576,0.6773,0.6968,0.7162,0.7354,0.7544,0.7728
0.7906,0.8079,0.8246,0.8402,0.8552,0.8694,0.8824,0.8944,0.9053,0.9149
0.9238,0.9318,0.9387,0.9453,0.9508,0.9558,0.9605,0.9648,0.9686,0.9719
0.9750,0.9775,0.9798,0.9817,0.9835,0.9850,0.9863,0.9875,0.9886,0.9896
0.9905,0.9913,0.9920,0.9926,0.9932,0.9937,0.9941,0.9945,0.9949,0.9953
0.9955,0.9958,0.9961,0.9963,0.9966,0.9968,0.9970,0.9972,0.9974,0.9977
0.9978,0.9979,0.9981,0.9982,0.9983,0.9985,0.9986,0.9987,0.9988,0.9989
0.9989,0.9990,0.9991,0.9992,0.9992,0.9993,0.9993,0.9994,0.9995,0.9995
0.9996,0.9996,0.9997,0.9997,0.9998,0.9998,0.9999,0.9999,1.0000,1.0000
hwc2u1fract=0.0000,0.0001,0.0001,0.0001,0.0002,0.0002,0.0002,0.0003
0.0003,0.0004,0.0005,0.0005,0.0006,0.0007,0.0008,0.0010,0.0016,0.0026
0.0046,0.0092,0.0168,0.0276,0.0416,0.0579,0.0765,0.0967,0.1180,0.1402
0.1633,0.1866,0.2105,0.2342,0.2577,0.2814,0.3048,0.3279,0.3510,0.3741
0.3970,0.4193,0.4416,0.4635,0.4851,0.5062,0.5274,0.5481,0.5689,0.5892
0.6094,0.6297,0.6497,0.6692,0.6889,0.7084,0.7275,0.7462,0.7651,0.7831
0.8011,0.8182,0.8347,0.8501,0.8646,0.8784,0.8908,0.9019,0.9120,0.9210
0.9291,0.9363,0.9427,0.9486,0.9537,0.9583,0.9627,0.9667,0.9703,0.9735
0.9766,0.9792,0.9815,0.9835,0.9852,0.9866,0.9879,0.9890,0.9899,0.9907
0.9914,0.9921,0.9926,0.9931,0.9936,0.9940,0.9944,0.9948,0.9952,0.9955
0.9958,0.9961,0.9963,0.9966,0.9969,0.9971,0.9973,0.9974,0.9976,0.9978
0.9979,0.9981,0.9982,0.9983,0.9984,0.9985,0.9986,0.9987,0.9988,0.9989
0.9990,0.9991,0.9992,0.9992,0.9993,0.9994,0.9994,0.9994,0.9995,0.9996
0.9996,0.9996,0.9997,0.9997,0.9998,0.9998,0.9999,0.9999,1.0000,1.0000
hwc2v1fract=0.0000,0.0001,0.0001,0.0002,0.0002,0.0003,0.0003,0.0004
0.0005,0.0006,0.0006,0.0007,0.0009,0.0010,0.0013,0.0017,0.0025,0.0040
0.0072,0.0130,0.0220,0.0340,0.0489,0.0662,0.0853,0.1057,0.1271,0.1494
0.1721,0.1951,0.2188,0.2423,0.2659,0.2896,0.3128,0.3361,0.3588,0.3817
0.4042,0.4263,0.4484,0.4698,0.4914,0.5126,0.5337,0.5546,0.5751,0.5955
0.6158,0.6358,0.6558,0.6756,0.6950,0.7142,0.7333,0.7517,0.7701,0.7880
0.8055,0.8221,0.8382,0.8535,0.8677,0.8805,0.8923,0.9031,0.9129,0.9215
0.9294,0.9365,0.9428,0.9486,0.9538,0.9587,0.9629,0.9669,0.9706,0.9738
0.9767,0.9792,0.9814,0.9834,0.9852,0.9866,0.9878,0.9889,0.9898,0.9907
0.9915,0.9921,0.9927,0.9933,0.9937,0.9942,0.9947,0.9950,0.9954,0.9956
0.9959,0.9962,0.9965,0.9967,0.9969,0.9971,0.9973,0.9975,0.9977,0.9978
0.9980,0.9981,0.9983,0.9984,0.9985,0.9986,0.9987,0.9988,0.9989,0.9990
0.9990,0.9991,0.9992,0.9993,0.9993,0.9994,0.9994,0.9995,0.9995,0.9996
0.9996,0.9997,0.9997,0.9998,0.9998,0.9999,0.9999,0.9999,1.0000,1.0000
hwc2y2fract=0.0001,0.0001,0.0002,0.0002,0.0003,0.0003,0.0004,0.0004
0.0005,0.0006,0.0006,0.0007,0.0007,0.0008,0.0010,0.0013,0.0019,0.0029
0.0048,0.0082,0.0138,0.0223,0.0339,0.0484,0.0656,0.0844,0.1054,0.1276
0.1507,0.1744,0.1979,0.2222,0.2465,0.2706,0.2940,0.3177,0.3412,0.3645
0.3876,0.4099,0.4323,0.4544,0.4761,0.4978,0.5188,0.5397,0.5608,0.5812
0.6017,0.6220,0.6425,0.6624,0.6822,0.7018,0.7210,0.7399,0.7584,0.7768
0.7945,0.8117,0.8281,0.8438,0.8586,0.8727,0.8854,0.8970,0.9075,0.9172
0.9257,0.9334,0.9403,0.9464,0.9519,0.9568,0.9613,0.9654,0.9690,0.9725
0.9756,0.9782,0.9804,0.9823,0.9839,0.9855,0.9869,0.9881,0.9891,0.9900
0.9908,0.9916,0.9923,0.9929,0.9934,0.9939,0.9943,0.9947,0.9951,0.9955
0.9958,0.9961,0.9963,0.9966,0.9968,0.9970,0.9972,0.9974,0.9976,0.9978
0.9979,0.9980,0.9982,0.9983,0.9984,0.9985,0.9986,0.9987,0.9988,0.9989
0.9989,0.9990,0.9991,0.9991,0.9992,0.9993,0.9993,0.9994,0.9994,0.9995
0.9996,0.9996,0.9997,0.9997,0.9997,0.9998,0.9999,0.9999,1.0000,1.0000
hwc2x2fract=0.0001,0.0001,0.0002,0.0003,0.0003,0.0004,0.0005,0.0006
0.0007,0.0008,0.0009,0.0011,0.0012,0.0014,0.0017,0.0020,0.0025,0.0033
0.0046,0.0066,0.0104,0.0164,0.0245,0.0349,0.0470,0.0607,0.0761,0.0925
0.1101,0.1287,0.1480,0.1687,0.1896,0.2112,0.2334,0.2559,0.2787,0.3015
0.3249,0.3478,0.3709,0.3940,0.4167,0.4400,0.4624,0.4851,0.5075,0.5295
0.5511,0.5728,0.5941,0.6152,0.6367,0.6576,0.6782,0.6985,0.7184,0.7383
0.7577,0.7764,0.7944,0.8118,0.8282,0.8440,0.8587,0.8725,0.8850,0.8968
0.9076,0.9175,0.9263,0.9344,0.9417,0.9484,0.9545,0.9604,0.9653,0.9701
0.9740,0.9774,0.9805,0.9832,0.9854,0.9873,0.9887,0.9900,0.9910,0.9920
0.9927,0.9933,0.9939,0.9943,0.9948,0.9952,0.9955,0.9958,0.9960,0.9963
0.9965,0.9967,0.9969,0.9971,0.9973,0.9974,0.9976,0.9977,0.9979,0.9980
0.9981,0.9982,0.9983,0.9984,0.9985,0.9986,0.9987,0.9987,0.9988,0.9989
0.9989,0.9990,0.9991,0.9991,0.9992,0.9993,0.9993,0.9994,0.9994,0.9995
0.9995,0.9996,0.9997,0.9997,0.9998,0.9998,0.9999,0.9999,1.0000,1.0000
