; Lookup table
;number of bins in Meek's time to distance lookup table
hdriftbins=138
;number of 1st bin in Meek's table in ns
hdrift1stbin=-24
;bin size in ns of Meek's table
hdriftbinsz=2
hwc1x1fract=0.0000,0.0001,0.0001,0.0001,0.0002,0.0002,0.0003,0.0004
0.0005,0.0006,0.0007,0.0008,0.0010,0.0012,0.0015,0.0018,0.0024,0.0034
0.0048,0.0074,0.0114,0.0176,0.0260,0.0365,0.0486,0.0621,0.0769,0.0929
0.1099,0.1277,0.1466,0.1663,0.1865,0.2076,0.2288,0.2508,0.2733,0.2956
0.3183,0.3411,0.3637,0.3865,0.4094,0.4319,0.4545,0.4770,0.4993,0.5211
0.5430,0.5648,0.5861,0.6075,0.6287,0.6494,0.6698,0.6901,0.7097,0.7296
0.7485,0.7674,0.7855,0.8031,0.8200,0.8360,0.8507,0.8650,0.8781,0.8901
0.9013,0.9114,0.9210,0.9299,0.9379,0.9452,0.9520,0.9582,0.9638,0.9689
0.9736,0.9776,0.9813,0.9844,0.9869,0.9890,0.9907,0.9922,0.9933,0.9942
0.9950,0.9957,0.9962,0.9967,0.9971,0.9974,0.9976,0.9978,0.9980,0.9982
0.9984,0.9985,0.9986,0.9988,0.9989,0.9990,0.9991,0.9991,0.9992,0.9993
0.9994,0.9994,0.9995,0.9995,0.9996,0.9996,0.9997,0.9997,0.9997,0.9997
0.9998,0.9998,0.9998,0.9998,0.9999,0.9999,0.9999,0.9999,0.9999,0.9999
0.9999,0.9999,0.9999,1.0000,1.0000,1.0000,1.0000,1.0000,1.0000,1.0000
hwc1y1fract=0.0000,0.0000,0.0001,0.0001,0.0001,0.0002,0.0002,0.0003
0.0003,0.0004,0.0005,0.0006,0.0007,0.0008,0.0011,0.0013,0.0018,0.0026
0.0040,0.0064,0.0107,0.0178,0.0277,0.0407,0.0564,0.0743,0.0940,0.1150
0.1372,0.1599,0.1832,0.2064,0.2297,0.2531,0.2764,0.2997,0.3227,0.3453
0.3679,0.3902,0.4124,0.4343,0.4557,0.4771,0.4980,0.5189,0.5396,0.5601
0.5803,0.6007,0.6208,0.6406,0.6601,0.6796,0.6992,0.7184,0.7371,0.7552
0.7732,0.7909,0.8078,0.8243,0.8403,0.8551,0.8691,0.8818,0.8936,0.9046
0.9144,0.9232,0.9312,0.9381,0.9443,0.9501,0.9553,0.9602,0.9646,0.9685
0.9721,0.9754,0.9784,0.9808,0.9831,0.9852,0.9869,0.9884,0.9897,0.9908
0.9919,0.9928,0.9935,0.9942,0.9948,0.9954,0.9959,0.9964,0.9968,0.9972
0.9974,0.9977,0.9979,0.9981,0.9983,0.9985,0.9987,0.9988,0.9989,0.9990
0.9991,0.9992,0.9993,0.9994,0.9995,0.9995,0.9996,0.9996,0.9997,0.9997
0.9997,0.9998,0.9998,0.9998,0.9998,0.9999,0.9999,0.9999,0.9999,0.9999
0.9999,0.9999,0.9999,1.0000,1.0000,1.0000,1.0000,1.0000,1.0000,1.0000
hwc1u1fract=0.0000,0.0000,0.0000,0.0000,0.0000,0.0001,0.0001,0.0001
0.0001,0.0001,0.0002,0.0002,0.0002,0.0003,0.0004,0.0006,0.0011,0.0021
0.0037,0.0073,0.0135,0.0229,0.0352,0.0500,0.0670,0.0852,0.1046,0.1253
0.1463,0.1680,0.1904,0.2130,0.2358,0.2587,0.2814,0.3042,0.3270,0.3490
0.3712,0.3932,0.4152,0.4373,0.4588,0.4797,0.5008,0.5220,0.5429,0.5635
0.5836,0.6037,0.6238,0.6435,0.6628,0.6824,0.7014,0.7201,0.7387,0.7572
0.7754,0.7926,0.8096,0.8257,0.8410,0.8556,0.8692,0.8819,0.8932,0.9037
0.9130,0.9214,0.9292,0.9362,0.9427,0.9486,0.9540,0.9587,0.9633,0.9675
0.9714,0.9749,0.9781,0.9810,0.9833,0.9853,0.9870,0.9885,0.9898,0.9910
0.9921,0.9930,0.9937,0.9943,0.9948,0.9954,0.9959,0.9963,0.9966,0.9969
0.9972,0.9975,0.9977,0.9979,0.9981,0.9983,0.9985,0.9986,0.9987,0.9988
0.9990,0.9991,0.9992,0.9992,0.9993,0.9994,0.9995,0.9995,0.9996,0.9996
0.9997,0.9997,0.9997,0.9998,0.9998,0.9998,0.9998,0.9999,0.9999,0.9999
0.9999,0.9999,0.9999,0.9999,1.0000,1.0000,1.0000,1.0000,1.0000,1.0000
hwc1v1fract=0.0000,0.0000,0.0000,0.0000,0.0001,0.0001,0.0001,0.0001
0.0002,0.0002,0.0002,0.0003,0.0003,0.0004,0.0005,0.0008,0.0013,0.0023
0.0045,0.0086,0.0155,0.0253,0.0381,0.0534,0.0707,0.0897,0.1092,0.1299
0.1510,0.1729,0.1948,0.2173,0.2399,0.2623,0.2846,0.3070,0.3294,0.3519
0.3740,0.3966,0.4189,0.4407,0.4617,0.4832,0.5041,0.5253,0.5459,0.5665
0.5868,0.6068,0.6267,0.6466,0.6663,0.6856,0.7050,0.7242,0.7429,0.7615
0.7793,0.7969,0.8139,0.8304,0.8458,0.8607,0.8744,0.8868,0.8983,0.9084
0.9175,0.9259,0.9332,0.9398,0.9458,0.9515,0.9567,0.9613,0.9656,0.9698
0.9735,0.9769,0.9799,0.9825,0.9848,0.9867,0.9883,0.9897,0.9909,0.9919
0.9928,0.9936,0.9943,0.9949,0.9954,0.9959,0.9963,0.9967,0.9970,0.9973
0.9975,0.9978,0.9980,0.9982,0.9984,0.9985,0.9987,0.9988,0.9989,0.9990
0.9991,0.9992,0.9993,0.9994,0.9994,0.9995,0.9996,0.9996,0.9996,0.9997
0.9997,0.9998,0.9998,0.9998,0.9998,0.9998,0.9999,0.9999,0.9999,0.9999
0.9999,0.9999,0.9999,0.9999,1.0000,1.0000,1.0000,1.0000,1.0000,1.0000
hwc1y2fract=0.0000,0.0000,0.0000,0.0000,0.0001,0.0001,0.0001,0.0001
0.0001,0.0002,0.0002,0.0002,0.0003,0.0004,0.0005,0.0008,0.0013,0.0023
0.0042,0.0075,0.0130,0.0214,0.0326,0.0468,0.0633,0.0813,0.1013,0.1224
0.1444,0.1675,0.1906,0.2141,0.2372,0.2606,0.2842,0.3076,0.3305,0.3530
0.3753,0.3975,0.4194,0.4414,0.4627,0.4839,0.5047,0.5254,0.5464,0.5671
0.5877,0.6081,0.6279,0.6478,0.6673,0.6867,0.7055,0.7245,0.7426,0.7608
0.7787,0.7958,0.8123,0.8282,0.8431,0.8572,0.8706,0.8829,0.8945,0.9047
0.9142,0.9228,0.9303,0.9373,0.9436,0.9494,0.9546,0.9595,0.9638,0.9679
0.9716,0.9747,0.9774,0.9799,0.9822,0.9843,0.9860,0.9876,0.9890,0.9901
0.9912,0.9921,0.9930,0.9937,0.9944,0.9950,0.9955,0.9960,0.9964,0.9967
0.9970,0.9973,0.9976,0.9978,0.9980,0.9982,0.9983,0.9985,0.9986,0.9988
0.9989,0.9990,0.9991,0.9992,0.9993,0.9994,0.9994,0.9995,0.9995,0.9996
0.9996,0.9997,0.9997,0.9997,0.9998,0.9998,0.9998,0.9998,0.9998,0.9999
0.9999,0.9999,0.9999,0.9999,0.9999,1.0000,1.0000,1.0000,1.0000,1.0000
hwc1x2fract=0.0000,0.0000,0.0001,0.0001,0.0001,0.0002,0.0002,0.0003
0.0003,0.0004,0.0004,0.0005,0.0006,0.0008,0.0011,0.0016,0.0024,0.0040
0.0068,0.0111,0.0175,0.0263,0.0373,0.0498,0.0636,0.0787,0.0951,0.1127
0.1312,0.1502,0.1704,0.1907,0.2120,0.2338,0.2560,0.2783,0.3008,0.3236
0.3461,0.3689,0.3912,0.4141,0.4366,0.4588,0.4808,0.5022,0.5242,0.5456
0.5670,0.5884,0.6095,0.6304,0.6508,0.6710,0.6914,0.7110,0.7301,0.7490
0.7679,0.7860,0.8033,0.8203,0.8360,0.8509,0.8651,0.8779,0.8900,0.9013
0.9115,0.9208,0.9295,0.9375,0.9448,0.9514,0.9575,0.9631,0.9682,0.9727
0.9769,0.9806,0.9837,0.9863,0.9884,0.9902,0.9916,0.9928,0.9938,0.9947
0.9954,0.9960,0.9964,0.9968,0.9971,0.9974,0.9977,0.9979,0.9981,0.9983
0.9985,0.9986,0.9987,0.9988,0.9989,0.9990,0.9990,0.9991,0.9992,0.9992
0.9993,0.9993,0.9994,0.9994,0.9995,0.9995,0.9996,0.9996,0.9996,0.9997
0.9997,0.9997,0.9997,0.9998,0.9998,0.9998,0.9999,0.9999,0.9999,0.9999
0.9999,0.9999,0.9999,0.9999,0.9999,1.0000,1.0000,1.0000,1.0000,1.0000
hwc2x1fract=0.0001,0.0001,0.0001,0.0002,0.0003,0.0003,0.0004,0.0006
0.0007,0.0008,0.0010,0.0012,0.0014,0.0017,0.0022,0.0031,0.0049,0.0082
0.0130,0.0196,0.0281,0.0387,0.0512,0.0652,0.0804,0.0969,0.1146,0.1327
0.1522,0.1720,0.1926,0.2135,0.2350,0.2571,0.2792,0.3013,0.3236,0.3464
0.3691,0.3917,0.4140,0.4365,0.4596,0.4820,0.5042,0.5265,0.5484,0.5704
0.5918,0.6133,0.6339,0.6553,0.6760,0.6963,0.7165,0.7365,0.7558,0.7750
0.7934,0.8109,0.8280,0.8438,0.8586,0.8722,0.8850,0.8964,0.9070,0.9166
0.9255,0.9337,0.9412,0.9481,0.9544,0.9601,0.9655,0.9705,0.9746,0.9783
0.9818,0.9846,0.9871,0.9890,0.9906,0.9919,0.9931,0.9940,0.9947,0.9954
0.9959,0.9964,0.9968,0.9971,0.9974,0.9977,0.9979,0.9981,0.9983,0.9984
0.9986,0.9987,0.9988,0.9989,0.9990,0.9991,0.9992,0.9993,0.9994,0.9994
0.9995,0.9995,0.9996,0.9996,0.9996,0.9997,0.9997,0.9997,0.9998,0.9998
0.9998,0.9998,0.9999,0.9999,0.9999,0.9999,0.9999,0.9999,0.9999,0.9999
0.9999,1.0000,1.0000,1.0000,1.0000,1.0000,1.0000,1.0000,1.0000,1.0000
hwc2y1fract=0.0000,0.0000,0.0000,0.0000,0.0001,0.0001,0.0001,0.0001
0.0001,0.0002,0.0002,0.0002,0.0003,0.0003,0.0004,0.0005,0.0007,0.0013
0.0023,0.0044,0.0083,0.0153,0.0255,0.0390,0.0554,0.0745,0.0956,0.1181
0.1410,0.1650,0.1893,0.2138,0.2380,0.2622,0.2858,0.3093,0.3324,0.3555
0.3783,0.4007,0.4228,0.4445,0.4662,0.4876,0.5084,0.5294,0.5500,0.5704
0.5908,0.6107,0.6308,0.6505,0.6702,0.6897,0.7088,0.7277,0.7462,0.7643
0.7824,0.8001,0.8172,0.8335,0.8489,0.8637,0.8773,0.8902,0.9017,0.9122
0.9215,0.9297,0.9370,0.9436,0.9493,0.9546,0.9595,0.9638,0.9677,0.9713
0.9746,0.9776,0.9802,0.9825,0.9844,0.9861,0.9877,0.9890,0.9902,0.9912
0.9920,0.9929,0.9936,0.9943,0.9949,0.9954,0.9958,0.9962,0.9966,0.9969
0.9972,0.9975,0.9977,0.9979,0.9981,0.9983,0.9984,0.9986,0.9987,0.9988
0.9989,0.9990,0.9991,0.9992,0.9993,0.9994,0.9994,0.9995,0.9996,0.9996
0.9997,0.9997,0.9997,0.9998,0.9998,0.9998,0.9998,0.9999,0.9999,0.9999
0.9999,0.9999,0.9999,1.0000,1.0000,1.0000,1.0000,1.0000,1.0000,1.0000
hwc2u1fract=0.0000,0.0000,0.0000,0.0000,0.0000,0.0001,0.0001,0.0001
0.0001,0.0001,0.0002,0.0002,0.0002,0.0003,0.0004,0.0006,0.0010,0.0021
0.0047,0.0103,0.0195,0.0326,0.0487,0.0677,0.0883,0.1101,0.1330,0.1560
0.1798,0.2036,0.2278,0.2514,0.2748,0.2981,0.3214,0.3442,0.3668,0.3889
0.4107,0.4325,0.4538,0.4750,0.4958,0.5164,0.5370,0.5573,0.5775,0.5973
0.6174,0.6373,0.6569,0.6762,0.6956,0.7149,0.7341,0.7524,0.7703,0.7884
0.8057,0.8225,0.8388,0.8543,0.8689,0.8823,0.8944,0.9055,0.9155,0.9242
0.9318,0.9388,0.9449,0.9506,0.9555,0.9599,0.9641,0.9679,0.9713,0.9745
0.9775,0.9802,0.9825,0.9845,0.9863,0.9879,0.9892,0.9903,0.9913,0.9921
0.9929,0.9936,0.9941,0.9947,0.9952,0.9956,0.9960,0.9964,0.9967,0.9970
0.9972,0.9975,0.9977,0.9979,0.9981,0.9983,0.9984,0.9986,0.9987,0.9989
0.9990,0.9991,0.9992,0.9993,0.9994,0.9995,0.9995,0.9996,0.9997,0.9997
0.9997,0.9998,0.9998,0.9998,0.9999,0.9999,0.9999,0.9999,0.9999,0.9999
0.9999,1.0000,1.0000,1.0000,1.0000,1.0000,1.0000,1.0000,1.0000,1.0000
hwc2v1fract=0.0000,0.0000,0.0000,0.0000,0.0001,0.0001,0.0001,0.0001
0.0001,0.0002,0.0002,0.0003,0.0003,0.0004,0.0005,0.0007,0.0011,0.0019
0.0033,0.0068,0.0133,0.0234,0.0373,0.0540,0.0731,0.0940,0.1158,0.1389
0.1622,0.1860,0.2097,0.2330,0.2567,0.2802,0.3037,0.3269,0.3495,0.3720
0.3945,0.4166,0.4382,0.4594,0.4805,0.5014,0.5223,0.5426,0.5627,0.5831
0.6029,0.6228,0.6421,0.6614,0.6804,0.6993,0.7182,0.7368,0.7549,0.7731
0.7907,0.8081,0.8246,0.8408,0.8559,0.8701,0.8834,0.8957,0.9065,0.9162
0.9247,0.9325,0.9394,0.9455,0.9510,0.9561,0.9607,0.9648,0.9685,0.9721
0.9752,0.9781,0.9806,0.9827,0.9848,0.9865,0.9880,0.9892,0.9904,0.9914
0.9922,0.9930,0.9936,0.9942,0.9948,0.9953,0.9957,0.9961,0.9965,0.9968
0.9971,0.9973,0.9976,0.9978,0.9980,0.9982,0.9984,0.9985,0.9987,0.9988
0.9990,0.9991,0.9992,0.9993,0.9994,0.9995,0.9995,0.9996,0.9996,0.9997
0.9997,0.9998,0.9998,0.9998,0.9999,0.9999,0.9999,0.9999,0.9999,0.9999
0.9999,0.9999,0.9999,1.0000,1.0000,1.0000,1.0000,1.0000,1.0000,1.0000
hwc2y2fract=0.0000,0.0000,0.0000,0.0000,0.0000,0.0001,0.0001,0.0001
0.0001,0.0002,0.0002,0.0003,0.0003,0.0004,0.0005,0.0006,0.0009,0.0016
0.0028,0.0051,0.0095,0.0170,0.0278,0.0419,0.0586,0.0782,0.0991,0.1216
0.1451,0.1691,0.1936,0.2173,0.2414,0.2651,0.2890,0.3127,0.3359,0.3590
0.3816,0.4039,0.4259,0.4477,0.4692,0.4903,0.5118,0.5326,0.5529,0.5737
0.5940,0.6145,0.6348,0.6545,0.6741,0.6934,0.7125,0.7315,0.7500,0.7683
0.7860,0.8034,0.8201,0.8365,0.8519,0.8666,0.8801,0.8925,0.9042,0.9145
0.9236,0.9314,0.9387,0.9453,0.9510,0.9562,0.9610,0.9652,0.9690,0.9724
0.9756,0.9784,0.9808,0.9828,0.9846,0.9863,0.9878,0.9891,0.9903,0.9913
0.9921,0.9929,0.9935,0.9942,0.9948,0.9953,0.9958,0.9962,0.9966,0.9969
0.9972,0.9975,0.9977,0.9979,0.9981,0.9983,0.9984,0.9986,0.9987,0.9988
0.9989,0.9991,0.9991,0.9992,0.9993,0.9994,0.9995,0.9996,0.9996,0.9997
0.9997,0.9997,0.9998,0.9998,0.9998,0.9998,0.9998,0.9999,0.9999,0.9999
0.9999,0.9999,0.9999,0.9999,0.9999,1.0000,1.0000,1.0000,1.0000,1.0000
hwc2x2fract=0.0000,0.0000,0.0001,0.0001,0.0002,0.0002,0.0003,0.0003
0.0004,0.0004,0.0005,0.0006,0.0008,0.0009,0.0011,0.0014,0.0020,0.0031
0.0049,0.0082,0.0135,0.0216,0.0316,0.0442,0.0587,0.0746,0.0918,0.1102
0.1293,0.1496,0.1706,0.1919,0.2137,0.2364,0.2590,0.2819,0.3045,0.3272
0.3504,0.3736,0.3966,0.4192,0.4417,0.4639,0.4860,0.5080,0.5296,0.5512
0.5722,0.5931,0.6140,0.6345,0.6548,0.6749,0.6947,0.7143,0.7337,0.7528
0.7716,0.7896,0.8073,0.8241,0.8402,0.8552,0.8691,0.8823,0.8946,0.9055
0.9153,0.9244,0.9327,0.9404,0.9472,0.9535,0.9592,0.9643,0.9689,0.9732
0.9771,0.9804,0.9832,0.9857,0.9877,0.9895,0.9909,0.9922,0.9932,0.9941
0.9949,0.9955,0.9960,0.9965,0.9968,0.9972,0.9975,0.9977,0.9980,0.9982
0.9983,0.9985,0.9987,0.9988,0.9989,0.9990,0.9991,0.9992,0.9993,0.9994
0.9994,0.9995,0.9995,0.9996,0.9996,0.9997,0.9997,0.9997,0.9998,0.9998
0.9998,0.9998,0.9998,0.9998,0.9999,0.9999,0.9999,0.9999,0.9999,0.9999
0.9999,0.9999,1.0000,1.0000,1.0000,1.0000,1.0000,1.0000,1.0000,1.0000
