; Lookup table
;number of bins in Meek's time to distance lookup table
hdriftbins=138
;number of 1st bin in Meek's table in ns
hdrift1stbin=-24
;bin size in ns of Meek's table
hdriftbinsz=2
hwc1x1fract=0.0000,0.0001,0.0001,0.0002,0.0003,0.0003,0.0004,0.0005
0.0007,0.0008,0.0009,0.0011,0.0013,0.0015,0.0018,0.0023,0.0029,0.0040
0.0055,0.0078,0.0115,0.0174,0.0256,0.0361,0.0490,0.0632,0.0794,0.0967
0.1152,0.1352,0.1555,0.1766,0.1990,0.2215,0.2443,0.2672,0.2909,0.3146
0.3378,0.3610,0.3844,0.4071,0.4302,0.4527,0.4754,0.4978,0.5199,0.5421
0.5638,0.5852,0.6065,0.6272,0.6482,0.6688,0.6892,0.7092,0.7289,0.7481
0.7672,0.7855,0.8033,0.8200,0.8360,0.8512,0.8652,0.8784,0.8904,0.9015
0.9115,0.9202,0.9282,0.9356,0.9424,0.9489,0.9544,0.9598,0.9647,0.9692
0.9732,0.9767,0.9797,0.9823,0.9846,0.9865,0.9881,0.9896,0.9908,0.9918
0.9927,0.9934,0.9941,0.9947,0.9952,0.9956,0.9959,0.9963,0.9966,0.9969
0.9971,0.9973,0.9975,0.9977,0.9978,0.9980,0.9981,0.9983,0.9984,0.9985
0.9986,0.9987,0.9988,0.9989,0.9989,0.9990,0.9991,0.9992,0.9992,0.9993
0.9993,0.9994,0.9994,0.9995,0.9995,0.9995,0.9996,0.9997,0.9997,0.9997
0.9998,0.9998,0.9998,0.9999,0.9999,0.9999,0.9999,1.0000,1.0000,1.0000
hwc1y1fract=0.0001,0.0001,0.0002,0.0002,0.0003,0.0004,0.0005,0.0006
0.0007,0.0008,0.0010,0.0011,0.0013,0.0016,0.0019,0.0025,0.0034,0.0048
0.0069,0.0108,0.0170,0.0265,0.0395,0.0554,0.0743,0.0955,0.1184,0.1420
0.1666,0.1914,0.2164,0.2410,0.2655,0.2898,0.3135,0.3373,0.3607,0.3837
0.4059,0.4283,0.4505,0.4723,0.4934,0.5143,0.5349,0.5555,0.5759,0.5962
0.6168,0.6371,0.6571,0.6771,0.6968,0.7161,0.7351,0.7539,0.7719,0.7900
0.8070,0.8239,0.8404,0.8556,0.8700,0.8833,0.8955,0.9064,0.9161,0.9247
0.9325,0.9393,0.9453,0.9507,0.9556,0.9600,0.9638,0.9675,0.9708,0.9738
0.9764,0.9788,0.9809,0.9827,0.9843,0.9858,0.9871,0.9882,0.9893,0.9902
0.9911,0.9919,0.9926,0.9932,0.9938,0.9943,0.9948,0.9952,0.9956,0.9959
0.9963,0.9965,0.9968,0.9971,0.9973,0.9975,0.9977,0.9979,0.9981,0.9983
0.9984,0.9986,0.9987,0.9988,0.9990,0.9991,0.9992,0.9993,0.9993,0.9994
0.9995,0.9995,0.9995,0.9996,0.9996,0.9997,0.9997,0.9997,0.9998,0.9998
0.9998,0.9998,0.9999,0.9999,0.9999,0.9999,1.0000,1.0000,1.0000,1.0000
hwc1u1fract=0.0000,0.0000,0.0000,0.0001,0.0001,0.0001,0.0001,0.0001
0.0002,0.0002,0.0002,0.0003,0.0004,0.0004,0.0006,0.0010,0.0018,0.0029
0.0047,0.0074,0.0121,0.0196,0.0301,0.0437,0.0603,0.0793,0.0994,0.1210
0.1433,0.1663,0.1898,0.2136,0.2370,0.2609,0.2849,0.3078,0.3311,0.3542
0.3770,0.3997,0.4224,0.4447,0.4668,0.4884,0.5098,0.5309,0.5518,0.5725
0.5934,0.6136,0.6336,0.6536,0.6731,0.6928,0.7122,0.7311,0.7496,0.7679
0.7856,0.8033,0.8203,0.8367,0.8518,0.8662,0.8792,0.8911,0.9019,0.9116
0.9203,0.9279,0.9347,0.9409,0.9463,0.9515,0.9561,0.9603,0.9642,0.9679
0.9713,0.9744,0.9770,0.9794,0.9815,0.9833,0.9850,0.9864,0.9877,0.9888
0.9898,0.9907,0.9915,0.9922,0.9928,0.9934,0.9939,0.9943,0.9948,0.9951
0.9955,0.9958,0.9961,0.9964,0.9967,0.9970,0.9972,0.9974,0.9976,0.9978
0.9980,0.9982,0.9983,0.9985,0.9987,0.9988,0.9989,0.9990,0.9991,0.9992
0.9992,0.9993,0.9994,0.9995,0.9995,0.9996,0.9996,0.9997,0.9997,0.9997
0.9998,0.9998,0.9998,0.9999,0.9999,0.9999,0.9999,1.0000,1.0000,1.0000
hwc1v1fract=0.0000,0.0000,0.0001,0.0001,0.0001,0.0001,0.0002,0.0002
0.0003,0.0003,0.0004,0.0005,0.0006,0.0007,0.0009,0.0012,0.0018,0.0029
0.0052,0.0092,0.0160,0.0257,0.0388,0.0542,0.0722,0.0921,0.1134,0.1358
0.1585,0.1818,0.2052,0.2287,0.2523,0.2758,0.2987,0.3215,0.3440,0.3663
0.3889,0.4109,0.4325,0.4540,0.4754,0.4969,0.5181,0.5392,0.5599,0.5807
0.6008,0.6216,0.6415,0.6615,0.6813,0.7010,0.7204,0.7398,0.7587,0.7775
0.7955,0.8131,0.8302,0.8465,0.8614,0.8752,0.8880,0.8994,0.9096,0.9189
0.9267,0.9339,0.9403,0.9459,0.9510,0.9557,0.9601,0.9640,0.9676,0.9710
0.9741,0.9770,0.9795,0.9817,0.9835,0.9851,0.9865,0.9878,0.9889,0.9899
0.9908,0.9916,0.9922,0.9929,0.9934,0.9939,0.9944,0.9948,0.9953,0.9956
0.9960,0.9963,0.9966,0.9968,0.9970,0.9973,0.9975,0.9977,0.9978,0.9980
0.9982,0.9983,0.9984,0.9986,0.9987,0.9988,0.9989,0.9990,0.9991,0.9992
0.9992,0.9993,0.9994,0.9994,0.9995,0.9995,0.9996,0.9996,0.9997,0.9997
0.9997,0.9998,0.9998,0.9998,0.9999,0.9999,0.9999,0.9999,1.0000,1.0000
hwc1y2fract=0.0000,0.0001,0.0001,0.0001,0.0001,0.0002,0.0002,0.0002
0.0003,0.0003,0.0004,0.0004,0.0005,0.0007,0.0008,0.0011,0.0015,0.0022
0.0038,0.0065,0.0112,0.0190,0.0298,0.0439,0.0611,0.0809,0.1022,0.1251
0.1490,0.1732,0.1980,0.2228,0.2473,0.2717,0.2956,0.3193,0.3429,0.3661
0.3893,0.4118,0.4338,0.4556,0.4770,0.4983,0.5191,0.5400,0.5604,0.5808
0.6010,0.6215,0.6416,0.6613,0.6812,0.7005,0.7201,0.7389,0.7574,0.7757
0.7934,0.8105,0.8271,0.8426,0.8574,0.8711,0.8837,0.8952,0.9060,0.9152
0.9236,0.9311,0.9378,0.9436,0.9489,0.9535,0.9579,0.9619,0.9655,0.9687
0.9717,0.9745,0.9769,0.9791,0.9810,0.9827,0.9842,0.9854,0.9867,0.9878
0.9888,0.9897,0.9905,0.9913,0.9921,0.9927,0.9933,0.9938,0.9943,0.9947
0.9951,0.9955,0.9959,0.9962,0.9965,0.9968,0.9970,0.9973,0.9975,0.9977
0.9979,0.9980,0.9982,0.9983,0.9985,0.9987,0.9988,0.9989,0.9990,0.9991
0.9992,0.9992,0.9993,0.9994,0.9995,0.9995,0.9995,0.9996,0.9997,0.9997
0.9997,0.9998,0.9998,0.9998,0.9999,0.9999,0.9999,1.0000,1.0000,1.0000
hwc1x2fract=0.0000,0.0001,0.0001,0.0001,0.0002,0.0002,0.0003,0.0003
0.0004,0.0005,0.0006,0.0007,0.0008,0.0009,0.0011,0.0014,0.0019,0.0029
0.0045,0.0073,0.0118,0.0186,0.0281,0.0397,0.0530,0.0686,0.0856,0.1037
0.1227,0.1425,0.1638,0.1856,0.2082,0.2312,0.2539,0.2768,0.3001,0.3233
0.3467,0.3699,0.3928,0.4161,0.4386,0.4612,0.4835,0.5056,0.5275,0.5494
0.5708,0.5920,0.6131,0.6337,0.6546,0.6754,0.6955,0.7153,0.7349,0.7542
0.7729,0.7912,0.8086,0.8254,0.8413,0.8559,0.8698,0.8826,0.8942,0.9047
0.9143,0.9229,0.9308,0.9380,0.9444,0.9505,0.9560,0.9611,0.9657,0.9699
0.9736,0.9770,0.9799,0.9825,0.9847,0.9865,0.9881,0.9895,0.9907,0.9917
0.9925,0.9932,0.9939,0.9944,0.9949,0.9954,0.9958,0.9961,0.9964,0.9967
0.9969,0.9972,0.9974,0.9976,0.9978,0.9979,0.9980,0.9981,0.9983,0.9984
0.9985,0.9986,0.9987,0.9988,0.9989,0.9990,0.9991,0.9991,0.9992,0.9993
0.9993,0.9993,0.9994,0.9994,0.9995,0.9995,0.9996,0.9996,0.9997,0.9997
0.9998,0.9998,0.9998,0.9999,0.9999,0.9999,0.9999,1.0000,1.0000,1.0000
hwc2x1fract=0.0001,0.0001,0.0002,0.0003,0.0004,0.0004,0.0005,0.0006
0.0007,0.0009,0.0010,0.0012,0.0015,0.0017,0.0020,0.0024,0.0030,0.0040
0.0058,0.0087,0.0126,0.0185,0.0262,0.0362,0.0485,0.0625,0.0787,0.0963
0.1151,0.1351,0.1562,0.1778,0.2000,0.2223,0.2454,0.2681,0.2911,0.3146
0.3379,0.3613,0.3845,0.4074,0.4305,0.4535,0.4762,0.4984,0.5206,0.5429
0.5644,0.5858,0.6070,0.6282,0.6490,0.6697,0.6900,0.7102,0.7302,0.7495
0.7686,0.7872,0.8054,0.8224,0.8387,0.8541,0.8684,0.8817,0.8939,0.9049
0.9151,0.9242,0.9323,0.9394,0.9459,0.9520,0.9574,0.9623,0.9668,0.9710
0.9746,0.9778,0.9807,0.9831,0.9852,0.9870,0.9886,0.9899,0.9910,0.9919
0.9928,0.9936,0.9943,0.9948,0.9953,0.9957,0.9961,0.9964,0.9967,0.9969
0.9972,0.9974,0.9976,0.9977,0.9979,0.9981,0.9982,0.9984,0.9985,0.9986
0.9987,0.9988,0.9989,0.9990,0.9991,0.9991,0.9992,0.9993,0.9993,0.9994
0.9994,0.9995,0.9995,0.9996,0.9996,0.9997,0.9997,0.9997,0.9997,0.9998
0.9998,0.9998,0.9998,0.9999,0.9999,0.9999,0.9999,1.0000,1.0000,1.0000
hwc2y1fract=0.0000,0.0001,0.0001,0.0001,0.0001,0.0002,0.0002,0.0002
0.0003,0.0003,0.0004,0.0005,0.0006,0.0007,0.0008,0.0011,0.0016,0.0024
0.0040,0.0071,0.0129,0.0221,0.0350,0.0512,0.0705,0.0924,0.1157,0.1398
0.1651,0.1905,0.2158,0.2410,0.2657,0.2903,0.3144,0.3381,0.3616,0.3847
0.4076,0.4300,0.4521,0.4741,0.4954,0.5168,0.5381,0.5588,0.5796,0.6001
0.6202,0.6404,0.6607,0.6808,0.7008,0.7204,0.7394,0.7583,0.7767,0.7943
0.8120,0.8290,0.8453,0.8607,0.8751,0.8886,0.9007,0.9117,0.9214,0.9299
0.9375,0.9442,0.9500,0.9552,0.9597,0.9637,0.9673,0.9707,0.9738,0.9765
0.9789,0.9809,0.9829,0.9846,0.9861,0.9874,0.9885,0.9895,0.9904,0.9912
0.9919,0.9926,0.9932,0.9937,0.9941,0.9945,0.9950,0.9953,0.9957,0.9960
0.9963,0.9965,0.9968,0.9969,0.9972,0.9974,0.9976,0.9977,0.9979,0.9981
0.9982,0.9984,0.9986,0.9987,0.9988,0.9989,0.9990,0.9991,0.9992,0.9993
0.9994,0.9994,0.9995,0.9996,0.9996,0.9996,0.9997,0.9997,0.9998,0.9998
0.9998,0.9998,0.9999,0.9999,0.9999,0.9999,0.9999,1.0000,1.0000,1.0000
hwc2u1fract=0.0000,0.0000,0.0000,0.0001,0.0001,0.0001,0.0001,0.0002
0.0002,0.0002,0.0003,0.0003,0.0004,0.0005,0.0006,0.0007,0.0010,0.0015
0.0027,0.0056,0.0113,0.0207,0.0341,0.0509,0.0710,0.0931,0.1167,0.1411
0.1661,0.1912,0.2160,0.2412,0.2654,0.2897,0.3135,0.3372,0.3607,0.3836
0.4060,0.4282,0.4499,0.4715,0.4928,0.5139,0.5350,0.5555,0.5759,0.5964
0.6162,0.6363,0.6558,0.6753,0.6949,0.7139,0.7327,0.7515,0.7701,0.7884
0.8064,0.8237,0.8405,0.8564,0.8709,0.8845,0.8971,0.9087,0.9187,0.9276
0.9356,0.9422,0.9479,0.9530,0.9578,0.9620,0.9657,0.9691,0.9721,0.9749
0.9774,0.9797,0.9817,0.9835,0.9850,0.9865,0.9877,0.9887,0.9896,0.9904
0.9911,0.9918,0.9924,0.9928,0.9934,0.9938,0.9942,0.9946,0.9950,0.9954
0.9957,0.9960,0.9963,0.9965,0.9968,0.9970,0.9972,0.9974,0.9977,0.9978
0.9980,0.9982,0.9984,0.9986,0.9987,0.9988,0.9989,0.9990,0.9991,0.9992
0.9993,0.9993,0.9994,0.9995,0.9995,0.9996,0.9996,0.9996,0.9997,0.9997
0.9998,0.9998,0.9998,0.9999,0.9999,0.9999,0.9999,1.0000,1.0000,1.0000
hwc2v1fract=0.0000,0.0000,0.0001,0.0001,0.0001,0.0002,0.0002,0.0002
0.0003,0.0003,0.0004,0.0005,0.0006,0.0007,0.0009,0.0012,0.0016,0.0026
0.0042,0.0080,0.0151,0.0262,0.0409,0.0590,0.0797,0.1023,0.1259,0.1508
0.1755,0.2008,0.2253,0.2500,0.2743,0.2985,0.3220,0.3454,0.3685,0.3913
0.4133,0.4352,0.4569,0.4786,0.4999,0.5208,0.5414,0.5621,0.5827,0.6032
0.6232,0.6432,0.6631,0.6828,0.7021,0.7212,0.7400,0.7588,0.7775,0.7957
0.8130,0.8302,0.8461,0.8618,0.8764,0.8898,0.9018,0.9126,0.9218,0.9301
0.9373,0.9438,0.9494,0.9543,0.9588,0.9628,0.9665,0.9697,0.9727,0.9755
0.9780,0.9801,0.9821,0.9839,0.9853,0.9867,0.9880,0.9890,0.9898,0.9906
0.9913,0.9919,0.9925,0.9931,0.9936,0.9940,0.9944,0.9949,0.9952,0.9955
0.9958,0.9962,0.9965,0.9968,0.9970,0.9973,0.9975,0.9977,0.9979,0.9981
0.9983,0.9985,0.9986,0.9987,0.9988,0.9990,0.9991,0.9991,0.9992,0.9993
0.9994,0.9994,0.9995,0.9996,0.9996,0.9997,0.9997,0.9997,0.9997,0.9998
0.9998,0.9998,0.9999,0.9999,0.9999,0.9999,0.9999,1.0000,1.0000,1.0000
hwc2y2fract=0.0000,0.0001,0.0001,0.0001,0.0001,0.0002,0.0002,0.0002
0.0003,0.0003,0.0004,0.0005,0.0006,0.0008,0.0010,0.0013,0.0019,0.0029
0.0047,0.0083,0.0146,0.0245,0.0379,0.0545,0.0739,0.0957,0.1193,0.1439
0.1692,0.1944,0.2197,0.2451,0.2700,0.2947,0.3186,0.3423,0.3656,0.3886
0.4114,0.4339,0.4559,0.4779,0.4992,0.5206,0.5418,0.5629,0.5837,0.6042
0.6245,0.6446,0.6647,0.6848,0.7043,0.7240,0.7430,0.7617,0.7800,0.7980
0.8153,0.8320,0.8482,0.8634,0.8775,0.8905,0.9027,0.9137,0.9231,0.9317
0.9389,0.9455,0.9511,0.9563,0.9607,0.9647,0.9683,0.9717,0.9745,0.9771
0.9794,0.9815,0.9832,0.9849,0.9862,0.9875,0.9886,0.9896,0.9905,0.9912
0.9920,0.9927,0.9932,0.9937,0.9942,0.9946,0.9950,0.9953,0.9956,0.9959
0.9962,0.9965,0.9967,0.9969,0.9972,0.9974,0.9975,0.9977,0.9979,0.9981
0.9983,0.9984,0.9986,0.9987,0.9989,0.9990,0.9991,0.9991,0.9992,0.9993
0.9994,0.9994,0.9995,0.9996,0.9996,0.9996,0.9997,0.9997,0.9997,0.9998
0.9998,0.9998,0.9999,0.9999,0.9999,0.9999,0.9999,1.0000,1.0000,1.0000
hwc2x2fract=0.0000,0.0001,0.0001,0.0002,0.0003,0.0003,0.0004,0.0005
0.0006,0.0007,0.0008,0.0010,0.0011,0.0013,0.0016,0.0019,0.0025,0.0035
0.0051,0.0075,0.0115,0.0179,0.0268,0.0384,0.0524,0.0683,0.0857,0.1046
0.1250,0.1464,0.1685,0.1909,0.2139,0.2375,0.2617,0.2854,0.3092,0.3328
0.3564,0.3795,0.4022,0.4253,0.4481,0.4706,0.4927,0.5147,0.5365,0.5580
0.5792,0.6001,0.6209,0.6417,0.6620,0.6817,0.7017,0.7216,0.7411,0.7604
0.7792,0.7974,0.8148,0.8316,0.8473,0.8620,0.8760,0.8888,0.9003,0.9107
0.9201,0.9285,0.9360,0.9429,0.9488,0.9542,0.9593,0.9639,0.9681,0.9718
0.9752,0.9783,0.9809,0.9833,0.9852,0.9869,0.9884,0.9896,0.9907,0.9916
0.9925,0.9932,0.9938,0.9944,0.9949,0.9954,0.9957,0.9961,0.9963,0.9967
0.9969,0.9972,0.9974,0.9976,0.9977,0.9979,0.9981,0.9982,0.9983,0.9985
0.9986,0.9987,0.9988,0.9989,0.9990,0.9991,0.9992,0.9992,0.9993,0.9993
0.9994,0.9995,0.9995,0.9996,0.9996,0.9996,0.9997,0.9997,0.9997,0.9998
0.9998,0.9998,0.9999,0.9999,0.9999,0.9999,0.9999,1.0000,1.0000,1.0000
