; Lookup table
;number of bins in Meek's time to distance lookup table
hdriftbins=138
;number of 1st bin in Meek's table in ns
hdrift1stbin=-24
;bin size in ns of Meek's table
hdriftbinsz=2
hwc1x1fract=0.0002,0.0005,0.0007,0.0010,0.0012,0.0015,0.0018,0.0022
0.0025,0.0029,0.0033,0.0038,0.0043,0.0050,0.0058,0.0070,0.0089,0.0116
0.0150,0.0192,0.0243,0.0310,0.0391,0.0488,0.0601,0.0719,0.0857,0.0999
0.1155,0.1315,0.1484,0.1662,0.1843,0.2034,0.2229,0.2428,0.2633,0.2839
0.3049,0.3262,0.3481,0.3698,0.3914,0.4133,0.4351,0.4571,0.4787,0.5006
0.5219,0.5436,0.5655,0.5867,0.6080,0.6292,0.6500,0.6708,0.6911,0.7110
0.7305,0.7492,0.7674,0.7851,0.8025,0.8186,0.8342,0.8487,0.8624,0.8747
0.8864,0.8971,0.9067,0.9156,0.9236,0.9310,0.9377,0.9437,0.9492,0.9540
0.9583,0.9619,0.9653,0.9679,0.9703,0.9723,0.9741,0.9756,0.9769,0.9780
0.9791,0.9799,0.9807,0.9814,0.9822,0.9828,0.9834,0.9840,0.9845,0.9851
0.9856,0.9861,0.9866,0.9871,0.9876,0.9880,0.9885,0.9889,0.9894,0.9897
0.9901,0.9906,0.9910,0.9913,0.9917,0.9921,0.9925,0.9929,0.9932,0.9935
0.9939,0.9943,0.9946,0.9949,0.9953,0.9955,0.9959,0.9962,0.9966,0.9969
0.9973,0.9976,0.9979,0.9982,0.9985,0.9989,0.9992,0.9994,0.9997,1.0000
hwc1y1fract=0.0002,0.0005,0.0007,0.0010,0.0013,0.0017,0.0020,0.0023
0.0027,0.0031,0.0034,0.0039,0.0044,0.0051,0.0059,0.0069,0.0083,0.0101
0.0128,0.0167,0.0226,0.0314,0.0422,0.0557,0.0710,0.0881,0.1067,0.1263
0.1466,0.1677,0.1895,0.2115,0.2335,0.2559,0.2782,0.3006,0.3228,0.3445
0.3667,0.3883,0.4099,0.4313,0.4525,0.4733,0.4944,0.5152,0.5358,0.5564
0.5766,0.5968,0.6169,0.6368,0.6565,0.6760,0.6952,0.7141,0.7327,0.7509
0.7688,0.7862,0.8030,0.8191,0.8350,0.8495,0.8630,0.8757,0.8871,0.8975
0.9068,0.9152,0.9225,0.9293,0.9353,0.9409,0.9459,0.9503,0.9542,0.9577
0.9609,0.9637,0.9662,0.9686,0.9706,0.9724,0.9739,0.9754,0.9766,0.9778
0.9788,0.9799,0.9808,0.9816,0.9824,0.9832,0.9839,0.9846,0.9852,0.9857
0.9863,0.9868,0.9873,0.9878,0.9883,0.9887,0.9892,0.9897,0.9901,0.9905
0.9910,0.9914,0.9918,0.9922,0.9925,0.9929,0.9932,0.9936,0.9939,0.9942
0.9946,0.9949,0.9952,0.9955,0.9958,0.9961,0.9964,0.9967,0.9970,0.9973
0.9976,0.9979,0.9981,0.9984,0.9987,0.9991,0.9993,0.9996,0.9998,1.0000
hwc1u1fract=0.0002,0.0004,0.0006,0.0008,0.0010,0.0012,0.0014,0.0016
0.0019,0.0022,0.0025,0.0027,0.0030,0.0033,0.0038,0.0048,0.0065,0.0089
0.0122,0.0165,0.0221,0.0297,0.0393,0.0508,0.0645,0.0794,0.0955,0.1130
0.1312,0.1505,0.1699,0.1901,0.2106,0.2323,0.2536,0.2749,0.2965,0.3181
0.3399,0.3620,0.3835,0.4052,0.4265,0.4479,0.4690,0.4901,0.5110,0.5320
0.5528,0.5737,0.5944,0.6149,0.6354,0.6554,0.6750,0.6948,0.7140,0.7330
0.7512,0.7694,0.7870,0.8034,0.8193,0.8346,0.8491,0.8624,0.8745,0.8859
0.8959,0.9053,0.9138,0.9214,0.9285,0.9347,0.9402,0.9454,0.9501,0.9544
0.9580,0.9613,0.9643,0.9669,0.9692,0.9712,0.9730,0.9746,0.9760,0.9773
0.9784,0.9794,0.9803,0.9812,0.9820,0.9827,0.9835,0.9842,0.9848,0.9854
0.9859,0.9865,0.9871,0.9876,0.9881,0.9885,0.9890,0.9895,0.9900,0.9904
0.9908,0.9912,0.9916,0.9920,0.9923,0.9927,0.9931,0.9934,0.9938,0.9942
0.9945,0.9948,0.9951,0.9955,0.9958,0.9961,0.9963,0.9966,0.9969,0.9972
0.9975,0.9978,0.9981,0.9984,0.9987,0.9990,0.9992,0.9995,0.9997,1.0000
hwc1v1fract=0.0002,0.0004,0.0006,0.0008,0.0009,0.0011,0.0014,0.0016
0.0018,0.0021,0.0023,0.0026,0.0029,0.0032,0.0036,0.0041,0.0047,0.0058
0.0077,0.0113,0.0170,0.0251,0.0359,0.0493,0.0644,0.0815,0.0997,0.1192
0.1392,0.1595,0.1804,0.2016,0.2230,0.2447,0.2663,0.2883,0.3100,0.3320
0.3533,0.3746,0.3962,0.4172,0.4383,0.4594,0.4804,0.5015,0.5220,0.5429
0.5629,0.5827,0.6029,0.6229,0.6430,0.6629,0.6827,0.7019,0.7209,0.7397
0.7580,0.7757,0.7929,0.8100,0.8261,0.8414,0.8557,0.8692,0.8813,0.8924
0.9023,0.9111,0.9188,0.9259,0.9321,0.9377,0.9429,0.9477,0.9520,0.9559
0.9591,0.9623,0.9651,0.9677,0.9698,0.9718,0.9736,0.9751,0.9763,0.9775
0.9785,0.9795,0.9805,0.9813,0.9821,0.9829,0.9836,0.9843,0.9849,0.9856
0.9862,0.9867,0.9873,0.9878,0.9883,0.9888,0.9893,0.9898,0.9902,0.9906
0.9910,0.9915,0.9919,0.9922,0.9926,0.9929,0.9933,0.9937,0.9940,0.9943
0.9946,0.9950,0.9953,0.9956,0.9959,0.9962,0.9965,0.9968,0.9970,0.9973
0.9976,0.9979,0.9982,0.9985,0.9987,0.9990,0.9992,0.9995,0.9997,1.0000
hwc1y2fract=0.0002,0.0005,0.0008,0.0010,0.0012,0.0014,0.0017,0.0020
0.0023,0.0026,0.0029,0.0032,0.0036,0.0040,0.0046,0.0053,0.0061,0.0074
0.0093,0.0125,0.0172,0.0241,0.0336,0.0454,0.0594,0.0751,0.0923,0.1108
0.1306,0.1512,0.1722,0.1934,0.2148,0.2366,0.2586,0.2808,0.3030,0.3252
0.3467,0.3685,0.3901,0.4117,0.4331,0.4539,0.4749,0.4958,0.5165,0.5371
0.5575,0.5778,0.5981,0.6181,0.6381,0.6575,0.6767,0.6961,0.7150,0.7336
0.7516,0.7692,0.7865,0.8031,0.8189,0.8340,0.8483,0.8619,0.8744,0.8856
0.8959,0.9053,0.9137,0.9210,0.9275,0.9336,0.9392,0.9441,0.9485,0.9525
0.9562,0.9592,0.9621,0.9647,0.9669,0.9691,0.9709,0.9726,0.9741,0.9755
0.9768,0.9778,0.9789,0.9798,0.9807,0.9816,0.9824,0.9831,0.9839,0.9846
0.9853,0.9859,0.9865,0.9870,0.9875,0.9881,0.9886,0.9891,0.9896,0.9901
0.9905,0.9911,0.9915,0.9919,0.9923,0.9926,0.9930,0.9933,0.9938,0.9941
0.9944,0.9948,0.9951,0.9955,0.9957,0.9961,0.9964,0.9967,0.9970,0.9972
0.9975,0.9978,0.9980,0.9983,0.9986,0.9989,0.9992,0.9994,0.9997,1.0000
hwc1x2fract=0.0002,0.0004,0.0006,0.0009,0.0011,0.0014,0.0016,0.0019
0.0022,0.0025,0.0029,0.0033,0.0037,0.0042,0.0049,0.0058,0.0072,0.0093
0.0121,0.0161,0.0215,0.0287,0.0378,0.0482,0.0601,0.0731,0.0878,0.1030
0.1190,0.1362,0.1540,0.1722,0.1913,0.2109,0.2309,0.2515,0.2723,0.2941
0.3163,0.3381,0.3600,0.3820,0.4041,0.4261,0.4481,0.4696,0.4917,0.5134
0.5352,0.5569,0.5779,0.5991,0.6203,0.6411,0.6619,0.6823,0.7023,0.7220
0.7414,0.7599,0.7778,0.7951,0.8123,0.8284,0.8433,0.8571,0.8704,0.8824
0.8935,0.9037,0.9128,0.9210,0.9289,0.9356,0.9416,0.9470,0.9522,0.9567
0.9606,0.9641,0.9670,0.9695,0.9715,0.9734,0.9749,0.9762,0.9774,0.9784
0.9793,0.9802,0.9810,0.9816,0.9822,0.9829,0.9834,0.9840,0.9846,0.9851
0.9856,0.9861,0.9866,0.9871,0.9875,0.9880,0.9884,0.9888,0.9892,0.9896
0.9901,0.9904,0.9908,0.9912,0.9916,0.9920,0.9924,0.9927,0.9931,0.9935
0.9939,0.9942,0.9946,0.9950,0.9954,0.9957,0.9960,0.9963,0.9966,0.9970
0.9973,0.9976,0.9979,0.9982,0.9985,0.9988,0.9992,0.9994,0.9997,1.0000
hwc2x1fract=0.0002,0.0004,0.0007,0.0009,0.0012,0.0015,0.0018,0.0020
0.0024,0.0027,0.0031,0.0035,0.0040,0.0046,0.0052,0.0060,0.0072,0.0089
0.0117,0.0160,0.0215,0.0284,0.0371,0.0471,0.0585,0.0712,0.0851,0.1001
0.1163,0.1330,0.1506,0.1687,0.1875,0.2071,0.2274,0.2482,0.2690,0.2902
0.3120,0.3334,0.3552,0.3770,0.3992,0.4217,0.4439,0.4653,0.4872,0.5090
0.5308,0.5524,0.5741,0.5952,0.6165,0.6376,0.6588,0.6793,0.6998,0.7195
0.7393,0.7583,0.7771,0.7953,0.8126,0.8286,0.8438,0.8584,0.8716,0.8836
0.8948,0.9051,0.9145,0.9230,0.9307,0.9375,0.9435,0.9489,0.9536,0.9580
0.9616,0.9651,0.9680,0.9704,0.9725,0.9744,0.9760,0.9774,0.9786,0.9797
0.9805,0.9813,0.9821,0.9828,0.9835,0.9841,0.9847,0.9853,0.9858,0.9863
0.9868,0.9872,0.9877,0.9882,0.9886,0.9890,0.9894,0.9898,0.9901,0.9905
0.9909,0.9913,0.9917,0.9921,0.9924,0.9927,0.9930,0.9933,0.9937,0.9940
0.9944,0.9947,0.9950,0.9954,0.9957,0.9960,0.9963,0.9966,0.9969,0.9972
0.9975,0.9978,0.9981,0.9984,0.9987,0.9990,0.9992,0.9995,0.9997,1.0000
hwc2y1fract=0.0002,0.0004,0.0006,0.0008,0.0010,0.0013,0.0015,0.0018
0.0021,0.0023,0.0027,0.0030,0.0034,0.0038,0.0042,0.0049,0.0058,0.0071
0.0092,0.0127,0.0186,0.0270,0.0382,0.0521,0.0684,0.0865,0.1065,0.1268
0.1485,0.1704,0.1928,0.2156,0.2386,0.2613,0.2837,0.3059,0.3280,0.3504
0.3725,0.3945,0.4160,0.4377,0.4590,0.4799,0.5010,0.5218,0.5423,0.5626
0.5827,0.6027,0.6229,0.6426,0.6625,0.6819,0.7014,0.7206,0.7393,0.7575
0.7755,0.7930,0.8103,0.8268,0.8421,0.8567,0.8699,0.8823,0.8936,0.9040
0.9131,0.9213,0.9286,0.9349,0.9404,0.9454,0.9499,0.9539,0.9575,0.9607
0.9637,0.9662,0.9684,0.9703,0.9722,0.9736,0.9750,0.9763,0.9775,0.9785
0.9795,0.9804,0.9813,0.9820,0.9827,0.9835,0.9841,0.9847,0.9853,0.9859
0.9864,0.9870,0.9875,0.9881,0.9885,0.9890,0.9894,0.9899,0.9903,0.9907
0.9911,0.9915,0.9920,0.9923,0.9927,0.9930,0.9934,0.9937,0.9940,0.9944
0.9947,0.9950,0.9954,0.9957,0.9959,0.9963,0.9966,0.9969,0.9972,0.9975
0.9978,0.9980,0.9983,0.9985,0.9988,0.9990,0.9993,0.9995,0.9998,1.0000
hwc2u1fract=0.0002,0.0004,0.0006,0.0007,0.0009,0.0011,0.0013,0.0015
0.0017,0.0019,0.0021,0.0024,0.0026,0.0029,0.0032,0.0036,0.0042,0.0053
0.0076,0.0119,0.0193,0.0299,0.0432,0.0589,0.0766,0.0962,0.1168,0.1377
0.1597,0.1820,0.2051,0.2281,0.2507,0.2730,0.2955,0.3176,0.3397,0.3617
0.3834,0.4045,0.4257,0.4466,0.4680,0.4889,0.5097,0.5302,0.5504,0.5707
0.5905,0.6103,0.6301,0.6497,0.6692,0.6882,0.7074,0.7261,0.7450,0.7634
0.7812,0.7986,0.8156,0.8322,0.8472,0.8618,0.8749,0.8871,0.8977,0.9076
0.9162,0.9238,0.9305,0.9366,0.9419,0.9468,0.9509,0.9547,0.9582,0.9612
0.9640,0.9666,0.9688,0.9707,0.9725,0.9741,0.9755,0.9766,0.9778,0.9788
0.9797,0.9806,0.9814,0.9822,0.9829,0.9836,0.9843,0.9849,0.9855,0.9861
0.9866,0.9871,0.9878,0.9882,0.9887,0.9892,0.9896,0.9901,0.9905,0.9909
0.9914,0.9918,0.9922,0.9925,0.9929,0.9933,0.9937,0.9940,0.9943,0.9946
0.9950,0.9952,0.9955,0.9958,0.9961,0.9963,0.9966,0.9969,0.9972,0.9975
0.9978,0.9980,0.9983,0.9986,0.9988,0.9991,0.9993,0.9995,0.9998,1.0000
hwc2v1fract=0.0002,0.0004,0.0006,0.0008,0.0011,0.0013,0.0015,0.0017
0.0019,0.0022,0.0024,0.0027,0.0030,0.0033,0.0037,0.0041,0.0047,0.0057
0.0074,0.0107,0.0165,0.0254,0.0374,0.0521,0.0687,0.0874,0.1074,0.1284
0.1501,0.1719,0.1942,0.2164,0.2394,0.2620,0.2842,0.3072,0.3291,0.3513
0.3730,0.3951,0.4165,0.4379,0.4588,0.4797,0.5002,0.5209,0.5413,0.5615
0.5812,0.6014,0.6211,0.6409,0.6603,0.6799,0.6989,0.7178,0.7366,0.7551
0.7733,0.7907,0.8076,0.8240,0.8396,0.8544,0.8680,0.8807,0.8921,0.9023
0.9114,0.9195,0.9266,0.9331,0.9389,0.9439,0.9484,0.9526,0.9563,0.9595
0.9625,0.9651,0.9674,0.9695,0.9714,0.9730,0.9746,0.9758,0.9770,0.9782
0.9791,0.9800,0.9809,0.9817,0.9825,0.9832,0.9839,0.9846,0.9853,0.9859
0.9865,0.9870,0.9876,0.9881,0.9886,0.9890,0.9895,0.9900,0.9903,0.9908
0.9912,0.9916,0.9920,0.9924,0.9928,0.9931,0.9934,0.9938,0.9942,0.9945
0.9948,0.9952,0.9955,0.9958,0.9961,0.9964,0.9967,0.9970,0.9973,0.9975
0.9978,0.9981,0.9983,0.9986,0.9988,0.9991,0.9993,0.9995,0.9998,1.0000
hwc2y2fract=0.0002,0.0004,0.0006,0.0008,0.0011,0.0013,0.0015,0.0018
0.0020,0.0023,0.0027,0.0031,0.0034,0.0039,0.0044,0.0052,0.0062,0.0079
0.0103,0.0142,0.0204,0.0293,0.0409,0.0554,0.0721,0.0906,0.1104,0.1312
0.1526,0.1747,0.1971,0.2197,0.2422,0.2653,0.2877,0.3106,0.3330,0.3551
0.3772,0.3989,0.4205,0.4420,0.4629,0.4837,0.5042,0.5249,0.5451,0.5653
0.5858,0.6062,0.6259,0.6457,0.6656,0.6850,0.7042,0.7231,0.7415,0.7600
0.7782,0.7958,0.8123,0.8285,0.8438,0.8584,0.8717,0.8842,0.8953,0.9054
0.9145,0.9226,0.9296,0.9358,0.9413,0.9461,0.9506,0.9546,0.9580,0.9610
0.9639,0.9663,0.9684,0.9703,0.9720,0.9736,0.9750,0.9763,0.9774,0.9785
0.9795,0.9803,0.9812,0.9820,0.9827,0.9833,0.9839,0.9846,0.9852,0.9858
0.9863,0.9868,0.9872,0.9878,0.9882,0.9888,0.9892,0.9897,0.9901,0.9905
0.9909,0.9913,0.9917,0.9921,0.9925,0.9929,0.9932,0.9936,0.9939,0.9943
0.9946,0.9949,0.9953,0.9956,0.9959,0.9962,0.9965,0.9968,0.9971,0.9974
0.9976,0.9979,0.9982,0.9985,0.9988,0.9990,0.9993,0.9995,0.9998,1.0000
hwc2x2fract=0.0002,0.0004,0.0006,0.0009,0.0011,0.0013,0.0016,0.0019
0.0021,0.0024,0.0028,0.0031,0.0035,0.0039,0.0045,0.0053,0.0064,0.0084
0.0114,0.0155,0.0213,0.0286,0.0376,0.0484,0.0603,0.0737,0.0884,0.1041
0.1207,0.1383,0.1563,0.1751,0.1948,0.2150,0.2353,0.2563,0.2779,0.2994
0.3214,0.3435,0.3653,0.3875,0.4095,0.4314,0.4535,0.4756,0.4976,0.5193
0.5411,0.5625,0.5838,0.6050,0.6261,0.6470,0.6681,0.6884,0.7087,0.7285
0.7479,0.7668,0.7848,0.8023,0.8191,0.8349,0.8499,0.8638,0.8767,0.8883
0.8991,0.9087,0.9175,0.9254,0.9326,0.9390,0.9448,0.9502,0.9550,0.9592
0.9629,0.9660,0.9686,0.9710,0.9730,0.9748,0.9763,0.9777,0.9790,0.9799
0.9809,0.9817,0.9825,0.9832,0.9838,0.9844,0.9849,0.9855,0.9861,0.9866
0.9871,0.9875,0.9880,0.9885,0.9889,0.9893,0.9896,0.9900,0.9904,0.9908
0.9912,0.9915,0.9919,0.9922,0.9926,0.9929,0.9932,0.9936,0.9939,0.9943
0.9946,0.9949,0.9952,0.9956,0.9958,0.9961,0.9964,0.9967,0.9970,0.9973
0.9975,0.9978,0.9982,0.9984,0.9987,0.9989,0.9992,0.9995,0.9998,1.0000
