; Lookup table
;number of bins in Meek's time to distance lookup table
hdriftbins=138
;number of 1st bin in Meek's table in ns
hdrift1stbin=-24
;bin size in ns of Meek's table
hdriftbinsz=2
hwc1x1fract=0.0003,0.0006,0.0008,0.0011,0.0013,0.0016,0.0018,0.0021
0.0025,0.0027,0.0031,0.0035,0.0040,0.0044,0.0049,0.0057,0.0068,0.0084
0.0107,0.0137,0.0174,0.0225,0.0289,0.0371,0.0465,0.0581,0.0708,0.0850
0.0999,0.1160,0.1325,0.1502,0.1686,0.1872,0.2069,0.2269,0.2473,0.2685
0.2896,0.3114,0.3337,0.3549,0.3769,0.3990,0.4212,0.4431,0.4646,0.4864
0.5080,0.5298,0.5511,0.5726,0.5938,0.6152,0.6359,0.6571,0.6779,0.6980
0.7182,0.7375,0.7562,0.7747,0.7925,0.8099,0.8264,0.8414,0.8553,0.8683
0.8808,0.8927,0.9030,0.9132,0.9220,0.9302,0.9373,0.9438,0.9498,0.9552
0.9602,0.9644,0.9683,0.9716,0.9741,0.9764,0.9784,0.9802,0.9817,0.9830
0.9840,0.9848,0.9855,0.9864,0.9869,0.9876,0.9882,0.9886,0.9891,0.9894
0.9898,0.9903,0.9906,0.9911,0.9914,0.9918,0.9920,0.9924,0.9927,0.9930
0.9933,0.9937,0.9939,0.9942,0.9945,0.9947,0.9950,0.9952,0.9954,0.9956
0.9959,0.9961,0.9964,0.9967,0.9969,0.9970,0.9973,0.9976,0.9978,0.9981
0.9983,0.9985,0.9987,0.9988,0.9990,0.9992,0.9995,0.9997,0.9999,1.0000
hwc1y1fract=0.0002,0.0004,0.0007,0.0009,0.0012,0.0015,0.0018,0.0022
0.0025,0.0029,0.0034,0.0038,0.0043,0.0048,0.0055,0.0063,0.0074,0.0091
0.0115,0.0152,0.0212,0.0296,0.0408,0.0543,0.0701,0.0879,0.1066,0.1265
0.1476,0.1690,0.1913,0.2133,0.2362,0.2590,0.2812,0.3030,0.3250,0.3475
0.3695,0.3909,0.4124,0.4336,0.4546,0.4756,0.4972,0.5184,0.5390,0.5595
0.5793,0.5997,0.6200,0.6396,0.6593,0.6789,0.6981,0.7170,0.7354,0.7538
0.7720,0.7898,0.8068,0.8233,0.8385,0.8532,0.8667,0.8794,0.8907,0.9011
0.9108,0.9190,0.9266,0.9334,0.9393,0.9448,0.9494,0.9538,0.9577,0.9614
0.9644,0.9674,0.9700,0.9723,0.9742,0.9758,0.9776,0.9791,0.9803,0.9814
0.9825,0.9834,0.9843,0.9851,0.9858,0.9864,0.9871,0.9878,0.9884,0.9889
0.9894,0.9898,0.9902,0.9906,0.9910,0.9913,0.9918,0.9921,0.9924,0.9928
0.9931,0.9935,0.9938,0.9940,0.9943,0.9946,0.9949,0.9951,0.9954,0.9957
0.9960,0.9962,0.9964,0.9966,0.9969,0.9971,0.9973,0.9975,0.9978,0.9980
0.9982,0.9984,0.9986,0.9989,0.9990,0.9992,0.9994,0.9996,0.9998,1.0000
hwc1u1fract=0.0002,0.0004,0.0006,0.0008,0.0011,0.0013,0.0015,0.0017
0.0020,0.0022,0.0025,0.0027,0.0029,0.0031,0.0035,0.0040,0.0048,0.0061
0.0081,0.0109,0.0141,0.0194,0.0271,0.0374,0.0499,0.0640,0.0799,0.0968
0.1153,0.1344,0.1539,0.1738,0.1947,0.2156,0.2368,0.2585,0.2803,0.3015
0.3233,0.3458,0.3677,0.3894,0.4110,0.4326,0.4537,0.4747,0.4964,0.5173
0.5384,0.5591,0.5799,0.6001,0.6209,0.6411,0.6606,0.6799,0.6992,0.7178
0.7364,0.7545,0.7728,0.7900,0.8070,0.8234,0.8384,0.8525,0.8658,0.8782
0.8894,0.8997,0.9093,0.9179,0.9254,0.9321,0.9382,0.9439,0.9489,0.9536
0.9579,0.9617,0.9652,0.9681,0.9708,0.9731,0.9753,0.9768,0.9783,0.9798
0.9809,0.9820,0.9830,0.9839,0.9847,0.9854,0.9862,0.9869,0.9875,0.9881
0.9887,0.9892,0.9896,0.9901,0.9905,0.9910,0.9915,0.9918,0.9922,0.9925
0.9930,0.9933,0.9936,0.9939,0.9942,0.9945,0.9948,0.9951,0.9954,0.9957
0.9959,0.9961,0.9964,0.9967,0.9969,0.9972,0.9973,0.9976,0.9978,0.9980
0.9981,0.9983,0.9985,0.9987,0.9990,0.9992,0.9994,0.9996,0.9999,1.0000
hwc1v1fract=0.0002,0.0004,0.0006,0.0008,0.0010,0.0011,0.0013,0.0016
0.0019,0.0021,0.0024,0.0027,0.0030,0.0033,0.0038,0.0042,0.0050,0.0063
0.0086,0.0125,0.0187,0.0277,0.0390,0.0535,0.0697,0.0872,0.1056,0.1255
0.1456,0.1666,0.1878,0.2094,0.2309,0.2519,0.2741,0.2959,0.3179,0.3398
0.3617,0.3825,0.4037,0.4257,0.4471,0.4681,0.4889,0.5092,0.5296,0.5498
0.5702,0.5904,0.6106,0.6305,0.6504,0.6697,0.6888,0.7086,0.7271,0.7460
0.7646,0.7830,0.8009,0.8178,0.8337,0.8486,0.8627,0.8756,0.8872,0.8978
0.9075,0.9162,0.9238,0.9311,0.9370,0.9429,0.9476,0.9523,0.9565,0.9603
0.9636,0.9668,0.9695,0.9718,0.9738,0.9757,0.9774,0.9789,0.9802,0.9813
0.9823,0.9832,0.9841,0.9849,0.9857,0.9863,0.9870,0.9876,0.9882,0.9886
0.9891,0.9895,0.9900,0.9905,0.9909,0.9913,0.9917,0.9921,0.9925,0.9929
0.9932,0.9935,0.9939,0.9942,0.9946,0.9948,0.9951,0.9954,0.9957,0.9960
0.9963,0.9965,0.9968,0.9970,0.9972,0.9974,0.9977,0.9979,0.9980,0.9982
0.9984,0.9986,0.9988,0.9990,0.9991,0.9993,0.9994,0.9997,0.9998,1.0000
hwc1y2fract=0.0002,0.0004,0.0006,0.0008,0.0011,0.0014,0.0016,0.0019
0.0022,0.0025,0.0028,0.0031,0.0034,0.0038,0.0042,0.0047,0.0054,0.0065
0.0083,0.0113,0.0159,0.0225,0.0326,0.0449,0.0594,0.0759,0.0942,0.1132
0.1336,0.1544,0.1757,0.1975,0.2195,0.2414,0.2635,0.2861,0.3083,0.3302
0.3522,0.3740,0.3950,0.4164,0.4378,0.4587,0.4798,0.5010,0.5215,0.5424
0.5631,0.5830,0.6034,0.6231,0.6427,0.6627,0.6822,0.7016,0.7209,0.7393
0.7573,0.7747,0.7923,0.8088,0.8247,0.8399,0.8539,0.8674,0.8794,0.8905
0.9008,0.9096,0.9180,0.9250,0.9316,0.9379,0.9435,0.9484,0.9528,0.9569
0.9604,0.9637,0.9666,0.9692,0.9715,0.9735,0.9753,0.9767,0.9781,0.9795
0.9808,0.9819,0.9828,0.9837,0.9844,0.9852,0.9859,0.9867,0.9874,0.9880
0.9885,0.9890,0.9895,0.9899,0.9904,0.9908,0.9912,0.9915,0.9919,0.9923
0.9927,0.9931,0.9934,0.9937,0.9940,0.9944,0.9947,0.9950,0.9953,0.9955
0.9958,0.9961,0.9963,0.9965,0.9968,0.9970,0.9972,0.9975,0.9977,0.9979
0.9982,0.9984,0.9985,0.9988,0.9991,0.9993,0.9995,0.9996,0.9998,1.0000
hwc1x2fract=0.0002,0.0005,0.0008,0.0010,0.0012,0.0015,0.0018,0.0020
0.0023,0.0025,0.0028,0.0030,0.0034,0.0038,0.0042,0.0048,0.0056,0.0070
0.0091,0.0122,0.0169,0.0232,0.0310,0.0408,0.0520,0.0652,0.0794,0.0946
0.1106,0.1280,0.1462,0.1652,0.1841,0.2041,0.2240,0.2448,0.2664,0.2878
0.3095,0.3317,0.3530,0.3749,0.3972,0.4193,0.4416,0.4635,0.4853,0.5076
0.5288,0.5506,0.5721,0.5930,0.6143,0.6353,0.6562,0.6769,0.6967,0.7168
0.7360,0.7552,0.7733,0.7902,0.8077,0.8236,0.8386,0.8532,0.8668,0.8796
0.8909,0.9014,0.9114,0.9205,0.9286,0.9362,0.9425,0.9486,0.9541,0.9590
0.9634,0.9671,0.9703,0.9730,0.9753,0.9773,0.9788,0.9804,0.9816,0.9825
0.9834,0.9844,0.9852,0.9858,0.9865,0.9869,0.9874,0.9880,0.9886,0.9890
0.9894,0.9899,0.9903,0.9906,0.9909,0.9912,0.9915,0.9918,0.9922,0.9925
0.9928,0.9933,0.9935,0.9938,0.9940,0.9944,0.9947,0.9949,0.9952,0.9954
0.9957,0.9959,0.9962,0.9965,0.9968,0.9970,0.9973,0.9976,0.9978,0.9980
0.9982,0.9983,0.9986,0.9988,0.9990,0.9992,0.9994,0.9996,0.9998,1.0000
hwc2x1fract=0.0003,0.0005,0.0008,0.0011,0.0013,0.0016,0.0019,0.0021
0.0024,0.0028,0.0031,0.0035,0.0040,0.0044,0.0049,0.0056,0.0062,0.0073
0.0091,0.0118,0.0161,0.0217,0.0286,0.0375,0.0483,0.0599,0.0734,0.0883
0.1041,0.1209,0.1383,0.1564,0.1751,0.1944,0.2152,0.2356,0.2570,0.2784
0.3001,0.3224,0.3442,0.3661,0.3887,0.4105,0.4324,0.4549,0.4767,0.4985
0.5209,0.5427,0.5643,0.5857,0.6074,0.6281,0.6492,0.6703,0.6916,0.7119
0.7321,0.7515,0.7704,0.7895,0.8074,0.8244,0.8398,0.8550,0.8685,0.8812
0.8929,0.9036,0.9133,0.9219,0.9304,0.9377,0.9443,0.9499,0.9553,0.9600
0.9641,0.9677,0.9707,0.9736,0.9758,0.9779,0.9796,0.9811,0.9823,0.9835
0.9844,0.9852,0.9860,0.9866,0.9872,0.9878,0.9883,0.9889,0.9894,0.9898
0.9901,0.9906,0.9909,0.9913,0.9916,0.9920,0.9924,0.9927,0.9929,0.9932
0.9934,0.9938,0.9941,0.9944,0.9947,0.9949,0.9952,0.9954,0.9957,0.9960
0.9962,0.9965,0.9967,0.9970,0.9972,0.9974,0.9976,0.9978,0.9980,0.9982
0.9984,0.9986,0.9987,0.9990,0.9991,0.9993,0.9995,0.9997,0.9998,1.0000
hwc2y1fract=0.0003,0.0006,0.0008,0.0010,0.0012,0.0015,0.0018,0.0020
0.0022,0.0025,0.0027,0.0030,0.0033,0.0038,0.0043,0.0049,0.0058,0.0072
0.0093,0.0131,0.0193,0.0278,0.0390,0.0542,0.0710,0.0897,0.1099,0.1319
0.1538,0.1762,0.1990,0.2223,0.2454,0.2685,0.2915,0.3140,0.3367,0.3589
0.3813,0.4033,0.4252,0.4465,0.4683,0.4891,0.5100,0.5314,0.5524,0.5726
0.5927,0.6131,0.6331,0.6534,0.6737,0.6928,0.7124,0.7317,0.7501,0.7685
0.7865,0.8041,0.8208,0.8364,0.8515,0.8657,0.8794,0.8916,0.9032,0.9129
0.9215,0.9292,0.9362,0.9421,0.9475,0.9521,0.9563,0.9600,0.9635,0.9665
0.9689,0.9711,0.9732,0.9752,0.9768,0.9782,0.9794,0.9805,0.9816,0.9825
0.9835,0.9842,0.9849,0.9856,0.9863,0.9869,0.9875,0.9879,0.9884,0.9889
0.9893,0.9898,0.9903,0.9907,0.9911,0.9915,0.9919,0.9923,0.9926,0.9930
0.9933,0.9936,0.9939,0.9941,0.9944,0.9948,0.9950,0.9953,0.9956,0.9958
0.9961,0.9963,0.9966,0.9968,0.9970,0.9972,0.9974,0.9976,0.9979,0.9981
0.9983,0.9985,0.9987,0.9989,0.9991,0.9992,0.9995,0.9996,0.9998,1.0000
hwc2u1fract=0.0002,0.0004,0.0007,0.0009,0.0012,0.0014,0.0016,0.0019
0.0021,0.0023,0.0025,0.0028,0.0030,0.0034,0.0036,0.0039,0.0044,0.0052
0.0066,0.0095,0.0147,0.0231,0.0349,0.0504,0.0677,0.0865,0.1069,0.1279
0.1495,0.1711,0.1935,0.2161,0.2387,0.2613,0.2831,0.3057,0.3273,0.3488
0.3703,0.3916,0.4130,0.4340,0.4547,0.4759,0.4963,0.5164,0.5365,0.5563
0.5762,0.5963,0.6160,0.6354,0.6549,0.6735,0.6924,0.7119,0.7304,0.7484
0.7659,0.7831,0.7999,0.8163,0.8325,0.8468,0.8607,0.8733,0.8847,0.8951
0.9045,0.9125,0.9197,0.9261,0.9316,0.9369,0.9418,0.9463,0.9499,0.9536
0.9569,0.9598,0.9623,0.9647,0.9666,0.9686,0.9703,0.9719,0.9733,0.9747
0.9759,0.9771,0.9782,0.9792,0.9801,0.9809,0.9819,0.9827,0.9835,0.9843
0.9852,0.9860,0.9867,0.9874,0.9881,0.9889,0.9896,0.9902,0.9908,0.9914
0.9919,0.9924,0.9928,0.9932,0.9936,0.9940,0.9943,0.9947,0.9950,0.9953
0.9956,0.9959,0.9961,0.9963,0.9967,0.9969,0.9971,0.9974,0.9976,0.9978
0.9981,0.9984,0.9986,0.9989,0.9991,0.9993,0.9994,0.9996,0.9998,1.0000
hwc2v1fract=0.0002,0.0004,0.0006,0.0008,0.0011,0.0013,0.0015,0.0017
0.0020,0.0022,0.0026,0.0029,0.0032,0.0035,0.0039,0.0044,0.0049,0.0061
0.0082,0.0121,0.0193,0.0294,0.0423,0.0587,0.0768,0.0968,0.1174,0.1390
0.1608,0.1836,0.2064,0.2294,0.2520,0.2744,0.2965,0.3192,0.3414,0.3636
0.3852,0.4072,0.4283,0.4501,0.4713,0.4923,0.5132,0.5337,0.5537,0.5741
0.5938,0.6140,0.6334,0.6529,0.6721,0.6912,0.7103,0.7291,0.7478,0.7666
0.7850,0.8032,0.8198,0.8354,0.8509,0.8649,0.8781,0.8903,0.9011,0.9106
0.9187,0.9265,0.9331,0.9394,0.9447,0.9493,0.9538,0.9577,0.9615,0.9648
0.9676,0.9704,0.9725,0.9744,0.9762,0.9779,0.9791,0.9802,0.9813,0.9822
0.9830,0.9837,0.9846,0.9852,0.9860,0.9866,0.9873,0.9878,0.9885,0.9891
0.9896,0.9901,0.9906,0.9910,0.9915,0.9920,0.9923,0.9927,0.9930,0.9933
0.9937,0.9940,0.9943,0.9946,0.9948,0.9951,0.9954,0.9957,0.9960,0.9962
0.9964,0.9965,0.9967,0.9969,0.9972,0.9975,0.9977,0.9979,0.9980,0.9982
0.9984,0.9986,0.9987,0.9990,0.9991,0.9993,0.9995,0.9997,0.9999,1.0000
hwc2y2fract=0.0002,0.0005,0.0007,0.0010,0.0012,0.0015,0.0017,0.0019
0.0022,0.0024,0.0027,0.0030,0.0033,0.0036,0.0041,0.0047,0.0054,0.0063
0.0080,0.0107,0.0150,0.0214,0.0307,0.0426,0.0573,0.0746,0.0938,0.1147
0.1367,0.1590,0.1817,0.2043,0.2277,0.2509,0.2740,0.2964,0.3197,0.3427
0.3646,0.3867,0.4089,0.4304,0.4508,0.4722,0.4932,0.5141,0.5352,0.5551
0.5754,0.5957,0.6159,0.6360,0.6559,0.6759,0.6957,0.7155,0.7347,0.7535
0.7716,0.7893,0.8069,0.8236,0.8395,0.8542,0.8687,0.8817,0.8940,0.9046
0.9140,0.9227,0.9300,0.9365,0.9424,0.9477,0.9524,0.9565,0.9601,0.9633
0.9662,0.9688,0.9709,0.9731,0.9750,0.9765,0.9779,0.9792,0.9804,0.9815
0.9824,0.9832,0.9839,0.9846,0.9853,0.9859,0.9865,0.9871,0.9876,0.9882
0.9888,0.9893,0.9897,0.9902,0.9907,0.9911,0.9915,0.9919,0.9922,0.9926
0.9930,0.9933,0.9937,0.9941,0.9943,0.9947,0.9949,0.9952,0.9955,0.9958
0.9961,0.9963,0.9966,0.9968,0.9969,0.9971,0.9974,0.9976,0.9977,0.9980
0.9982,0.9984,0.9986,0.9989,0.9990,0.9993,0.9994,0.9996,0.9998,1.0000
hwc2x2fract=0.0002,0.0005,0.0007,0.0009,0.0012,0.0015,0.0018,0.0020
0.0023,0.0025,0.0029,0.0032,0.0036,0.0040,0.0045,0.0050,0.0058,0.0068
0.0086,0.0114,0.0154,0.0209,0.0280,0.0374,0.0487,0.0612,0.0757,0.0908
0.1074,0.1248,0.1428,0.1622,0.1819,0.2026,0.2235,0.2445,0.2663,0.2875
0.3097,0.3318,0.3530,0.3752,0.3970,0.4192,0.4414,0.4638,0.4864,0.5086
0.5305,0.5513,0.5730,0.5947,0.6160,0.6368,0.6568,0.6776,0.6983,0.7188
0.7389,0.7583,0.7767,0.7947,0.8122,0.8284,0.8444,0.8589,0.8720,0.8847
0.8962,0.9062,0.9153,0.9238,0.9315,0.9385,0.9449,0.9503,0.9554,0.9601
0.9642,0.9680,0.9710,0.9737,0.9761,0.9779,0.9796,0.9810,0.9823,0.9834
0.9843,0.9850,0.9858,0.9864,0.9870,0.9876,0.9882,0.9887,0.9891,0.9896
0.9899,0.9903,0.9908,0.9912,0.9915,0.9919,0.9923,0.9926,0.9929,0.9932
0.9935,0.9938,0.9940,0.9943,0.9946,0.9948,0.9951,0.9954,0.9956,0.9958
0.9960,0.9962,0.9965,0.9967,0.9969,0.9971,0.9974,0.9976,0.9978,0.9980
0.9983,0.9985,0.9987,0.9989,0.9990,0.9993,0.9995,0.9996,0.9998,1.0000
