; Lookup table
;number of bins in Meek's time to distance lookup table
hdriftbins=138
;number of 1st bin in Meek's table in ns
hdrift1stbin=-24
;bin size in ns of Meek's table
hdriftbinsz=2
hwc1x1fract=0.0002,0.0005,0.0008,0.0010,0.0013,0.0016,0.0019,0.0022
0.0025,0.0029,0.0033,0.0037,0.0042,0.0049,0.0057,0.0069,0.0087,0.0113
0.0146,0.0187,0.0244,0.0317,0.0407,0.0515,0.0643,0.0787,0.0948,0.1117
0.1295,0.1482,0.1686,0.1893,0.2106,0.2316,0.2534,0.2759,0.2983,0.3209
0.3434,0.3659,0.3885,0.4106,0.4331,0.4551,0.4775,0.4995,0.5212,0.5427
0.5641,0.5853,0.6061,0.6268,0.6470,0.6674,0.6871,0.7066,0.7257,0.7442
0.7623,0.7801,0.7965,0.8124,0.8276,0.8418,0.8551,0.8677,0.8791,0.8892
0.8989,0.9076,0.9156,0.9228,0.9294,0.9355,0.9411,0.9462,0.9507,0.9550
0.9589,0.9622,0.9650,0.9676,0.9699,0.9717,0.9735,0.9750,0.9763,0.9776
0.9786,0.9797,0.9806,0.9813,0.9822,0.9829,0.9836,0.9842,0.9849,0.9855
0.9860,0.9865,0.9870,0.9875,0.9880,0.9884,0.9889,0.9893,0.9897,0.9901
0.9905,0.9909,0.9913,0.9917,0.9921,0.9924,0.9928,0.9931,0.9935,0.9938
0.9942,0.9945,0.9949,0.9952,0.9955,0.9958,0.9961,0.9965,0.9968,0.9971
0.9974,0.9977,0.9981,0.9984,0.9986,0.9989,0.9992,0.9994,0.9997,1.0000
hwc1y1fract=0.0003,0.0005,0.0008,0.0011,0.0014,0.0017,0.0020,0.0023
0.0027,0.0031,0.0035,0.0040,0.0045,0.0052,0.0061,0.0070,0.0084,0.0104
0.0133,0.0178,0.0246,0.0344,0.0474,0.0634,0.0816,0.1018,0.1235,0.1463
0.1696,0.1932,0.2169,0.2405,0.2641,0.2873,0.3102,0.3327,0.3547,0.3772
0.3992,0.4211,0.4431,0.4643,0.4851,0.5058,0.5261,0.5464,0.5665,0.5865
0.6059,0.6257,0.6459,0.6656,0.6850,0.7038,0.7224,0.7408,0.7589,0.7764
0.7933,0.8099,0.8251,0.8403,0.8543,0.8672,0.8789,0.8896,0.8991,0.9075
0.9152,0.9220,0.9281,0.9334,0.9384,0.9428,0.9468,0.9505,0.9538,0.9571
0.9599,0.9625,0.9648,0.9668,0.9686,0.9703,0.9719,0.9733,0.9745,0.9758
0.9769,0.9780,0.9790,0.9799,0.9808,0.9815,0.9824,0.9831,0.9837,0.9844
0.9850,0.9857,0.9862,0.9868,0.9873,0.9878,0.9884,0.9889,0.9894,0.9899
0.9904,0.9909,0.9913,0.9918,0.9922,0.9926,0.9929,0.9933,0.9937,0.9941
0.9945,0.9948,0.9952,0.9955,0.9958,0.9961,0.9965,0.9968,0.9971,0.9973
0.9977,0.9979,0.9982,0.9985,0.9987,0.9990,0.9992,0.9995,0.9997,1.0000
hwc1u1fract=0.0002,0.0004,0.0005,0.0007,0.0009,0.0011,0.0013,0.0016
0.0018,0.0020,0.0022,0.0024,0.0027,0.0030,0.0036,0.0046,0.0062,0.0085
0.0116,0.0160,0.0221,0.0306,0.0414,0.0553,0.0714,0.0891,0.1083,0.1291
0.1503,0.1727,0.1950,0.2177,0.2405,0.2636,0.2863,0.3087,0.3311,0.3536
0.3761,0.3983,0.4203,0.4416,0.4630,0.4844,0.5055,0.5264,0.5468,0.5673
0.5877,0.6077,0.6273,0.6470,0.6665,0.6857,0.7046,0.7235,0.7416,0.7598
0.7774,0.7943,0.8104,0.8260,0.8406,0.8541,0.8665,0.8780,0.8882,0.8974
0.9057,0.9130,0.9198,0.9261,0.9314,0.9366,0.9412,0.9455,0.9496,0.9534
0.9568,0.9598,0.9626,0.9651,0.9673,0.9692,0.9709,0.9725,0.9740,0.9753
0.9765,0.9775,0.9785,0.9794,0.9803,0.9812,0.9819,0.9827,0.9834,0.9841
0.9847,0.9854,0.9860,0.9865,0.9871,0.9877,0.9882,0.9887,0.9892,0.9897
0.9902,0.9906,0.9911,0.9915,0.9919,0.9923,0.9927,0.9931,0.9934,0.9938
0.9942,0.9946,0.9949,0.9953,0.9957,0.9960,0.9963,0.9966,0.9969,0.9972
0.9975,0.9978,0.9981,0.9984,0.9987,0.9990,0.9993,0.9995,0.9998,1.0000
hwc1v1fract=0.0002,0.0004,0.0006,0.0008,0.0010,0.0012,0.0014,0.0016
0.0018,0.0020,0.0023,0.0025,0.0028,0.0031,0.0035,0.0040,0.0047,0.0059
0.0083,0.0126,0.0193,0.0289,0.0418,0.0575,0.0754,0.0952,0.1162,0.1382
0.1603,0.1830,0.2060,0.2291,0.2521,0.2755,0.2981,0.3206,0.3431,0.3653
0.3867,0.4086,0.4302,0.4513,0.4721,0.4931,0.5136,0.5338,0.5540,0.5737
0.5939,0.6139,0.6334,0.6533,0.6727,0.6921,0.7110,0.7300,0.7482,0.7662
0.7836,0.8008,0.8172,0.8330,0.8475,0.8612,0.8732,0.8846,0.8947,0.9035
0.9112,0.9182,0.9244,0.9300,0.9352,0.9399,0.9442,0.9482,0.9519,0.9554
0.9586,0.9615,0.9640,0.9664,0.9683,0.9702,0.9719,0.9733,0.9745,0.9758
0.9769,0.9779,0.9789,0.9798,0.9806,0.9814,0.9821,0.9829,0.9836,0.9843
0.9849,0.9856,0.9861,0.9867,0.9873,0.9879,0.9884,0.9889,0.9893,0.9898
0.9903,0.9908,0.9912,0.9916,0.9920,0.9924,0.9928,0.9932,0.9935,0.9939
0.9943,0.9947,0.9950,0.9954,0.9957,0.9960,0.9963,0.9966,0.9968,0.9972
0.9975,0.9978,0.9981,0.9983,0.9986,0.9989,0.9992,0.9995,0.9997,1.0000
hwc1y2fract=0.0002,0.0004,0.0006,0.0009,0.0011,0.0013,0.0015,0.0018
0.0020,0.0023,0.0026,0.0029,0.0033,0.0037,0.0041,0.0048,0.0057,0.0071
0.0092,0.0126,0.0179,0.0260,0.0370,0.0507,0.0671,0.0858,0.1065,0.1287
0.1513,0.1748,0.1984,0.2223,0.2459,0.2694,0.2927,0.3158,0.3384,0.3611
0.3835,0.4055,0.4269,0.4483,0.4695,0.4902,0.5107,0.5309,0.5510,0.5708
0.5905,0.6104,0.6305,0.6499,0.6691,0.6882,0.7068,0.7253,0.7434,0.7610
0.7784,0.7951,0.8108,0.8259,0.8405,0.8543,0.8670,0.8781,0.8881,0.8974
0.9056,0.9130,0.9195,0.9255,0.9309,0.9358,0.9401,0.9443,0.9480,0.9516
0.9549,0.9578,0.9603,0.9626,0.9647,0.9667,0.9684,0.9701,0.9717,0.9731
0.9744,0.9755,0.9767,0.9778,0.9787,0.9796,0.9805,0.9813,0.9821,0.9829
0.9837,0.9843,0.9849,0.9856,0.9862,0.9868,0.9874,0.9880,0.9885,0.9890
0.9895,0.9900,0.9905,0.9910,0.9914,0.9918,0.9923,0.9927,0.9931,0.9935
0.9939,0.9943,0.9947,0.9951,0.9955,0.9957,0.9961,0.9964,0.9968,0.9971
0.9974,0.9977,0.9980,0.9983,0.9986,0.9989,0.9992,0.9995,0.9997,1.0000
hwc1x2fract=0.0002,0.0004,0.0006,0.0009,0.0011,0.0014,0.0016,0.0019
0.0022,0.0024,0.0027,0.0030,0.0033,0.0037,0.0041,0.0048,0.0056,0.0069
0.0090,0.0124,0.0169,0.0238,0.0328,0.0440,0.0569,0.0714,0.0874,0.1048
0.1230,0.1424,0.1629,0.1841,0.2056,0.2274,0.2495,0.2719,0.2943,0.3172
0.3398,0.3621,0.3847,0.4072,0.4295,0.4517,0.4737,0.4952,0.5167,0.5377
0.5589,0.5797,0.6004,0.6211,0.6413,0.6618,0.6814,0.7010,0.7203,0.7396
0.7578,0.7756,0.7927,0.8090,0.8245,0.8391,0.8528,0.8655,0.8771,0.8873
0.8968,0.9056,0.9135,0.9206,0.9273,0.9337,0.9394,0.9444,0.9491,0.9532
0.9571,0.9605,0.9634,0.9662,0.9687,0.9707,0.9725,0.9741,0.9756,0.9768
0.9779,0.9789,0.9799,0.9808,0.9816,0.9823,0.9830,0.9837,0.9843,0.9849
0.9855,0.9860,0.9866,0.9870,0.9875,0.9880,0.9885,0.9889,0.9893,0.9898
0.9902,0.9907,0.9910,0.9914,0.9917,0.9921,0.9925,0.9929,0.9933,0.9936
0.9940,0.9944,0.9947,0.9951,0.9954,0.9957,0.9961,0.9964,0.9968,0.9971
0.9975,0.9978,0.9981,0.9983,0.9986,0.9989,0.9992,0.9995,0.9998,1.0000
hwc2x1fract=0.0003,0.0005,0.0008,0.0011,0.0013,0.0017,0.0020,0.0023
0.0026,0.0030,0.0034,0.0039,0.0044,0.0049,0.0055,0.0064,0.0076,0.0095
0.0125,0.0169,0.0228,0.0301,0.0395,0.0508,0.0638,0.0788,0.0947,0.1118
0.1302,0.1492,0.1690,0.1900,0.2110,0.2327,0.2549,0.2772,0.2994,0.3222
0.3446,0.3674,0.3897,0.4118,0.4337,0.4558,0.4778,0.4999,0.5220,0.5436
0.5653,0.5867,0.6079,0.6288,0.6493,0.6695,0.6896,0.7093,0.7286,0.7480
0.7667,0.7845,0.8018,0.8181,0.8335,0.8482,0.8613,0.8734,0.8847,0.8948
0.9040,0.9124,0.9201,0.9271,0.9336,0.9392,0.9444,0.9491,0.9534,0.9574
0.9608,0.9639,0.9666,0.9690,0.9711,0.9728,0.9745,0.9759,0.9772,0.9783
0.9794,0.9803,0.9812,0.9820,0.9827,0.9834,0.9840,0.9846,0.9852,0.9857
0.9862,0.9868,0.9873,0.9877,0.9881,0.9886,0.9890,0.9895,0.9899,0.9903
0.9907,0.9911,0.9915,0.9918,0.9922,0.9926,0.9929,0.9933,0.9936,0.9940
0.9943,0.9947,0.9950,0.9953,0.9956,0.9960,0.9963,0.9966,0.9969,0.9972
0.9975,0.9977,0.9980,0.9983,0.9986,0.9989,0.9992,0.9995,0.9997,1.0000
hwc2y1fract=0.0002,0.0004,0.0007,0.0009,0.0011,0.0013,0.0016,0.0018
0.0021,0.0024,0.0027,0.0030,0.0034,0.0038,0.0043,0.0049,0.0059,0.0074
0.0098,0.0138,0.0206,0.0304,0.0435,0.0597,0.0785,0.0994,0.1219,0.1452
0.1688,0.1932,0.2182,0.2427,0.2663,0.2899,0.3133,0.3365,0.3590,0.3810
0.4035,0.4251,0.4468,0.4682,0.4895,0.5101,0.5304,0.5507,0.5713,0.5918
0.6120,0.6323,0.6521,0.6714,0.6906,0.7098,0.7288,0.7471,0.7653,0.7830
0.8001,0.8164,0.8324,0.8473,0.8612,0.8739,0.8855,0.8958,0.9055,0.9138
0.9212,0.9276,0.9334,0.9385,0.9430,0.9471,0.9510,0.9543,0.9576,0.9604
0.9629,0.9652,0.9673,0.9692,0.9708,0.9722,0.9736,0.9749,0.9760,0.9769
0.9780,0.9788,0.9797,0.9804,0.9812,0.9819,0.9826,0.9833,0.9840,0.9846
0.9852,0.9858,0.9863,0.9868,0.9874,0.9879,0.9884,0.9889,0.9894,0.9898
0.9903,0.9908,0.9912,0.9916,0.9920,0.9924,0.9928,0.9932,0.9936,0.9940
0.9943,0.9947,0.9950,0.9954,0.9958,0.9961,0.9964,0.9967,0.9970,0.9973
0.9976,0.9979,0.9982,0.9985,0.9987,0.9990,0.9992,0.9994,0.9997,1.0000
hwc2u1fract=0.0002,0.0004,0.0005,0.0008,0.0009,0.0012,0.0014,0.0016
0.0018,0.0020,0.0022,0.0024,0.0026,0.0029,0.0032,0.0035,0.0039,0.0046
0.0059,0.0087,0.0139,0.0225,0.0350,0.0509,0.0694,0.0903,0.1123,0.1359
0.1600,0.1843,0.2086,0.2326,0.2567,0.2803,0.3031,0.3261,0.3489,0.3715
0.3933,0.4150,0.4365,0.4578,0.4789,0.4997,0.5201,0.5405,0.5608,0.5812
0.6013,0.6213,0.6409,0.6604,0.6794,0.6986,0.7174,0.7360,0.7546,0.7725
0.7902,0.8074,0.8235,0.8392,0.8539,0.8676,0.8802,0.8913,0.9012,0.9099
0.9176,0.9244,0.9303,0.9356,0.9404,0.9447,0.9486,0.9523,0.9557,0.9587
0.9614,0.9639,0.9662,0.9681,0.9699,0.9715,0.9729,0.9742,0.9754,0.9765
0.9775,0.9784,0.9793,0.9802,0.9809,0.9816,0.9823,0.9829,0.9836,0.9842
0.9848,0.9854,0.9860,0.9865,0.9871,0.9877,0.9882,0.9887,0.9891,0.9896
0.9901,0.9906,0.9911,0.9915,0.9920,0.9924,0.9928,0.9932,0.9936,0.9940
0.9943,0.9947,0.9950,0.9954,0.9957,0.9960,0.9964,0.9967,0.9970,0.9973
0.9976,0.9979,0.9982,0.9985,0.9987,0.9990,0.9993,0.9995,0.9998,1.0000
hwc2v1fract=0.0002,0.0004,0.0006,0.0008,0.0010,0.0012,0.0015,0.0017
0.0019,0.0022,0.0025,0.0027,0.0030,0.0033,0.0037,0.0042,0.0049,0.0062
0.0083,0.0125,0.0197,0.0306,0.0446,0.0617,0.0808,0.1024,0.1248,0.1483
0.1722,0.1965,0.2205,0.2446,0.2683,0.2919,0.3149,0.3380,0.3606,0.3829
0.4049,0.4267,0.4480,0.4693,0.4900,0.5109,0.5310,0.5511,0.5712,0.5915
0.6111,0.6310,0.6504,0.6700,0.6892,0.7080,0.7264,0.7446,0.7626,0.7806
0.7976,0.8143,0.8301,0.8456,0.8597,0.8728,0.8844,0.8948,0.9042,0.9127
0.9200,0.9264,0.9321,0.9372,0.9418,0.9459,0.9496,0.9531,0.9562,0.9592
0.9618,0.9642,0.9664,0.9685,0.9702,0.9718,0.9731,0.9744,0.9756,0.9767
0.9777,0.9786,0.9795,0.9803,0.9810,0.9817,0.9824,0.9832,0.9839,0.9845
0.9851,0.9857,0.9862,0.9868,0.9874,0.9879,0.9884,0.9890,0.9895,0.9899
0.9904,0.9908,0.9912,0.9916,0.9921,0.9925,0.9929,0.9933,0.9936,0.9941
0.9944,0.9948,0.9951,0.9955,0.9958,0.9961,0.9964,0.9967,0.9970,0.9973
0.9975,0.9978,0.9981,0.9984,0.9987,0.9990,0.9993,0.9996,0.9998,1.0000
hwc2y2fract=0.0002,0.0005,0.0007,0.0009,0.0011,0.0013,0.0016,0.0019
0.0022,0.0025,0.0028,0.0032,0.0037,0.0042,0.0048,0.0057,0.0068,0.0086
0.0116,0.0161,0.0232,0.0335,0.0472,0.0636,0.0826,0.1033,0.1261,0.1497
0.1738,0.1982,0.2225,0.2468,0.2709,0.2942,0.3178,0.3405,0.3633,0.3862
0.4081,0.4302,0.4517,0.4730,0.4938,0.5144,0.5347,0.5549,0.5750,0.5948
0.6148,0.6350,0.6547,0.6745,0.6936,0.7129,0.7316,0.7498,0.7676,0.7850
0.8021,0.8186,0.8340,0.8490,0.8629,0.8755,0.8871,0.8974,0.9065,0.9146
0.9218,0.9283,0.9341,0.9392,0.9437,0.9478,0.9515,0.9548,0.9579,0.9606
0.9631,0.9654,0.9674,0.9693,0.9711,0.9725,0.9738,0.9750,0.9762,0.9772
0.9782,0.9792,0.9800,0.9807,0.9815,0.9821,0.9828,0.9834,0.9840,0.9846
0.9852,0.9858,0.9863,0.9868,0.9874,0.9879,0.9883,0.9888,0.9893,0.9898
0.9904,0.9908,0.9912,0.9916,0.9920,0.9924,0.9928,0.9932,0.9936,0.9940
0.9943,0.9947,0.9951,0.9954,0.9958,0.9961,0.9964,0.9966,0.9969,0.9972
0.9975,0.9978,0.9981,0.9983,0.9986,0.9989,0.9992,0.9995,0.9997,1.0000
hwc2x2fract=0.0002,0.0004,0.0007,0.0009,0.0012,0.0015,0.0018,0.0020
0.0023,0.0026,0.0030,0.0034,0.0038,0.0043,0.0050,0.0057,0.0070,0.0091
0.0123,0.0166,0.0227,0.0305,0.0410,0.0533,0.0675,0.0831,0.1003,0.1188
0.1380,0.1583,0.1794,0.2010,0.2229,0.2452,0.2679,0.2906,0.3133,0.3362
0.3593,0.3819,0.4041,0.4265,0.4490,0.4714,0.4934,0.5152,0.5370,0.5584
0.5796,0.6002,0.6207,0.6412,0.6619,0.6816,0.7014,0.7208,0.7397,0.7584
0.7764,0.7938,0.8105,0.8262,0.8412,0.8549,0.8679,0.8794,0.8900,0.8996
0.9082,0.9160,0.9233,0.9297,0.9356,0.9411,0.9462,0.9507,0.9549,0.9585
0.9619,0.9648,0.9673,0.9696,0.9715,0.9732,0.9748,0.9761,0.9775,0.9785
0.9795,0.9804,0.9813,0.9820,0.9827,0.9834,0.9840,0.9846,0.9851,0.9857
0.9863,0.9868,0.9873,0.9877,0.9881,0.9885,0.9890,0.9894,0.9899,0.9903
0.9907,0.9912,0.9916,0.9920,0.9923,0.9927,0.9930,0.9933,0.9937,0.9940
0.9943,0.9946,0.9949,0.9953,0.9956,0.9959,0.9963,0.9966,0.9969,0.9972
0.9975,0.9978,0.9981,0.9984,0.9987,0.9989,0.9992,0.9995,0.9997,1.0000
