; Lookup table
;number of bins in Meek's time to distance lookup table
hdriftbins=138
;number of 1st bin in Meek's table in ns
hdrift1stbin=-24
;bin size in ns of Meek's table
hdriftbinsz=2
hwc1x1fract=0.0001,0.0002,0.0003,0.0005,0.0006,0.0007,0.0009,0.0010
0.0012,0.0013,0.0015,0.0017,0.0020,0.0023,0.0026,0.0030,0.0034,0.0041
0.0053,0.0070,0.0100,0.0148,0.0217,0.0311,0.0427,0.0562,0.0714,0.0884
0.1063,0.1251,0.1450,0.1657,0.1874,0.2093,0.2317,0.2548,0.2780,0.3013
0.3245,0.3480,0.3714,0.3944,0.4170,0.4398,0.4620,0.4838,0.5058,0.5275
0.5489,0.5700,0.5911,0.6119,0.6326,0.6533,0.6736,0.6934,0.7131,0.7323
0.7513,0.7700,0.7881,0.8053,0.8219,0.8374,0.8518,0.8653,0.8779,0.8894
0.9002,0.9097,0.9183,0.9261,0.9333,0.9399,0.9461,0.9517,0.9568,0.9614
0.9656,0.9694,0.9728,0.9757,0.9784,0.9807,0.9826,0.9843,0.9857,0.9869
0.9879,0.9888,0.9896,0.9901,0.9908,0.9913,0.9918,0.9922,0.9927,0.9931
0.9935,0.9938,0.9941,0.9943,0.9946,0.9948,0.9951,0.9953,0.9956,0.9958
0.9960,0.9962,0.9964,0.9965,0.9967,0.9969,0.9971,0.9973,0.9974,0.9976
0.9977,0.9979,0.9980,0.9982,0.9983,0.9984,0.9986,0.9987,0.9988,0.9989
0.9991,0.9992,0.9993,0.9994,0.9995,0.9996,0.9997,0.9998,0.9999,1.0000
hwc1y1fract=0.0001,0.0002,0.0003,0.0004,0.0005,0.0006,0.0008,0.0009
0.0011,0.0013,0.0014,0.0017,0.0020,0.0023,0.0027,0.0031,0.0039,0.0050
0.0069,0.0099,0.0152,0.0235,0.0349,0.0498,0.0677,0.0877,0.1095,0.1324
0.1561,0.1806,0.2054,0.2299,0.2540,0.2783,0.3022,0.3258,0.3489,0.3715
0.3941,0.4163,0.4383,0.4600,0.4813,0.5027,0.5235,0.5443,0.5647,0.5847
0.6048,0.6249,0.6446,0.6645,0.6840,0.7034,0.7225,0.7407,0.7589,0.7768
0.7942,0.8109,0.8273,0.8430,0.8575,0.8710,0.8836,0.8952,0.9057,0.9148
0.9230,0.9303,0.9367,0.9425,0.9477,0.9522,0.9563,0.9602,0.9637,0.9670
0.9699,0.9724,0.9747,0.9768,0.9785,0.9803,0.9818,0.9832,0.9843,0.9855
0.9866,0.9874,0.9882,0.9890,0.9897,0.9903,0.9909,0.9914,0.9919,0.9923
0.9927,0.9932,0.9936,0.9939,0.9942,0.9945,0.9948,0.9951,0.9954,0.9957
0.9959,0.9961,0.9963,0.9965,0.9968,0.9969,0.9971,0.9973,0.9975,0.9977
0.9978,0.9980,0.9981,0.9982,0.9984,0.9985,0.9986,0.9987,0.9988,0.9989
0.9991,0.9992,0.9993,0.9994,0.9995,0.9996,0.9997,0.9998,0.9999,1.0000
hwc1u1fract=0.0001,0.0001,0.0002,0.0003,0.0003,0.0004,0.0005,0.0006
0.0006,0.0007,0.0008,0.0009,0.0010,0.0011,0.0012,0.0014,0.0016,0.0020
0.0028,0.0045,0.0082,0.0150,0.0251,0.0383,0.0547,0.0730,0.0932,0.1151
0.1375,0.1607,0.1844,0.2081,0.2321,0.2559,0.2796,0.3030,0.3262,0.3490
0.3714,0.3938,0.4157,0.4373,0.4587,0.4799,0.5012,0.5221,0.5424,0.5628
0.5833,0.6032,0.6234,0.6433,0.6627,0.6821,0.7012,0.7200,0.7386,0.7570
0.7749,0.7923,0.8092,0.8255,0.8411,0.8555,0.8690,0.8814,0.8925,0.9025
0.9113,0.9191,0.9263,0.9327,0.9386,0.9436,0.9483,0.9528,0.9569,0.9607
0.9641,0.9674,0.9703,0.9730,0.9753,0.9773,0.9790,0.9806,0.9820,0.9832
0.9844,0.9854,0.9863,0.9872,0.9880,0.9888,0.9894,0.9900,0.9906,0.9911
0.9916,0.9920,0.9925,0.9929,0.9933,0.9937,0.9941,0.9944,0.9947,0.9951
0.9954,0.9956,0.9959,0.9961,0.9964,0.9966,0.9968,0.9970,0.9972,0.9974
0.9976,0.9977,0.9979,0.9981,0.9982,0.9984,0.9985,0.9986,0.9988,0.9989
0.9990,0.9991,0.9993,0.9994,0.9995,0.9996,0.9997,0.9998,0.9999,1.0000
hwc1v1fract=0.0001,0.0001,0.0002,0.0003,0.0004,0.0005,0.0005,0.0006
0.0007,0.0008,0.0009,0.0011,0.0012,0.0014,0.0017,0.0021,0.0028,0.0042
0.0071,0.0120,0.0199,0.0310,0.0453,0.0618,0.0806,0.1010,0.1225,0.1447
0.1669,0.1896,0.2125,0.2354,0.2585,0.2814,0.3039,0.3264,0.3486,0.3709
0.3929,0.4148,0.4363,0.4576,0.4790,0.5002,0.5208,0.5416,0.5622,0.5829
0.6032,0.6234,0.6437,0.6637,0.6832,0.7027,0.7220,0.7413,0.7600,0.7782
0.7961,0.8134,0.8300,0.8460,0.8607,0.8746,0.8868,0.8981,0.9078,0.9165
0.9240,0.9309,0.9370,0.9426,0.9475,0.9521,0.9564,0.9603,0.9640,0.9673
0.9705,0.9733,0.9757,0.9779,0.9797,0.9813,0.9827,0.9841,0.9852,0.9862
0.9871,0.9879,0.9886,0.9893,0.9899,0.9904,0.9910,0.9915,0.9920,0.9924
0.9928,0.9932,0.9936,0.9939,0.9942,0.9945,0.9948,0.9951,0.9954,0.9956
0.9958,0.9961,0.9963,0.9965,0.9967,0.9969,0.9971,0.9973,0.9974,0.9976
0.9977,0.9979,0.9980,0.9982,0.9983,0.9985,0.9986,0.9987,0.9989,0.9990
0.9991,0.9992,0.9993,0.9994,0.9995,0.9996,0.9997,0.9998,0.9999,1.0000
hwc1y2fract=0.0001,0.0001,0.0002,0.0003,0.0003,0.0004,0.0005,0.0006
0.0007,0.0008,0.0009,0.0010,0.0011,0.0012,0.0014,0.0016,0.0020,0.0027
0.0040,0.0065,0.0107,0.0177,0.0277,0.0409,0.0571,0.0755,0.0962,0.1185
0.1412,0.1648,0.1891,0.2136,0.2376,0.2616,0.2853,0.3095,0.3328,0.3556
0.3781,0.4001,0.4223,0.4442,0.4657,0.4872,0.5080,0.5288,0.5491,0.5695
0.5897,0.6099,0.6299,0.6498,0.6692,0.6887,0.7080,0.7267,0.7451,0.7633
0.7808,0.7978,0.8145,0.8303,0.8455,0.8593,0.8723,0.8842,0.8950,0.9051
0.9137,0.9215,0.9285,0.9348,0.9404,0.9455,0.9501,0.9543,0.9583,0.9620
0.9652,0.9680,0.9706,0.9730,0.9751,0.9771,0.9788,0.9804,0.9817,0.9831
0.9842,0.9853,0.9862,0.9871,0.9878,0.9885,0.9892,0.9898,0.9904,0.9909
0.9914,0.9919,0.9924,0.9928,0.9932,0.9935,0.9939,0.9942,0.9945,0.9948
0.9951,0.9954,0.9957,0.9959,0.9962,0.9964,0.9966,0.9968,0.9970,0.9972
0.9974,0.9976,0.9978,0.9980,0.9981,0.9983,0.9984,0.9986,0.9987,0.9988
0.9990,0.9991,0.9992,0.9993,0.9995,0.9996,0.9997,0.9998,0.9999,1.0000
hwc1x2fract=0.0001,0.0002,0.0003,0.0003,0.0004,0.0005,0.0007,0.0008
0.0009,0.0010,0.0012,0.0014,0.0015,0.0017,0.0020,0.0024,0.0030,0.0043
0.0065,0.0102,0.0158,0.0236,0.0338,0.0461,0.0603,0.0761,0.0932,0.1118
0.1311,0.1514,0.1724,0.1942,0.2162,0.2389,0.2619,0.2851,0.3081,0.3312
0.3543,0.3776,0.4003,0.4228,0.4451,0.4672,0.4892,0.5116,0.5330,0.5543
0.5754,0.5963,0.6169,0.6373,0.6575,0.6774,0.6969,0.7165,0.7354,0.7542
0.7725,0.7899,0.8071,0.8235,0.8392,0.8536,0.8672,0.8796,0.8906,0.9009
0.9103,0.9187,0.9266,0.9336,0.9400,0.9461,0.9516,0.9567,0.9612,0.9654
0.9692,0.9725,0.9752,0.9778,0.9798,0.9817,0.9833,0.9847,0.9859,0.9870
0.9879,0.9888,0.9895,0.9902,0.9908,0.9913,0.9918,0.9922,0.9925,0.9929
0.9932,0.9936,0.9939,0.9942,0.9944,0.9947,0.9949,0.9952,0.9954,0.9956
0.9958,0.9960,0.9962,0.9964,0.9966,0.9967,0.9969,0.9971,0.9973,0.9974
0.9976,0.9978,0.9979,0.9981,0.9982,0.9983,0.9985,0.9986,0.9988,0.9989
0.9990,0.9991,0.9992,0.9994,0.9995,0.9996,0.9997,0.9998,0.9999,1.0000
hwc2x1fract=0.0001,0.0002,0.0004,0.0005,0.0006,0.0008,0.0009,0.0011
0.0013,0.0015,0.0016,0.0019,0.0022,0.0025,0.0029,0.0034,0.0041,0.0051
0.0070,0.0101,0.0147,0.0208,0.0293,0.0401,0.0528,0.0675,0.0837,0.1012
0.1202,0.1399,0.1607,0.1821,0.2037,0.2260,0.2486,0.2712,0.2941,0.3172
0.3402,0.3632,0.3859,0.4085,0.4313,0.4537,0.4762,0.4987,0.5204,0.5423
0.5636,0.5852,0.6062,0.6274,0.6479,0.6687,0.6889,0.7089,0.7288,0.7482
0.7672,0.7856,0.8036,0.8205,0.8367,0.8516,0.8655,0.8786,0.8905,0.9013
0.9109,0.9195,0.9274,0.9346,0.9410,0.9469,0.9524,0.9573,0.9619,0.9661
0.9698,0.9731,0.9758,0.9783,0.9804,0.9824,0.9840,0.9854,0.9866,0.9875
0.9885,0.9893,0.9899,0.9905,0.9911,0.9916,0.9920,0.9924,0.9928,0.9932
0.9935,0.9939,0.9942,0.9944,0.9947,0.9950,0.9952,0.9955,0.9957,0.9959
0.9962,0.9963,0.9965,0.9967,0.9969,0.9971,0.9972,0.9974,0.9975,0.9977
0.9978,0.9980,0.9981,0.9982,0.9983,0.9985,0.9986,0.9987,0.9988,0.9990
0.9991,0.9992,0.9993,0.9994,0.9995,0.9996,0.9997,0.9998,0.9999,1.0000
hwc2y1fract=0.0001,0.0002,0.0002,0.0003,0.0004,0.0004,0.0005,0.0006
0.0007,0.0008,0.0009,0.0010,0.0011,0.0012,0.0014,0.0017,0.0021,0.0027
0.0040,0.0065,0.0112,0.0191,0.0303,0.0453,0.0636,0.0839,0.1065,0.1305
0.1553,0.1804,0.2052,0.2305,0.2551,0.2795,0.3035,0.3273,0.3506,0.3736
0.3961,0.4188,0.4406,0.4625,0.4839,0.5055,0.5266,0.5473,0.5678,0.5881
0.6084,0.6290,0.6493,0.6693,0.6890,0.7084,0.7275,0.7467,0.7652,0.7831
0.8004,0.8175,0.8342,0.8498,0.8644,0.8782,0.8905,0.9019,0.9122,0.9211
0.9289,0.9359,0.9423,0.9477,0.9527,0.9570,0.9610,0.9646,0.9678,0.9706
0.9733,0.9757,0.9777,0.9795,0.9811,0.9826,0.9838,0.9850,0.9860,0.9869
0.9877,0.9884,0.9891,0.9897,0.9903,0.9908,0.9913,0.9917,0.9921,0.9925
0.9928,0.9931,0.9935,0.9938,0.9941,0.9944,0.9947,0.9949,0.9952,0.9954
0.9957,0.9959,0.9962,0.9964,0.9966,0.9969,0.9971,0.9973,0.9974,0.9976
0.9978,0.9979,0.9981,0.9982,0.9983,0.9985,0.9986,0.9987,0.9988,0.9990
0.9991,0.9992,0.9993,0.9994,0.9995,0.9996,0.9997,0.9998,0.9999,1.0000
hwc2u1fract=0.0001,0.0001,0.0002,0.0003,0.0004,0.0004,0.0005,0.0006
0.0006,0.0007,0.0008,0.0009,0.0010,0.0011,0.0013,0.0015,0.0018,0.0025
0.0039,0.0070,0.0133,0.0232,0.0370,0.0545,0.0744,0.0966,0.1197,0.1438
0.1685,0.1933,0.2178,0.2422,0.2661,0.2902,0.3140,0.3372,0.3601,0.3826
0.4049,0.4267,0.4482,0.4693,0.4906,0.5117,0.5321,0.5523,0.5728,0.5929
0.6129,0.6327,0.6525,0.6718,0.6912,0.7105,0.7294,0.7482,0.7667,0.7846
0.8021,0.8191,0.8358,0.8514,0.8660,0.8800,0.8926,0.9038,0.9135,0.9222
0.9295,0.9362,0.9420,0.9473,0.9521,0.9564,0.9602,0.9638,0.9671,0.9699
0.9726,0.9750,0.9771,0.9789,0.9806,0.9821,0.9835,0.9846,0.9856,0.9864
0.9872,0.9880,0.9886,0.9893,0.9898,0.9903,0.9908,0.9913,0.9917,0.9921
0.9925,0.9929,0.9933,0.9937,0.9940,0.9943,0.9947,0.9949,0.9952,0.9955
0.9957,0.9959,0.9962,0.9964,0.9967,0.9968,0.9971,0.9973,0.9974,0.9976
0.9978,0.9979,0.9981,0.9982,0.9983,0.9985,0.9986,0.9987,0.9989,0.9990
0.9991,0.9992,0.9993,0.9994,0.9995,0.9996,0.9997,0.9998,0.9999,1.0000
hwc2v1fract=0.0001,0.0001,0.0002,0.0003,0.0004,0.0005,0.0006,0.0006
0.0007,0.0008,0.0010,0.0011,0.0013,0.0015,0.0017,0.0020,0.0025,0.0035
0.0054,0.0093,0.0166,0.0278,0.0426,0.0608,0.0812,0.1035,0.1267,0.1508
0.1750,0.1999,0.2245,0.2488,0.2726,0.2962,0.3194,0.3425,0.3650,0.3874
0.4095,0.4316,0.4532,0.4748,0.4959,0.5168,0.5373,0.5575,0.5778,0.5980
0.6179,0.6380,0.6576,0.6768,0.6960,0.7152,0.7339,0.7525,0.7705,0.7887
0.8061,0.8229,0.8388,0.8541,0.8687,0.8820,0.8941,0.9051,0.9147,0.9232
0.9304,0.9368,0.9425,0.9477,0.9523,0.9564,0.9602,0.9637,0.9668,0.9698
0.9725,0.9749,0.9770,0.9789,0.9806,0.9821,0.9834,0.9845,0.9856,0.9865
0.9873,0.9881,0.9888,0.9894,0.9900,0.9906,0.9910,0.9914,0.9919,0.9923
0.9926,0.9930,0.9934,0.9937,0.9941,0.9944,0.9947,0.9950,0.9953,0.9955
0.9958,0.9961,0.9963,0.9966,0.9967,0.9969,0.9971,0.9973,0.9975,0.9976
0.9978,0.9980,0.9981,0.9983,0.9984,0.9985,0.9987,0.9988,0.9989,0.9990
0.9991,0.9992,0.9993,0.9994,0.9995,0.9996,0.9997,0.9998,0.9999,1.0000
hwc2y2fract=0.0001,0.0001,0.0002,0.0003,0.0004,0.0005,0.0005,0.0006
0.0007,0.0008,0.0009,0.0010,0.0012,0.0013,0.0015,0.0018,0.0023,0.0031
0.0047,0.0077,0.0131,0.0217,0.0336,0.0489,0.0672,0.0885,0.1113,0.1353
0.1601,0.1849,0.2102,0.2350,0.2596,0.2842,0.3082,0.3321,0.3554,0.3782
0.4010,0.4233,0.4452,0.4670,0.4888,0.5102,0.5311,0.5519,0.5725,0.5930
0.6131,0.6333,0.6532,0.6727,0.6921,0.7115,0.7304,0.7491,0.7677,0.7859
0.8033,0.8201,0.8359,0.8512,0.8657,0.8792,0.8914,0.9026,0.9129,0.9218
0.9297,0.9367,0.9428,0.9481,0.9528,0.9570,0.9608,0.9644,0.9676,0.9705
0.9730,0.9753,0.9773,0.9790,0.9807,0.9821,0.9833,0.9845,0.9855,0.9865
0.9874,0.9880,0.9887,0.9894,0.9899,0.9905,0.9910,0.9914,0.9918,0.9922
0.9926,0.9929,0.9933,0.9936,0.9940,0.9943,0.9945,0.9949,0.9951,0.9954
0.9956,0.9959,0.9961,0.9963,0.9965,0.9967,0.9969,0.9971,0.9974,0.9975
0.9977,0.9978,0.9980,0.9981,0.9983,0.9984,0.9986,0.9987,0.9988,0.9989
0.9990,0.9991,0.9993,0.9994,0.9995,0.9996,0.9997,0.9998,0.9999,1.0000
hwc2x2fract=0.0001,0.0002,0.0003,0.0004,0.0005,0.0006,0.0008,0.0009
0.0010,0.0012,0.0014,0.0016,0.0018,0.0020,0.0023,0.0027,0.0031,0.0039
0.0051,0.0073,0.0111,0.0171,0.0260,0.0369,0.0506,0.0665,0.0840,0.1032
0.1231,0.1443,0.1665,0.1886,0.2115,0.2348,0.2582,0.2816,0.3049,0.3285
0.3522,0.3751,0.3979,0.4208,0.4433,0.4656,0.4875,0.5089,0.5304,0.5517
0.5728,0.5934,0.6142,0.6345,0.6547,0.6746,0.6945,0.7140,0.7334,0.7526
0.7711,0.7889,0.8062,0.8229,0.8388,0.8539,0.8679,0.8807,0.8925,0.9030
0.9124,0.9211,0.9288,0.9358,0.9420,0.9476,0.9527,0.9573,0.9618,0.9658
0.9693,0.9725,0.9754,0.9778,0.9800,0.9820,0.9836,0.9849,0.9862,0.9873
0.9882,0.9891,0.9897,0.9904,0.9910,0.9916,0.9920,0.9925,0.9928,0.9932
0.9936,0.9939,0.9942,0.9945,0.9948,0.9950,0.9953,0.9955,0.9957,0.9960
0.9962,0.9964,0.9965,0.9967,0.9969,0.9971,0.9972,0.9974,0.9975,0.9977
0.9978,0.9979,0.9981,0.9982,0.9984,0.9985,0.9986,0.9988,0.9989,0.9990
0.9991,0.9992,0.9994,0.9995,0.9996,0.9996,0.9997,0.9998,0.9999,1.0000
