; Lookup table
;number of bins in Meek's time to distance lookup table
hdriftbins=138
;number of 1st bin in Meek's table in ns
hdrift1stbin=-24
;bin size in ns of Meek's table
hdriftbinsz=2
hwc1x1fract=0.0001,0.0001,0.0002,0.0003,0.0003,0.0004,0.0005,0.0006
0.0008,0.0009,0.0011,0.0012,0.0015,0.0017,0.0021,0.0025,0.0030,0.0038
0.0050,0.0068,0.0096,0.0141,0.0207,0.0298,0.0409,0.0542,0.0688,0.0847
0.1021,0.1205,0.1403,0.1605,0.1815,0.2033,0.2252,0.2481,0.2711,0.2943
0.3176,0.3409,0.3641,0.3875,0.4108,0.4337,0.4568,0.4794,0.5022,0.5241
0.5458,0.5676,0.5893,0.6107,0.6324,0.6533,0.6739,0.6945,0.7146,0.7341
0.7537,0.7726,0.7908,0.8082,0.8252,0.8410,0.8561,0.8702,0.8831,0.8950
0.9061,0.9160,0.9249,0.9330,0.9407,0.9476,0.9538,0.9594,0.9646,0.9693
0.9736,0.9772,0.9806,0.9833,0.9856,0.9875,0.9893,0.9906,0.9919,0.9929
0.9937,0.9944,0.9950,0.9956,0.9961,0.9965,0.9968,0.9971,0.9974,0.9977
0.9979,0.9981,0.9982,0.9984,0.9986,0.9987,0.9988,0.9989,0.9990,0.9991
0.9992,0.9993,0.9994,0.9994,0.9995,0.9995,0.9996,0.9996,0.9997,0.9997
0.9997,0.9998,0.9998,0.9998,0.9998,0.9999,0.9999,0.9999,0.9999,0.9999
0.9999,1.0000,1.0000,1.0000,1.0000,1.0000,1.0000,1.0000,1.0000,1.0000
hwc1y1fract=0.0000,0.0001,0.0001,0.0002,0.0002,0.0003,0.0004,0.0004
0.0005,0.0007,0.0009,0.0011,0.0013,0.0015,0.0018,0.0023,0.0031,0.0042
0.0060,0.0091,0.0140,0.0221,0.0333,0.0475,0.0644,0.0834,0.1051,0.1282
0.1521,0.1762,0.2012,0.2254,0.2499,0.2744,0.2986,0.3224,0.3462,0.3694
0.3921,0.4147,0.4367,0.4588,0.4805,0.5017,0.5229,0.5441,0.5647,0.5854
0.6062,0.6264,0.6466,0.6669,0.6862,0.7061,0.7250,0.7443,0.7627,0.7812
0.7988,0.8159,0.8323,0.8482,0.8632,0.8773,0.8900,0.9015,0.9122,0.9216
0.9298,0.9373,0.9438,0.9496,0.9548,0.9594,0.9636,0.9673,0.9707,0.9739
0.9767,0.9792,0.9814,0.9834,0.9850,0.9866,0.9879,0.9890,0.9901,0.9911
0.9920,0.9927,0.9933,0.9940,0.9945,0.9950,0.9955,0.9959,0.9963,0.9966
0.9969,0.9972,0.9975,0.9977,0.9979,0.9981,0.9983,0.9985,0.9987,0.9988
0.9989,0.9990,0.9991,0.9992,0.9993,0.9994,0.9995,0.9996,0.9996,0.9996
0.9997,0.9997,0.9998,0.9998,0.9998,0.9998,0.9999,0.9999,0.9999,0.9999
0.9999,0.9999,0.9999,1.0000,1.0000,1.0000,1.0000,1.0000,1.0000,1.0000
hwc1u1fract=0.0000,0.0000,0.0000,0.0000,0.0000,0.0000,0.0000,0.0001
0.0001,0.0001,0.0001,0.0002,0.0002,0.0003,0.0004,0.0006,0.0009,0.0014
0.0023,0.0041,0.0075,0.0137,0.0230,0.0357,0.0508,0.0682,0.0881,0.1088
0.1313,0.1542,0.1779,0.2018,0.2261,0.2502,0.2738,0.2976,0.3210,0.3440
0.3670,0.3899,0.4127,0.4351,0.4573,0.4791,0.5007,0.5216,0.5426,0.5634
0.5846,0.6046,0.6251,0.6456,0.6653,0.6849,0.7042,0.7233,0.7423,0.7608
0.7787,0.7961,0.8134,0.8301,0.8459,0.8607,0.8747,0.8872,0.8987,0.9090
0.9183,0.9264,0.9335,0.9399,0.9459,0.9513,0.9561,0.9606,0.9646,0.9684
0.9719,0.9749,0.9776,0.9799,0.9820,0.9839,0.9856,0.9870,0.9883,0.9894
0.9904,0.9912,0.9920,0.9927,0.9932,0.9939,0.9943,0.9948,0.9952,0.9956
0.9961,0.9964,0.9967,0.9970,0.9973,0.9975,0.9977,0.9980,0.9982,0.9983
0.9985,0.9987,0.9988,0.9989,0.9990,0.9991,0.9992,0.9993,0.9994,0.9995
0.9995,0.9996,0.9997,0.9997,0.9997,0.9998,0.9998,0.9998,0.9998,0.9999
0.9999,0.9999,0.9999,1.0000,1.0000,1.0000,1.0000,1.0000,1.0000,1.0000
hwc1v1fract=0.0000,0.0000,0.0001,0.0001,0.0001,0.0001,0.0002,0.0002
0.0002,0.0003,0.0004,0.0004,0.0005,0.0007,0.0009,0.0014,0.0023,0.0039
0.0070,0.0122,0.0202,0.0314,0.0450,0.0616,0.0795,0.0996,0.1201,0.1414
0.1634,0.1855,0.2082,0.2310,0.2534,0.2764,0.2990,0.3217,0.3439,0.3665
0.3890,0.4113,0.4331,0.4551,0.4766,0.4981,0.5196,0.5411,0.5620,0.5830
0.6037,0.6242,0.6447,0.6647,0.6849,0.7048,0.7248,0.7443,0.7636,0.7821
0.8002,0.8178,0.8347,0.8509,0.8659,0.8795,0.8918,0.9033,0.9133,0.9222
0.9299,0.9369,0.9433,0.9489,0.9543,0.9593,0.9637,0.9678,0.9715,0.9748
0.9778,0.9804,0.9830,0.9852,0.9871,0.9884,0.9898,0.9909,0.9918,0.9925
0.9932,0.9938,0.9945,0.9950,0.9955,0.9959,0.9962,0.9966,0.9968,0.9971
0.9974,0.9976,0.9978,0.9980,0.9982,0.9984,0.9986,0.9987,0.9989,0.9990
0.9991,0.9992,0.9992,0.9993,0.9994,0.9994,0.9995,0.9996,0.9996,0.9997
0.9997,0.9998,0.9998,0.9998,0.9998,0.9998,0.9999,0.9999,0.9999,0.9999
0.9999,0.9999,1.0000,1.0000,1.0000,1.0000,1.0000,1.0000,1.0000,1.0000
hwc1y2fract=0.0000,0.0000,0.0000,0.0000,0.0001,0.0001,0.0001,0.0002
0.0002,0.0002,0.0003,0.0003,0.0004,0.0005,0.0006,0.0008,0.0012,0.0018
0.0032,0.0057,0.0100,0.0169,0.0268,0.0395,0.0550,0.0731,0.0936,0.1156
0.1387,0.1628,0.1869,0.2115,0.2358,0.2605,0.2845,0.3084,0.3326,0.3557
0.3791,0.4020,0.4245,0.4467,0.4686,0.4905,0.5119,0.5328,0.5541,0.5748
0.5956,0.6158,0.6361,0.6561,0.6762,0.6958,0.7150,0.7340,0.7525,0.7706
0.7881,0.8053,0.8219,0.8378,0.8526,0.8665,0.8795,0.8915,0.9023,0.9124
0.9213,0.9292,0.9363,0.9425,0.9481,0.9533,0.9578,0.9619,0.9655,0.9691
0.9721,0.9749,0.9773,0.9795,0.9815,0.9832,0.9847,0.9862,0.9874,0.9886
0.9896,0.9905,0.9913,0.9921,0.9928,0.9934,0.9939,0.9944,0.9950,0.9954
0.9959,0.9963,0.9966,0.9969,0.9971,0.9974,0.9976,0.9978,0.9981,0.9983
0.9985,0.9987,0.9988,0.9990,0.9991,0.9992,0.9993,0.9993,0.9994,0.9995
0.9995,0.9996,0.9996,0.9997,0.9997,0.9997,0.9998,0.9998,0.9998,0.9999
0.9999,0.9999,0.9999,0.9999,0.9999,0.9999,1.0000,1.0000,1.0000,1.0000
hwc1x2fract=0.0000,0.0001,0.0001,0.0001,0.0002,0.0002,0.0003,0.0003
0.0004,0.0005,0.0006,0.0008,0.0010,0.0012,0.0015,0.0020,0.0030,0.0047
0.0077,0.0122,0.0191,0.0282,0.0395,0.0527,0.0678,0.0847,0.1027,0.1219
0.1420,0.1627,0.1840,0.2061,0.2288,0.2517,0.2751,0.2985,0.3220,0.3455
0.3686,0.3918,0.4148,0.4378,0.4607,0.4829,0.5049,0.5269,0.5490,0.5706
0.5920,0.6132,0.6340,0.6554,0.6765,0.6966,0.7168,0.7362,0.7554,0.7740
0.7919,0.8091,0.8258,0.8415,0.8566,0.8703,0.8832,0.8951,0.9057,0.9155
0.9245,0.9326,0.9400,0.9468,0.9527,0.9582,0.9633,0.9678,0.9720,0.9758
0.9791,0.9818,0.9842,0.9863,0.9880,0.9896,0.9908,0.9919,0.9927,0.9936
0.9943,0.9948,0.9954,0.9959,0.9962,0.9966,0.9969,0.9972,0.9974,0.9977
0.9978,0.9980,0.9982,0.9983,0.9985,0.9986,0.9987,0.9988,0.9989,0.9990
0.9991,0.9992,0.9993,0.9993,0.9994,0.9994,0.9995,0.9995,0.9996,0.9996
0.9997,0.9997,0.9997,0.9997,0.9998,0.9998,0.9998,0.9998,0.9999,0.9999
0.9999,0.9999,0.9999,0.9999,1.0000,1.0000,1.0000,1.0000,1.0000,1.0000
hwc2x1fract=0.0000,0.0001,0.0002,0.0003,0.0003,0.0004,0.0005,0.0006
0.0008,0.0010,0.0011,0.0013,0.0016,0.0019,0.0022,0.0027,0.0034,0.0046
0.0064,0.0094,0.0135,0.0195,0.0275,0.0377,0.0501,0.0643,0.0801,0.0972
0.1157,0.1352,0.1554,0.1764,0.1982,0.2204,0.2429,0.2663,0.2895,0.3131
0.3367,0.3599,0.3834,0.4068,0.4299,0.4532,0.4762,0.4988,0.5212,0.5435
0.5655,0.5871,0.6088,0.6301,0.6513,0.6722,0.6930,0.7142,0.7342,0.7543
0.7736,0.7921,0.8102,0.8272,0.8439,0.8594,0.8737,0.8869,0.8987,0.9098
0.9197,0.9286,0.9363,0.9434,0.9497,0.9555,0.9608,0.9655,0.9699,0.9737
0.9773,0.9803,0.9831,0.9854,0.9873,0.9889,0.9903,0.9915,0.9926,0.9934
0.9941,0.9947,0.9953,0.9957,0.9962,0.9965,0.9968,0.9971,0.9973,0.9976
0.9978,0.9980,0.9981,0.9983,0.9985,0.9986,0.9987,0.9989,0.9990,0.9991
0.9992,0.9993,0.9993,0.9994,0.9995,0.9995,0.9996,0.9996,0.9997,0.9997
0.9997,0.9998,0.9998,0.9998,0.9998,0.9999,0.9999,0.9999,0.9999,0.9999
0.9999,0.9999,0.9999,1.0000,1.0000,1.0000,1.0000,1.0000,1.0000,1.0000
hwc2y1fract=0.0000,0.0000,0.0000,0.0000,0.0000,0.0000,0.0001,0.0001
0.0001,0.0002,0.0002,0.0003,0.0004,0.0005,0.0006,0.0007,0.0011,0.0017
0.0030,0.0055,0.0102,0.0178,0.0290,0.0436,0.0615,0.0819,0.1042,0.1280
0.1530,0.1782,0.2037,0.2297,0.2551,0.2799,0.3044,0.3286,0.3522,0.3762
0.3998,0.4224,0.4448,0.4669,0.4889,0.5105,0.5322,0.5536,0.5747,0.5956
0.6163,0.6372,0.6573,0.6777,0.6978,0.7176,0.7371,0.7560,0.7745,0.7929
0.8107,0.8281,0.8448,0.8606,0.8755,0.8892,0.9018,0.9130,0.9230,0.9321
0.9400,0.9469,0.9529,0.9581,0.9628,0.9668,0.9705,0.9737,0.9764,0.9790
0.9813,0.9834,0.9853,0.9867,0.9881,0.9894,0.9903,0.9912,0.9919,0.9927
0.9932,0.9938,0.9943,0.9947,0.9951,0.9955,0.9958,0.9961,0.9964,0.9966
0.9969,0.9971,0.9973,0.9975,0.9977,0.9978,0.9980,0.9982,0.9983,0.9985
0.9986,0.9988,0.9989,0.9990,0.9992,0.9993,0.9994,0.9994,0.9995,0.9996
0.9996,0.9997,0.9998,0.9998,0.9998,0.9999,0.9999,0.9999,0.9999,0.9999
1.0000,1.0000,1.0000,1.0000,1.0000,1.0000,1.0000,1.0000,1.0000,1.0000
hwc2u1fract=0.0000,0.0000,0.0000,0.0000,0.0000,0.0000,0.0001,0.0001
0.0001,0.0001,0.0002,0.0002,0.0003,0.0003,0.0004,0.0006,0.0008,0.0014
0.0026,0.0056,0.0113,0.0208,0.0341,0.0507,0.0702,0.0916,0.1149,0.1389
0.1636,0.1884,0.2131,0.2378,0.2621,0.2862,0.3101,0.3336,0.3569,0.3797
0.4025,0.4249,0.4470,0.4688,0.4905,0.5114,0.5322,0.5537,0.5742,0.5947
0.6151,0.6349,0.6547,0.6746,0.6939,0.7126,0.7317,0.7508,0.7692,0.7877
0.8053,0.8226,0.8392,0.8552,0.8701,0.8837,0.8964,0.9076,0.9175,0.9262
0.9338,0.9403,0.9462,0.9512,0.9559,0.9599,0.9636,0.9669,0.9697,0.9723
0.9746,0.9766,0.9783,0.9799,0.9814,0.9827,0.9836,0.9846,0.9854,0.9861
0.9868,0.9873,0.9878,0.9883,0.9888,0.9892,0.9895,0.9899,0.9903,0.9906
0.9909,0.9913,0.9916,0.9919,0.9921,0.9924,0.9927,0.9930,0.9932,0.9934
0.9936,0.9939,0.9941,0.9943,0.9944,0.9946,0.9947,0.9949,0.9951,0.9952
0.9954,0.9956,0.9958,0.9960,0.9963,0.9965,0.9968,0.9971,0.9973,0.9976
0.9979,0.9981,0.9984,0.9986,0.9989,0.9991,0.9993,0.9996,0.9998,1.0000
hwc2v1fract=0.0000,0.0000,0.0000,0.0001,0.0001,0.0001,0.0002,0.0002
0.0003,0.0003,0.0004,0.0005,0.0006,0.0007,0.0009,0.0012,0.0018,0.0027
0.0048,0.0090,0.0161,0.0272,0.0419,0.0597,0.0802,0.1025,0.1258,0.1501
0.1748,0.1997,0.2242,0.2489,0.2729,0.2975,0.3215,0.3455,0.3688,0.3916
0.4140,0.4366,0.4585,0.4802,0.5014,0.5227,0.5437,0.5647,0.5851,0.6063
0.6268,0.6471,0.6673,0.6872,0.7069,0.7264,0.7451,0.7641,0.7823,0.8006
0.8184,0.8357,0.8518,0.8673,0.8812,0.8946,0.9066,0.9173,0.9267,0.9346
0.9417,0.9479,0.9534,0.9583,0.9624,0.9663,0.9699,0.9733,0.9761,0.9788
0.9810,0.9832,0.9850,0.9865,0.9878,0.9890,0.9901,0.9910,0.9918,0.9925
0.9931,0.9936,0.9941,0.9946,0.9949,0.9953,0.9957,0.9960,0.9963,0.9965
0.9968,0.9971,0.9973,0.9976,0.9978,0.9980,0.9982,0.9984,0.9986,0.9987
0.9989,0.9990,0.9991,0.9992,0.9993,0.9994,0.9995,0.9996,0.9996,0.9997
0.9997,0.9998,0.9998,0.9998,0.9999,0.9999,0.9999,0.9999,0.9999,0.9999
0.9999,0.9999,1.0000,1.0000,1.0000,1.0000,1.0000,1.0000,1.0000,1.0000
hwc2y2fract=0.0000,0.0000,0.0000,0.0001,0.0001,0.0001,0.0001,0.0002
0.0002,0.0003,0.0003,0.0004,0.0005,0.0006,0.0008,0.0010,0.0015,0.0024
0.0040,0.0072,0.0124,0.0210,0.0329,0.0483,0.0665,0.0871,0.1102,0.1342
0.1588,0.1843,0.2096,0.2349,0.2594,0.2845,0.3090,0.3330,0.3573,0.3812
0.4045,0.4275,0.4497,0.4720,0.4938,0.5153,0.5366,0.5576,0.5786,0.5993
0.6205,0.6408,0.6615,0.6820,0.7019,0.7216,0.7408,0.7598,0.7785,0.7971
0.8151,0.8322,0.8489,0.8642,0.8787,0.8920,0.9041,0.9150,0.9247,0.9332
0.9409,0.9477,0.9535,0.9586,0.9630,0.9671,0.9705,0.9738,0.9766,0.9792
0.9813,0.9834,0.9852,0.9866,0.9879,0.9892,0.9902,0.9911,0.9918,0.9925
0.9931,0.9937,0.9942,0.9947,0.9951,0.9955,0.9959,0.9962,0.9965,0.9968
0.9969,0.9972,0.9974,0.9976,0.9978,0.9980,0.9981,0.9983,0.9984,0.9986
0.9987,0.9989,0.9990,0.9991,0.9992,0.9993,0.9994,0.9994,0.9995,0.9996
0.9997,0.9997,0.9997,0.9998,0.9998,0.9998,0.9999,0.9999,0.9999,0.9999
0.9999,0.9999,1.0000,1.0000,1.0000,1.0000,1.0000,1.0000,1.0000,1.0000
hwc2x2fract=0.0000,0.0001,0.0001,0.0002,0.0002,0.0003,0.0003,0.0004
0.0005,0.0006,0.0007,0.0009,0.0011,0.0013,0.0016,0.0020,0.0026,0.0034
0.0047,0.0068,0.0102,0.0158,0.0239,0.0346,0.0475,0.0624,0.0794,0.0978
0.1176,0.1385,0.1604,0.1827,0.2062,0.2301,0.2539,0.2778,0.3012,0.3252
0.3488,0.3721,0.3957,0.4190,0.4424,0.4647,0.4874,0.5096,0.5322,0.5542
0.5760,0.5977,0.6187,0.6394,0.6601,0.6807,0.7009,0.7208,0.7404,0.7596
0.7784,0.7968,0.8147,0.8321,0.8485,0.8631,0.8774,0.8903,0.9018,0.9127
0.9221,0.9304,0.9379,0.9447,0.9510,0.9566,0.9616,0.9661,0.9703,0.9740
0.9773,0.9802,0.9827,0.9849,0.9869,0.9885,0.9898,0.9910,0.9919,0.9927
0.9935,0.9941,0.9947,0.9952,0.9957,0.9961,0.9964,0.9968,0.9971,0.9974
0.9976,0.9978,0.9981,0.9983,0.9984,0.9986,0.9988,0.9989,0.9990,0.9991
0.9992,0.9993,0.9994,0.9994,0.9995,0.9996,0.9996,0.9997,0.9997,0.9997
0.9997,0.9998,0.9998,0.9998,0.9998,0.9999,0.9999,0.9999,0.9999,0.9999
0.9999,0.9999,1.0000,1.0000,1.0000,1.0000,1.0000,1.0000,1.0000,1.0000
