; Lookup table
;number of bins in Meek's time to distance lookup table
hdriftbins=138
;number of 1st bin in Meek's table in ns
hdrift1stbin=-24
;bin size in ns of Meek's table
hdriftbinsz=2
hwc1x1fract=0.0002,0.0003,0.0005,0.0007,0.0009,0.0012,0.0014,0.0016
0.0019,0.0022,0.0025,0.0029,0.0034,0.0040,0.0049,0.0062,0.0084,0.0112
0.0149,0.0197,0.0263,0.0350,0.0460,0.0590,0.0740,0.0905,0.1087,0.1280
0.1483,0.1694,0.1913,0.2131,0.2357,0.2582,0.2810,0.3037,0.3267,0.3498
0.3728,0.3953,0.4177,0.4404,0.4620,0.4839,0.5056,0.5271,0.5483,0.5693
0.5900,0.6104,0.6308,0.6511,0.6712,0.6909,0.7102,0.7291,0.7477,0.7658
0.7836,0.8006,0.8170,0.8319,0.8462,0.8595,0.8718,0.8830,0.8932,0.9026
0.9112,0.9189,0.9260,0.9324,0.9384,0.9439,0.9490,0.9538,0.9582,0.9621
0.9658,0.9689,0.9717,0.9742,0.9763,0.9782,0.9799,0.9814,0.9828,0.9838
0.9849,0.9858,0.9867,0.9874,0.9881,0.9888,0.9893,0.9898,0.9903,0.9908
0.9912,0.9916,0.9920,0.9923,0.9926,0.9929,0.9932,0.9935,0.9938,0.9941
0.9943,0.9946,0.9949,0.9951,0.9954,0.9956,0.9958,0.9960,0.9962,0.9964
0.9967,0.9969,0.9971,0.9973,0.9975,0.9977,0.9978,0.9980,0.9981,0.9983
0.9985,0.9987,0.9989,0.9991,0.9992,0.9994,0.9996,0.9997,0.9998,1.0000
hwc1y1fract=0.0002,0.0004,0.0006,0.0008,0.0010,0.0012,0.0015,0.0018
0.0021,0.0024,0.0028,0.0032,0.0037,0.0044,0.0052,0.0063,0.0080,0.0101
0.0135,0.0193,0.0283,0.0404,0.0560,0.0747,0.0956,0.1184,0.1425,0.1669
0.1916,0.2166,0.2409,0.2648,0.2887,0.3123,0.3352,0.3576,0.3801,0.4023
0.4242,0.4454,0.4665,0.4875,0.5082,0.5289,0.5493,0.5696,0.5896,0.6096
0.6291,0.6490,0.6682,0.6873,0.7065,0.7249,0.7432,0.7610,0.7787,0.7962
0.8126,0.8289,0.8440,0.8580,0.8712,0.8834,0.8945,0.9044,0.9132,0.9210
0.9279,0.9339,0.9392,0.9441,0.9483,0.9522,0.9559,0.9593,0.9623,0.9651
0.9677,0.9701,0.9721,0.9741,0.9757,0.9772,0.9786,0.9798,0.9810,0.9820
0.9830,0.9840,0.9849,0.9856,0.9863,0.9870,0.9876,0.9882,0.9888,0.9894
0.9899,0.9904,0.9909,0.9913,0.9917,0.9921,0.9924,0.9928,0.9931,0.9935
0.9938,0.9942,0.9945,0.9948,0.9951,0.9954,0.9957,0.9959,0.9962,0.9964
0.9966,0.9968,0.9971,0.9973,0.9975,0.9977,0.9979,0.9981,0.9983,0.9985
0.9986,0.9988,0.9990,0.9992,0.9993,0.9995,0.9996,0.9997,0.9999,1.0000
hwc1u1fract=0.0001,0.0002,0.0004,0.0005,0.0006,0.0008,0.0009,0.0011
0.0012,0.0013,0.0015,0.0017,0.0019,0.0022,0.0028,0.0039,0.0058,0.0087
0.0124,0.0175,0.0247,0.0350,0.0479,0.0641,0.0825,0.1025,0.1243,0.1463
0.1696,0.1929,0.2165,0.2403,0.2634,0.2865,0.3096,0.3325,0.3547,0.3771
0.3991,0.4211,0.4425,0.4640,0.4849,0.5059,0.5266,0.5471,0.5673,0.5875
0.6077,0.6275,0.6473,0.6672,0.6866,0.7056,0.7244,0.7428,0.7608,0.7785
0.7956,0.8120,0.8276,0.8422,0.8561,0.8690,0.8808,0.8917,0.9011,0.9097
0.9172,0.9237,0.9298,0.9352,0.9405,0.9452,0.9494,0.9534,0.9570,0.9604
0.9636,0.9666,0.9692,0.9714,0.9735,0.9753,0.9768,0.9783,0.9796,0.9808
0.9820,0.9829,0.9838,0.9847,0.9855,0.9862,0.9869,0.9875,0.9882,0.9887
0.9892,0.9898,0.9903,0.9908,0.9913,0.9917,0.9922,0.9925,0.9929,0.9932
0.9936,0.9939,0.9942,0.9945,0.9948,0.9951,0.9953,0.9956,0.9959,0.9961
0.9964,0.9966,0.9968,0.9971,0.9973,0.9975,0.9977,0.9979,0.9981,0.9983
0.9985,0.9987,0.9989,0.9990,0.9992,0.9994,0.9995,0.9997,0.9998,1.0000
hwc1v1fract=0.0001,0.0003,0.0004,0.0006,0.0007,0.0009,0.0010,0.0012
0.0014,0.0015,0.0017,0.0019,0.0021,0.0024,0.0028,0.0034,0.0042,0.0057
0.0084,0.0135,0.0218,0.0336,0.0489,0.0672,0.0876,0.1097,0.1329,0.1566
0.1806,0.2046,0.2279,0.2514,0.2747,0.2977,0.3201,0.3426,0.3645,0.3865
0.4077,0.4292,0.4504,0.4711,0.4918,0.5121,0.5325,0.5528,0.5728,0.5925
0.6123,0.6320,0.6513,0.6703,0.6891,0.7080,0.7266,0.7451,0.7634,0.7814
0.7988,0.8155,0.8316,0.8467,0.8609,0.8741,0.8858,0.8963,0.9056,0.9140
0.9213,0.9277,0.9334,0.9387,0.9434,0.9477,0.9517,0.9553,0.9589,0.9621
0.9650,0.9679,0.9704,0.9726,0.9745,0.9763,0.9778,0.9792,0.9803,0.9814
0.9825,0.9835,0.9843,0.9852,0.9859,0.9865,0.9871,0.9877,0.9883,0.9889
0.9895,0.9900,0.9904,0.9909,0.9914,0.9918,0.9922,0.9926,0.9930,0.9933
0.9937,0.9940,0.9943,0.9946,0.9949,0.9952,0.9955,0.9958,0.9960,0.9963
0.9965,0.9968,0.9970,0.9972,0.9974,0.9976,0.9978,0.9980,0.9982,0.9985
0.9986,0.9988,0.9990,0.9991,0.9993,0.9995,0.9996,0.9997,0.9999,1.0000
hwc1y2fract=0.0002,0.0003,0.0005,0.0006,0.0007,0.0009,0.0011,0.0013
0.0015,0.0018,0.0020,0.0024,0.0028,0.0032,0.0040,0.0050,0.0065,0.0093
0.0137,0.0210,0.0313,0.0448,0.0616,0.0808,0.1023,0.1254,0.1496,0.1740
0.1985,0.2230,0.2472,0.2713,0.2949,0.3184,0.3415,0.3637,0.3860,0.4081
0.4296,0.4511,0.4721,0.4930,0.5138,0.5344,0.5546,0.5750,0.5948,0.6145
0.6341,0.6535,0.6728,0.6917,0.7104,0.7285,0.7462,0.7642,0.7816,0.7982
0.8139,0.8291,0.8434,0.8573,0.8700,0.8818,0.8924,0.9019,0.9104,0.9181
0.9249,0.9308,0.9360,0.9409,0.9453,0.9494,0.9532,0.9567,0.9599,0.9628
0.9655,0.9679,0.9702,0.9721,0.9739,0.9754,0.9769,0.9782,0.9795,0.9806
0.9817,0.9827,0.9835,0.9844,0.9851,0.9858,0.9866,0.9873,0.9879,0.9884
0.9889,0.9895,0.9900,0.9905,0.9909,0.9914,0.9918,0.9923,0.9927,0.9931
0.9934,0.9938,0.9942,0.9945,0.9948,0.9951,0.9953,0.9956,0.9959,0.9962
0.9964,0.9966,0.9969,0.9971,0.9973,0.9976,0.9978,0.9980,0.9982,0.9983
0.9985,0.9987,0.9989,0.9990,0.9992,0.9994,0.9995,0.9997,0.9999,1.0000
hwc1x2fract=0.0002,0.0003,0.0005,0.0007,0.0008,0.0010,0.0012,0.0014
0.0016,0.0019,0.0022,0.0024,0.0028,0.0032,0.0037,0.0048,0.0064,0.0090
0.0129,0.0187,0.0270,0.0376,0.0508,0.0659,0.0832,0.1017,0.1214,0.1422
0.1640,0.1862,0.2088,0.2318,0.2555,0.2788,0.3019,0.3248,0.3480,0.3712
0.3935,0.4159,0.4383,0.4600,0.4816,0.5032,0.5244,0.5455,0.5662,0.5865
0.6073,0.6273,0.6475,0.6671,0.6865,0.7053,0.7243,0.7427,0.7608,0.7784
0.7956,0.8117,0.8271,0.8418,0.8552,0.8679,0.8795,0.8899,0.8993,0.9082
0.9161,0.9232,0.9296,0.9356,0.9412,0.9465,0.9511,0.9556,0.9596,0.9632
0.9666,0.9696,0.9723,0.9746,0.9767,0.9785,0.9800,0.9814,0.9826,0.9837
0.9847,0.9856,0.9865,0.9872,0.9879,0.9885,0.9890,0.9896,0.9900,0.9905
0.9910,0.9914,0.9917,0.9921,0.9924,0.9928,0.9931,0.9934,0.9936,0.9939
0.9941,0.9944,0.9947,0.9950,0.9952,0.9955,0.9957,0.9959,0.9961,0.9963
0.9966,0.9968,0.9970,0.9972,0.9974,0.9976,0.9978,0.9980,0.9981,0.9983
0.9985,0.9987,0.9989,0.9991,0.9992,0.9994,0.9996,0.9997,0.9999,1.0000
hwc2x1fract=0.0002,0.0003,0.0005,0.0007,0.0009,0.0012,0.0014,0.0016
0.0019,0.0022,0.0025,0.0028,0.0033,0.0038,0.0045,0.0054,0.0066,0.0088
0.0123,0.0172,0.0243,0.0332,0.0443,0.0573,0.0722,0.0890,0.1070,0.1260
0.1462,0.1670,0.1887,0.2107,0.2329,0.2554,0.2778,0.3003,0.3232,0.3457
0.3687,0.3913,0.4139,0.4364,0.4588,0.4811,0.5028,0.5240,0.5454,0.5669
0.5881,0.6089,0.6299,0.6506,0.6711,0.6913,0.7113,0.7308,0.7498,0.7682
0.7861,0.8034,0.8203,0.8362,0.8509,0.8642,0.8769,0.8884,0.8987,0.9082
0.9165,0.9238,0.9307,0.9369,0.9426,0.9478,0.9525,0.9568,0.9610,0.9647
0.9680,0.9712,0.9738,0.9762,0.9782,0.9799,0.9815,0.9830,0.9841,0.9851
0.9860,0.9868,0.9875,0.9881,0.9888,0.9893,0.9899,0.9904,0.9908,0.9913
0.9916,0.9920,0.9923,0.9926,0.9930,0.9933,0.9936,0.9939,0.9942,0.9944
0.9947,0.9949,0.9952,0.9954,0.9956,0.9958,0.9961,0.9962,0.9965,0.9967
0.9969,0.9971,0.9973,0.9975,0.9976,0.9978,0.9980,0.9982,0.9984,0.9985
0.9987,0.9988,0.9990,0.9991,0.9993,0.9994,0.9996,0.9997,0.9999,1.0000
hwc2y1fract=0.0001,0.0003,0.0005,0.0006,0.0007,0.0009,0.0011,0.0013
0.0015,0.0017,0.0019,0.0022,0.0025,0.0028,0.0033,0.0040,0.0051,0.0067
0.0097,0.0149,0.0232,0.0353,0.0510,0.0701,0.0915,0.1146,0.1391,0.1641
0.1895,0.2144,0.2393,0.2640,0.2883,0.3121,0.3349,0.3578,0.3804,0.4028
0.4246,0.4463,0.4678,0.4888,0.5095,0.5299,0.5505,0.5711,0.5911,0.6111
0.6314,0.6511,0.6709,0.6905,0.7097,0.7284,0.7472,0.7654,0.7835,0.8004
0.8170,0.8330,0.8485,0.8628,0.8760,0.8885,0.8995,0.9095,0.9183,0.9261
0.9329,0.9388,0.9440,0.9487,0.9529,0.9566,0.9601,0.9632,0.9660,0.9686
0.9711,0.9732,0.9751,0.9767,0.9782,0.9796,0.9808,0.9819,0.9829,0.9839
0.9847,0.9855,0.9862,0.9869,0.9875,0.9880,0.9886,0.9891,0.9895,0.9899
0.9904,0.9908,0.9912,0.9916,0.9920,0.9923,0.9927,0.9930,0.9934,0.9937
0.9940,0.9943,0.9946,0.9949,0.9952,0.9955,0.9958,0.9960,0.9963,0.9965
0.9967,0.9969,0.9972,0.9973,0.9975,0.9977,0.9979,0.9981,0.9983,0.9984
0.9986,0.9987,0.9989,0.9991,0.9993,0.9994,0.9996,0.9997,0.9999,1.0000
hwc2u1fract=0.0001,0.0002,0.0004,0.0005,0.0007,0.0008,0.0009,0.0011
0.0012,0.0013,0.0015,0.0016,0.0018,0.0020,0.0023,0.0026,0.0030,0.0037
0.0052,0.0087,0.0155,0.0264,0.0411,0.0596,0.0806,0.1044,0.1291,0.1535
0.1785,0.2034,0.2283,0.2526,0.2764,0.3002,0.3235,0.3461,0.3689,0.3915
0.4130,0.4346,0.4553,0.4763,0.4970,0.5177,0.5376,0.5578,0.5781,0.5980
0.6173,0.6372,0.6569,0.6759,0.6949,0.7144,0.7330,0.7519,0.7700,0.7878
0.8052,0.8222,0.8382,0.8532,0.8673,0.8803,0.8925,0.9032,0.9127,0.9211
0.9283,0.9346,0.9400,0.9449,0.9492,0.9532,0.9568,0.9600,0.9631,0.9660
0.9685,0.9709,0.9730,0.9750,0.9767,0.9781,0.9795,0.9807,0.9818,0.9827
0.9836,0.9844,0.9852,0.9859,0.9866,0.9872,0.9877,0.9882,0.9887,0.9892
0.9896,0.9901,0.9906,0.9910,0.9914,0.9918,0.9922,0.9926,0.9930,0.9933
0.9937,0.9940,0.9944,0.9947,0.9950,0.9953,0.9956,0.9959,0.9962,0.9964
0.9966,0.9969,0.9971,0.9973,0.9975,0.9977,0.9979,0.9981,0.9983,0.9984
0.9986,0.9988,0.9989,0.9991,0.9993,0.9994,0.9996,0.9997,0.9999,1.0000
hwc2v1fract=0.0001,0.0003,0.0004,0.0005,0.0007,0.0008,0.0009,0.0011
0.0013,0.0015,0.0016,0.0019,0.0021,0.0024,0.0028,0.0032,0.0039,0.0052
0.0078,0.0129,0.0218,0.0351,0.0516,0.0718,0.0940,0.1178,0.1421,0.1669
0.1918,0.2169,0.2410,0.2650,0.2886,0.3118,0.3347,0.3575,0.3793,0.4013
0.4229,0.4444,0.4651,0.4860,0.5068,0.5274,0.5480,0.5686,0.5884,0.6082
0.6278,0.6476,0.6665,0.6859,0.7046,0.7236,0.7420,0.7605,0.7782,0.7958
0.8129,0.8296,0.8452,0.8599,0.8734,0.8860,0.8972,0.9073,0.9162,0.9239
0.9305,0.9363,0.9413,0.9460,0.9503,0.9542,0.9577,0.9610,0.9640,0.9668
0.9693,0.9716,0.9736,0.9754,0.9770,0.9784,0.9797,0.9809,0.9820,0.9829
0.9838,0.9845,0.9852,0.9860,0.9866,0.9873,0.9879,0.9884,0.9890,0.9895
0.9900,0.9904,0.9909,0.9913,0.9917,0.9921,0.9924,0.9928,0.9932,0.9936
0.9939,0.9943,0.9946,0.9949,0.9952,0.9955,0.9958,0.9961,0.9963,0.9965
0.9968,0.9970,0.9972,0.9974,0.9976,0.9978,0.9980,0.9982,0.9984,0.9985
0.9987,0.9988,0.9990,0.9991,0.9992,0.9994,0.9996,0.9997,0.9999,1.0000
hwc2y2fract=0.0001,0.0003,0.0004,0.0006,0.0008,0.0010,0.0012,0.0014
0.0016,0.0019,0.0021,0.0024,0.0027,0.0032,0.0038,0.0047,0.0061,0.0082
0.0119,0.0178,0.0269,0.0397,0.0560,0.0752,0.0970,0.1204,0.1450,0.1705
0.1951,0.2198,0.2446,0.2691,0.2932,0.3166,0.3402,0.3631,0.3855,0.4080
0.4298,0.4515,0.4731,0.4940,0.5144,0.5348,0.5551,0.5753,0.5952,0.6149
0.6352,0.6551,0.6745,0.6939,0.7129,0.7318,0.7502,0.7680,0.7858,0.8029
0.8197,0.8357,0.8509,0.8654,0.8785,0.8905,0.9015,0.9112,0.9196,0.9273
0.9339,0.9399,0.9450,0.9496,0.9537,0.9574,0.9606,0.9638,0.9667,0.9693
0.9715,0.9735,0.9753,0.9770,0.9786,0.9798,0.9810,0.9820,0.9830,0.9839
0.9847,0.9855,0.9861,0.9868,0.9873,0.9879,0.9885,0.9890,0.9895,0.9900
0.9904,0.9908,0.9912,0.9916,0.9920,0.9924,0.9927,0.9931,0.9934,0.9937
0.9940,0.9944,0.9946,0.9949,0.9952,0.9954,0.9957,0.9960,0.9963,0.9965
0.9967,0.9969,0.9971,0.9973,0.9975,0.9977,0.9979,0.9981,0.9983,0.9984
0.9986,0.9988,0.9990,0.9991,0.9993,0.9995,0.9996,0.9998,0.9999,1.0000
hwc2x2fract=0.0001,0.0003,0.0005,0.0006,0.0008,0.0010,0.0012,0.0014
0.0017,0.0019,0.0022,0.0025,0.0029,0.0033,0.0039,0.0048,0.0061,0.0085
0.0122,0.0172,0.0245,0.0339,0.0460,0.0604,0.0771,0.0952,0.1141,0.1348
0.1563,0.1783,0.2006,0.2232,0.2459,0.2687,0.2919,0.3151,0.3384,0.3612
0.3839,0.4064,0.4284,0.4503,0.4721,0.4936,0.5154,0.5369,0.5581,0.5788
0.5995,0.6204,0.6406,0.6609,0.6812,0.7010,0.7211,0.7401,0.7588,0.7770
0.7947,0.8119,0.8279,0.8433,0.8578,0.8708,0.8828,0.8937,0.9038,0.9126
0.9205,0.9276,0.9339,0.9398,0.9450,0.9499,0.9545,0.9588,0.9626,0.9662
0.9693,0.9721,0.9747,0.9769,0.9787,0.9803,0.9817,0.9829,0.9841,0.9851
0.9860,0.9868,0.9875,0.9882,0.9888,0.9894,0.9899,0.9905,0.9909,0.9914
0.9918,0.9922,0.9925,0.9928,0.9931,0.9934,0.9937,0.9941,0.9943,0.9946
0.9949,0.9951,0.9953,0.9956,0.9958,0.9960,0.9962,0.9964,0.9967,0.9969
0.9971,0.9972,0.9974,0.9976,0.9978,0.9980,0.9982,0.9984,0.9985,0.9987
0.9988,0.9989,0.9991,0.9992,0.9993,0.9995,0.9996,0.9998,0.9999,1.0000
