; Lookup table
;number of bins in Meek's time to distance lookup table
hdriftbins=138
;number of 1st bin in Meek's table in ns
hdrift1stbin=-24
;bin size in ns of Meek's table
hdriftbinsz=2
hwc1x1fract=0.0001,0.0001,0.0002,0.0002,0.0003,0.0004,0.0005,0.0006
0.0007,0.0008,0.0010,0.0011,0.0013,0.0015,0.0017,0.0021,0.0028,0.0038
0.0052,0.0071,0.0098,0.0136,0.0187,0.0257,0.0344,0.0449,0.0570,0.0703
0.0846,0.1000,0.1166,0.1341,0.1520,0.1709,0.1906,0.2108,0.2309,0.2523
0.2743,0.2961,0.3181,0.3402,0.3627,0.3857,0.4081,0.4306,0.4535,0.4765
0.4990,0.5213,0.5434,0.5655,0.5873,0.6089,0.6304,0.6515,0.6725,0.6930
0.7134,0.7337,0.7533,0.7725,0.7906,0.8083,0.8252,0.8417,0.8567,0.8707
0.8839,0.8961,0.9073,0.9178,0.9274,0.9361,0.9439,0.9509,0.9574,0.9631
0.9683,0.9729,0.9770,0.9807,0.9838,0.9863,0.9884,0.9902,0.9915,0.9926
0.9935,0.9942,0.9948,0.9953,0.9957,0.9961,0.9965,0.9968,0.9970,0.9972
0.9974,0.9976,0.9978,0.9979,0.9981,0.9982,0.9984,0.9985,0.9986,0.9987
0.9988,0.9989,0.9989,0.9990,0.9991,0.9991,0.9992,0.9992,0.9993,0.9994
0.9994,0.9994,0.9995,0.9995,0.9995,0.9996,0.9996,0.9997,0.9997,0.9997
0.9997,0.9998,0.9998,0.9998,0.9999,0.9999,0.9999,1.0000,1.0000,1.0000
hwc1y1fract=0.0000,0.0001,0.0002,0.0002,0.0003,0.0004,0.0005,0.0006
0.0007,0.0008,0.0009,0.0011,0.0013,0.0015,0.0018,0.0023,0.0030,0.0041
0.0058,0.0088,0.0138,0.0214,0.0316,0.0445,0.0599,0.0777,0.0965,0.1164
0.1375,0.1592,0.1811,0.2036,0.2266,0.2497,0.2728,0.2959,0.3184,0.3411
0.3636,0.3861,0.4085,0.4306,0.4526,0.4744,0.4957,0.5163,0.5374,0.5581
0.5785,0.5989,0.6194,0.6398,0.6599,0.6801,0.6996,0.7190,0.7380,0.7566
0.7751,0.7927,0.8103,0.8270,0.8433,0.8582,0.8724,0.8855,0.8973,0.9083
0.9183,0.9271,0.9349,0.9421,0.9485,0.9542,0.9593,0.9640,0.9682,0.9718
0.9750,0.9780,0.9805,0.9827,0.9846,0.9864,0.9878,0.9891,0.9904,0.9913
0.9922,0.9929,0.9936,0.9942,0.9948,0.9952,0.9956,0.9960,0.9963,0.9966
0.9969,0.9972,0.9974,0.9976,0.9977,0.9979,0.9981,0.9982,0.9984,0.9985
0.9986,0.9987,0.9988,0.9989,0.9990,0.9990,0.9991,0.9991,0.9992,0.9993
0.9993,0.9994,0.9994,0.9995,0.9995,0.9995,0.9996,0.9996,0.9997,0.9997
0.9997,0.9998,0.9998,0.9998,0.9999,0.9999,0.9999,0.9999,1.0000,1.0000
hwc1u1fract=0.0000,0.0000,0.0001,0.0001,0.0001,0.0002,0.0002,0.0002
0.0002,0.0003,0.0003,0.0003,0.0004,0.0004,0.0005,0.0007,0.0011,0.0020
0.0033,0.0053,0.0082,0.0125,0.0190,0.0283,0.0403,0.0537,0.0691,0.0862
0.1045,0.1234,0.1434,0.1636,0.1849,0.2067,0.2286,0.2508,0.2729,0.2952
0.3180,0.3403,0.3629,0.3853,0.4074,0.4290,0.4510,0.4726,0.4942,0.5154
0.5370,0.5579,0.5791,0.5997,0.6202,0.6410,0.6613,0.6814,0.7014,0.7207
0.7398,0.7587,0.7773,0.7951,0.8122,0.8286,0.8440,0.8589,0.8723,0.8852
0.8970,0.9076,0.9169,0.9253,0.9333,0.9404,0.9469,0.9528,0.9583,0.9631
0.9674,0.9714,0.9748,0.9779,0.9806,0.9830,0.9851,0.9868,0.9882,0.9895
0.9907,0.9916,0.9924,0.9931,0.9938,0.9943,0.9948,0.9952,0.9956,0.9959
0.9963,0.9966,0.9968,0.9971,0.9973,0.9975,0.9977,0.9979,0.9981,0.9983
0.9984,0.9986,0.9987,0.9988,0.9989,0.9990,0.9991,0.9992,0.9992,0.9993
0.9993,0.9994,0.9994,0.9995,0.9995,0.9996,0.9996,0.9996,0.9997,0.9997
0.9997,0.9998,0.9998,0.9998,0.9999,0.9999,0.9999,0.9999,1.0000,1.0000
hwc1v1fract=0.0000,0.0001,0.0001,0.0001,0.0001,0.0002,0.0002,0.0002
0.0003,0.0003,0.0003,0.0004,0.0005,0.0006,0.0008,0.0011,0.0016,0.0026
0.0047,0.0085,0.0146,0.0239,0.0356,0.0494,0.0654,0.0830,0.1017,0.1213
0.1418,0.1628,0.1844,0.2063,0.2285,0.2513,0.2732,0.2954,0.3176,0.3400
0.3620,0.3844,0.4064,0.4284,0.4503,0.4716,0.4929,0.5138,0.5346,0.5556
0.5761,0.5971,0.6171,0.6375,0.6577,0.6777,0.6975,0.7171,0.7364,0.7552
0.7740,0.7922,0.8099,0.8269,0.8429,0.8581,0.8725,0.8858,0.8978,0.9086
0.9181,0.9266,0.9344,0.9415,0.9476,0.9532,0.9586,0.9633,0.9676,0.9714
0.9749,0.9780,0.9807,0.9830,0.9851,0.9868,0.9883,0.9896,0.9907,0.9917
0.9925,0.9932,0.9938,0.9943,0.9948,0.9952,0.9956,0.9960,0.9963,0.9966
0.9968,0.9971,0.9974,0.9976,0.9978,0.9980,0.9981,0.9983,0.9984,0.9985
0.9986,0.9988,0.9988,0.9989,0.9990,0.9991,0.9992,0.9992,0.9993,0.9994
0.9994,0.9995,0.9995,0.9995,0.9996,0.9996,0.9996,0.9997,0.9997,0.9997
0.9998,0.9998,0.9998,0.9998,0.9999,0.9999,0.9999,1.0000,1.0000,1.0000
hwc1y2fract=0.0000,0.0001,0.0001,0.0001,0.0002,0.0002,0.0003,0.0003
0.0004,0.0005,0.0005,0.0006,0.0007,0.0008,0.0009,0.0012,0.0016,0.0023
0.0037,0.0061,0.0100,0.0161,0.0246,0.0358,0.0495,0.0652,0.0827,0.1017
0.1217,0.1431,0.1650,0.1872,0.2097,0.2323,0.2550,0.2778,0.3005,0.3233
0.3460,0.3687,0.3909,0.4128,0.4345,0.4561,0.4774,0.4991,0.5203,0.5414
0.5625,0.5832,0.6039,0.6246,0.6447,0.6647,0.6847,0.7043,0.7232,0.7422
0.7608,0.7787,0.7962,0.8131,0.8296,0.8451,0.8596,0.8731,0.8859,0.8975
0.9080,0.9176,0.9262,0.9340,0.9409,0.9473,0.9529,0.9580,0.9626,0.9667
0.9703,0.9737,0.9766,0.9792,0.9814,0.9835,0.9854,0.9870,0.9883,0.9895
0.9905,0.9914,0.9922,0.9929,0.9936,0.9941,0.9947,0.9951,0.9956,0.9959
0.9962,0.9965,0.9968,0.9970,0.9973,0.9975,0.9977,0.9979,0.9981,0.9982
0.9984,0.9985,0.9987,0.9988,0.9989,0.9990,0.9991,0.9991,0.9992,0.9993
0.9993,0.9994,0.9994,0.9995,0.9995,0.9996,0.9996,0.9996,0.9997,0.9997
0.9997,0.9998,0.9998,0.9998,0.9999,0.9999,0.9999,0.9999,1.0000,1.0000
hwc1x2fract=0.0000,0.0001,0.0001,0.0001,0.0002,0.0002,0.0003,0.0003
0.0004,0.0005,0.0006,0.0007,0.0008,0.0009,0.0011,0.0014,0.0021,0.0031
0.0046,0.0072,0.0112,0.0171,0.0249,0.0343,0.0458,0.0584,0.0723,0.0872
0.1035,0.1209,0.1390,0.1580,0.1774,0.1981,0.2188,0.2399,0.2615,0.2834
0.3055,0.3279,0.3504,0.3729,0.3957,0.4185,0.4410,0.4637,0.4860,0.5080
0.5303,0.5528,0.5748,0.5965,0.6182,0.6397,0.6607,0.6816,0.7018,0.7223
0.7420,0.7613,0.7804,0.7988,0.8164,0.8327,0.8481,0.8629,0.8768,0.8896
0.9012,0.9121,0.9219,0.9308,0.9389,0.9465,0.9535,0.9597,0.9651,0.9702
0.9748,0.9785,0.9817,0.9845,0.9867,0.9886,0.9901,0.9914,0.9924,0.9933
0.9940,0.9946,0.9951,0.9955,0.9959,0.9962,0.9965,0.9968,0.9971,0.9973
0.9974,0.9976,0.9978,0.9980,0.9981,0.9982,0.9983,0.9984,0.9985,0.9986
0.9987,0.9988,0.9989,0.9990,0.9990,0.9991,0.9991,0.9992,0.9993,0.9993
0.9993,0.9994,0.9994,0.9995,0.9995,0.9995,0.9996,0.9996,0.9997,0.9997
0.9997,0.9998,0.9998,0.9998,0.9999,0.9999,0.9999,0.9999,1.0000,1.0000
hwc2x1fract=0.0000,0.0001,0.0002,0.0002,0.0003,0.0003,0.0004,0.0005
0.0006,0.0007,0.0008,0.0010,0.0012,0.0014,0.0016,0.0020,0.0024,0.0031
0.0042,0.0062,0.0095,0.0141,0.0204,0.0283,0.0381,0.0496,0.0625,0.0768
0.0924,0.1089,0.1261,0.1440,0.1628,0.1824,0.2026,0.2236,0.2446,0.2663
0.2883,0.3106,0.3333,0.3557,0.3786,0.4013,0.4241,0.4468,0.4693,0.4919
0.5141,0.5364,0.5584,0.5807,0.6025,0.6240,0.6454,0.6669,0.6878,0.7086
0.7290,0.7493,0.7687,0.7874,0.8056,0.8229,0.8398,0.8554,0.8700,0.8834
0.8957,0.9069,0.9176,0.9269,0.9355,0.9432,0.9501,0.9566,0.9624,0.9675
0.9721,0.9761,0.9796,0.9827,0.9851,0.9873,0.9891,0.9906,0.9918,0.9928
0.9937,0.9943,0.9949,0.9954,0.9958,0.9962,0.9965,0.9968,0.9971,0.9973
0.9975,0.9977,0.9978,0.9980,0.9981,0.9983,0.9984,0.9985,0.9986,0.9987
0.9988,0.9989,0.9989,0.9990,0.9991,0.9991,0.9992,0.9992,0.9993,0.9993
0.9994,0.9994,0.9994,0.9995,0.9995,0.9996,0.9996,0.9996,0.9997,0.9997
0.9997,0.9998,0.9998,0.9998,0.9999,0.9999,0.9999,0.9999,1.0000,1.0000
hwc2y1fract=0.0000,0.0001,0.0001,0.0001,0.0002,0.0002,0.0003,0.0003
0.0003,0.0004,0.0005,0.0006,0.0007,0.0008,0.0009,0.0012,0.0016,0.0024
0.0037,0.0062,0.0107,0.0181,0.0285,0.0417,0.0579,0.0756,0.0956,0.1170
0.1390,0.1617,0.1851,0.2085,0.2319,0.2556,0.2792,0.3024,0.3254,0.3486
0.3716,0.3944,0.4163,0.4381,0.4597,0.4809,0.5022,0.5233,0.5445,0.5656
0.5866,0.6073,0.6276,0.6482,0.6684,0.6880,0.7076,0.7269,0.7461,0.7650
0.7834,0.8014,0.8187,0.8356,0.8513,0.8663,0.8804,0.8935,0.9054,0.9160
0.9253,0.9338,0.9411,0.9478,0.9536,0.9588,0.9634,0.9675,0.9713,0.9747
0.9777,0.9802,0.9824,0.9843,0.9860,0.9874,0.9887,0.9898,0.9907,0.9916
0.9924,0.9931,0.9937,0.9942,0.9947,0.9951,0.9954,0.9957,0.9961,0.9964
0.9966,0.9968,0.9970,0.9973,0.9975,0.9977,0.9979,0.9980,0.9982,0.9983
0.9985,0.9986,0.9987,0.9988,0.9989,0.9990,0.9991,0.9992,0.9992,0.9993
0.9994,0.9994,0.9995,0.9995,0.9995,0.9996,0.9996,0.9997,0.9997,0.9997
0.9997,0.9998,0.9998,0.9998,0.9999,0.9999,0.9999,0.9999,1.0000,1.0000
hwc2u1fract=0.0000,0.0001,0.0001,0.0001,0.0001,0.0002,0.0002,0.0002
0.0002,0.0003,0.0003,0.0004,0.0004,0.0005,0.0006,0.0007,0.0008,0.0013
0.0022,0.0045,0.0091,0.0169,0.0284,0.0426,0.0593,0.0781,0.0988,0.1208
0.1430,0.1659,0.1892,0.2122,0.2359,0.2590,0.2823,0.3055,0.3282,0.3511
0.3735,0.3958,0.4178,0.4399,0.4614,0.4826,0.5036,0.5243,0.5449,0.5654
0.5857,0.6060,0.6263,0.6462,0.6658,0.6852,0.7046,0.7237,0.7427,0.7617
0.7801,0.7978,0.8155,0.8321,0.8480,0.8635,0.8778,0.8911,0.9029,0.9134
0.9228,0.9314,0.9387,0.9453,0.9512,0.9565,0.9612,0.9654,0.9691,0.9727
0.9759,0.9786,0.9811,0.9833,0.9851,0.9868,0.9881,0.9893,0.9904,0.9912
0.9920,0.9927,0.9932,0.9937,0.9942,0.9947,0.9950,0.9954,0.9957,0.9961
0.9964,0.9967,0.9969,0.9972,0.9974,0.9976,0.9978,0.9980,0.9981,0.9983
0.9984,0.9986,0.9987,0.9988,0.9989,0.9990,0.9991,0.9992,0.9993,0.9993
0.9994,0.9995,0.9995,0.9995,0.9996,0.9996,0.9996,0.9997,0.9997,0.9997
0.9998,0.9998,0.9998,0.9999,0.9999,0.9999,0.9999,0.9999,1.0000,1.0000
hwc2v1fract=0.0000,0.0001,0.0001,0.0001,0.0001,0.0002,0.0002,0.0002
0.0003,0.0003,0.0004,0.0005,0.0006,0.0007,0.0008,0.0010,0.0014,0.0021
0.0037,0.0069,0.0128,0.0220,0.0343,0.0497,0.0674,0.0869,0.1077,0.1293
0.1513,0.1742,0.1971,0.2204,0.2439,0.2671,0.2901,0.3130,0.3356,0.3577
0.3803,0.4028,0.4247,0.4468,0.4683,0.4898,0.5107,0.5317,0.5522,0.5730
0.5934,0.6136,0.6335,0.6536,0.6731,0.6928,0.7121,0.7313,0.7505,0.7691
0.7869,0.8049,0.8219,0.8381,0.8540,0.8688,0.8826,0.8952,0.9064,0.9166
0.9255,0.9336,0.9408,0.9472,0.9529,0.9579,0.9625,0.9668,0.9705,0.9738
0.9767,0.9795,0.9818,0.9838,0.9855,0.9871,0.9884,0.9896,0.9906,0.9915
0.9923,0.9929,0.9935,0.9940,0.9945,0.9949,0.9953,0.9957,0.9961,0.9964
0.9967,0.9970,0.9972,0.9975,0.9977,0.9979,0.9980,0.9982,0.9984,0.9985
0.9987,0.9988,0.9989,0.9990,0.9990,0.9991,0.9992,0.9992,0.9993,0.9994
0.9994,0.9995,0.9995,0.9996,0.9996,0.9996,0.9997,0.9997,0.9997,0.9998
0.9998,0.9998,0.9998,0.9999,0.9999,0.9999,0.9999,1.0000,1.0000,1.0000
hwc2y2fract=0.0000,0.0000,0.0001,0.0001,0.0001,0.0002,0.0002,0.0003
0.0003,0.0004,0.0004,0.0005,0.0006,0.0008,0.0009,0.0011,0.0014,0.0020
0.0030,0.0048,0.0076,0.0127,0.0207,0.0316,0.0452,0.0614,0.0803,0.1002
0.1219,0.1444,0.1673,0.1909,0.2146,0.2380,0.2619,0.2854,0.3088,0.3322
0.3553,0.3782,0.4007,0.4227,0.4448,0.4665,0.4882,0.5093,0.5305,0.5513
0.5722,0.5926,0.6131,0.6334,0.6538,0.6742,0.6939,0.7134,0.7330,0.7521
0.7706,0.7887,0.8061,0.8234,0.8398,0.8554,0.8701,0.8837,0.8963,0.9078
0.9181,0.9273,0.9354,0.9426,0.9492,0.9550,0.9601,0.9646,0.9685,0.9722
0.9753,0.9781,0.9807,0.9827,0.9847,0.9863,0.9877,0.9890,0.9899,0.9908
0.9917,0.9924,0.9931,0.9937,0.9942,0.9947,0.9951,0.9955,0.9958,0.9961
0.9965,0.9967,0.9970,0.9972,0.9974,0.9976,0.9978,0.9980,0.9982,0.9983
0.9985,0.9986,0.9988,0.9988,0.9989,0.9991,0.9991,0.9992,0.9993,0.9993
0.9994,0.9995,0.9995,0.9996,0.9996,0.9996,0.9996,0.9997,0.9997,0.9997
0.9998,0.9998,0.9998,0.9998,0.9999,0.9999,0.9999,1.0000,1.0000,1.0000
hwc2x2fract=0.0000,0.0001,0.0001,0.0001,0.0002,0.0002,0.0003,0.0003
0.0004,0.0004,0.0005,0.0006,0.0008,0.0009,0.0011,0.0013,0.0017,0.0022
0.0033,0.0053,0.0080,0.0123,0.0183,0.0266,0.0367,0.0487,0.0623,0.0771
0.0932,0.1101,0.1280,0.1468,0.1662,0.1866,0.2080,0.2295,0.2512,0.2733
0.2957,0.3186,0.3413,0.3642,0.3869,0.4096,0.4323,0.4552,0.4776,0.5000
0.5220,0.5441,0.5655,0.5870,0.6084,0.6295,0.6507,0.6714,0.6921,0.7126
0.7328,0.7525,0.7720,0.7909,0.8085,0.8256,0.8419,0.8573,0.8717,0.8850
0.8974,0.9087,0.9191,0.9285,0.9368,0.9444,0.9511,0.9574,0.9630,0.9679
0.9724,0.9763,0.9796,0.9825,0.9852,0.9873,0.9891,0.9907,0.9919,0.9929
0.9937,0.9944,0.9950,0.9955,0.9959,0.9962,0.9965,0.9968,0.9971,0.9973
0.9975,0.9977,0.9979,0.9980,0.9982,0.9983,0.9985,0.9986,0.9987,0.9988
0.9989,0.9990,0.9990,0.9991,0.9991,0.9992,0.9992,0.9993,0.9993,0.9994
0.9995,0.9995,0.9995,0.9996,0.9996,0.9996,0.9997,0.9997,0.9997,0.9997
0.9998,0.9998,0.9998,0.9998,0.9999,0.9999,0.9999,1.0000,1.0000,1.0000
