; Lookup table
;number of bins in Meek's time to distance lookup table
hdriftbins=138
;number of 1st bin in Meek's table in ns
hdrift1stbin=-24
;bin size in ns of Meek's table
hdriftbinsz=2
hwc1x1fract=0.0001,0.0001,0.0002,0.0002,0.0003,0.0004,0.0005,0.0006
0.0007,0.0008,0.0010,0.0012,0.0015,0.0021,0.0030,0.0047,0.0069,0.0099
0.0139,0.0196,0.0264,0.0351,0.0458,0.0579,0.0712,0.0858,0.1017,0.1181
0.1355,0.1534,0.1724,0.1921,0.2123,0.2328,0.2535,0.2749,0.2971,0.3190
0.3407,0.3628,0.3851,0.4078,0.4300,0.4524,0.4748,0.4972,0.5198,0.5418
0.5636,0.5859,0.6081,0.6298,0.6510,0.6723,0.6929,0.7136,0.7342,0.7534
0.7722,0.7908,0.8085,0.8256,0.8416,0.8570,0.8713,0.8850,0.8975,0.9088
0.9192,0.9287,0.9372,0.9450,0.9520,0.9584,0.9640,0.9690,0.9735,0.9775
0.9811,0.9841,0.9864,0.9887,0.9903,0.9916,0.9928,0.9937,0.9944,0.9951
0.9957,0.9961,0.9966,0.9969,0.9971,0.9974,0.9976,0.9978,0.9980,0.9982
0.9984,0.9985,0.9986,0.9987,0.9988,0.9989,0.9990,0.9991,0.9992,0.9992
0.9993,0.9994,0.9994,0.9995,0.9995,0.9996,0.9996,0.9997,0.9997,0.9997
0.9997,0.9997,0.9998,0.9998,0.9998,0.9998,0.9998,0.9998,0.9999,0.9999
0.9999,0.9999,0.9999,0.9999,0.9999,1.0000,1.0000,1.0000,1.0000,1.0000
hwc1y1fract=0.0000,0.0001,0.0002,0.0002,0.0003,0.0003,0.0004,0.0005
0.0006,0.0007,0.0009,0.0011,0.0013,0.0017,0.0021,0.0029,0.0038,0.0055
0.0081,0.0126,0.0198,0.0295,0.0422,0.0578,0.0753,0.0948,0.1156,0.1373
0.1594,0.1823,0.2050,0.2281,0.2513,0.2743,0.2968,0.3194,0.3417,0.3640
0.3863,0.4081,0.4300,0.4515,0.4729,0.4941,0.5156,0.5365,0.5571,0.5780
0.5984,0.6187,0.6392,0.6594,0.6791,0.6988,0.7181,0.7377,0.7562,0.7745
0.7928,0.8103,0.8272,0.8434,0.8592,0.8737,0.8869,0.8994,0.9105,0.9206
0.9299,0.9379,0.9450,0.9512,0.9569,0.9620,0.9664,0.9702,0.9738,0.9772
0.9800,0.9824,0.9844,0.9862,0.9878,0.9891,0.9903,0.9914,0.9922,0.9929
0.9936,0.9942,0.9947,0.9953,0.9958,0.9962,0.9965,0.9968,0.9971,0.9974
0.9975,0.9978,0.9980,0.9982,0.9984,0.9985,0.9987,0.9988,0.9990,0.9991
0.9992,0.9993,0.9993,0.9994,0.9995,0.9995,0.9995,0.9996,0.9997,0.9997
0.9997,0.9998,0.9998,0.9998,0.9998,0.9998,0.9998,0.9999,0.9999,0.9999
0.9999,0.9999,0.9999,0.9999,0.9999,1.0000,1.0000,1.0000,1.0000,1.0000
hwc1u1fract=0.0000,0.0000,0.0000,0.0000,0.0001,0.0001,0.0001,0.0001
0.0001,0.0002,0.0002,0.0002,0.0003,0.0004,0.0008,0.0017,0.0031,0.0054
0.0086,0.0128,0.0192,0.0276,0.0383,0.0518,0.0671,0.0841,0.1018,0.1207
0.1406,0.1611,0.1822,0.2035,0.2250,0.2469,0.2691,0.2913,0.3132,0.3356
0.3575,0.3795,0.4018,0.4235,0.4450,0.4668,0.4886,0.5098,0.5308,0.5523
0.5737,0.5949,0.6155,0.6358,0.6563,0.6764,0.6965,0.7158,0.7353,0.7543
0.7727,0.7908,0.8081,0.8249,0.8415,0.8570,0.8713,0.8842,0.8962,0.9073
0.9174,0.9262,0.9340,0.9412,0.9479,0.9536,0.9588,0.9637,0.9679,0.9719
0.9753,0.9783,0.9808,0.9831,0.9851,0.9867,0.9882,0.9896,0.9906,0.9915
0.9923,0.9930,0.9936,0.9941,0.9946,0.9951,0.9956,0.9959,0.9962,0.9966
0.9968,0.9971,0.9974,0.9976,0.9979,0.9981,0.9983,0.9984,0.9986,0.9987
0.9989,0.9990,0.9992,0.9993,0.9993,0.9994,0.9995,0.9995,0.9996,0.9996
0.9996,0.9997,0.9997,0.9997,0.9998,0.9998,0.9998,0.9998,0.9998,0.9999
0.9999,0.9999,0.9999,0.9999,0.9999,0.9999,1.0000,1.0000,1.0000,1.0000
hwc1v1fract=0.0000,0.0000,0.0000,0.0001,0.0001,0.0001,0.0001,0.0002
0.0002,0.0002,0.0003,0.0003,0.0004,0.0005,0.0007,0.0009,0.0014,0.0025
0.0046,0.0087,0.0155,0.0253,0.0380,0.0531,0.0702,0.0892,0.1090,0.1295
0.1508,0.1729,0.1948,0.2168,0.2388,0.2614,0.2842,0.3065,0.3288,0.3508
0.3725,0.3946,0.4159,0.4374,0.4584,0.4795,0.5006,0.5213,0.5421,0.5629
0.5836,0.6040,0.6246,0.6451,0.6654,0.6851,0.7046,0.7242,0.7431,0.7621
0.7808,0.7989,0.8167,0.8340,0.8501,0.8654,0.8795,0.8922,0.9042,0.9147
0.9239,0.9323,0.9396,0.9460,0.9520,0.9572,0.9620,0.9662,0.9702,0.9736
0.9768,0.9795,0.9821,0.9843,0.9861,0.9876,0.9890,0.9902,0.9912,0.9921
0.9929,0.9935,0.9941,0.9947,0.9951,0.9956,0.9960,0.9963,0.9965,0.9969
0.9972,0.9974,0.9976,0.9978,0.9981,0.9983,0.9985,0.9986,0.9988,0.9989
0.9990,0.9991,0.9992,0.9993,0.9994,0.9995,0.9995,0.9996,0.9996,0.9997
0.9997,0.9997,0.9998,0.9998,0.9998,0.9998,0.9999,0.9999,0.9999,0.9999
0.9999,0.9999,0.9999,0.9999,0.9999,0.9999,1.0000,1.0000,1.0000,1.0000
hwc1y2fract=0.0000,0.0001,0.0001,0.0001,0.0001,0.0002,0.0002,0.0003
0.0003,0.0004,0.0005,0.0006,0.0007,0.0009,0.0012,0.0016,0.0022,0.0034
0.0054,0.0089,0.0146,0.0227,0.0337,0.0470,0.0629,0.0808,0.0998,0.1201
0.1414,0.1634,0.1853,0.2074,0.2304,0.2530,0.2753,0.2979,0.3208,0.3431
0.3651,0.3873,0.4095,0.4309,0.4522,0.4736,0.4949,0.5157,0.5364,0.5574
0.5785,0.5986,0.6186,0.6394,0.6599,0.6796,0.6997,0.7190,0.7378,0.7565
0.7751,0.7932,0.8108,0.8275,0.8433,0.8586,0.8730,0.8860,0.8979,0.9089
0.9189,0.9278,0.9357,0.9429,0.9489,0.9546,0.9595,0.9640,0.9679,0.9718
0.9751,0.9778,0.9805,0.9826,0.9845,0.9860,0.9875,0.9889,0.9900,0.9911
0.9919,0.9927,0.9934,0.9940,0.9946,0.9951,0.9955,0.9959,0.9963,0.9966
0.9969,0.9972,0.9974,0.9976,0.9979,0.9981,0.9983,0.9985,0.9986,0.9988
0.9989,0.9991,0.9991,0.9992,0.9993,0.9994,0.9995,0.9995,0.9996,0.9996
0.9997,0.9997,0.9998,0.9998,0.9998,0.9998,0.9998,0.9999,0.9999,0.9999
0.9999,0.9999,0.9999,1.0000,1.0000,1.0000,1.0000,1.0000,1.0000,1.0000
hwc1x2fract=0.0000,0.0001,0.0001,0.0001,0.0002,0.0002,0.0002,0.0003
0.0003,0.0004,0.0005,0.0006,0.0007,0.0009,0.0013,0.0020,0.0031,0.0050
0.0081,0.0125,0.0189,0.0273,0.0376,0.0496,0.0629,0.0774,0.0936,0.1102
0.1278,0.1465,0.1656,0.1858,0.2062,0.2272,0.2485,0.2702,0.2921,0.3138
0.3362,0.3582,0.3805,0.4028,0.4253,0.4474,0.4699,0.4923,0.5142,0.5361
0.5583,0.5800,0.6023,0.6239,0.6453,0.6664,0.6873,0.7079,0.7277,0.7476
0.7671,0.7860,0.8045,0.8221,0.8390,0.8544,0.8692,0.8827,0.8952,0.9071
0.9175,0.9271,0.9358,0.9438,0.9509,0.9573,0.9630,0.9682,0.9726,0.9767
0.9802,0.9831,0.9856,0.9876,0.9893,0.9908,0.9920,0.9931,0.9938,0.9945
0.9951,0.9956,0.9960,0.9964,0.9967,0.9970,0.9972,0.9974,0.9977,0.9979
0.9981,0.9982,0.9984,0.9985,0.9986,0.9987,0.9989,0.9990,0.9991,0.9992
0.9992,0.9993,0.9994,0.9994,0.9995,0.9995,0.9995,0.9996,0.9996,0.9996
0.9996,0.9997,0.9997,0.9997,0.9998,0.9998,0.9998,0.9998,0.9998,0.9999
0.9999,0.9999,0.9999,0.9999,1.0000,1.0000,1.0000,1.0000,1.0000,1.0000
hwc2x1fract=0.0000,0.0001,0.0001,0.0002,0.0003,0.0003,0.0004,0.0005
0.0006,0.0008,0.0009,0.0011,0.0013,0.0015,0.0018,0.0023,0.0031,0.0048
0.0076,0.0117,0.0173,0.0247,0.0339,0.0448,0.0575,0.0715,0.0868,0.1031
0.1203,0.1384,0.1575,0.1768,0.1968,0.2174,0.2386,0.2601,0.2819,0.3036
0.3261,0.3484,0.3709,0.3929,0.4154,0.4375,0.4598,0.4824,0.5048,0.5271
0.5495,0.5716,0.5938,0.6154,0.6369,0.6580,0.6789,0.6999,0.7202,0.7406
0.7604,0.7794,0.7979,0.8161,0.8335,0.8499,0.8652,0.8792,0.8924,0.9043
0.9152,0.9251,0.9344,0.9424,0.9495,0.9562,0.9619,0.9671,0.9718,0.9760
0.9795,0.9828,0.9854,0.9876,0.9895,0.9910,0.9922,0.9933,0.9941,0.9949
0.9955,0.9960,0.9964,0.9968,0.9971,0.9974,0.9976,0.9978,0.9980,0.9982
0.9984,0.9985,0.9987,0.9988,0.9989,0.9990,0.9991,0.9992,0.9993,0.9993
0.9994,0.9994,0.9995,0.9995,0.9996,0.9996,0.9996,0.9997,0.9997,0.9997
0.9997,0.9998,0.9998,0.9998,0.9998,0.9998,0.9998,0.9999,0.9999,0.9999
0.9999,0.9999,0.9999,0.9999,0.9999,1.0000,1.0000,1.0000,1.0000,1.0000
hwc2y1fract=0.0000,0.0000,0.0001,0.0001,0.0001,0.0001,0.0002,0.0002
0.0003,0.0003,0.0004,0.0005,0.0006,0.0008,0.0010,0.0015,0.0021,0.0034
0.0055,0.0094,0.0162,0.0258,0.0387,0.0543,0.0722,0.0922,0.1137,0.1362
0.1588,0.1821,0.2051,0.2288,0.2524,0.2758,0.2990,0.3218,0.3444,0.3666
0.3886,0.4106,0.4324,0.4541,0.4756,0.4973,0.5184,0.5391,0.5598,0.5802
0.6009,0.6213,0.6419,0.6619,0.6820,0.7014,0.7209,0.7400,0.7590,0.7777
0.7961,0.8142,0.8314,0.8482,0.8639,0.8787,0.8921,0.9045,0.9157,0.9258
0.9346,0.9426,0.9492,0.9553,0.9607,0.9655,0.9696,0.9731,0.9762,0.9790
0.9814,0.9835,0.9854,0.9870,0.9884,0.9896,0.9907,0.9916,0.9923,0.9930
0.9936,0.9942,0.9947,0.9951,0.9956,0.9959,0.9963,0.9966,0.9969,0.9971
0.9974,0.9976,0.9978,0.9980,0.9981,0.9983,0.9985,0.9986,0.9988,0.9989
0.9990,0.9991,0.9992,0.9993,0.9994,0.9994,0.9995,0.9995,0.9996,0.9997
0.9997,0.9997,0.9997,0.9998,0.9998,0.9998,0.9998,0.9999,0.9999,0.9999
0.9999,0.9999,0.9999,0.9999,1.0000,1.0000,1.0000,1.0000,1.0000,1.0000
hwc2u1fract=0.0000,0.0000,0.0000,0.0000,0.0000,0.0000,0.0001,0.0001
0.0001,0.0001,0.0002,0.0002,0.0002,0.0003,0.0004,0.0005,0.0007,0.0012
0.0024,0.0050,0.0103,0.0190,0.0313,0.0469,0.0651,0.0849,0.1061,0.1280
0.1503,0.1737,0.1966,0.2198,0.2429,0.2660,0.2885,0.3113,0.3341,0.3567
0.3790,0.4011,0.4230,0.4448,0.4667,0.4876,0.5084,0.5293,0.5497,0.5707
0.5911,0.6113,0.6310,0.6516,0.6710,0.6908,0.7102,0.7299,0.7487,0.7680
0.7865,0.8043,0.8220,0.8387,0.8548,0.8699,0.8838,0.8967,0.9087,0.9193
0.9288,0.9370,0.9443,0.9508,0.9563,0.9611,0.9655,0.9693,0.9727,0.9757
0.9783,0.9808,0.9829,0.9848,0.9864,0.9879,0.9891,0.9902,0.9911,0.9919
0.9927,0.9933,0.9939,0.9944,0.9948,0.9952,0.9956,0.9960,0.9962,0.9966
0.9969,0.9971,0.9974,0.9976,0.9978,0.9980,0.9982,0.9984,0.9985,0.9987
0.9988,0.9989,0.9990,0.9992,0.9993,0.9994,0.9994,0.9995,0.9996,0.9996
0.9997,0.9997,0.9997,0.9998,0.9998,0.9998,0.9998,0.9998,0.9999,0.9999
0.9999,0.9999,0.9999,0.9999,0.9999,1.0000,1.0000,1.0000,1.0000,1.0000
hwc2v1fract=0.0000,0.0000,0.0000,0.0001,0.0001,0.0001,0.0001,0.0002
0.0002,0.0002,0.0003,0.0003,0.0004,0.0005,0.0006,0.0009,0.0013,0.0021
0.0040,0.0078,0.0151,0.0258,0.0393,0.0562,0.0750,0.0954,0.1165,0.1387
0.1612,0.1843,0.2076,0.2306,0.2534,0.2763,0.2995,0.3222,0.3448,0.3675
0.3893,0.4117,0.4338,0.4553,0.4765,0.4980,0.5184,0.5392,0.5597,0.5800
0.6005,0.6210,0.6406,0.6608,0.6804,0.6999,0.7193,0.7388,0.7575,0.7759
0.7941,0.8119,0.8291,0.8456,0.8613,0.8762,0.8897,0.9022,0.9131,0.9231
0.9319,0.9396,0.9464,0.9524,0.9579,0.9628,0.9668,0.9706,0.9741,0.9770
0.9796,0.9819,0.9841,0.9858,0.9874,0.9888,0.9900,0.9909,0.9918,0.9926
0.9932,0.9937,0.9942,0.9947,0.9950,0.9955,0.9960,0.9963,0.9966,0.9968
0.9971,0.9974,0.9977,0.9979,0.9981,0.9983,0.9985,0.9986,0.9987,0.9989
0.9990,0.9991,0.9993,0.9994,0.9994,0.9995,0.9996,0.9996,0.9996,0.9997
0.9997,0.9997,0.9998,0.9998,0.9998,0.9998,0.9998,0.9999,0.9999,0.9999
0.9999,0.9999,0.9999,0.9999,0.9999,1.0000,1.0000,1.0000,1.0000,1.0000
hwc2y2fract=0.0000,0.0000,0.0001,0.0001,0.0001,0.0002,0.0002,0.0003
0.0003,0.0004,0.0005,0.0006,0.0008,0.0009,0.0013,0.0018,0.0027,0.0043
0.0068,0.0114,0.0187,0.0290,0.0421,0.0583,0.0765,0.0966,0.1184,0.1410
0.1638,0.1871,0.2105,0.2340,0.2577,0.2812,0.3041,0.3274,0.3507,0.3732
0.3953,0.4170,0.4387,0.4605,0.4817,0.5033,0.5247,0.5456,0.5660,0.5869
0.6072,0.6277,0.6483,0.6685,0.6885,0.7082,0.7277,0.7472,0.7658,0.7846
0.8025,0.8201,0.8371,0.8532,0.8683,0.8823,0.8954,0.9073,0.9183,0.9280
0.9366,0.9440,0.9505,0.9565,0.9616,0.9661,0.9703,0.9738,0.9770,0.9797
0.9820,0.9841,0.9860,0.9876,0.9890,0.9902,0.9911,0.9920,0.9927,0.9934
0.9940,0.9945,0.9950,0.9954,0.9958,0.9961,0.9964,0.9967,0.9970,0.9972
0.9974,0.9976,0.9978,0.9980,0.9982,0.9984,0.9985,0.9987,0.9988,0.9989
0.9990,0.9991,0.9992,0.9993,0.9994,0.9995,0.9995,0.9996,0.9996,0.9997
0.9997,0.9997,0.9998,0.9998,0.9998,0.9998,0.9999,0.9999,0.9999,0.9999
0.9999,0.9999,0.9999,0.9999,1.0000,1.0000,1.0000,1.0000,1.0000,1.0000
hwc2x2fract=0.0000,0.0001,0.0001,0.0002,0.0002,0.0002,0.0003,0.0003
0.0004,0.0005,0.0006,0.0007,0.0009,0.0011,0.0015,0.0020,0.0029,0.0046
0.0075,0.0114,0.0172,0.0250,0.0349,0.0465,0.0593,0.0738,0.0895,0.1062
0.1242,0.1430,0.1624,0.1823,0.2031,0.2240,0.2456,0.2670,0.2892,0.3116
0.3337,0.3566,0.3791,0.4012,0.4234,0.4459,0.4684,0.4905,0.5124,0.5338
0.5563,0.5782,0.6002,0.6214,0.6432,0.6647,0.6855,0.7060,0.7265,0.7465
0.7663,0.7856,0.8040,0.8217,0.8380,0.8540,0.8689,0.8829,0.8954,0.9072
0.9180,0.9278,0.9363,0.9440,0.9511,0.9574,0.9631,0.9682,0.9725,0.9764
0.9798,0.9826,0.9853,0.9875,0.9893,0.9909,0.9922,0.9932,0.9941,0.9948
0.9954,0.9959,0.9963,0.9967,0.9970,0.9972,0.9975,0.9977,0.9979,0.9981
0.9983,0.9984,0.9985,0.9986,0.9988,0.9989,0.9990,0.9991,0.9992,0.9993
0.9993,0.9994,0.9994,0.9995,0.9995,0.9996,0.9996,0.9996,0.9997,0.9997
0.9997,0.9997,0.9998,0.9998,0.9998,0.9998,0.9998,0.9998,0.9999,0.9999
0.9999,0.9999,0.9999,0.9999,0.9999,0.9999,1.0000,1.0000,1.0000,1.0000
