; Lookup table
;number of bins in Meek's time to distance lookup table
hdriftbins=138
;number of 1st bin in Meek's table in ns
hdrift1stbin=-24
;bin size in ns of Meek's table
hdriftbinsz=2
hwc1x1fract=0.0006,0.0012,0.0019,0.0026,0.0033,0.0040,0.0048,0.0055
0.0063,0.0072,0.0080,0.0088,0.0098,0.0108,0.0119,0.0132,0.0146,0.0164
0.0186,0.0215,0.0254,0.0309,0.0378,0.0458,0.0554,0.0660,0.0779,0.0909
0.1047,0.1195,0.1350,0.1510,0.1675,0.1850,0.2029,0.2214,0.2404,0.2599
0.2798,0.2999,0.3196,0.3396,0.3601,0.3806,0.4009,0.4210,0.4417,0.4617
0.4821,0.5022,0.5216,0.5417,0.5617,0.5813,0.6006,0.6198,0.6387,0.6574
0.6752,0.6926,0.7101,0.7269,0.7433,0.7590,0.7735,0.7876,0.8010,0.8136
0.8253,0.8359,0.8459,0.8557,0.8646,0.8730,0.8808,0.8884,0.8950,0.9012
0.9070,0.9121,0.9167,0.9209,0.9245,0.9278,0.9307,0.9331,0.9355,0.9377
0.9397,0.9416,0.9434,0.9452,0.9468,0.9483,0.9498,0.9515,0.9530,0.9544
0.9558,0.9572,0.9586,0.9599,0.9612,0.9625,0.9638,0.9650,0.9663,0.9675
0.9689,0.9701,0.9713,0.9724,0.9735,0.9748,0.9759,0.9771,0.9783,0.9795
0.9805,0.9817,0.9828,0.9838,0.9849,0.9860,0.9871,0.9882,0.9892,0.9902
0.9913,0.9923,0.9933,0.9942,0.9952,0.9962,0.9972,0.9982,0.9991,1.0000
hwc1y1fract=0.0006,0.0011,0.0017,0.0023,0.0030,0.0036,0.0043,0.0049
0.0056,0.0063,0.0070,0.0079,0.0089,0.0098,0.0107,0.0118,0.0132,0.0148
0.0169,0.0196,0.0233,0.0286,0.0359,0.0454,0.0568,0.0695,0.0839,0.0993
0.1156,0.1326,0.1508,0.1693,0.1881,0.2073,0.2274,0.2472,0.2673,0.2874
0.3078,0.3283,0.3483,0.3688,0.3890,0.4092,0.4291,0.4490,0.4689,0.4883
0.5076,0.5267,0.5461,0.5657,0.5846,0.6034,0.6222,0.6404,0.6585,0.6766
0.6942,0.7118,0.7289,0.7451,0.7603,0.7750,0.7894,0.8030,0.8157,0.8272
0.8381,0.8478,0.8569,0.8655,0.8731,0.8803,0.8870,0.8933,0.8991,0.9043
0.9093,0.9139,0.9181,0.9217,0.9252,0.9283,0.9314,0.9341,0.9366,0.9389
0.9410,0.9430,0.9448,0.9467,0.9484,0.9500,0.9516,0.9532,0.9547,0.9562
0.9576,0.9591,0.9604,0.9616,0.9630,0.9643,0.9656,0.9668,0.9680,0.9693
0.9705,0.9717,0.9730,0.9742,0.9754,0.9765,0.9777,0.9788,0.9798,0.9810
0.9821,0.9831,0.9842,0.9852,0.9862,0.9872,0.9883,0.9892,0.9901,0.9911
0.9922,0.9930,0.9939,0.9949,0.9959,0.9967,0.9975,0.9983,0.9992,1.0000
hwc1u1fract=0.0005,0.0010,0.0015,0.0020,0.0025,0.0030,0.0035,0.0040
0.0046,0.0050,0.0056,0.0062,0.0068,0.0073,0.0079,0.0086,0.0095,0.0107
0.0125,0.0154,0.0200,0.0268,0.0352,0.0456,0.0573,0.0705,0.0848,0.0997
0.1162,0.1331,0.1504,0.1684,0.1869,0.2058,0.2248,0.2442,0.2638,0.2834
0.3032,0.3231,0.3432,0.3637,0.3840,0.4041,0.4238,0.4434,0.4630,0.4827
0.5020,0.5210,0.5400,0.5595,0.5791,0.5979,0.6168,0.6354,0.6540,0.6718
0.6894,0.7068,0.7238,0.7399,0.7557,0.7706,0.7850,0.7984,0.8108,0.8224
0.8331,0.8431,0.8522,0.8607,0.8688,0.8765,0.8836,0.8903,0.8961,0.9019
0.9075,0.9122,0.9164,0.9204,0.9241,0.9271,0.9300,0.9327,0.9351,0.9373
0.9394,0.9414,0.9432,0.9450,0.9466,0.9484,0.9500,0.9516,0.9530,0.9545
0.9558,0.9573,0.9588,0.9601,0.9614,0.9628,0.9642,0.9654,0.9667,0.9679
0.9691,0.9703,0.9715,0.9727,0.9739,0.9750,0.9762,0.9773,0.9784,0.9795
0.9807,0.9818,0.9829,0.9839,0.9851,0.9862,0.9873,0.9883,0.9894,0.9903
0.9914,0.9923,0.9933,0.9944,0.9953,0.9963,0.9973,0.9982,0.9991,1.0000
hwc1v1fract=0.0005,0.0010,0.0015,0.0020,0.0025,0.0031,0.0036,0.0042
0.0047,0.0053,0.0059,0.0065,0.0071,0.0077,0.0084,0.0091,0.0101,0.0113
0.0131,0.0159,0.0202,0.0264,0.0349,0.0456,0.0580,0.0715,0.0859,0.1013
0.1176,0.1352,0.1529,0.1710,0.1899,0.2089,0.2282,0.2478,0.2677,0.2878
0.3080,0.3280,0.3483,0.3689,0.3890,0.4096,0.4292,0.4494,0.4692,0.4890
0.5087,0.5281,0.5475,0.5668,0.5859,0.6049,0.6237,0.6427,0.6606,0.6786
0.6961,0.7135,0.7299,0.7463,0.7621,0.7773,0.7911,0.8042,0.8165,0.8278
0.8384,0.8483,0.8572,0.8657,0.8733,0.8804,0.8872,0.8938,0.8997,0.9054
0.9105,0.9152,0.9196,0.9235,0.9271,0.9303,0.9332,0.9360,0.9384,0.9406
0.9425,0.9444,0.9463,0.9480,0.9497,0.9514,0.9530,0.9544,0.9558,0.9572
0.9586,0.9598,0.9612,0.9626,0.9638,0.9650,0.9663,0.9674,0.9686,0.9698
0.9709,0.9721,0.9732,0.9743,0.9755,0.9766,0.9777,0.9788,0.9799,0.9810
0.9821,0.9832,0.9843,0.9852,0.9862,0.9872,0.9882,0.9892,0.9901,0.9911
0.9920,0.9929,0.9939,0.9949,0.9956,0.9965,0.9974,0.9983,0.9992,1.0000
hwc1y2fract=0.0005,0.0009,0.0015,0.0020,0.0025,0.0032,0.0038,0.0044
0.0050,0.0056,0.0063,0.0069,0.0075,0.0082,0.0090,0.0100,0.0111,0.0126
0.0146,0.0176,0.0218,0.0279,0.0359,0.0458,0.0573,0.0705,0.0854,0.1011
0.1180,0.1358,0.1538,0.1726,0.1918,0.2111,0.2308,0.2504,0.2704,0.2904
0.3102,0.3303,0.3505,0.3700,0.3900,0.4102,0.4305,0.4506,0.4702,0.4898
0.5091,0.5287,0.5487,0.5678,0.5869,0.6059,0.6249,0.6434,0.6617,0.6798
0.6976,0.7141,0.7305,0.7467,0.7619,0.7768,0.7904,0.8033,0.8155,0.8270
0.8376,0.8476,0.8567,0.8651,0.8726,0.8797,0.8863,0.8924,0.8982,0.9032
0.9082,0.9128,0.9170,0.9208,0.9242,0.9273,0.9300,0.9326,0.9350,0.9373
0.9395,0.9414,0.9432,0.9450,0.9466,0.9483,0.9500,0.9515,0.9531,0.9545
0.9560,0.9575,0.9588,0.9601,0.9615,0.9629,0.9642,0.9654,0.9666,0.9679
0.9691,0.9703,0.9715,0.9726,0.9738,0.9750,0.9761,0.9772,0.9784,0.9796
0.9807,0.9818,0.9829,0.9840,0.9850,0.9861,0.9871,0.9881,0.9892,0.9903
0.9914,0.9924,0.9934,0.9944,0.9953,0.9962,0.9972,0.9980,0.9991,1.0000
hwc1x2fract=0.0006,0.0012,0.0019,0.0025,0.0030,0.0036,0.0043,0.0050
0.0057,0.0064,0.0072,0.0079,0.0088,0.0097,0.0107,0.0121,0.0137,0.0164
0.0200,0.0251,0.0313,0.0392,0.0482,0.0585,0.0700,0.0828,0.0965,0.1106
0.1259,0.1420,0.1586,0.1759,0.1941,0.2130,0.2320,0.2512,0.2707,0.2907
0.3108,0.3313,0.3516,0.3718,0.3924,0.4129,0.4329,0.4531,0.4732,0.4937
0.5137,0.5340,0.5533,0.5728,0.5921,0.6116,0.6306,0.6494,0.6677,0.6857
0.7033,0.7201,0.7365,0.7522,0.7675,0.7819,0.7953,0.8081,0.8201,0.8315
0.8420,0.8516,0.8609,0.8696,0.8774,0.8847,0.8915,0.8978,0.9035,0.9087
0.9136,0.9177,0.9216,0.9250,0.9279,0.9305,0.9329,0.9353,0.9374,0.9393
0.9412,0.9429,0.9445,0.9461,0.9477,0.9490,0.9505,0.9520,0.9533,0.9547
0.9560,0.9573,0.9586,0.9600,0.9614,0.9627,0.9639,0.9652,0.9664,0.9676
0.9688,0.9700,0.9712,0.9724,0.9736,0.9749,0.9760,0.9771,0.9782,0.9794
0.9805,0.9817,0.9827,0.9838,0.9849,0.9860,0.9871,0.9882,0.9893,0.9903
0.9914,0.9924,0.9934,0.9944,0.9954,0.9963,0.9973,0.9982,0.9991,1.0000
hwc2x1fract=0.0006,0.0012,0.0018,0.0023,0.0029,0.0036,0.0042,0.0049
0.0056,0.0064,0.0072,0.0082,0.0092,0.0103,0.0116,0.0132,0.0154,0.0185
0.0225,0.0279,0.0343,0.0425,0.0520,0.0627,0.0748,0.0882,0.1021,0.1169
0.1327,0.1493,0.1663,0.1842,0.2024,0.2213,0.2409,0.2605,0.2805,0.3010
0.3214,0.3419,0.3625,0.3833,0.4041,0.4247,0.4450,0.4656,0.4863,0.5069
0.5271,0.5472,0.5672,0.5870,0.6067,0.6264,0.6455,0.6647,0.6834,0.7014
0.7195,0.7369,0.7533,0.7692,0.7841,0.7984,0.8116,0.8241,0.8358,0.8465
0.8567,0.8659,0.8746,0.8827,0.8903,0.8973,0.9038,0.9096,0.9151,0.9200
0.9245,0.9284,0.9321,0.9351,0.9378,0.9404,0.9427,0.9448,0.9467,0.9485
0.9502,0.9517,0.9531,0.9544,0.9558,0.9572,0.9585,0.9597,0.9609,0.9621
0.9632,0.9645,0.9656,0.9667,0.9678,0.9689,0.9700,0.9710,0.9721,0.9732
0.9741,0.9752,0.9762,0.9773,0.9782,0.9792,0.9802,0.9812,0.9823,0.9832
0.9841,0.9851,0.9860,0.9870,0.9879,0.9888,0.9896,0.9905,0.9914,0.9922
0.9930,0.9938,0.9946,0.9955,0.9962,0.9971,0.9979,0.9986,0.9993,1.0000
hwc2y1fract=0.0004,0.0009,0.0013,0.0017,0.0021,0.0026,0.0031,0.0035
0.0040,0.0045,0.0050,0.0056,0.0061,0.0067,0.0073,0.0079,0.0087,0.0098
0.0112,0.0133,0.0165,0.0214,0.0287,0.0380,0.0493,0.0627,0.0779,0.0942
0.1120,0.1304,0.1500,0.1698,0.1897,0.2101,0.2303,0.2506,0.2710,0.2914
0.3123,0.3332,0.3537,0.3746,0.3951,0.4156,0.4358,0.4559,0.4764,0.4965
0.5163,0.5360,0.5554,0.5749,0.5942,0.6133,0.6321,0.6509,0.6695,0.6879
0.7059,0.7234,0.7404,0.7566,0.7725,0.7876,0.8019,0.8150,0.8278,0.8394
0.8501,0.8599,0.8689,0.8772,0.8844,0.8911,0.8973,0.9034,0.9088,0.9138
0.9182,0.9224,0.9262,0.9295,0.9328,0.9357,0.9382,0.9409,0.9432,0.9453
0.9472,0.9492,0.9509,0.9525,0.9541,0.9555,0.9570,0.9585,0.9599,0.9612
0.9625,0.9637,0.9649,0.9661,0.9672,0.9683,0.9695,0.9707,0.9718,0.9728
0.9739,0.9750,0.9760,0.9771,0.9781,0.9791,0.9800,0.9811,0.9821,0.9830
0.9840,0.9850,0.9859,0.9868,0.9876,0.9886,0.9895,0.9904,0.9912,0.9921
0.9929,0.9938,0.9945,0.9953,0.9961,0.9968,0.9976,0.9984,0.9992,1.0000
hwc2u1fract=0.0004,0.0008,0.0013,0.0017,0.0021,0.0025,0.0029,0.0034
0.0038,0.0043,0.0049,0.0054,0.0059,0.0065,0.0071,0.0078,0.0088,0.0103
0.0126,0.0168,0.0235,0.0325,0.0438,0.0570,0.0717,0.0877,0.1047,0.1225
0.1413,0.1602,0.1796,0.1992,0.2192,0.2397,0.2600,0.2800,0.3004,0.3205
0.3410,0.3613,0.3816,0.4017,0.4218,0.4420,0.4619,0.4817,0.5016,0.5213
0.5409,0.5604,0.5794,0.5988,0.6180,0.6366,0.6552,0.6734,0.6917,0.7091
0.7269,0.7439,0.7604,0.7760,0.7908,0.8049,0.8182,0.8302,0.8412,0.8513
0.8605,0.8688,0.8766,0.8839,0.8906,0.8968,0.9024,0.9077,0.9127,0.9173
0.9214,0.9252,0.9286,0.9316,0.9346,0.9372,0.9397,0.9421,0.9443,0.9462
0.9480,0.9497,0.9513,0.9528,0.9543,0.9557,0.9571,0.9585,0.9598,0.9610
0.9622,0.9635,0.9646,0.9658,0.9670,0.9681,0.9691,0.9703,0.9714,0.9724
0.9734,0.9745,0.9755,0.9765,0.9776,0.9786,0.9795,0.9805,0.9814,0.9824
0.9834,0.9844,0.9853,0.9863,0.9871,0.9881,0.9890,0.9899,0.9908,0.9917
0.9926,0.9935,0.9943,0.9952,0.9960,0.9969,0.9977,0.9985,0.9992,1.0000
hwc2v1fract=0.0004,0.0008,0.0013,0.0018,0.0022,0.0026,0.0031,0.0036
0.0041,0.0047,0.0052,0.0057,0.0063,0.0069,0.0076,0.0083,0.0091,0.0102
0.0118,0.0144,0.0188,0.0253,0.0346,0.0461,0.0595,0.0747,0.0909,0.1084
0.1262,0.1448,0.1638,0.1835,0.2034,0.2237,0.2442,0.2650,0.2856,0.3061
0.3266,0.3473,0.3676,0.3878,0.4080,0.4280,0.4479,0.4680,0.4875,0.5074
0.5271,0.5465,0.5656,0.5847,0.6038,0.6225,0.6408,0.6594,0.6777,0.6959
0.7132,0.7306,0.7471,0.7634,0.7789,0.7937,0.8075,0.8202,0.8319,0.8429
0.8530,0.8622,0.8705,0.8784,0.8854,0.8923,0.8985,0.9043,0.9094,0.9143
0.9189,0.9231,0.9268,0.9305,0.9337,0.9365,0.9392,0.9416,0.9438,0.9458
0.9478,0.9495,0.9513,0.9529,0.9545,0.9559,0.9573,0.9586,0.9601,0.9613
0.9625,0.9638,0.9649,0.9661,0.9673,0.9684,0.9696,0.9708,0.9719,0.9730
0.9741,0.9750,0.9760,0.9770,0.9780,0.9790,0.9799,0.9809,0.9819,0.9830
0.9839,0.9848,0.9857,0.9866,0.9875,0.9884,0.9893,0.9902,0.9910,0.9918
0.9926,0.9935,0.9943,0.9952,0.9961,0.9969,0.9977,0.9985,0.9993,1.0000
hwc2y2fract=0.0004,0.0009,0.0013,0.0018,0.0023,0.0028,0.0033,0.0037
0.0043,0.0049,0.0054,0.0060,0.0066,0.0072,0.0079,0.0087,0.0095,0.0108
0.0125,0.0147,0.0180,0.0233,0.0307,0.0404,0.0525,0.0662,0.0816,0.0983
0.1162,0.1345,0.1539,0.1736,0.1941,0.2144,0.2350,0.2558,0.2769,0.2972
0.3178,0.3385,0.3593,0.3798,0.4003,0.4212,0.4416,0.4615,0.4817,0.5012
0.5210,0.5406,0.5602,0.5796,0.5987,0.6179,0.6365,0.6555,0.6737,0.6919
0.7100,0.7277,0.7444,0.7608,0.7764,0.7912,0.8053,0.8183,0.8305,0.8417
0.8522,0.8617,0.8705,0.8786,0.8858,0.8925,0.8988,0.9047,0.9102,0.9149
0.9190,0.9229,0.9267,0.9301,0.9331,0.9359,0.9387,0.9411,0.9433,0.9453
0.9472,0.9489,0.9506,0.9523,0.9538,0.9553,0.9568,0.9581,0.9593,0.9607
0.9620,0.9633,0.9644,0.9657,0.9668,0.9679,0.9690,0.9702,0.9713,0.9725
0.9735,0.9746,0.9757,0.9766,0.9777,0.9787,0.9797,0.9806,0.9815,0.9825
0.9834,0.9843,0.9853,0.9862,0.9871,0.9880,0.9890,0.9899,0.9908,0.9917
0.9927,0.9936,0.9944,0.9954,0.9962,0.9969,0.9977,0.9984,0.9993,1.0000
hwc2x2fract=0.0005,0.0010,0.0016,0.0021,0.0027,0.0032,0.0038,0.0044
0.0050,0.0056,0.0064,0.0072,0.0080,0.0089,0.0098,0.0108,0.0122,0.0140
0.0165,0.0201,0.0250,0.0320,0.0407,0.0513,0.0630,0.0755,0.0892,0.1038
0.1195,0.1357,0.1531,0.1712,0.1900,0.2091,0.2284,0.2484,0.2687,0.2891
0.3097,0.3306,0.3513,0.3719,0.3929,0.4134,0.4343,0.4543,0.4749,0.4954
0.5158,0.5363,0.5564,0.5764,0.5958,0.6153,0.6344,0.6533,0.6721,0.6904
0.7084,0.7260,0.7428,0.7593,0.7749,0.7899,0.8040,0.8173,0.8293,0.8406
0.8508,0.8606,0.8697,0.8781,0.8858,0.8932,0.8999,0.9060,0.9118,0.9171
0.9220,0.9263,0.9301,0.9337,0.9368,0.9394,0.9418,0.9439,0.9458,0.9476
0.9494,0.9510,0.9526,0.9540,0.9554,0.9567,0.9581,0.9594,0.9606,0.9618
0.9630,0.9642,0.9653,0.9664,0.9675,0.9685,0.9696,0.9705,0.9715,0.9725
0.9736,0.9747,0.9757,0.9767,0.9777,0.9787,0.9797,0.9806,0.9816,0.9825
0.9836,0.9846,0.9855,0.9865,0.9874,0.9884,0.9892,0.9900,0.9910,0.9919
0.9928,0.9936,0.9944,0.9953,0.9961,0.9969,0.9977,0.9984,0.9992,1.0000
