; Lookup table
;number of bins in Meek's time to distance lookup table
hdriftbins=138
;number of 1st bin in Meek's table in ns
hdrift1stbin=-24
;bin size in ns of Meek's table
hdriftbinsz=2
hwc1x1fract=0.0001,0.0001,0.0002,0.0003,0.0004,0.0005,0.0006,0.0008
0.0009,0.0011,0.0013,0.0015,0.0017,0.0020,0.0023,0.0027,0.0033,0.0041
0.0054,0.0077,0.0112,0.0166,0.0241,0.0334,0.0445,0.0572,0.0708,0.0860
0.1021,0.1193,0.1376,0.1566,0.1768,0.1969,0.2179,0.2398,0.2617,0.2840
0.3066,0.3295,0.3521,0.3750,0.3981,0.4207,0.4434,0.4660,0.4883,0.5106
0.5327,0.5545,0.5759,0.5975,0.6187,0.6399,0.6606,0.6813,0.7013,0.7213
0.7405,0.7596,0.7780,0.7960,0.8129,0.8294,0.8450,0.8594,0.8729,0.8856
0.8974,0.9082,0.9178,0.9271,0.9354,0.9432,0.9501,0.9568,0.9626,0.9679
0.9724,0.9764,0.9798,0.9827,0.9852,0.9872,0.9888,0.9901,0.9912,0.9920
0.9928,0.9935,0.9940,0.9945,0.9949,0.9952,0.9955,0.9958,0.9960,0.9963
0.9965,0.9967,0.9968,0.9970,0.9972,0.9973,0.9975,0.9976,0.9977,0.9978
0.9979,0.9981,0.9981,0.9983,0.9984,0.9985,0.9985,0.9986,0.9987,0.9988
0.9989,0.9989,0.9990,0.9991,0.9991,0.9992,0.9993,0.9993,0.9994,0.9995
0.9995,0.9996,0.9996,0.9997,0.9998,0.9998,0.9998,0.9999,1.0000,1.0000
hwc1y1fract=0.0000,0.0001,0.0001,0.0002,0.0002,0.0003,0.0004,0.0005
0.0006,0.0007,0.0008,0.0009,0.0011,0.0013,0.0015,0.0018,0.0023,0.0031
0.0045,0.0066,0.0104,0.0164,0.0255,0.0371,0.0514,0.0677,0.0860,0.1059
0.1271,0.1494,0.1721,0.1952,0.2185,0.2416,0.2649,0.2881,0.3116,0.3348
0.3577,0.3805,0.4025,0.4246,0.4465,0.4679,0.4895,0.5108,0.5321,0.5528
0.5735,0.5937,0.6139,0.6340,0.6540,0.6736,0.6933,0.7124,0.7313,0.7498
0.7678,0.7853,0.8024,0.8189,0.8348,0.8501,0.8640,0.8770,0.8892,0.9002
0.9103,0.9193,0.9277,0.9350,0.9417,0.9478,0.9533,0.9582,0.9627,0.9666
0.9702,0.9733,0.9761,0.9786,0.9809,0.9829,0.9846,0.9860,0.9875,0.9887
0.9897,0.9907,0.9915,0.9923,0.9930,0.9935,0.9941,0.9945,0.9948,0.9952
0.9955,0.9959,0.9961,0.9964,0.9967,0.9969,0.9972,0.9974,0.9975,0.9977
0.9979,0.9980,0.9981,0.9982,0.9984,0.9985,0.9986,0.9987,0.9988,0.9988
0.9989,0.9990,0.9991,0.9991,0.9992,0.9992,0.9993,0.9993,0.9994,0.9995
0.9995,0.9996,0.9997,0.9997,0.9997,0.9998,0.9999,0.9999,0.9999,1.0000
hwc1u1fract=0.0000,0.0001,0.0001,0.0001,0.0002,0.0002,0.0002,0.0003
0.0003,0.0004,0.0004,0.0005,0.0005,0.0006,0.0007,0.0008,0.0012,0.0017
0.0029,0.0054,0.0106,0.0186,0.0294,0.0427,0.0579,0.0752,0.0938,0.1135
0.1342,0.1555,0.1773,0.1997,0.2224,0.2452,0.2681,0.2915,0.3141,0.3370
0.3599,0.3823,0.4048,0.4271,0.4487,0.4700,0.4911,0.5122,0.5331,0.5538
0.5741,0.5947,0.6151,0.6350,0.6550,0.6746,0.6939,0.7132,0.7323,0.7510
0.7690,0.7864,0.8039,0.8205,0.8361,0.8508,0.8646,0.8775,0.8891,0.8997
0.9093,0.9181,0.9260,0.9331,0.9399,0.9458,0.9513,0.9565,0.9612,0.9656
0.9695,0.9731,0.9762,0.9790,0.9814,0.9834,0.9852,0.9867,0.9880,0.9892
0.9901,0.9910,0.9917,0.9924,0.9930,0.9935,0.9940,0.9944,0.9948,0.9951
0.9955,0.9958,0.9961,0.9963,0.9966,0.9968,0.9970,0.9972,0.9974,0.9976
0.9977,0.9979,0.9980,0.9981,0.9983,0.9984,0.9985,0.9986,0.9987,0.9988
0.9989,0.9989,0.9990,0.9991,0.9992,0.9992,0.9993,0.9994,0.9995,0.9995
0.9996,0.9996,0.9997,0.9997,0.9998,0.9998,0.9999,0.9999,0.9999,1.0000
hwc1v1fract=0.0000,0.0001,0.0001,0.0001,0.0002,0.0003,0.0003,0.0004
0.0004,0.0005,0.0006,0.0007,0.0008,0.0010,0.0013,0.0019,0.0028,0.0045
0.0076,0.0128,0.0205,0.0311,0.0441,0.0594,0.0758,0.0937,0.1122,0.1313
0.1511,0.1716,0.1924,0.2137,0.2350,0.2569,0.2790,0.3010,0.3229,0.3453
0.3674,0.3895,0.4113,0.4333,0.4550,0.4763,0.4975,0.5189,0.5400,0.5614
0.5823,0.6031,0.6238,0.6443,0.6643,0.6843,0.7044,0.7238,0.7431,0.7622
0.7805,0.7987,0.8159,0.8326,0.8484,0.8629,0.8764,0.8889,0.9002,0.9100
0.9186,0.9266,0.9339,0.9403,0.9465,0.9521,0.9573,0.9623,0.9668,0.9709
0.9747,0.9781,0.9809,0.9832,0.9852,0.9870,0.9883,0.9895,0.9905,0.9914
0.9922,0.9928,0.9934,0.9939,0.9944,0.9948,0.9951,0.9955,0.9958,0.9960
0.9963,0.9965,0.9967,0.9969,0.9971,0.9973,0.9974,0.9976,0.9977,0.9979
0.9980,0.9981,0.9982,0.9983,0.9984,0.9986,0.9987,0.9988,0.9989,0.9989
0.9990,0.9991,0.9992,0.9992,0.9993,0.9993,0.9994,0.9995,0.9995,0.9996
0.9996,0.9997,0.9997,0.9998,0.9998,0.9999,0.9999,0.9999,1.0000,1.0000
hwc1y2fract=0.0000,0.0001,0.0001,0.0001,0.0002,0.0002,0.0003,0.0003
0.0004,0.0004,0.0005,0.0005,0.0006,0.0007,0.0008,0.0011,0.0015,0.0025
0.0041,0.0072,0.0123,0.0198,0.0301,0.0428,0.0579,0.0750,0.0939,0.1142
0.1352,0.1574,0.1800,0.2026,0.2254,0.2489,0.2721,0.2953,0.3184,0.3412
0.3639,0.3866,0.4092,0.4313,0.4531,0.4747,0.4964,0.5174,0.5384,0.5591
0.5795,0.5997,0.6199,0.6396,0.6595,0.6793,0.6986,0.7176,0.7361,0.7541
0.7716,0.7889,0.8057,0.8214,0.8370,0.8516,0.8650,0.8779,0.8895,0.9002
0.9099,0.9187,0.9266,0.9338,0.9403,0.9463,0.9518,0.9566,0.9610,0.9650
0.9687,0.9720,0.9750,0.9774,0.9796,0.9817,0.9836,0.9851,0.9865,0.9878
0.9889,0.9899,0.9908,0.9915,0.9922,0.9928,0.9933,0.9938,0.9943,0.9948
0.9951,0.9954,0.9957,0.9960,0.9963,0.9966,0.9968,0.9969,0.9971,0.9973
0.9975,0.9976,0.9978,0.9979,0.9981,0.9982,0.9983,0.9984,0.9985,0.9986
0.9988,0.9988,0.9989,0.9990,0.9991,0.9991,0.9992,0.9993,0.9993,0.9994
0.9995,0.9995,0.9996,0.9996,0.9997,0.9998,0.9998,0.9999,0.9999,1.0000
hwc1x2fract=0.0000,0.0001,0.0001,0.0002,0.0003,0.0003,0.0004,0.0005
0.0006,0.0007,0.0008,0.0010,0.0011,0.0014,0.0016,0.0020,0.0028,0.0042
0.0065,0.0103,0.0164,0.0241,0.0339,0.0456,0.0588,0.0736,0.0892,0.1066
0.1244,0.1434,0.1632,0.1837,0.2048,0.2264,0.2481,0.2704,0.2930,0.3157
0.3387,0.3613,0.3840,0.4068,0.4299,0.4525,0.4750,0.4973,0.5195,0.5413
0.5625,0.5839,0.6049,0.6260,0.6467,0.6673,0.6876,0.7073,0.7274,0.7465
0.7651,0.7834,0.8011,0.8181,0.8343,0.8497,0.8638,0.8769,0.8894,0.9008
0.9112,0.9203,0.9289,0.9369,0.9442,0.9510,0.9571,0.9628,0.9676,0.9720
0.9759,0.9793,0.9821,0.9844,0.9865,0.9881,0.9894,0.9905,0.9915,0.9923
0.9930,0.9936,0.9941,0.9945,0.9949,0.9952,0.9955,0.9958,0.9960,0.9962
0.9965,0.9967,0.9968,0.9970,0.9971,0.9973,0.9974,0.9975,0.9977,0.9978
0.9979,0.9980,0.9981,0.9982,0.9983,0.9984,0.9985,0.9986,0.9987,0.9987
0.9988,0.9989,0.9990,0.9990,0.9991,0.9992,0.9992,0.9993,0.9994,0.9994
0.9995,0.9995,0.9996,0.9997,0.9997,0.9998,0.9998,0.9999,1.0000,1.0000
hwc2x1fract=0.0001,0.0002,0.0002,0.0003,0.0004,0.0005,0.0007,0.0008
0.0009,0.0011,0.0013,0.0016,0.0019,0.0022,0.0027,0.0036,0.0052,0.0079
0.0118,0.0174,0.0248,0.0340,0.0450,0.0576,0.0718,0.0873,0.1042,0.1217
0.1403,0.1595,0.1800,0.2006,0.2214,0.2433,0.2651,0.2878,0.3100,0.3329
0.3556,0.3787,0.4016,0.4238,0.4465,0.4691,0.4914,0.5138,0.5360,0.5582
0.5799,0.6012,0.6224,0.6433,0.6643,0.6852,0.7057,0.7259,0.7456,0.7649
0.7835,0.8015,0.8185,0.8349,0.8498,0.8647,0.8780,0.8905,0.9016,0.9122
0.9216,0.9303,0.9380,0.9452,0.9518,0.9577,0.9630,0.9680,0.9723,0.9762
0.9797,0.9825,0.9849,0.9868,0.9886,0.9899,0.9910,0.9920,0.9927,0.9934
0.9939,0.9944,0.9948,0.9952,0.9955,0.9958,0.9960,0.9963,0.9965,0.9967
0.9969,0.9971,0.9973,0.9974,0.9975,0.9977,0.9978,0.9979,0.9980,0.9981
0.9982,0.9983,0.9984,0.9985,0.9985,0.9986,0.9987,0.9988,0.9989,0.9989
0.9990,0.9991,0.9991,0.9992,0.9992,0.9993,0.9993,0.9994,0.9994,0.9995
0.9995,0.9996,0.9996,0.9997,0.9998,0.9998,0.9999,0.9999,0.9999,1.0000
hwc2y1fract=0.0000,0.0001,0.0001,0.0001,0.0002,0.0002,0.0002,0.0003
0.0003,0.0003,0.0004,0.0004,0.0005,0.0006,0.0007,0.0008,0.0010,0.0014
0.0022,0.0038,0.0069,0.0123,0.0209,0.0326,0.0471,0.0644,0.0837,0.1046
0.1267,0.1499,0.1741,0.1984,0.2224,0.2467,0.2709,0.2945,0.3181,0.3418
0.3651,0.3881,0.4106,0.4333,0.4554,0.4770,0.4983,0.5192,0.5400,0.5609
0.5820,0.6024,0.6222,0.6422,0.6618,0.6813,0.7009,0.7203,0.7390,0.7575
0.7761,0.7936,0.8112,0.8278,0.8437,0.8582,0.8720,0.8848,0.8967,0.9073
0.9169,0.9254,0.9332,0.9404,0.9465,0.9522,0.9570,0.9615,0.9655,0.9691
0.9724,0.9753,0.9779,0.9801,0.9820,0.9839,0.9854,0.9867,0.9879,0.9890
0.9899,0.9907,0.9915,0.9922,0.9927,0.9933,0.9938,0.9943,0.9946,0.9950
0.9953,0.9956,0.9959,0.9962,0.9964,0.9967,0.9969,0.9971,0.9973,0.9975
0.9977,0.9978,0.9980,0.9981,0.9982,0.9984,0.9985,0.9986,0.9987,0.9988
0.9989,0.9989,0.9990,0.9991,0.9992,0.9992,0.9993,0.9994,0.9994,0.9995
0.9995,0.9996,0.9997,0.9997,0.9998,0.9998,0.9998,0.9999,0.9999,1.0000
hwc2u1fract=0.0000,0.0001,0.0001,0.0001,0.0002,0.0002,0.0002,0.0003
0.0003,0.0004,0.0005,0.0005,0.0006,0.0007,0.0008,0.0011,0.0015,0.0025
0.0050,0.0101,0.0185,0.0302,0.0449,0.0624,0.0820,0.1030,0.1249,0.1479
0.1711,0.1950,0.2188,0.2422,0.2657,0.2891,0.3124,0.3355,0.3585,0.3812
0.4034,0.4257,0.4478,0.4694,0.4907,0.5120,0.5326,0.5534,0.5739,0.5939
0.6139,0.6340,0.6534,0.6730,0.6922,0.7113,0.7304,0.7491,0.7676,0.7854
0.8032,0.8203,0.8366,0.8523,0.8668,0.8800,0.8922,0.9034,0.9135,0.9222
0.9301,0.9371,0.9434,0.9492,0.9543,0.9590,0.9633,0.9672,0.9709,0.9740
0.9768,0.9792,0.9815,0.9833,0.9850,0.9865,0.9878,0.9889,0.9898,0.9907
0.9914,0.9921,0.9927,0.9932,0.9936,0.9941,0.9945,0.9949,0.9952,0.9955
0.9958,0.9961,0.9964,0.9966,0.9968,0.9971,0.9973,0.9974,0.9976,0.9978
0.9979,0.9981,0.9982,0.9983,0.9984,0.9985,0.9986,0.9987,0.9988,0.9989
0.9990,0.9991,0.9991,0.9992,0.9993,0.9993,0.9994,0.9994,0.9995,0.9995
0.9996,0.9996,0.9997,0.9997,0.9998,0.9998,0.9999,0.9999,1.0000,1.0000
hwc2v1fract=0.0000,0.0001,0.0001,0.0001,0.0002,0.0002,0.0003,0.0003
0.0004,0.0004,0.0005,0.0006,0.0007,0.0008,0.0010,0.0013,0.0017,0.0026
0.0042,0.0077,0.0139,0.0236,0.0365,0.0522,0.0706,0.0903,0.1115,0.1339
0.1566,0.1799,0.2032,0.2266,0.2502,0.2737,0.2971,0.3201,0.3429,0.3658
0.3886,0.4111,0.4328,0.4546,0.4761,0.4975,0.5182,0.5392,0.5600,0.5805
0.6005,0.6204,0.6404,0.6601,0.6793,0.6983,0.7171,0.7356,0.7543,0.7728
0.7906,0.8077,0.8245,0.8403,0.8554,0.8697,0.8831,0.8951,0.9056,0.9153
0.9238,0.9316,0.9385,0.9444,0.9501,0.9553,0.9600,0.9640,0.9680,0.9716
0.9746,0.9774,0.9798,0.9820,0.9838,0.9855,0.9869,0.9880,0.9891,0.9900
0.9908,0.9915,0.9922,0.9927,0.9932,0.9937,0.9942,0.9946,0.9950,0.9953
0.9957,0.9959,0.9962,0.9965,0.9967,0.9969,0.9971,0.9974,0.9975,0.9977
0.9979,0.9980,0.9981,0.9983,0.9984,0.9985,0.9986,0.9987,0.9988,0.9989
0.9989,0.9990,0.9991,0.9992,0.9992,0.9993,0.9994,0.9995,0.9995,0.9996
0.9996,0.9996,0.9997,0.9998,0.9998,0.9999,0.9999,0.9999,1.0000,1.0000
hwc2y2fract=0.0000,0.0001,0.0001,0.0001,0.0002,0.0002,0.0003,0.0003
0.0003,0.0004,0.0004,0.0005,0.0005,0.0006,0.0007,0.0009,0.0012,0.0018
0.0029,0.0051,0.0089,0.0154,0.0250,0.0375,0.0527,0.0700,0.0897,0.1111
0.1339,0.1574,0.1813,0.2054,0.2297,0.2536,0.2780,0.3019,0.3255,0.3490
0.3719,0.3946,0.4172,0.4392,0.4612,0.4827,0.5036,0.5250,0.5461,0.5667
0.5875,0.6078,0.6283,0.6484,0.6684,0.6877,0.7069,0.7261,0.7451,0.7640
0.7818,0.7993,0.8162,0.8325,0.8481,0.8627,0.8763,0.8888,0.9002,0.9104
0.9198,0.9281,0.9355,0.9422,0.9482,0.9533,0.9580,0.9623,0.9661,0.9697
0.9728,0.9757,0.9782,0.9803,0.9823,0.9840,0.9856,0.9869,0.9881,0.9890
0.9900,0.9909,0.9917,0.9923,0.9928,0.9934,0.9939,0.9943,0.9947,0.9951
0.9954,0.9957,0.9960,0.9962,0.9965,0.9967,0.9969,0.9971,0.9973,0.9975
0.9977,0.9979,0.9980,0.9981,0.9983,0.9984,0.9985,0.9986,0.9987,0.9988
0.9989,0.9990,0.9991,0.9992,0.9992,0.9993,0.9994,0.9994,0.9995,0.9995
0.9996,0.9996,0.9997,0.9997,0.9998,0.9998,0.9999,0.9999,1.0000,1.0000
hwc2x2fract=0.0000,0.0001,0.0001,0.0002,0.0003,0.0003,0.0004,0.0005
0.0006,0.0007,0.0008,0.0010,0.0011,0.0014,0.0016,0.0020,0.0025,0.0032
0.0046,0.0070,0.0109,0.0171,0.0257,0.0365,0.0490,0.0632,0.0791,0.0962
0.1142,0.1335,0.1535,0.1742,0.1956,0.2173,0.2394,0.2620,0.2846,0.3076
0.3303,0.3535,0.3761,0.3988,0.4217,0.4441,0.4666,0.4888,0.5111,0.5331
0.5547,0.5764,0.5978,0.6191,0.6398,0.6601,0.6805,0.7007,0.7207,0.7403
0.7591,0.7779,0.7957,0.8132,0.8298,0.8455,0.8602,0.8742,0.8869,0.8987
0.9094,0.9191,0.9276,0.9356,0.9428,0.9495,0.9556,0.9611,0.9660,0.9704
0.9744,0.9778,0.9808,0.9833,0.9854,0.9871,0.9887,0.9898,0.9908,0.9918
0.9925,0.9931,0.9937,0.9942,0.9946,0.9950,0.9953,0.9956,0.9959,0.9962
0.9964,0.9966,0.9968,0.9970,0.9972,0.9973,0.9975,0.9976,0.9978,0.9979
0.9980,0.9981,0.9982,0.9983,0.9984,0.9985,0.9986,0.9987,0.9987,0.9988
0.9989,0.9989,0.9990,0.9991,0.9991,0.9992,0.9993,0.9994,0.9994,0.9995
0.9995,0.9996,0.9996,0.9997,0.9997,0.9998,0.9999,0.9999,0.9999,1.0000
