; Lookup table
;number of bins in Meek's time to distance lookup table
hdriftbins=138
;number of 1st bin in Meek's table in ns
hdrift1stbin=-24
;bin size in ns of Meek's table
hdriftbinsz=2
hwc1x1fract=0.0001,0.0002,0.0003,0.0004,0.0005,0.0006,0.0007,0.0009
0.0010,0.0012,0.0014,0.0016,0.0019,0.0022,0.0026,0.0030,0.0036,0.0043
0.0054,0.0071,0.0098,0.0144,0.0211,0.0297,0.0407,0.0537,0.0677,0.0829
0.0992,0.1168,0.1354,0.1541,0.1737,0.1941,0.2154,0.2369,0.2587,0.2803
0.3027,0.3246,0.3470,0.3693,0.3919,0.4145,0.4370,0.4586,0.4810,0.5032
0.5252,0.5473,0.5688,0.5904,0.6119,0.6328,0.6535,0.6742,0.6946,0.7146
0.7342,0.7535,0.7726,0.7908,0.8083,0.8252,0.8411,0.8563,0.8711,0.8846
0.8970,0.9082,0.9191,0.9286,0.9372,0.9449,0.9521,0.9585,0.9643,0.9695
0.9740,0.9781,0.9816,0.9845,0.9869,0.9890,0.9907,0.9921,0.9933,0.9942
0.9948,0.9954,0.9959,0.9963,0.9967,0.9970,0.9973,0.9975,0.9978,0.9980
0.9982,0.9984,0.9986,0.9987,0.9988,0.9989,0.9990,0.9991,0.9992,0.9993
0.9993,0.9994,0.9995,0.9995,0.9996,0.9996,0.9996,0.9997,0.9997,0.9997
0.9998,0.9998,0.9998,0.9998,0.9998,0.9999,0.9999,0.9999,0.9999,0.9999
0.9999,0.9999,0.9999,1.0000,1.0000,1.0000,1.0000,1.0000,1.0000,1.0000
hwc1y1fract=0.0000,0.0001,0.0001,0.0002,0.0003,0.0004,0.0004,0.0005
0.0006,0.0008,0.0009,0.0011,0.0013,0.0015,0.0019,0.0023,0.0029,0.0041
0.0059,0.0090,0.0140,0.0218,0.0324,0.0460,0.0617,0.0800,0.1001,0.1221
0.1451,0.1686,0.1919,0.2152,0.2391,0.2621,0.2853,0.3084,0.3307,0.3531
0.3754,0.3978,0.4200,0.4419,0.4635,0.4851,0.5063,0.5272,0.5471,0.5675
0.5879,0.6081,0.6281,0.6479,0.6675,0.6868,0.7063,0.7249,0.7436,0.7619
0.7799,0.7974,0.8146,0.8310,0.8464,0.8613,0.8754,0.8885,0.9005,0.9114
0.9213,0.9302,0.9381,0.9450,0.9511,0.9568,0.9617,0.9662,0.9701,0.9736
0.9766,0.9793,0.9817,0.9838,0.9857,0.9873,0.9887,0.9899,0.9911,0.9920
0.9929,0.9936,0.9942,0.9948,0.9953,0.9958,0.9961,0.9965,0.9968,0.9971
0.9974,0.9976,0.9978,0.9980,0.9982,0.9983,0.9985,0.9987,0.9988,0.9989
0.9990,0.9991,0.9992,0.9993,0.9994,0.9994,0.9995,0.9996,0.9997,0.9997
0.9997,0.9998,0.9998,0.9998,0.9998,0.9998,0.9999,0.9999,0.9999,0.9999
0.9999,0.9999,0.9999,0.9999,0.9999,1.0000,1.0000,1.0000,1.0000,1.0000
hwc1u1fract=0.0000,0.0000,0.0000,0.0001,0.0001,0.0001,0.0001,0.0001
0.0001,0.0002,0.0002,0.0003,0.0003,0.0004,0.0004,0.0005,0.0007,0.0010
0.0017,0.0031,0.0061,0.0118,0.0208,0.0324,0.0473,0.0639,0.0826,0.1024
0.1232,0.1444,0.1667,0.1893,0.2119,0.2350,0.2577,0.2803,0.3035,0.3265
0.3490,0.3712,0.3936,0.4156,0.4374,0.4589,0.4803,0.5011,0.5221,0.5428
0.5633,0.5836,0.6038,0.6237,0.6436,0.6635,0.6829,0.7020,0.7208,0.7393
0.7579,0.7761,0.7935,0.8107,0.8272,0.8430,0.8582,0.8722,0.8854,0.8973
0.9082,0.9179,0.9264,0.9343,0.9415,0.9480,0.9537,0.9590,0.9637,0.9680
0.9718,0.9753,0.9784,0.9812,0.9834,0.9854,0.9871,0.9887,0.9899,0.9909
0.9919,0.9926,0.9933,0.9939,0.9944,0.9949,0.9953,0.9957,0.9960,0.9964
0.9967,0.9970,0.9972,0.9975,0.9977,0.9979,0.9981,0.9983,0.9985,0.9986
0.9988,0.9989,0.9990,0.9991,0.9992,0.9993,0.9994,0.9995,0.9996,0.9996
0.9996,0.9997,0.9997,0.9998,0.9998,0.9998,0.9998,0.9999,0.9999,0.9999
0.9999,0.9999,0.9999,0.9999,0.9999,1.0000,1.0000,1.0000,1.0000,1.0000
hwc1v1fract=0.0000,0.0000,0.0001,0.0001,0.0001,0.0002,0.0002,0.0003
0.0004,0.0005,0.0006,0.0007,0.0008,0.0011,0.0016,0.0025,0.0042,0.0072
0.0122,0.0200,0.0309,0.0447,0.0607,0.0779,0.0957,0.1146,0.1342,0.1536
0.1732,0.1931,0.2138,0.2344,0.2548,0.2760,0.2968,0.3184,0.3396,0.3610
0.3824,0.4039,0.4248,0.4464,0.4676,0.4893,0.5106,0.5317,0.5531,0.5744
0.5953,0.6160,0.6369,0.6576,0.6779,0.6980,0.7183,0.7384,0.7574,0.7767
0.7954,0.8135,0.8305,0.8473,0.8632,0.8779,0.8914,0.9037,0.9143,0.9238
0.9324,0.9401,0.9467,0.9529,0.9583,0.9635,0.9679,0.9722,0.9759,0.9794
0.9824,0.9851,0.9873,0.9892,0.9907,0.9920,0.9931,0.9939,0.9946,0.9952
0.9957,0.9962,0.9965,0.9968,0.9971,0.9974,0.9977,0.9978,0.9980,0.9982
0.9984,0.9985,0.9986,0.9987,0.9989,0.9990,0.9991,0.9992,0.9992,0.9993
0.9994,0.9994,0.9995,0.9995,0.9996,0.9996,0.9996,0.9997,0.9997,0.9997
0.9998,0.9998,0.9998,0.9998,0.9998,0.9998,0.9999,0.9999,0.9999,0.9999
0.9999,0.9999,0.9999,1.0000,1.0000,1.0000,1.0000,1.0000,1.0000,1.0000
hwc1y2fract=0.0000,0.0000,0.0000,0.0000,0.0001,0.0001,0.0001,0.0001
0.0001,0.0002,0.0002,0.0002,0.0003,0.0003,0.0004,0.0006,0.0010,0.0017
0.0030,0.0054,0.0096,0.0162,0.0254,0.0377,0.0526,0.0700,0.0891,0.1097
0.1313,0.1534,0.1765,0.2002,0.2232,0.2465,0.2700,0.2932,0.3160,0.3388
0.3614,0.3839,0.4061,0.4278,0.4497,0.4711,0.4924,0.5130,0.5337,0.5539
0.5744,0.5944,0.6143,0.6345,0.6541,0.6737,0.6934,0.7125,0.7314,0.7502
0.7681,0.7857,0.8029,0.8196,0.8352,0.8502,0.8645,0.8779,0.8903,0.9017
0.9119,0.9211,0.9296,0.9373,0.9440,0.9502,0.9555,0.9606,0.9649,0.9688
0.9722,0.9753,0.9782,0.9807,0.9829,0.9848,0.9865,0.9878,0.9891,0.9903
0.9912,0.9921,0.9928,0.9935,0.9941,0.9947,0.9951,0.9956,0.9960,0.9964
0.9967,0.9970,0.9972,0.9975,0.9977,0.9979,0.9981,0.9984,0.9985,0.9986
0.9988,0.9989,0.9991,0.9992,0.9992,0.9993,0.9993,0.9994,0.9995,0.9995
0.9996,0.9996,0.9997,0.9997,0.9997,0.9998,0.9998,0.9998,0.9998,0.9999
0.9999,0.9999,0.9999,0.9999,0.9999,0.9999,1.0000,1.0000,1.0000,1.0000
hwc1x2fract=0.0000,0.0001,0.0001,0.0002,0.0002,0.0003,0.0003,0.0004
0.0006,0.0007,0.0009,0.0011,0.0013,0.0016,0.0020,0.0026,0.0036,0.0051
0.0079,0.0126,0.0197,0.0291,0.0406,0.0540,0.0689,0.0851,0.1023,0.1209
0.1398,0.1595,0.1801,0.2009,0.2221,0.2439,0.2661,0.2885,0.3108,0.3333
0.3561,0.3785,0.4013,0.4241,0.4464,0.4684,0.4907,0.5123,0.5341,0.5557
0.5771,0.5980,0.6190,0.6398,0.6600,0.6804,0.7007,0.7204,0.7401,0.7595
0.7780,0.7961,0.8139,0.8306,0.8465,0.8614,0.8756,0.8886,0.9004,0.9112
0.9211,0.9300,0.9383,0.9459,0.9525,0.9587,0.9644,0.9694,0.9739,0.9778
0.9812,0.9841,0.9867,0.9887,0.9903,0.9917,0.9928,0.9937,0.9944,0.9950
0.9955,0.9960,0.9963,0.9967,0.9970,0.9972,0.9975,0.9977,0.9979,0.9980
0.9982,0.9983,0.9985,0.9986,0.9987,0.9989,0.9990,0.9991,0.9991,0.9992
0.9993,0.9993,0.9994,0.9994,0.9995,0.9995,0.9995,0.9996,0.9996,0.9996
0.9997,0.9997,0.9997,0.9997,0.9998,0.9998,0.9998,0.9998,0.9999,0.9999
0.9999,0.9999,0.9999,0.9999,0.9999,1.0000,1.0000,1.0000,1.0000,1.0000
hwc2x1fract=0.0001,0.0001,0.0002,0.0003,0.0004,0.0005,0.0005,0.0007
0.0008,0.0009,0.0012,0.0014,0.0016,0.0019,0.0022,0.0026,0.0032,0.0040
0.0054,0.0076,0.0112,0.0162,0.0233,0.0326,0.0441,0.0571,0.0718,0.0883
0.1061,0.1246,0.1439,0.1638,0.1842,0.2057,0.2269,0.2489,0.2712,0.2941
0.3166,0.3393,0.3622,0.3850,0.4079,0.4304,0.4526,0.4748,0.4963,0.5183
0.5400,0.5620,0.5834,0.6045,0.6260,0.6465,0.6671,0.6874,0.7077,0.7279
0.7474,0.7662,0.7848,0.8028,0.8205,0.8375,0.8534,0.8681,0.8820,0.8949
0.9068,0.9178,0.9273,0.9359,0.9437,0.9507,0.9571,0.9627,0.9678,0.9723
0.9763,0.9798,0.9829,0.9854,0.9876,0.9893,0.9909,0.9923,0.9932,0.9940
0.9947,0.9952,0.9958,0.9962,0.9966,0.9969,0.9972,0.9975,0.9977,0.9979
0.9981,0.9983,0.9984,0.9986,0.9987,0.9988,0.9989,0.9990,0.9991,0.9992
0.9993,0.9993,0.9994,0.9995,0.9995,0.9995,0.9996,0.9997,0.9997,0.9997
0.9998,0.9998,0.9998,0.9998,0.9999,0.9999,0.9999,0.9999,0.9999,0.9999
0.9999,0.9999,0.9999,1.0000,1.0000,1.0000,1.0000,1.0000,1.0000,1.0000
hwc2y1fract=0.0000,0.0000,0.0000,0.0000,0.0000,0.0001,0.0001,0.0001
0.0001,0.0001,0.0002,0.0002,0.0002,0.0003,0.0003,0.0004,0.0006,0.0011
0.0020,0.0041,0.0081,0.0152,0.0259,0.0398,0.0569,0.0760,0.0973,0.1206
0.1445,0.1694,0.1946,0.2196,0.2442,0.2683,0.2918,0.3155,0.3389,0.3621
0.3846,0.4068,0.4290,0.4506,0.4722,0.4932,0.5141,0.5351,0.5558,0.5765
0.5970,0.6171,0.6370,0.6567,0.6768,0.6965,0.7159,0.7349,0.7535,0.7723
0.7899,0.8080,0.8249,0.8416,0.8574,0.8725,0.8866,0.8994,0.9109,0.9215
0.9309,0.9391,0.9466,0.9531,0.9590,0.9639,0.9683,0.9722,0.9756,0.9785
0.9812,0.9834,0.9853,0.9871,0.9886,0.9899,0.9909,0.9919,0.9926,0.9934
0.9940,0.9946,0.9951,0.9956,0.9960,0.9963,0.9966,0.9968,0.9971,0.9973
0.9975,0.9977,0.9979,0.9980,0.9982,0.9983,0.9985,0.9986,0.9987,0.9988
0.9989,0.9990,0.9991,0.9992,0.9993,0.9994,0.9995,0.9995,0.9996,0.9996
0.9997,0.9997,0.9997,0.9998,0.9998,0.9998,0.9998,0.9998,0.9999,0.9999
0.9999,0.9999,0.9999,0.9999,0.9999,1.0000,1.0000,1.0000,1.0000,1.0000
hwc2u1fract=0.0000,0.0000,0.0000,0.0000,0.0000,0.0001,0.0001,0.0001
0.0001,0.0001,0.0002,0.0002,0.0003,0.0004,0.0005,0.0006,0.0009,0.0015
0.0028,0.0059,0.0120,0.0219,0.0359,0.0529,0.0724,0.0937,0.1164,0.1393
0.1633,0.1874,0.2114,0.2356,0.2592,0.2828,0.3059,0.3290,0.3517,0.3747
0.3972,0.4190,0.4408,0.4623,0.4836,0.5047,0.5255,0.5467,0.5674,0.5875
0.6076,0.6275,0.6477,0.6673,0.6866,0.7056,0.7246,0.7436,0.7617,0.7801
0.7978,0.8155,0.8324,0.8489,0.8642,0.8788,0.8924,0.9049,0.9161,0.9261
0.9347,0.9422,0.9490,0.9551,0.9604,0.9650,0.9691,0.9728,0.9760,0.9789
0.9814,0.9836,0.9856,0.9873,0.9888,0.9901,0.9912,0.9922,0.9930,0.9937
0.9942,0.9948,0.9952,0.9955,0.9959,0.9961,0.9965,0.9967,0.9969,0.9972
0.9974,0.9976,0.9978,0.9980,0.9982,0.9984,0.9985,0.9987,0.9988,0.9990
0.9990,0.9991,0.9992,0.9993,0.9994,0.9995,0.9996,0.9996,0.9996,0.9997
0.9997,0.9997,0.9998,0.9998,0.9998,0.9998,0.9998,0.9999,0.9999,0.9999
0.9999,0.9999,0.9999,1.0000,1.0000,1.0000,1.0000,1.0000,1.0000,1.0000
hwc2v1fract=0.0000,0.0000,0.0001,0.0001,0.0001,0.0001,0.0002,0.0002
0.0003,0.0003,0.0004,0.0005,0.0007,0.0008,0.0010,0.0014,0.0021,0.0033
0.0058,0.0108,0.0192,0.0312,0.0472,0.0657,0.0865,0.1088,0.1323,0.1559
0.1797,0.2035,0.2276,0.2516,0.2753,0.2985,0.3218,0.3447,0.3670,0.3895
0.4115,0.4332,0.4544,0.4757,0.4968,0.5174,0.5379,0.5581,0.5788,0.5987
0.6186,0.6386,0.6585,0.6781,0.6974,0.7165,0.7354,0.7539,0.7724,0.7902
0.8076,0.8250,0.8416,0.8576,0.8724,0.8865,0.8993,0.9111,0.9214,0.9307
0.9389,0.9460,0.9524,0.9579,0.9627,0.9669,0.9708,0.9742,0.9773,0.9801
0.9824,0.9845,0.9863,0.9878,0.9892,0.9905,0.9915,0.9924,0.9931,0.9938
0.9943,0.9948,0.9952,0.9955,0.9958,0.9962,0.9964,0.9967,0.9969,0.9972
0.9974,0.9977,0.9979,0.9981,0.9982,0.9984,0.9986,0.9988,0.9989,0.9990
0.9991,0.9992,0.9993,0.9994,0.9995,0.9995,0.9996,0.9996,0.9997,0.9997
0.9997,0.9998,0.9998,0.9998,0.9998,0.9999,0.9999,0.9999,0.9999,0.9999
0.9999,0.9999,0.9999,1.0000,1.0000,1.0000,1.0000,1.0000,1.0000,1.0000
hwc2y2fract=0.0000,0.0000,0.0001,0.0001,0.0001,0.0001,0.0001,0.0002
0.0002,0.0002,0.0003,0.0003,0.0003,0.0004,0.0006,0.0008,0.0012,0.0021
0.0037,0.0068,0.0121,0.0204,0.0322,0.0471,0.0645,0.0845,0.1059,0.1296
0.1535,0.1780,0.2030,0.2278,0.2520,0.2763,0.3004,0.3237,0.3469,0.3699
0.3921,0.4148,0.4367,0.4583,0.4800,0.5009,0.5222,0.5425,0.5634,0.5839
0.6035,0.6234,0.6431,0.6628,0.6825,0.7023,0.7218,0.7407,0.7589,0.7772
0.7953,0.8128,0.8293,0.8458,0.8612,0.8756,0.8890,0.9018,0.9132,0.9233
0.9323,0.9403,0.9473,0.9538,0.9592,0.9640,0.9682,0.9721,0.9754,0.9786
0.9811,0.9835,0.9854,0.9871,0.9885,0.9898,0.9909,0.9918,0.9926,0.9933
0.9939,0.9945,0.9950,0.9955,0.9959,0.9962,0.9965,0.9967,0.9970,0.9972
0.9974,0.9976,0.9978,0.9979,0.9981,0.9982,0.9984,0.9985,0.9987,0.9988
0.9989,0.9990,0.9991,0.9992,0.9993,0.9994,0.9995,0.9995,0.9996,0.9996
0.9997,0.9997,0.9998,0.9998,0.9998,0.9998,0.9998,0.9998,0.9999,0.9999
0.9999,0.9999,0.9999,0.9999,1.0000,1.0000,1.0000,1.0000,1.0000,1.0000
hwc2x2fract=0.0000,0.0001,0.0001,0.0002,0.0002,0.0003,0.0003,0.0004
0.0005,0.0006,0.0007,0.0008,0.0010,0.0012,0.0014,0.0018,0.0022,0.0027
0.0037,0.0052,0.0080,0.0126,0.0198,0.0296,0.0419,0.0559,0.0719,0.0891
0.1075,0.1271,0.1472,0.1681,0.1893,0.2114,0.2336,0.2562,0.2792,0.3018
0.3249,0.3475,0.3704,0.3930,0.4158,0.4381,0.4602,0.4824,0.5044,0.5264
0.5478,0.5692,0.5904,0.6114,0.6322,0.6526,0.6726,0.6928,0.7127,0.7321
0.7516,0.7705,0.7893,0.8074,0.8248,0.8413,0.8568,0.8716,0.8850,0.8976
0.9094,0.9196,0.9291,0.9377,0.9453,0.9521,0.9582,0.9637,0.9688,0.9730
0.9768,0.9802,0.9832,0.9855,0.9877,0.9895,0.9910,0.9923,0.9933,0.9941
0.9948,0.9953,0.9958,0.9963,0.9967,0.9970,0.9973,0.9976,0.9978,0.9980
0.9982,0.9983,0.9985,0.9986,0.9987,0.9988,0.9989,0.9990,0.9991,0.9992
0.9993,0.9994,0.9994,0.9995,0.9995,0.9995,0.9996,0.9996,0.9997,0.9997
0.9997,0.9997,0.9997,0.9998,0.9998,0.9998,0.9998,0.9999,0.9999,0.9999
0.9999,0.9999,0.9999,0.9999,0.9999,0.9999,1.0000,1.0000,1.0000,1.0000
