; Lookup table
;number of bins in Meek's time to distance lookup table
hdriftbins=138
;number of 1st bin in Meek's table in ns
hdrift1stbin=-24
;bin size in ns of Meek's table
hdriftbinsz=2
hwc1x1fract=0.0001,0.0001,0.0002,0.0002,0.0003,0.0004,0.0005,0.0005
0.0006,0.0007,0.0009,0.0010,0.0012,0.0014,0.0017,0.0022,0.0029,0.0042
0.0059,0.0085,0.0118,0.0162,0.0226,0.0311,0.0414,0.0535,0.0668,0.0817
0.0975,0.1142,0.1315,0.1496,0.1689,0.1891,0.2089,0.2298,0.2512,0.2730
0.2947,0.3167,0.3388,0.3606,0.3834,0.4056,0.4284,0.4517,0.4739,0.4959
0.5176,0.5392,0.5611,0.5832,0.6048,0.6264,0.6476,0.6684,0.6886,0.7085
0.7285,0.7479,0.7670,0.7856,0.8033,0.8204,0.8368,0.8526,0.8672,0.8807
0.8932,0.9047,0.9154,0.9249,0.9337,0.9415,0.9490,0.9558,0.9618,0.9673
0.9721,0.9763,0.9798,0.9829,0.9856,0.9878,0.9898,0.9913,0.9926,0.9937
0.9946,0.9953,0.9959,0.9963,0.9968,0.9972,0.9975,0.9977,0.9979,0.9981
0.9983,0.9984,0.9986,0.9988,0.9988,0.9990,0.9990,0.9991,0.9992,0.9993
0.9994,0.9994,0.9995,0.9995,0.9996,0.9996,0.9997,0.9997,0.9997,0.9997
0.9998,0.9998,0.9998,0.9999,0.9999,0.9999,0.9999,0.9999,0.9999,0.9999
1.0000,1.0000,1.0000,1.0000,1.0000,1.0000,1.0000,1.0000,1.0000,1.0000
hwc1y1fract=0.0000,0.0001,0.0001,0.0001,0.0002,0.0003,0.0003,0.0004
0.0005,0.0006,0.0007,0.0009,0.0010,0.0012,0.0015,0.0019,0.0025,0.0034
0.0047,0.0069,0.0109,0.0173,0.0269,0.0396,0.0547,0.0719,0.0911,0.1118
0.1338,0.1564,0.1791,0.2020,0.2252,0.2487,0.2720,0.2953,0.3178,0.3398
0.3624,0.3847,0.4069,0.4288,0.4508,0.4720,0.4932,0.5145,0.5355,0.5563
0.5763,0.5968,0.6174,0.6378,0.6578,0.6779,0.6974,0.7166,0.7354,0.7543
0.7723,0.7902,0.8077,0.8249,0.8411,0.8564,0.8710,0.8844,0.8969,0.9081
0.9187,0.9278,0.9362,0.9435,0.9499,0.9558,0.9610,0.9654,0.9693,0.9726
0.9759,0.9790,0.9814,0.9836,0.9856,0.9873,0.9887,0.9899,0.9910,0.9919
0.9928,0.9936,0.9944,0.9950,0.9954,0.9959,0.9963,0.9967,0.9970,0.9973
0.9976,0.9979,0.9981,0.9983,0.9984,0.9986,0.9987,0.9989,0.9990,0.9991
0.9992,0.9993,0.9994,0.9995,0.9995,0.9996,0.9996,0.9997,0.9997,0.9998
0.9998,0.9998,0.9998,0.9999,0.9999,0.9999,0.9999,0.9999,0.9999,1.0000
1.0000,1.0000,1.0000,1.0000,1.0000,1.0000,1.0000,1.0000,1.0000,1.0000
hwc1u1fract=0.0000,0.0000,0.0000,0.0000,0.0000,0.0000,0.0001,0.0001
0.0001,0.0001,0.0001,0.0001,0.0002,0.0003,0.0004,0.0007,0.0013,0.0025
0.0043,0.0066,0.0102,0.0158,0.0242,0.0347,0.0479,0.0631,0.0807,0.0990
0.1186,0.1391,0.1605,0.1816,0.2033,0.2251,0.2474,0.2697,0.2919,0.3143
0.3367,0.3592,0.3816,0.4038,0.4254,0.4470,0.4682,0.4893,0.5106,0.5316
0.5528,0.5734,0.5939,0.6145,0.6349,0.6545,0.6744,0.6938,0.7135,0.7328
0.7517,0.7701,0.7883,0.8059,0.8227,0.8386,0.8540,0.8685,0.8821,0.8944
0.9052,0.9152,0.9240,0.9320,0.9394,0.9460,0.9516,0.9573,0.9624,0.9669
0.9707,0.9744,0.9776,0.9803,0.9827,0.9849,0.9867,0.9883,0.9897,0.9908
0.9920,0.9927,0.9934,0.9941,0.9946,0.9952,0.9956,0.9961,0.9964,0.9967
0.9970,0.9973,0.9975,0.9977,0.9979,0.9981,0.9983,0.9985,0.9986,0.9988
0.9989,0.9990,0.9991,0.9992,0.9993,0.9994,0.9994,0.9995,0.9995,0.9996
0.9996,0.9997,0.9997,0.9998,0.9998,0.9998,0.9999,0.9999,0.9999,0.9999
0.9999,0.9999,0.9999,0.9999,1.0000,1.0000,1.0000,1.0000,1.0000,1.0000
hwc1v1fract=0.0000,0.0000,0.0000,0.0000,0.0000,0.0001,0.0001,0.0001
0.0002,0.0002,0.0002,0.0003,0.0003,0.0004,0.0005,0.0007,0.0011,0.0018
0.0031,0.0059,0.0105,0.0182,0.0289,0.0423,0.0582,0.0761,0.0952,0.1155
0.1370,0.1581,0.1798,0.2017,0.2240,0.2464,0.2688,0.2911,0.3134,0.3348
0.3564,0.3783,0.4003,0.4217,0.4432,0.4644,0.4854,0.5065,0.5270,0.5477
0.5682,0.5886,0.6083,0.6284,0.6485,0.6681,0.6876,0.7071,0.7264,0.7459
0.7648,0.7830,0.8013,0.8193,0.8360,0.8519,0.8669,0.8810,0.8941,0.9055
0.9157,0.9250,0.9333,0.9406,0.9473,0.9530,0.9583,0.9631,0.9674,0.9713
0.9748,0.9780,0.9808,0.9831,0.9851,0.9869,0.9884,0.9897,0.9909,0.9920
0.9928,0.9936,0.9941,0.9947,0.9952,0.9956,0.9960,0.9964,0.9967,0.9970
0.9973,0.9975,0.9978,0.9980,0.9982,0.9984,0.9986,0.9987,0.9989,0.9990
0.9991,0.9992,0.9993,0.9994,0.9995,0.9995,0.9996,0.9996,0.9997,0.9997
0.9998,0.9998,0.9998,0.9999,0.9999,0.9999,0.9999,0.9999,0.9999,0.9999
0.9999,1.0000,1.0000,1.0000,1.0000,1.0000,1.0000,1.0000,1.0000,1.0000
hwc1y2fract=0.0000,0.0000,0.0000,0.0001,0.0001,0.0001,0.0001,0.0001
0.0002,0.0002,0.0003,0.0003,0.0004,0.0005,0.0007,0.0010,0.0015,0.0024
0.0041,0.0072,0.0122,0.0198,0.0305,0.0437,0.0594,0.0773,0.0964,0.1174
0.1390,0.1610,0.1839,0.2065,0.2299,0.2525,0.2753,0.2983,0.3207,0.3436
0.3658,0.3884,0.4105,0.4318,0.4529,0.4738,0.4953,0.5166,0.5368,0.5575
0.5778,0.5986,0.6188,0.6392,0.6595,0.6788,0.6983,0.7180,0.7372,0.7557
0.7742,0.7917,0.8088,0.8251,0.8411,0.8555,0.8695,0.8825,0.8949,0.9062
0.9162,0.9251,0.9331,0.9401,0.9465,0.9524,0.9576,0.9621,0.9663,0.9703
0.9735,0.9765,0.9792,0.9814,0.9833,0.9850,0.9867,0.9881,0.9893,0.9904
0.9913,0.9922,0.9930,0.9937,0.9942,0.9948,0.9953,0.9957,0.9962,0.9965
0.9968,0.9971,0.9974,0.9976,0.9978,0.9980,0.9982,0.9984,0.9986,0.9988
0.9989,0.9990,0.9991,0.9993,0.9993,0.9994,0.9995,0.9996,0.9996,0.9997
0.9998,0.9998,0.9998,0.9999,0.9999,0.9999,0.9999,0.9999,0.9999,0.9999
1.0000,1.0000,1.0000,1.0000,1.0000,1.0000,1.0000,1.0000,1.0000,1.0000
hwc1x2fract=0.0000,0.0000,0.0001,0.0001,0.0001,0.0002,0.0002,0.0002
0.0003,0.0004,0.0004,0.0005,0.0006,0.0007,0.0009,0.0012,0.0018,0.0029
0.0045,0.0074,0.0121,0.0187,0.0279,0.0388,0.0514,0.0655,0.0806,0.0972
0.1147,0.1329,0.1520,0.1717,0.1920,0.2128,0.2339,0.2555,0.2770,0.2990
0.3210,0.3428,0.3650,0.3877,0.4101,0.4325,0.4545,0.4764,0.4984,0.5204
0.5423,0.5642,0.5861,0.6073,0.6284,0.6488,0.6692,0.6899,0.7103,0.7306
0.7498,0.7688,0.7867,0.8047,0.8219,0.8386,0.8540,0.8683,0.8820,0.8948
0.9061,0.9165,0.9260,0.9346,0.9427,0.9500,0.9565,0.9623,0.9674,0.9720
0.9760,0.9797,0.9826,0.9854,0.9876,0.9896,0.9911,0.9924,0.9933,0.9941
0.9948,0.9954,0.9959,0.9964,0.9968,0.9970,0.9973,0.9976,0.9979,0.9981
0.9982,0.9984,0.9985,0.9986,0.9988,0.9989,0.9990,0.9991,0.9992,0.9993
0.9993,0.9994,0.9994,0.9995,0.9995,0.9996,0.9996,0.9997,0.9997,0.9998
0.9998,0.9998,0.9998,0.9999,0.9999,0.9999,0.9999,0.9999,0.9999,0.9999
0.9999,1.0000,1.0000,1.0000,1.0000,1.0000,1.0000,1.0000,1.0000,1.0000
hwc2x1fract=0.0000,0.0001,0.0001,0.0002,0.0002,0.0003,0.0004,0.0005
0.0006,0.0007,0.0008,0.0009,0.0011,0.0013,0.0016,0.0018,0.0022,0.0030
0.0043,0.0068,0.0104,0.0158,0.0231,0.0319,0.0433,0.0559,0.0704,0.0853
0.1016,0.1191,0.1376,0.1567,0.1767,0.1969,0.2178,0.2392,0.2602,0.2822
0.3048,0.3273,0.3500,0.3727,0.3955,0.4178,0.4402,0.4627,0.4849,0.5069
0.5292,0.5512,0.5728,0.5946,0.6164,0.6377,0.6586,0.6796,0.6992,0.7194
0.7394,0.7588,0.7781,0.7968,0.8148,0.8320,0.8485,0.8638,0.8780,0.8911
0.9032,0.9139,0.9241,0.9329,0.9413,0.9486,0.9552,0.9609,0.9661,0.9707
0.9750,0.9786,0.9818,0.9846,0.9869,0.9888,0.9905,0.9918,0.9929,0.9938
0.9946,0.9953,0.9959,0.9963,0.9967,0.9970,0.9973,0.9977,0.9979,0.9981
0.9983,0.9985,0.9986,0.9987,0.9989,0.9990,0.9991,0.9993,0.9993,0.9994
0.9994,0.9995,0.9995,0.9996,0.9996,0.9997,0.9997,0.9997,0.9998,0.9998
0.9998,0.9998,0.9999,0.9999,0.9999,0.9999,0.9999,0.9999,0.9999,0.9999
1.0000,1.0000,1.0000,1.0000,1.0000,1.0000,1.0000,1.0000,1.0000,1.0000
hwc2y1fract=0.0000,0.0000,0.0000,0.0000,0.0001,0.0001,0.0001,0.0001
0.0001,0.0002,0.0002,0.0003,0.0003,0.0004,0.0005,0.0007,0.0010,0.0016
0.0027,0.0046,0.0081,0.0141,0.0235,0.0361,0.0523,0.0707,0.0912,0.1129
0.1355,0.1589,0.1825,0.2063,0.2301,0.2539,0.2770,0.3005,0.3234,0.3466
0.3691,0.3912,0.4136,0.4358,0.4578,0.4791,0.5003,0.5209,0.5415,0.5626
0.5828,0.6029,0.6231,0.6436,0.6634,0.6833,0.7033,0.7234,0.7423,0.7610
0.7796,0.7970,0.8148,0.8322,0.8482,0.8639,0.8783,0.8918,0.9040,0.9153
0.9251,0.9339,0.9417,0.9485,0.9544,0.9596,0.9644,0.9687,0.9724,0.9758
0.9786,0.9811,0.9833,0.9852,0.9868,0.9883,0.9895,0.9906,0.9915,0.9924
0.9931,0.9937,0.9944,0.9949,0.9954,0.9959,0.9963,0.9966,0.9969,0.9972
0.9974,0.9976,0.9978,0.9980,0.9982,0.9984,0.9985,0.9987,0.9988,0.9990
0.9991,0.9992,0.9993,0.9994,0.9994,0.9995,0.9996,0.9996,0.9997,0.9998
0.9998,0.9998,0.9999,0.9999,0.9999,0.9999,0.9999,0.9999,0.9999,1.0000
1.0000,1.0000,1.0000,1.0000,1.0000,1.0000,1.0000,1.0000,1.0000,1.0000
hwc2u1fract=0.0000,0.0000,0.0000,0.0000,0.0000,0.0001,0.0001,0.0001
0.0001,0.0001,0.0002,0.0002,0.0002,0.0003,0.0004,0.0005,0.0008,0.0014
0.0028,0.0057,0.0117,0.0213,0.0344,0.0506,0.0699,0.0911,0.1134,0.1359
0.1592,0.1829,0.2063,0.2304,0.2538,0.2778,0.3010,0.3241,0.3467,0.3692
0.3907,0.4128,0.4343,0.4558,0.4773,0.4986,0.5191,0.5396,0.5604,0.5809
0.6010,0.6213,0.6410,0.6606,0.6797,0.6987,0.7181,0.7376,0.7564,0.7751
0.7931,0.8109,0.8282,0.8452,0.8611,0.8755,0.8889,0.9013,0.9129,0.9233
0.9318,0.9398,0.9467,0.9526,0.9579,0.9625,0.9666,0.9704,0.9737,0.9767
0.9791,0.9814,0.9835,0.9853,0.9868,0.9882,0.9893,0.9904,0.9915,0.9923
0.9930,0.9937,0.9942,0.9946,0.9950,0.9954,0.9958,0.9962,0.9965,0.9968
0.9970,0.9972,0.9975,0.9978,0.9980,0.9981,0.9984,0.9985,0.9987,0.9989
0.9990,0.9991,0.9992,0.9993,0.9994,0.9995,0.9995,0.9996,0.9997,0.9997
0.9997,0.9998,0.9998,0.9998,0.9999,0.9999,0.9999,0.9999,0.9999,0.9999
0.9999,0.9999,1.0000,1.0000,1.0000,1.0000,1.0000,1.0000,1.0000,1.0000
hwc2v1fract=0.0000,0.0000,0.0000,0.0000,0.0001,0.0001,0.0001,0.0001
0.0001,0.0002,0.0002,0.0003,0.0003,0.0004,0.0005,0.0007,0.0009,0.0013
0.0023,0.0044,0.0090,0.0167,0.0282,0.0431,0.0608,0.0808,0.1020,0.1241
0.1473,0.1706,0.1936,0.2166,0.2399,0.2636,0.2861,0.3089,0.3316,0.3536
0.3757,0.3970,0.4186,0.4401,0.4611,0.4817,0.5031,0.5241,0.5451,0.5654
0.5857,0.6058,0.6259,0.6458,0.6654,0.6854,0.7052,0.7239,0.7428,0.7615
0.7801,0.7978,0.8154,0.8327,0.8495,0.8648,0.8791,0.8925,0.9043,0.9151
0.9246,0.9328,0.9406,0.9472,0.9532,0.9585,0.9632,0.9675,0.9711,0.9744
0.9773,0.9799,0.9823,0.9843,0.9862,0.9876,0.9889,0.9902,0.9911,0.9919
0.9927,0.9934,0.9939,0.9945,0.9950,0.9953,0.9957,0.9961,0.9964,0.9968
0.9971,0.9974,0.9976,0.9979,0.9981,0.9983,0.9985,0.9987,0.9988,0.9990
0.9991,0.9992,0.9993,0.9994,0.9995,0.9996,0.9996,0.9997,0.9997,0.9998
0.9998,0.9999,0.9999,0.9999,0.9999,0.9999,0.9999,0.9999,0.9999,0.9999
0.9999,1.0000,1.0000,1.0000,1.0000,1.0000,1.0000,1.0000,1.0000,1.0000
hwc2y2fract=0.0000,0.0000,0.0000,0.0000,0.0001,0.0001,0.0001,0.0002
0.0002,0.0002,0.0003,0.0003,0.0004,0.0005,0.0007,0.0009,0.0012,0.0019
0.0032,0.0056,0.0097,0.0166,0.0265,0.0397,0.0561,0.0749,0.0952,0.1170
0.1398,0.1633,0.1873,0.2112,0.2350,0.2587,0.2820,0.3054,0.3288,0.3512
0.3741,0.3968,0.4186,0.4407,0.4620,0.4837,0.5045,0.5259,0.5470,0.5675
0.5880,0.6085,0.6288,0.6488,0.6684,0.6884,0.7080,0.7275,0.7467,0.7652
0.7839,0.8016,0.8189,0.8357,0.8518,0.8667,0.8809,0.8941,0.9064,0.9173
0.9271,0.9356,0.9432,0.9498,0.9557,0.9607,0.9653,0.9695,0.9731,0.9761
0.9789,0.9813,0.9835,0.9853,0.9869,0.9885,0.9897,0.9909,0.9918,0.9927
0.9933,0.9940,0.9945,0.9950,0.9955,0.9959,0.9963,0.9966,0.9969,0.9971
0.9974,0.9976,0.9978,0.9980,0.9982,0.9983,0.9985,0.9986,0.9988,0.9989
0.9990,0.9992,0.9993,0.9994,0.9995,0.9995,0.9996,0.9997,0.9997,0.9997
0.9998,0.9998,0.9998,0.9999,0.9999,0.9999,0.9999,0.9999,0.9999,1.0000
1.0000,1.0000,1.0000,1.0000,1.0000,1.0000,1.0000,1.0000,1.0000,1.0000
hwc2x2fract=0.0000,0.0000,0.0000,0.0001,0.0001,0.0002,0.0002,0.0003
0.0003,0.0004,0.0005,0.0006,0.0007,0.0009,0.0011,0.0014,0.0018,0.0026
0.0042,0.0064,0.0097,0.0146,0.0216,0.0307,0.0420,0.0554,0.0700,0.0869
0.1043,0.1229,0.1421,0.1621,0.1819,0.2029,0.2243,0.2463,0.2687,0.2910
0.3134,0.3362,0.3584,0.3815,0.4044,0.4274,0.4492,0.4717,0.4941,0.5153
0.5370,0.5585,0.5799,0.6012,0.6224,0.6435,0.6642,0.6852,0.7057,0.7257
0.7452,0.7646,0.7833,0.8018,0.8196,0.8362,0.8523,0.8673,0.8811,0.8936
0.9050,0.9163,0.9257,0.9346,0.9423,0.9492,0.9556,0.9611,0.9663,0.9708
0.9748,0.9784,0.9817,0.9844,0.9868,0.9888,0.9904,0.9916,0.9927,0.9936
0.9944,0.9951,0.9957,0.9961,0.9965,0.9968,0.9972,0.9975,0.9977,0.9979
0.9981,0.9983,0.9984,0.9986,0.9987,0.9988,0.9989,0.9991,0.9992,0.9992
0.9993,0.9994,0.9995,0.9995,0.9996,0.9996,0.9997,0.9997,0.9998,0.9998
0.9998,0.9998,0.9999,0.9999,0.9999,0.9999,0.9999,0.9999,0.9999,1.0000
1.0000,1.0000,1.0000,1.0000,1.0000,1.0000,1.0000,1.0000,1.0000,1.0000
