; Lookup table
;number of bins in Meek's time to distance lookup table
hdriftbins=138
;number of 1st bin in Meek's table in ns
hdrift1stbin=-24
;bin size in ns of Meek's table
hdriftbinsz=2
hwc1x1fract=0.0001,0.0001,0.0002,0.0003,0.0003,0.0004,0.0005,0.0006
0.0008,0.0008,0.0010,0.0011,0.0012,0.0013,0.0015,0.0018,0.0022,0.0028
0.0037,0.0050,0.0068,0.0096,0.0143,0.0212,0.0302,0.0413,0.0537,0.0675
0.0831,0.0990,0.1160,0.1338,0.1525,0.1718,0.1916,0.2120,0.2334,0.2546
0.2767,0.2995,0.3225,0.3450,0.3674,0.3899,0.4123,0.4348,0.4578,0.4803
0.5016,0.5243,0.5457,0.5674,0.5895,0.6104,0.6308,0.6516,0.6724,0.6930
0.7131,0.7331,0.7525,0.7710,0.7886,0.8068,0.8241,0.8399,0.8553,0.8697
0.8826,0.8949,0.9062,0.9165,0.9262,0.9354,0.9431,0.9506,0.9573,0.9633
0.9683,0.9731,0.9773,0.9809,0.9840,0.9867,0.9888,0.9907,0.9921,0.9933
0.9944,0.9952,0.9958,0.9963,0.9967,0.9971,0.9974,0.9977,0.9980,0.9982
0.9984,0.9985,0.9986,0.9987,0.9989,0.9990,0.9991,0.9993,0.9994,0.9994
0.9995,0.9995,0.9996,0.9997,0.9998,0.9998,0.9998,0.9998,0.9999,0.9999
0.9999,0.9999,0.9999,0.9999,0.9999,0.9999,1.0000,1.0000,1.0000,1.0000
1.0000,1.0000,1.0000,1.0000,1.0000,1.0000,1.0000,1.0000,1.0000,1.0000
hwc1y1fract=0.0000,0.0001,0.0001,0.0001,0.0002,0.0002,0.0003,0.0004
0.0005,0.0006,0.0007,0.0008,0.0010,0.0012,0.0015,0.0019,0.0026,0.0036
0.0053,0.0084,0.0133,0.0211,0.0316,0.0457,0.0615,0.0794,0.0988,0.1200
0.1424,0.1646,0.1876,0.2110,0.2341,0.2570,0.2804,0.3035,0.3264,0.3491
0.3714,0.3934,0.4157,0.4364,0.4575,0.4788,0.5004,0.5205,0.5418,0.5626
0.5840,0.6045,0.6248,0.6443,0.6642,0.6838,0.7026,0.7217,0.7400,0.7591
0.7767,0.7945,0.8120,0.8278,0.8434,0.8582,0.8719,0.8850,0.8975,0.9084
0.9189,0.9280,0.9357,0.9429,0.9492,0.9550,0.9601,0.9645,0.9688,0.9723
0.9754,0.9783,0.9811,0.9834,0.9852,0.9869,0.9884,0.9897,0.9909,0.9920
0.9928,0.9936,0.9943,0.9950,0.9955,0.9960,0.9964,0.9968,0.9972,0.9975
0.9978,0.9981,0.9983,0.9985,0.9986,0.9988,0.9989,0.9990,0.9992,0.9993
0.9994,0.9995,0.9995,0.9996,0.9997,0.9997,0.9998,0.9998,0.9998,0.9999
0.9999,0.9999,0.9999,0.9999,0.9999,0.9999,0.9999,0.9999,0.9999,0.9999
0.9999,1.0000,1.0000,1.0000,1.0000,1.0000,1.0000,1.0000,1.0000,1.0000
hwc1u1fract=0.0000,0.0000,0.0000,0.0000,0.0000,0.0001,0.0001,0.0001
0.0001,0.0001,0.0001,0.0001,0.0001,0.0002,0.0002,0.0003,0.0005,0.0008
0.0013,0.0024,0.0044,0.0083,0.0150,0.0248,0.0371,0.0520,0.0687,0.0870
0.1065,0.1269,0.1479,0.1693,0.1912,0.2139,0.2361,0.2584,0.2808,0.3039
0.3270,0.3497,0.3717,0.3938,0.4156,0.4371,0.4582,0.4799,0.5012,0.5220
0.5427,0.5638,0.5839,0.6044,0.6248,0.6444,0.6646,0.6842,0.7037,0.7231
0.7419,0.7607,0.7784,0.7957,0.8124,0.8290,0.8446,0.8596,0.8732,0.8862
0.8978,0.9082,0.9177,0.9263,0.9341,0.9410,0.9472,0.9528,0.9582,0.9627
0.9670,0.9711,0.9747,0.9781,0.9808,0.9833,0.9856,0.9873,0.9888,0.9900
0.9913,0.9923,0.9930,0.9938,0.9944,0.9949,0.9955,0.9959,0.9963,0.9966
0.9969,0.9973,0.9976,0.9977,0.9980,0.9981,0.9983,0.9985,0.9987,0.9988
0.9990,0.9991,0.9992,0.9993,0.9994,0.9994,0.9995,0.9996,0.9996,0.9997
0.9998,0.9998,0.9998,0.9999,0.9999,0.9999,0.9999,0.9999,1.0000,1.0000
1.0000,1.0000,1.0000,1.0000,1.0000,1.0000,1.0000,1.0000,1.0000,1.0000
hwc1v1fract=0.0000,0.0000,0.0000,0.0000,0.0001,0.0001,0.0001,0.0001
0.0002,0.0002,0.0003,0.0003,0.0005,0.0006,0.0009,0.0013,0.0022,0.0040
0.0073,0.0131,0.0220,0.0330,0.0467,0.0627,0.0807,0.0997,0.1190,0.1392
0.1595,0.1802,0.2015,0.2234,0.2453,0.2666,0.2884,0.3107,0.3328,0.3550
0.3766,0.3982,0.4197,0.4405,0.4620,0.4836,0.5051,0.5262,0.5461,0.5667
0.5875,0.6077,0.6279,0.6485,0.6681,0.6883,0.7083,0.7275,0.7464,0.7655
0.7839,0.8023,0.8192,0.8357,0.8516,0.8666,0.8806,0.8933,0.9045,0.9147
0.9242,0.9321,0.9398,0.9466,0.9528,0.9580,0.9634,0.9676,0.9715,0.9751
0.9785,0.9813,0.9839,0.9861,0.9880,0.9894,0.9908,0.9920,0.9929,0.9937
0.9943,0.9948,0.9953,0.9957,0.9962,0.9966,0.9969,0.9972,0.9975,0.9977
0.9979,0.9981,0.9984,0.9986,0.9987,0.9989,0.9990,0.9991,0.9992,0.9993
0.9994,0.9995,0.9995,0.9996,0.9997,0.9997,0.9997,0.9997,0.9998,0.9998
0.9998,0.9998,0.9998,0.9999,0.9999,0.9999,0.9999,1.0000,1.0000,1.0000
1.0000,1.0000,1.0000,1.0000,1.0000,1.0000,1.0000,1.0000,1.0000,1.0000
hwc1y2fract=0.0000,0.0000,0.0000,0.0000,0.0001,0.0001,0.0001,0.0001
0.0001,0.0001,0.0002,0.0002,0.0002,0.0003,0.0004,0.0006,0.0009,0.0016
0.0029,0.0053,0.0092,0.0157,0.0246,0.0365,0.0511,0.0676,0.0865,0.1065
0.1275,0.1486,0.1706,0.1937,0.2174,0.2398,0.2622,0.2858,0.3083,0.3313
0.3536,0.3761,0.3985,0.4202,0.4421,0.4632,0.4848,0.5054,0.5267,0.5476
0.5687,0.5901,0.6104,0.6304,0.6505,0.6707,0.6897,0.7091,0.7279,0.7462
0.7647,0.7823,0.7999,0.8168,0.8325,0.8481,0.8619,0.8752,0.8880,0.8993
0.9098,0.9196,0.9281,0.9353,0.9422,0.9484,0.9539,0.9591,0.9635,0.9675
0.9714,0.9746,0.9773,0.9799,0.9823,0.9842,0.9859,0.9875,0.9889,0.9902
0.9913,0.9923,0.9931,0.9938,0.9944,0.9950,0.9956,0.9960,0.9963,0.9968
0.9971,0.9974,0.9976,0.9979,0.9981,0.9983,0.9985,0.9986,0.9988,0.9989
0.9991,0.9993,0.9994,0.9995,0.9995,0.9996,0.9996,0.9997,0.9997,0.9998
0.9998,0.9998,0.9998,0.9999,0.9999,0.9999,0.9999,0.9999,0.9999,1.0000
1.0000,1.0000,1.0000,1.0000,1.0000,1.0000,1.0000,1.0000,1.0000,1.0000
hwc1x2fract=0.0000,0.0000,0.0001,0.0001,0.0001,0.0002,0.0002,0.0002
0.0003,0.0004,0.0005,0.0006,0.0007,0.0009,0.0012,0.0015,0.0021,0.0029
0.0047,0.0075,0.0126,0.0193,0.0283,0.0389,0.0514,0.0655,0.0805,0.0973
0.1143,0.1324,0.1509,0.1705,0.1910,0.2121,0.2340,0.2561,0.2781,0.3003
0.3229,0.3453,0.3683,0.3914,0.4144,0.4367,0.4593,0.4813,0.5034,0.5251
0.5465,0.5682,0.5892,0.6103,0.6311,0.6522,0.6732,0.6934,0.7132,0.7324
0.7517,0.7713,0.7897,0.8072,0.8238,0.8400,0.8553,0.8699,0.8827,0.8951
0.9065,0.9168,0.9264,0.9349,0.9428,0.9501,0.9565,0.9624,0.9676,0.9723
0.9766,0.9803,0.9837,0.9861,0.9881,0.9899,0.9915,0.9928,0.9938,0.9947
0.9954,0.9959,0.9964,0.9968,0.9972,0.9975,0.9977,0.9980,0.9982,0.9983
0.9985,0.9987,0.9988,0.9990,0.9991,0.9992,0.9993,0.9993,0.9994,0.9995
0.9995,0.9996,0.9996,0.9997,0.9997,0.9998,0.9998,0.9998,0.9998,0.9998
0.9998,0.9999,0.9999,0.9999,0.9999,0.9999,0.9999,1.0000,1.0000,1.0000
1.0000,1.0000,1.0000,1.0000,1.0000,1.0000,1.0000,1.0000,1.0000,1.0000
hwc2x1fract=0.0001,0.0001,0.0001,0.0002,0.0002,0.0003,0.0004,0.0005
0.0005,0.0006,0.0007,0.0009,0.0011,0.0013,0.0015,0.0019,0.0022,0.0029
0.0040,0.0059,0.0091,0.0136,0.0201,0.0283,0.0384,0.0510,0.0646,0.0797
0.0965,0.1136,0.1320,0.1517,0.1711,0.1912,0.2118,0.2331,0.2555,0.2771
0.2998,0.3223,0.3447,0.3672,0.3900,0.4129,0.4361,0.4587,0.4804,0.5025
0.5246,0.5460,0.5670,0.5886,0.6104,0.6313,0.6523,0.6729,0.6942,0.7141
0.7344,0.7541,0.7732,0.7915,0.8100,0.8274,0.8440,0.8592,0.8730,0.8866
0.8992,0.9104,0.9209,0.9300,0.9385,0.9459,0.9532,0.9592,0.9646,0.9693
0.9734,0.9773,0.9807,0.9836,0.9865,0.9887,0.9904,0.9917,0.9930,0.9940
0.9948,0.9954,0.9961,0.9966,0.9969,0.9972,0.9975,0.9977,0.9980,0.9982
0.9984,0.9985,0.9987,0.9988,0.9989,0.9990,0.9991,0.9992,0.9993,0.9993
0.9994,0.9995,0.9995,0.9996,0.9996,0.9997,0.9997,0.9998,0.9998,0.9998
0.9998,0.9998,0.9999,0.9999,0.9999,0.9999,0.9999,1.0000,1.0000,1.0000
1.0000,1.0000,1.0000,1.0000,1.0000,1.0000,1.0000,1.0000,1.0000,1.0000
hwc2y1fract=0.0000,0.0000,0.0000,0.0000,0.0000,0.0001,0.0001,0.0001
0.0001,0.0001,0.0002,0.0002,0.0003,0.0004,0.0004,0.0005,0.0008,0.0015
0.0028,0.0052,0.0100,0.0178,0.0290,0.0434,0.0607,0.0803,0.1013,0.1240
0.1479,0.1712,0.1956,0.2193,0.2429,0.2667,0.2903,0.3139,0.3366,0.3598
0.3822,0.4042,0.4261,0.4477,0.4698,0.4910,0.5119,0.5327,0.5540,0.5744
0.5952,0.6153,0.6360,0.6562,0.6761,0.6964,0.7161,0.7349,0.7534,0.7719
0.7900,0.8080,0.8258,0.8415,0.8575,0.8723,0.8859,0.8984,0.9096,0.9200
0.9291,0.9375,0.9449,0.9515,0.9573,0.9624,0.9668,0.9709,0.9741,0.9772
0.9798,0.9821,0.9842,0.9860,0.9875,0.9890,0.9903,0.9914,0.9923,0.9931
0.9939,0.9946,0.9951,0.9956,0.9960,0.9965,0.9968,0.9971,0.9974,0.9977
0.9979,0.9981,0.9982,0.9984,0.9986,0.9987,0.9988,0.9990,0.9991,0.9992
0.9993,0.9994,0.9995,0.9995,0.9996,0.9997,0.9997,0.9997,0.9998,0.9998
0.9998,0.9999,0.9999,0.9999,0.9999,0.9999,0.9999,0.9999,0.9999,0.9999
0.9999,1.0000,1.0000,1.0000,1.0000,1.0000,1.0000,1.0000,1.0000,1.0000
hwc2u1fract=0.0000,0.0000,0.0000,0.0000,0.0000,0.0000,0.0000,0.0000
0.0001,0.0001,0.0001,0.0001,0.0002,0.0002,0.0003,0.0004,0.0008,0.0015
0.0029,0.0062,0.0125,0.0223,0.0359,0.0531,0.0723,0.0929,0.1153,0.1387
0.1616,0.1853,0.2090,0.2324,0.2561,0.2795,0.3025,0.3254,0.3481,0.3701
0.3921,0.4140,0.4353,0.4567,0.4783,0.5006,0.5212,0.5420,0.5625,0.5832
0.6034,0.6233,0.6421,0.6623,0.6818,0.7011,0.7203,0.7394,0.7581,0.7761
0.7945,0.8121,0.8288,0.8453,0.8606,0.8753,0.8889,0.9013,0.9124,0.9224
0.9308,0.9388,0.9459,0.9519,0.9570,0.9617,0.9658,0.9698,0.9733,0.9764
0.9791,0.9815,0.9839,0.9858,0.9875,0.9889,0.9901,0.9911,0.9920,0.9928
0.9935,0.9941,0.9947,0.9951,0.9955,0.9958,0.9961,0.9964,0.9968,0.9970
0.9972,0.9975,0.9977,0.9979,0.9981,0.9983,0.9985,0.9986,0.9988,0.9989
0.9990,0.9992,0.9993,0.9994,0.9995,0.9995,0.9996,0.9997,0.9998,0.9998
0.9998,0.9998,0.9999,0.9999,0.9999,0.9999,0.9999,0.9999,1.0000,1.0000
1.0000,1.0000,1.0000,1.0000,1.0000,1.0000,1.0000,1.0000,1.0000,1.0000
hwc2v1fract=0.0000,0.0000,0.0000,0.0000,0.0001,0.0001,0.0001,0.0001
0.0001,0.0002,0.0003,0.0003,0.0004,0.0005,0.0006,0.0009,0.0014,0.0025
0.0048,0.0094,0.0174,0.0291,0.0439,0.0617,0.0812,0.1023,0.1240,0.1469
0.1703,0.1941,0.2170,0.2405,0.2637,0.2866,0.3084,0.3311,0.3539,0.3762
0.3981,0.4207,0.4426,0.4639,0.4854,0.5065,0.5273,0.5480,0.5682,0.5884
0.6085,0.6284,0.6483,0.6678,0.6870,0.7062,0.7255,0.7441,0.7629,0.7812
0.7984,0.8156,0.8331,0.8492,0.8647,0.8795,0.8927,0.9047,0.9152,0.9249
0.9332,0.9409,0.9475,0.9535,0.9592,0.9636,0.9679,0.9716,0.9751,0.9781
0.9807,0.9829,0.9849,0.9868,0.9884,0.9897,0.9910,0.9920,0.9927,0.9935
0.9941,0.9946,0.9951,0.9955,0.9959,0.9963,0.9967,0.9971,0.9973,0.9976
0.9979,0.9981,0.9983,0.9985,0.9986,0.9987,0.9989,0.9991,0.9992,0.9993
0.9993,0.9994,0.9995,0.9996,0.9996,0.9997,0.9998,0.9998,0.9998,0.9998
0.9999,0.9999,0.9999,0.9999,1.0000,1.0000,1.0000,1.0000,1.0000,1.0000
1.0000,1.0000,1.0000,1.0000,1.0000,1.0000,1.0000,1.0000,1.0000,1.0000
hwc2y2fract=0.0000,0.0000,0.0000,0.0000,0.0000,0.0000,0.0000,0.0001
0.0001,0.0001,0.0001,0.0002,0.0002,0.0004,0.0004,0.0006,0.0008,0.0013
0.0022,0.0037,0.0068,0.0125,0.0211,0.0332,0.0479,0.0655,0.0862,0.1074
0.1304,0.1542,0.1785,0.2027,0.2270,0.2511,0.2754,0.2992,0.3227,0.3461
0.3695,0.3925,0.4146,0.4369,0.4580,0.4794,0.5003,0.5215,0.5423,0.5629
0.5840,0.6044,0.6244,0.6446,0.6643,0.6846,0.7035,0.7227,0.7421,0.7613
0.7795,0.7973,0.8143,0.8312,0.8475,0.8634,0.8780,0.8915,0.9040,0.9147
0.9245,0.9332,0.9412,0.9479,0.9541,0.9594,0.9641,0.9681,0.9720,0.9753
0.9780,0.9806,0.9828,0.9847,0.9865,0.9881,0.9895,0.9906,0.9917,0.9925
0.9934,0.9940,0.9946,0.9951,0.9956,0.9960,0.9963,0.9967,0.9969,0.9972
0.9975,0.9977,0.9980,0.9982,0.9984,0.9985,0.9986,0.9988,0.9989,0.9990
0.9991,0.9992,0.9992,0.9993,0.9994,0.9995,0.9995,0.9996,0.9996,0.9996
0.9997,0.9997,0.9997,0.9998,0.9998,0.9999,0.9999,0.9999,0.9999,0.9999
0.9999,0.9999,0.9999,1.0000,1.0000,1.0000,1.0000,1.0000,1.0000,1.0000
hwc2x2fract=0.0000,0.0000,0.0001,0.0001,0.0001,0.0002,0.0003,0.0003
0.0004,0.0005,0.0006,0.0007,0.0008,0.0010,0.0012,0.0016,0.0020,0.0028
0.0038,0.0058,0.0095,0.0151,0.0234,0.0338,0.0460,0.0604,0.0766,0.0934
0.1109,0.1307,0.1508,0.1711,0.1924,0.2138,0.2352,0.2579,0.2807,0.3039
0.3265,0.3496,0.3721,0.3950,0.4185,0.4407,0.4628,0.4848,0.5071,0.5286
0.5500,0.5709,0.5919,0.6132,0.6335,0.6536,0.6739,0.6937,0.7139,0.7339
0.7545,0.7739,0.7924,0.8102,0.8277,0.8437,0.8592,0.8737,0.8866,0.8987
0.9096,0.9200,0.9291,0.9376,0.9451,0.9520,0.9584,0.9638,0.9689,0.9730
0.9767,0.9800,0.9831,0.9856,0.9876,0.9894,0.9909,0.9921,0.9932,0.9942
0.9948,0.9955,0.9960,0.9964,0.9968,0.9972,0.9975,0.9978,0.9981,0.9983
0.9984,0.9985,0.9987,0.9989,0.9990,0.9991,0.9992,0.9993,0.9994,0.9994
0.9995,0.9995,0.9996,0.9997,0.9997,0.9998,0.9998,0.9998,0.9998,0.9999
0.9999,0.9999,0.9999,0.9999,0.9999,1.0000,1.0000,1.0000,1.0000,1.0000
1.0000,1.0000,1.0000,1.0000,1.0000,1.0000,1.0000,1.0000,1.0000,1.0000
