; Lookup table
;number of bins in Meek's time to distance lookup table
hdriftbins=138
;number of 1st bin in Meek's table in ns
hdrift1stbin=-24
;bin size in ns of Meek's table
hdriftbinsz=2
hwc1x1fract=0.0003,0.0006,0.0009,0.0012,0.0015,0.0017,0.0021,0.0024
0.0027,0.0031,0.0035,0.0040,0.0046,0.0054,0.0067,0.0085,0.0109,0.0142
0.0182,0.0237,0.0308,0.0394,0.0497,0.0616,0.0747,0.0890,0.1038,0.1201
0.1369,0.1545,0.1730,0.1919,0.2116,0.2315,0.2517,0.2727,0.2938,0.3154
0.3369,0.3587,0.3806,0.4026,0.4246,0.4469,0.4689,0.4907,0.5124,0.5341
0.5556,0.5771,0.5982,0.6192,0.6402,0.6606,0.6810,0.7010,0.7206,0.7400
0.7589,0.7773,0.7949,0.8118,0.8278,0.8434,0.8575,0.8707,0.8832,0.8943
0.9046,0.9144,0.9230,0.9311,0.9381,0.9445,0.9502,0.9555,0.9600,0.9641
0.9678,0.9709,0.9735,0.9757,0.9776,0.9792,0.9806,0.9818,0.9829,0.9837
0.9845,0.9851,0.9856,0.9862,0.9868,0.9873,0.9878,0.9882,0.9887,0.9892
0.9896,0.9900,0.9904,0.9908,0.9911,0.9915,0.9918,0.9922,0.9925,0.9928
0.9931,0.9934,0.9936,0.9939,0.9942,0.9945,0.9948,0.9950,0.9953,0.9956
0.9958,0.9961,0.9963,0.9965,0.9968,0.9970,0.9973,0.9975,0.9977,0.9979
0.9982,0.9984,0.9986,0.9988,0.9990,0.9992,0.9994,0.9996,0.9998,1.0000
hwc1y1fract=0.0003,0.0005,0.0008,0.0012,0.0015,0.0018,0.0021,0.0025
0.0028,0.0032,0.0037,0.0041,0.0046,0.0052,0.0060,0.0071,0.0085,0.0104
0.0134,0.0181,0.0251,0.0349,0.0474,0.0625,0.0793,0.0980,0.1179,0.1386
0.1599,0.1818,0.2037,0.2256,0.2479,0.2702,0.2920,0.3138,0.3358,0.3575
0.3792,0.4007,0.4218,0.4430,0.4640,0.4847,0.5052,0.5257,0.5460,0.5664
0.5867,0.6069,0.6270,0.6467,0.6664,0.6860,0.7053,0.7242,0.7426,0.7611
0.7788,0.7964,0.8129,0.8288,0.8439,0.8583,0.8717,0.8839,0.8951,0.9051
0.9143,0.9225,0.9296,0.9358,0.9417,0.9469,0.9515,0.9554,0.9591,0.9625
0.9655,0.9682,0.9707,0.9728,0.9746,0.9763,0.9777,0.9790,0.9801,0.9812
0.9821,0.9830,0.9838,0.9846,0.9853,0.9860,0.9866,0.9871,0.9876,0.9882
0.9887,0.9892,0.9897,0.9901,0.9906,0.9910,0.9914,0.9917,0.9921,0.9925
0.9928,0.9932,0.9935,0.9938,0.9941,0.9944,0.9947,0.9950,0.9953,0.9955
0.9958,0.9960,0.9963,0.9965,0.9967,0.9970,0.9972,0.9975,0.9977,0.9979
0.9982,0.9984,0.9986,0.9988,0.9990,0.9993,0.9995,0.9997,0.9998,1.0000
hwc1u1fract=0.0002,0.0004,0.0006,0.0008,0.0010,0.0012,0.0014,0.0017
0.0020,0.0022,0.0025,0.0027,0.0031,0.0034,0.0040,0.0051,0.0068,0.0092
0.0125,0.0167,0.0227,0.0308,0.0414,0.0544,0.0692,0.0856,0.1027,0.1211
0.1402,0.1601,0.1801,0.2011,0.2217,0.2427,0.2642,0.2860,0.3078,0.3296
0.3513,0.3728,0.3941,0.4158,0.4369,0.4579,0.4792,0.5002,0.5212,0.5421
0.5625,0.5827,0.6029,0.6230,0.6428,0.6631,0.6831,0.7027,0.7219,0.7405
0.7587,0.7768,0.7939,0.8104,0.8264,0.8414,0.8554,0.8686,0.8808,0.8920
0.9020,0.9108,0.9191,0.9264,0.9331,0.9393,0.9447,0.9497,0.9542,0.9581
0.9618,0.9651,0.9680,0.9705,0.9727,0.9747,0.9764,0.9780,0.9793,0.9805
0.9815,0.9825,0.9833,0.9840,0.9848,0.9855,0.9862,0.9868,0.9874,0.9879
0.9884,0.9889,0.9894,0.9899,0.9904,0.9908,0.9912,0.9916,0.9920,0.9924
0.9927,0.9931,0.9933,0.9937,0.9940,0.9943,0.9946,0.9948,0.9951,0.9954
0.9956,0.9959,0.9961,0.9964,0.9967,0.9969,0.9972,0.9974,0.9976,0.9979
0.9981,0.9984,0.9986,0.9988,0.9990,0.9993,0.9994,0.9996,0.9998,1.0000
hwc1v1fract=0.0002,0.0004,0.0007,0.0009,0.0011,0.0013,0.0015,0.0018
0.0020,0.0023,0.0026,0.0028,0.0031,0.0035,0.0038,0.0044,0.0051,0.0063
0.0087,0.0131,0.0196,0.0293,0.0416,0.0562,0.0727,0.0910,0.1102,0.1303
0.1507,0.1717,0.1932,0.2147,0.2365,0.2583,0.2798,0.3015,0.3235,0.3451
0.3664,0.3881,0.4092,0.4304,0.4515,0.4724,0.4932,0.5139,0.5344,0.5546
0.5749,0.5948,0.6147,0.6345,0.6541,0.6737,0.6929,0.7119,0.7307,0.7493
0.7678,0.7857,0.8029,0.8198,0.8356,0.8506,0.8647,0.8776,0.8894,0.8999
0.9094,0.9179,0.9254,0.9322,0.9383,0.9439,0.9488,0.9532,0.9573,0.9610
0.9643,0.9672,0.9698,0.9721,0.9741,0.9758,0.9774,0.9787,0.9799,0.9809
0.9819,0.9828,0.9836,0.9844,0.9850,0.9858,0.9864,0.9870,0.9876,0.9882
0.9887,0.9892,0.9897,0.9901,0.9906,0.9910,0.9914,0.9918,0.9922,0.9925
0.9929,0.9933,0.9936,0.9939,0.9941,0.9944,0.9947,0.9950,0.9953,0.9956
0.9958,0.9961,0.9964,0.9966,0.9968,0.9971,0.9973,0.9976,0.9978,0.9980
0.9983,0.9985,0.9987,0.9989,0.9991,0.9993,0.9995,0.9997,0.9998,1.0000
hwc1y2fract=0.0003,0.0005,0.0007,0.0010,0.0012,0.0015,0.0017,0.0020
0.0023,0.0026,0.0029,0.0033,0.0037,0.0042,0.0047,0.0054,0.0063,0.0078
0.0103,0.0140,0.0197,0.0279,0.0384,0.0517,0.0671,0.0842,0.1026,0.1224
0.1430,0.1644,0.1861,0.2081,0.2300,0.2524,0.2743,0.2964,0.3182,0.3398
0.3616,0.3833,0.4048,0.4260,0.4472,0.4680,0.4886,0.5091,0.5298,0.5499
0.5703,0.5904,0.6102,0.6302,0.6498,0.6695,0.6887,0.7076,0.7263,0.7449
0.7628,0.7806,0.7979,0.8144,0.8305,0.8450,0.8589,0.8717,0.8837,0.8947
0.9045,0.9133,0.9212,0.9282,0.9347,0.9405,0.9456,0.9503,0.9544,0.9581
0.9615,0.9645,0.9672,0.9696,0.9717,0.9736,0.9753,0.9767,0.9780,0.9792
0.9803,0.9813,0.9823,0.9832,0.9840,0.9847,0.9853,0.9860,0.9866,0.9872
0.9877,0.9882,0.9888,0.9892,0.9897,0.9903,0.9907,0.9912,0.9916,0.9920
0.9924,0.9928,0.9931,0.9935,0.9938,0.9941,0.9944,0.9947,0.9950,0.9953
0.9955,0.9958,0.9960,0.9963,0.9966,0.9968,0.9971,0.9974,0.9976,0.9979
0.9981,0.9983,0.9986,0.9988,0.9990,0.9992,0.9994,0.9996,0.9998,1.0000
hwc1x2fract=0.0002,0.0004,0.0007,0.0010,0.0012,0.0014,0.0017,0.0019
0.0023,0.0026,0.0029,0.0033,0.0036,0.0041,0.0047,0.0057,0.0070,0.0091
0.0124,0.0170,0.0234,0.0317,0.0418,0.0535,0.0666,0.0811,0.0964,0.1128
0.1302,0.1483,0.1670,0.1864,0.2060,0.2267,0.2479,0.2688,0.2904,0.3123
0.3338,0.3553,0.3773,0.3994,0.4215,0.4437,0.4654,0.4870,0.5084,0.5302
0.5519,0.5728,0.5940,0.6147,0.6355,0.6560,0.6765,0.6967,0.7163,0.7359
0.7548,0.7732,0.7913,0.8086,0.8251,0.8405,0.8552,0.8686,0.8812,0.8926
0.9031,0.9129,0.9214,0.9293,0.9366,0.9431,0.9489,0.9542,0.9589,0.9630
0.9666,0.9697,0.9725,0.9747,0.9767,0.9785,0.9799,0.9811,0.9821,0.9830
0.9838,0.9845,0.9852,0.9858,0.9864,0.9869,0.9875,0.9880,0.9884,0.9889
0.9893,0.9897,0.9901,0.9904,0.9908,0.9912,0.9915,0.9919,0.9922,0.9925
0.9928,0.9931,0.9935,0.9937,0.9940,0.9942,0.9945,0.9948,0.9951,0.9954
0.9956,0.9959,0.9961,0.9964,0.9966,0.9969,0.9971,0.9974,0.9976,0.9978
0.9981,0.9983,0.9985,0.9987,0.9990,0.9992,0.9994,0.9996,0.9998,1.0000
hwc2x1fract=0.0002,0.0005,0.0007,0.0010,0.0012,0.0015,0.0018,0.0022
0.0025,0.0028,0.0032,0.0036,0.0040,0.0045,0.0051,0.0059,0.0070,0.0088
0.0118,0.0161,0.0219,0.0295,0.0389,0.0499,0.0623,0.0762,0.0912,0.1069
0.1237,0.1410,0.1591,0.1779,0.1976,0.2175,0.2384,0.2590,0.2800,0.3011
0.3225,0.3440,0.3660,0.3880,0.4103,0.4325,0.4546,0.4765,0.4983,0.5201
0.5420,0.5638,0.5852,0.6069,0.6282,0.6490,0.6696,0.6901,0.7102,0.7302
0.7497,0.7685,0.7867,0.8041,0.8214,0.8374,0.8525,0.8664,0.8793,0.8910
0.9017,0.9116,0.9207,0.9289,0.9361,0.9427,0.9485,0.9538,0.9585,0.9628
0.9665,0.9697,0.9724,0.9748,0.9769,0.9786,0.9800,0.9812,0.9823,0.9834
0.9843,0.9850,0.9857,0.9863,0.9869,0.9874,0.9878,0.9883,0.9888,0.9892
0.9896,0.9900,0.9904,0.9908,0.9911,0.9915,0.9918,0.9922,0.9925,0.9928
0.9930,0.9933,0.9936,0.9939,0.9941,0.9944,0.9947,0.9950,0.9952,0.9955
0.9958,0.9961,0.9963,0.9965,0.9968,0.9970,0.9973,0.9975,0.9977,0.9980
0.9982,0.9984,0.9986,0.9988,0.9990,0.9992,0.9994,0.9996,0.9998,1.0000
hwc2y1fract=0.0002,0.0004,0.0007,0.0009,0.0011,0.0013,0.0015,0.0018
0.0021,0.0023,0.0027,0.0030,0.0034,0.0038,0.0043,0.0049,0.0059,0.0074
0.0098,0.0139,0.0206,0.0300,0.0425,0.0577,0.0752,0.0947,0.1154,0.1369
0.1591,0.1818,0.2047,0.2277,0.2507,0.2737,0.2965,0.3188,0.3411,0.3635
0.3851,0.4066,0.4280,0.4493,0.4706,0.4913,0.5122,0.5328,0.5529,0.5732
0.5934,0.6137,0.6341,0.6539,0.6736,0.6930,0.7122,0.7312,0.7498,0.7682
0.7858,0.8032,0.8202,0.8363,0.8515,0.8656,0.8790,0.8911,0.9022,0.9119
0.9208,0.9286,0.9355,0.9416,0.9470,0.9518,0.9561,0.9598,0.9631,0.9661
0.9687,0.9711,0.9732,0.9750,0.9766,0.9780,0.9792,0.9803,0.9813,0.9822
0.9831,0.9839,0.9845,0.9852,0.9857,0.9863,0.9869,0.9874,0.9878,0.9883
0.9888,0.9892,0.9896,0.9901,0.9905,0.9909,0.9912,0.9916,0.9920,0.9924
0.9927,0.9931,0.9934,0.9937,0.9940,0.9943,0.9946,0.9949,0.9952,0.9955
0.9958,0.9960,0.9963,0.9965,0.9967,0.9970,0.9972,0.9975,0.9977,0.9979
0.9981,0.9983,0.9985,0.9988,0.9990,0.9992,0.9994,0.9996,0.9998,1.0000
hwc2u1fract=0.0002,0.0004,0.0007,0.0009,0.0011,0.0013,0.0015,0.0017
0.0020,0.0022,0.0024,0.0027,0.0029,0.0032,0.0035,0.0038,0.0043,0.0050
0.0064,0.0092,0.0146,0.0234,0.0356,0.0508,0.0686,0.0879,0.1084,0.1295
0.1514,0.1737,0.1963,0.2186,0.2413,0.2641,0.2865,0.3090,0.3313,0.3533
0.3749,0.3964,0.4176,0.4389,0.4598,0.4810,0.5014,0.5219,0.5421,0.5623
0.5825,0.6026,0.6222,0.6419,0.6613,0.6807,0.6998,0.7189,0.7375,0.7561
0.7740,0.7918,0.8091,0.8258,0.8417,0.8566,0.8706,0.8833,0.8949,0.9054
0.9147,0.9230,0.9304,0.9368,0.9427,0.9479,0.9525,0.9565,0.9599,0.9631
0.9660,0.9686,0.9709,0.9730,0.9748,0.9764,0.9778,0.9790,0.9802,0.9812
0.9821,0.9829,0.9837,0.9844,0.9851,0.9858,0.9864,0.9870,0.9876,0.9881
0.9886,0.9891,0.9896,0.9901,0.9906,0.9910,0.9914,0.9918,0.9922,0.9925
0.9929,0.9932,0.9936,0.9939,0.9942,0.9945,0.9947,0.9950,0.9954,0.9956
0.9959,0.9961,0.9964,0.9967,0.9969,0.9972,0.9974,0.9977,0.9979,0.9981
0.9983,0.9985,0.9987,0.9988,0.9991,0.9993,0.9995,0.9997,0.9998,1.0000
hwc2v1fract=0.0002,0.0005,0.0007,0.0010,0.0012,0.0014,0.0017,0.0019
0.0021,0.0024,0.0026,0.0029,0.0032,0.0035,0.0039,0.0044,0.0050,0.0061
0.0081,0.0123,0.0195,0.0299,0.0433,0.0592,0.0778,0.0977,0.1187,0.1402
0.1624,0.1846,0.2066,0.2291,0.2513,0.2741,0.2961,0.3183,0.3405,0.3624
0.3838,0.4054,0.4266,0.4478,0.4689,0.4896,0.5103,0.5307,0.5510,0.5714
0.5911,0.6110,0.6307,0.6501,0.6691,0.6886,0.7075,0.7264,0.7453,0.7636
0.7815,0.7991,0.8162,0.8324,0.8480,0.8623,0.8756,0.8880,0.8988,0.9089
0.9175,0.9253,0.9321,0.9383,0.9438,0.9487,0.9531,0.9569,0.9604,0.9636
0.9664,0.9689,0.9710,0.9730,0.9748,0.9764,0.9778,0.9790,0.9801,0.9812
0.9820,0.9828,0.9836,0.9842,0.9849,0.9855,0.9862,0.9867,0.9873,0.9879
0.9884,0.9888,0.9893,0.9898,0.9903,0.9907,0.9911,0.9915,0.9919,0.9923
0.9927,0.9931,0.9934,0.9937,0.9940,0.9943,0.9946,0.9948,0.9951,0.9954
0.9957,0.9960,0.9962,0.9965,0.9968,0.9970,0.9973,0.9974,0.9977,0.9979
0.9982,0.9984,0.9986,0.9988,0.9990,0.9992,0.9994,0.9996,0.9998,1.0000
hwc2y2fract=0.0002,0.0004,0.0006,0.0009,0.0011,0.0014,0.0017,0.0019
0.0022,0.0025,0.0028,0.0031,0.0035,0.0040,0.0045,0.0053,0.0065,0.0083
0.0111,0.0158,0.0231,0.0334,0.0464,0.0620,0.0798,0.0992,0.1199,0.1417
0.1638,0.1864,0.2092,0.2320,0.2546,0.2776,0.3004,0.3228,0.3450,0.3671
0.3892,0.4110,0.4325,0.4539,0.4748,0.4955,0.5160,0.5364,0.5564,0.5765
0.5967,0.6170,0.6370,0.6570,0.6764,0.6960,0.7150,0.7338,0.7526,0.7712
0.7891,0.8064,0.8230,0.8391,0.8542,0.8685,0.8815,0.8933,0.9042,0.9141
0.9227,0.9302,0.9368,0.9426,0.9480,0.9526,0.9568,0.9603,0.9634,0.9664
0.9690,0.9713,0.9733,0.9750,0.9766,0.9779,0.9792,0.9803,0.9812,0.9822
0.9830,0.9838,0.9845,0.9851,0.9858,0.9864,0.9869,0.9874,0.9879,0.9884
0.9888,0.9893,0.9897,0.9902,0.9906,0.9910,0.9914,0.9918,0.9922,0.9926
0.9929,0.9933,0.9936,0.9939,0.9942,0.9945,0.9948,0.9950,0.9953,0.9956
0.9959,0.9962,0.9964,0.9966,0.9969,0.9971,0.9973,0.9976,0.9978,0.9980
0.9982,0.9984,0.9986,0.9988,0.9990,0.9992,0.9994,0.9996,0.9998,1.0000
hwc2x2fract=0.0002,0.0005,0.0007,0.0010,0.0012,0.0015,0.0018,0.0020
0.0023,0.0027,0.0030,0.0033,0.0037,0.0042,0.0048,0.0055,0.0066,0.0086
0.0116,0.0158,0.0216,0.0294,0.0390,0.0502,0.0631,0.0774,0.0926,0.1094
0.1269,0.1452,0.1644,0.1841,0.2040,0.2247,0.2458,0.2671,0.2889,0.3105
0.3320,0.3539,0.3759,0.3981,0.4200,0.4419,0.4639,0.4860,0.5076,0.5294
0.5512,0.5727,0.5940,0.6148,0.6358,0.6566,0.6771,0.6972,0.7170,0.7370
0.7564,0.7749,0.7928,0.8101,0.8268,0.8422,0.8566,0.8701,0.8827,0.8945
0.9050,0.9144,0.9232,0.9310,0.9381,0.9444,0.9500,0.9550,0.9596,0.9636
0.9672,0.9703,0.9730,0.9753,0.9774,0.9791,0.9804,0.9816,0.9826,0.9835
0.9844,0.9852,0.9858,0.9864,0.9870,0.9875,0.9880,0.9885,0.9889,0.9893
0.9897,0.9901,0.9905,0.9909,0.9912,0.9916,0.9919,0.9923,0.9926,0.9929
0.9932,0.9935,0.9938,0.9940,0.9943,0.9945,0.9948,0.9950,0.9953,0.9956
0.9958,0.9961,0.9963,0.9966,0.9968,0.9971,0.9973,0.9976,0.9978,0.9980
0.9982,0.9984,0.9987,0.9989,0.9991,0.9993,0.9995,0.9997,0.9998,1.0000
