; Lookup table
;number of bins in Meek's time to distance lookup table
hdriftbins=138
;number of 1st bin in Meek's table in ns
hdrift1stbin=-24
;bin size in ns of Meek's table
hdriftbinsz=2
hwc1x1fract=0.0000,0.0001,0.0001,0.0001,0.0002,0.0003,0.0003,0.0004
0.0005,0.0006,0.0008,0.0009,0.0012,0.0015,0.0022,0.0031,0.0046,0.0065
0.0091,0.0128,0.0179,0.0243,0.0320,0.0417,0.0525,0.0649,0.0783,0.0937
0.1101,0.1271,0.1456,0.1645,0.1838,0.2041,0.2249,0.2463,0.2687,0.2912
0.3138,0.3364,0.3591,0.3822,0.4052,0.4286,0.4514,0.4745,0.4972,0.5199
0.5426,0.5652,0.5868,0.6087,0.6303,0.6521,0.6734,0.6941,0.7143,0.7346
0.7543,0.7738,0.7924,0.8097,0.8261,0.8418,0.8564,0.8702,0.8834,0.8953
0.9066,0.9168,0.9260,0.9344,0.9420,0.9494,0.9560,0.9622,0.9671,0.9719
0.9760,0.9797,0.9828,0.9854,0.9874,0.9893,0.9907,0.9920,0.9929,0.9939
0.9945,0.9951,0.9957,0.9961,0.9965,0.9968,0.9971,0.9973,0.9975,0.9977
0.9979,0.9981,0.9983,0.9985,0.9987,0.9988,0.9989,0.9990,0.9991,0.9992
0.9992,0.9993,0.9993,0.9994,0.9995,0.9995,0.9995,0.9996,0.9996,0.9997
0.9997,0.9997,0.9998,0.9998,0.9998,0.9998,0.9999,0.9999,0.9999,0.9999
0.9999,0.9999,1.0000,1.0000,1.0000,1.0000,1.0000,1.0000,1.0000,1.0000
hwc1y1fract=0.0000,0.0001,0.0001,0.0001,0.0002,0.0003,0.0004,0.0005
0.0006,0.0007,0.0008,0.0011,0.0013,0.0015,0.0019,0.0026,0.0036,0.0053
0.0078,0.0121,0.0190,0.0279,0.0393,0.0531,0.0685,0.0864,0.1058,0.1263
0.1479,0.1702,0.1934,0.2157,0.2388,0.2620,0.2857,0.3086,0.3324,0.3558
0.3785,0.4018,0.4243,0.4466,0.4690,0.4910,0.5130,0.5347,0.5561,0.5771
0.5983,0.6190,0.6400,0.6601,0.6807,0.7007,0.7211,0.7411,0.7601,0.7785
0.7958,0.8131,0.8293,0.8450,0.8600,0.8739,0.8866,0.8979,0.9085,0.9178
0.9260,0.9337,0.9407,0.9467,0.9526,0.9578,0.9624,0.9665,0.9700,0.9734
0.9763,0.9790,0.9814,0.9835,0.9854,0.9868,0.9882,0.9895,0.9906,0.9915
0.9924,0.9932,0.9938,0.9945,0.9951,0.9957,0.9961,0.9966,0.9968,0.9972
0.9975,0.9977,0.9980,0.9982,0.9984,0.9986,0.9987,0.9989,0.9990,0.9991
0.9992,0.9993,0.9993,0.9994,0.9995,0.9996,0.9996,0.9997,0.9997,0.9997
0.9998,0.9998,0.9998,0.9999,0.9999,0.9999,0.9999,0.9999,0.9999,0.9999
0.9999,0.9999,1.0000,1.0000,1.0000,1.0000,1.0000,1.0000,1.0000,1.0000
hwc1u1fract=0.0000,0.0000,0.0000,0.0000,0.0000,0.0000,0.0001,0.0001
0.0001,0.0001,0.0001,0.0002,0.0003,0.0004,0.0008,0.0015,0.0028,0.0045
0.0070,0.0110,0.0168,0.0243,0.0347,0.0472,0.0608,0.0765,0.0930,0.1114
0.1306,0.1507,0.1711,0.1928,0.2145,0.2366,0.2590,0.2818,0.3049,0.3277
0.3508,0.3737,0.3968,0.4195,0.4424,0.4645,0.4866,0.5088,0.5306,0.5517
0.5735,0.5944,0.6161,0.6373,0.6585,0.6785,0.6991,0.7192,0.7383,0.7575
0.7758,0.7936,0.8104,0.8270,0.8425,0.8571,0.8704,0.8828,0.8940,0.9042
0.9137,0.9224,0.9301,0.9371,0.9437,0.9497,0.9546,0.9600,0.9644,0.9688
0.9724,0.9758,0.9787,0.9812,0.9834,0.9853,0.9868,0.9882,0.9893,0.9904
0.9914,0.9923,0.9930,0.9937,0.9944,0.9949,0.9954,0.9959,0.9963,0.9966
0.9969,0.9972,0.9975,0.9978,0.9980,0.9982,0.9984,0.9985,0.9987,0.9988
0.9989,0.9991,0.9991,0.9992,0.9993,0.9994,0.9994,0.9995,0.9995,0.9996
0.9996,0.9997,0.9997,0.9998,0.9998,0.9998,0.9999,0.9999,0.9999,0.9999
1.0000,1.0000,1.0000,1.0000,1.0000,1.0000,1.0000,1.0000,1.0000,1.0000
hwc1v1fract=0.0000,0.0000,0.0000,0.0000,0.0000,0.0001,0.0001,0.0001
0.0001,0.0002,0.0002,0.0002,0.0003,0.0004,0.0005,0.0008,0.0012,0.0022
0.0038,0.0067,0.0114,0.0184,0.0280,0.0397,0.0536,0.0697,0.0872,0.1055
0.1254,0.1462,0.1678,0.1894,0.2116,0.2347,0.2571,0.2801,0.3031,0.3265
0.3493,0.3714,0.3939,0.4165,0.4385,0.4609,0.4829,0.5053,0.5273,0.5489
0.5702,0.5906,0.6120,0.6331,0.6536,0.6740,0.6938,0.7140,0.7339,0.7535
0.7727,0.7912,0.8092,0.8258,0.8419,0.8573,0.8712,0.8840,0.8957,0.9060
0.9150,0.9232,0.9307,0.9374,0.9438,0.9495,0.9548,0.9598,0.9643,0.9685
0.9722,0.9754,0.9784,0.9811,0.9833,0.9851,0.9867,0.9881,0.9893,0.9904
0.9913,0.9921,0.9929,0.9936,0.9943,0.9948,0.9953,0.9957,0.9961,0.9965
0.9968,0.9971,0.9974,0.9976,0.9979,0.9982,0.9984,0.9985,0.9987,0.9988
0.9989,0.9991,0.9992,0.9993,0.9994,0.9995,0.9995,0.9996,0.9996,0.9997
0.9997,0.9998,0.9998,0.9998,0.9998,0.9999,0.9999,0.9999,0.9999,0.9999
1.0000,1.0000,1.0000,1.0000,1.0000,1.0000,1.0000,1.0000,1.0000,1.0000
hwc1y2fract=0.0000,0.0000,0.0000,0.0000,0.0000,0.0001,0.0001,0.0001
0.0002,0.0002,0.0003,0.0004,0.0004,0.0006,0.0009,0.0013,0.0020,0.0032
0.0051,0.0086,0.0141,0.0214,0.0315,0.0437,0.0582,0.0746,0.0925,0.1118
0.1322,0.1533,0.1752,0.1978,0.2206,0.2437,0.2669,0.2897,0.3126,0.3360
0.3592,0.3820,0.4049,0.4273,0.4497,0.4716,0.4929,0.5149,0.5371,0.5589
0.5803,0.6014,0.6224,0.6430,0.6638,0.6840,0.7044,0.7239,0.7430,0.7617
0.7798,0.7975,0.8146,0.8305,0.8459,0.8603,0.8735,0.8854,0.8965,0.9065
0.9155,0.9238,0.9315,0.9387,0.9447,0.9503,0.9553,0.9598,0.9640,0.9678
0.9712,0.9744,0.9771,0.9794,0.9817,0.9837,0.9853,0.9868,0.9882,0.9894
0.9905,0.9915,0.9924,0.9931,0.9937,0.9944,0.9948,0.9953,0.9958,0.9962
0.9966,0.9969,0.9972,0.9975,0.9978,0.9980,0.9982,0.9983,0.9985,0.9987
0.9988,0.9989,0.9990,0.9991,0.9992,0.9993,0.9994,0.9995,0.9995,0.9996
0.9996,0.9997,0.9997,0.9998,0.9998,0.9998,0.9998,0.9999,0.9999,0.9999
0.9999,0.9999,0.9999,0.9999,1.0000,1.0000,1.0000,1.0000,1.0000,1.0000
hwc1x2fract=0.0000,0.0000,0.0001,0.0001,0.0001,0.0001,0.0001,0.0002
0.0002,0.0003,0.0004,0.0005,0.0006,0.0008,0.0010,0.0014,0.0022,0.0035
0.0058,0.0092,0.0140,0.0207,0.0289,0.0388,0.0503,0.0633,0.0770,0.0921
0.1084,0.1255,0.1440,0.1629,0.1831,0.2042,0.2260,0.2477,0.2697,0.2921
0.3153,0.3379,0.3606,0.3836,0.4075,0.4306,0.4537,0.4767,0.4994,0.5221
0.5447,0.5668,0.5893,0.6118,0.6335,0.6551,0.6759,0.6967,0.7173,0.7372
0.7575,0.7766,0.7948,0.8129,0.8298,0.8453,0.8604,0.8743,0.8870,0.8993
0.9102,0.9203,0.9291,0.9374,0.9451,0.9519,0.9582,0.9638,0.9688,0.9731
0.9769,0.9802,0.9830,0.9854,0.9875,0.9891,0.9906,0.9917,0.9928,0.9935
0.9942,0.9950,0.9955,0.9959,0.9963,0.9967,0.9970,0.9973,0.9975,0.9978
0.9980,0.9982,0.9983,0.9984,0.9985,0.9987,0.9988,0.9989,0.9990,0.9992
0.9992,0.9993,0.9993,0.9994,0.9995,0.9996,0.9996,0.9996,0.9997,0.9997
0.9997,0.9998,0.9998,0.9998,0.9998,0.9998,0.9999,0.9999,0.9999,0.9999
0.9999,0.9999,1.0000,1.0000,1.0000,1.0000,1.0000,1.0000,1.0000,1.0000
hwc2x1fract=0.0000,0.0001,0.0001,0.0002,0.0002,0.0003,0.0003,0.0004
0.0005,0.0006,0.0008,0.0009,0.0011,0.0014,0.0017,0.0023,0.0033,0.0052
0.0082,0.0125,0.0180,0.0253,0.0342,0.0450,0.0565,0.0696,0.0843,0.0999
0.1166,0.1346,0.1530,0.1722,0.1919,0.2131,0.2347,0.2567,0.2788,0.3014
0.3235,0.3466,0.3700,0.3936,0.4165,0.4398,0.4631,0.4860,0.5097,0.5323
0.5553,0.5781,0.6008,0.6228,0.6448,0.6668,0.6892,0.7105,0.7314,0.7513
0.7708,0.7902,0.8085,0.8258,0.8423,0.8575,0.8713,0.8846,0.8967,0.9075
0.9173,0.9266,0.9356,0.9431,0.9498,0.9563,0.9622,0.9674,0.9720,0.9760
0.9795,0.9827,0.9852,0.9875,0.9894,0.9907,0.9919,0.9929,0.9938,0.9945
0.9952,0.9956,0.9961,0.9966,0.9970,0.9973,0.9976,0.9979,0.9981,0.9983
0.9985,0.9986,0.9988,0.9989,0.9990,0.9991,0.9992,0.9993,0.9994,0.9994
0.9995,0.9996,0.9996,0.9997,0.9997,0.9998,0.9998,0.9998,0.9998,0.9998
0.9999,0.9999,0.9999,0.9999,0.9999,0.9999,0.9999,0.9999,0.9999,1.0000
1.0000,1.0000,1.0000,1.0000,1.0000,1.0000,1.0000,1.0000,1.0000,1.0000
hwc2y1fract=0.0000,0.0000,0.0000,0.0001,0.0001,0.0001,0.0001,0.0001
0.0002,0.0002,0.0003,0.0003,0.0004,0.0005,0.0008,0.0011,0.0019,0.0030
0.0052,0.0093,0.0156,0.0243,0.0354,0.0492,0.0649,0.0831,0.1022,0.1236
0.1452,0.1682,0.1918,0.2153,0.2386,0.2624,0.2864,0.3102,0.3342,0.3578
0.3811,0.4047,0.4280,0.4514,0.4733,0.4957,0.5178,0.5395,0.5607,0.5822
0.6033,0.6246,0.6454,0.6660,0.6869,0.7073,0.7277,0.7468,0.7658,0.7838
0.8018,0.8198,0.8363,0.8518,0.8664,0.8799,0.8923,0.9034,0.9137,0.9230
0.9310,0.9382,0.9448,0.9504,0.9554,0.9602,0.9642,0.9682,0.9717,0.9750
0.9777,0.9802,0.9821,0.9839,0.9855,0.9870,0.9883,0.9894,0.9905,0.9914
0.9922,0.9930,0.9936,0.9942,0.9948,0.9952,0.9957,0.9961,0.9964,0.9968
0.9971,0.9974,0.9976,0.9978,0.9980,0.9982,0.9983,0.9985,0.9987,0.9988
0.9990,0.9991,0.9992,0.9993,0.9994,0.9994,0.9995,0.9996,0.9997,0.9997
0.9997,0.9998,0.9998,0.9999,0.9999,0.9999,0.9999,0.9999,0.9999,0.9999
0.9999,1.0000,1.0000,1.0000,1.0000,1.0000,1.0000,1.0000,1.0000,1.0000
hwc2u1fract=0.0000,0.0000,0.0000,0.0000,0.0000,0.0000,0.0000,0.0001
0.0001,0.0001,0.0001,0.0001,0.0002,0.0002,0.0003,0.0005,0.0008,0.0016
0.0033,0.0069,0.0128,0.0220,0.0338,0.0479,0.0648,0.0835,0.1031,0.1242
0.1457,0.1679,0.1906,0.2137,0.2374,0.2610,0.2853,0.3089,0.3325,0.3562
0.3796,0.4027,0.4253,0.4478,0.4696,0.4917,0.5132,0.5345,0.5564,0.5775
0.5987,0.6196,0.6402,0.6607,0.6807,0.7007,0.7206,0.7404,0.7592,0.7778
0.7963,0.8136,0.8307,0.8471,0.8626,0.8765,0.8892,0.9007,0.9106,0.9194
0.9277,0.9350,0.9416,0.9477,0.9531,0.9579,0.9623,0.9663,0.9700,0.9732
0.9763,0.9789,0.9813,0.9832,0.9849,0.9863,0.9878,0.9890,0.9899,0.9909
0.9917,0.9924,0.9931,0.9936,0.9942,0.9948,0.9953,0.9958,0.9962,0.9966
0.9969,0.9972,0.9975,0.9977,0.9979,0.9981,0.9983,0.9985,0.9987,0.9989
0.9990,0.9991,0.9992,0.9993,0.9994,0.9995,0.9996,0.9996,0.9997,0.9997
0.9998,0.9998,0.9998,0.9999,0.9999,0.9999,0.9999,0.9999,0.9999,1.0000
1.0000,1.0000,1.0000,1.0000,1.0000,1.0000,1.0000,1.0000,1.0000,1.0000
hwc2v1fract=0.0000,0.0000,0.0000,0.0001,0.0001,0.0001,0.0001,0.0001
0.0001,0.0002,0.0002,0.0002,0.0003,0.0004,0.0005,0.0008,0.0014,0.0026
0.0050,0.0095,0.0171,0.0269,0.0401,0.0552,0.0728,0.0915,0.1117,0.1328
0.1552,0.1776,0.2003,0.2236,0.2469,0.2705,0.2946,0.3185,0.3410,0.3648
0.3874,0.4097,0.4326,0.4546,0.4770,0.4988,0.5205,0.5417,0.5633,0.5841
0.6051,0.6260,0.6472,0.6672,0.6876,0.7073,0.7268,0.7459,0.7648,0.7835
0.8017,0.8192,0.8360,0.8516,0.8660,0.8794,0.8917,0.9030,0.9127,0.9218
0.9296,0.9369,0.9432,0.9492,0.9546,0.9593,0.9637,0.9675,0.9711,0.9744
0.9772,0.9797,0.9819,0.9838,0.9856,0.9871,0.9884,0.9896,0.9906,0.9915
0.9923,0.9930,0.9936,0.9941,0.9947,0.9952,0.9956,0.9960,0.9964,0.9967
0.9970,0.9973,0.9975,0.9978,0.9980,0.9983,0.9985,0.9986,0.9987,0.9989
0.9990,0.9991,0.9992,0.9993,0.9994,0.9995,0.9996,0.9997,0.9997,0.9997
0.9998,0.9998,0.9998,0.9998,0.9999,0.9999,0.9999,0.9999,0.9999,0.9999
0.9999,0.9999,1.0000,1.0000,1.0000,1.0000,1.0000,1.0000,1.0000,1.0000
hwc2y2fract=0.0000,0.0001,0.0001,0.0001,0.0001,0.0002,0.0002,0.0003
0.0003,0.0004,0.0004,0.0005,0.0006,0.0008,0.0011,0.0016,0.0024,0.0039
0.0065,0.0111,0.0176,0.0271,0.0391,0.0533,0.0699,0.0879,0.1081,0.1295
0.1517,0.1746,0.1974,0.2213,0.2448,0.2688,0.2926,0.3163,0.3408,0.3643
0.3871,0.4105,0.4338,0.4568,0.4789,0.5013,0.5233,0.5448,0.5662,0.5872
0.6083,0.6298,0.6505,0.6713,0.6916,0.7118,0.7314,0.7513,0.7701,0.7886
0.8071,0.8240,0.8399,0.8552,0.8692,0.8827,0.8951,0.9059,0.9157,0.9246
0.9325,0.9394,0.9458,0.9514,0.9565,0.9611,0.9655,0.9694,0.9727,0.9757
0.9784,0.9808,0.9829,0.9849,0.9864,0.9876,0.9888,0.9898,0.9907,0.9916
0.9925,0.9933,0.9939,0.9944,0.9949,0.9954,0.9957,0.9961,0.9964,0.9968
0.9970,0.9973,0.9976,0.9978,0.9980,0.9982,0.9984,0.9986,0.9988,0.9989
0.9991,0.9992,0.9993,0.9994,0.9995,0.9995,0.9996,0.9996,0.9997,0.9997
0.9998,0.9998,0.9998,0.9999,0.9999,0.9999,0.9999,0.9999,1.0000,1.0000
1.0000,1.0000,1.0000,1.0000,1.0000,1.0000,1.0000,1.0000,1.0000,1.0000
hwc2x2fract=0.0000,0.0001,0.0001,0.0001,0.0002,0.0002,0.0003,0.0004
0.0004,0.0005,0.0006,0.0007,0.0008,0.0010,0.0013,0.0018,0.0029,0.0046
0.0071,0.0109,0.0161,0.0232,0.0317,0.0423,0.0544,0.0683,0.0827,0.0988
0.1156,0.1337,0.1524,0.1725,0.1935,0.2145,0.2365,0.2583,0.2805,0.3033
0.3261,0.3492,0.3727,0.3962,0.4193,0.4421,0.4653,0.4879,0.5108,0.5339
0.5561,0.5784,0.6007,0.6230,0.6445,0.6664,0.6877,0.7086,0.7283,0.7487
0.7682,0.7876,0.8058,0.8231,0.8395,0.8544,0.8686,0.8815,0.8936,0.9048
0.9149,0.9240,0.9325,0.9403,0.9477,0.9541,0.9601,0.9655,0.9704,0.9744
0.9782,0.9812,0.9839,0.9861,0.9881,0.9898,0.9910,0.9920,0.9929,0.9938
0.9945,0.9951,0.9956,0.9960,0.9964,0.9967,0.9970,0.9973,0.9975,0.9978
0.9981,0.9983,0.9985,0.9987,0.9988,0.9989,0.9990,0.9991,0.9992,0.9993
0.9994,0.9995,0.9995,0.9995,0.9996,0.9997,0.9997,0.9997,0.9998,0.9998
0.9998,0.9999,0.9999,0.9999,0.9999,0.9999,0.9999,0.9999,0.9999,0.9999
1.0000,1.0000,1.0000,1.0000,1.0000,1.0000,1.0000,1.0000,1.0000,1.0000
