; Lookup table
;number of bins in Meek's time to distance lookup table
hdriftbins=138
;number of 1st bin in Meek's table in ns
hdrift1stbin=-24
;bin size in ns of Meek's table
hdriftbinsz=2
hwc1x1fract=0.0001,0.0003,0.0004,0.0006,0.0007,0.0008,0.0010,0.0012
0.0014,0.0016,0.0019,0.0022,0.0026,0.0033,0.0043,0.0059,0.0082,0.0113
0.0152,0.0207,0.0274,0.0363,0.0466,0.0587,0.0720,0.0866,0.1023,0.1187
0.1361,0.1547,0.1737,0.1930,0.2130,0.2336,0.2547,0.2756,0.2972,0.3196
0.3413,0.3634,0.3860,0.4081,0.4305,0.4529,0.4746,0.4970,0.5193,0.5419
0.5638,0.5857,0.6076,0.6290,0.6501,0.6709,0.6916,0.7119,0.7315,0.7513
0.7704,0.7889,0.8062,0.8232,0.8387,0.8538,0.8682,0.8817,0.8937,0.9048
0.9149,0.9244,0.9326,0.9402,0.9474,0.9539,0.9594,0.9643,0.9687,0.9728
0.9763,0.9792,0.9817,0.9838,0.9856,0.9872,0.9884,0.9894,0.9903,0.9911
0.9917,0.9922,0.9927,0.9931,0.9935,0.9938,0.9940,0.9944,0.9947,0.9950
0.9952,0.9954,0.9956,0.9958,0.9960,0.9962,0.9964,0.9965,0.9967,0.9969
0.9970,0.9972,0.9973,0.9975,0.9976,0.9977,0.9978,0.9980,0.9981,0.9982
0.9983,0.9984,0.9986,0.9987,0.9988,0.9989,0.9989,0.9990,0.9991,0.9992
0.9993,0.9994,0.9995,0.9996,0.9996,0.9997,0.9998,0.9999,0.9999,1.0000
hwc1y1fract=0.0001,0.0003,0.0004,0.0006,0.0008,0.0009,0.0011,0.0013
0.0015,0.0017,0.0020,0.0022,0.0026,0.0031,0.0036,0.0045,0.0056,0.0073
0.0100,0.0143,0.0212,0.0311,0.0436,0.0591,0.0769,0.0964,0.1167,0.1378
0.1595,0.1818,0.2050,0.2276,0.2506,0.2735,0.2963,0.3192,0.3415,0.3634
0.3853,0.4070,0.4285,0.4500,0.4712,0.4924,0.5133,0.5337,0.5543,0.5745
0.5949,0.6150,0.6352,0.6546,0.6745,0.6937,0.7129,0.7323,0.7514,0.7700
0.7880,0.8054,0.8221,0.8383,0.8537,0.8683,0.8816,0.8941,0.9055,0.9154
0.9245,0.9324,0.9396,0.9462,0.9518,0.9569,0.9611,0.9650,0.9687,0.9719
0.9747,0.9772,0.9792,0.9811,0.9828,0.9843,0.9856,0.9867,0.9878,0.9887
0.9895,0.9902,0.9909,0.9915,0.9920,0.9925,0.9929,0.9933,0.9937,0.9940
0.9943,0.9947,0.9950,0.9952,0.9955,0.9958,0.9960,0.9962,0.9964,0.9967
0.9968,0.9970,0.9972,0.9974,0.9975,0.9977,0.9978,0.9979,0.9980,0.9982
0.9983,0.9984,0.9985,0.9986,0.9987,0.9988,0.9989,0.9990,0.9991,0.9992
0.9993,0.9994,0.9994,0.9995,0.9996,0.9997,0.9998,0.9999,0.9999,1.0000
hwc1u1fract=0.0001,0.0002,0.0003,0.0003,0.0004,0.0005,0.0006,0.0007
0.0008,0.0009,0.0010,0.0011,0.0014,0.0018,0.0027,0.0044,0.0068,0.0100
0.0143,0.0205,0.0291,0.0403,0.0536,0.0689,0.0854,0.1031,0.1219,0.1418
0.1624,0.1832,0.2043,0.2254,0.2471,0.2688,0.2910,0.3130,0.3351,0.3571
0.3793,0.4010,0.4228,0.4446,0.4660,0.4876,0.5088,0.5296,0.5504,0.5713
0.5921,0.6126,0.6329,0.6527,0.6725,0.6923,0.7123,0.7317,0.7505,0.7688
0.7872,0.8048,0.8214,0.8372,0.8526,0.8669,0.8801,0.8919,0.9029,0.9126
0.9214,0.9294,0.9366,0.9429,0.9487,0.9540,0.9588,0.9629,0.9667,0.9700
0.9730,0.9757,0.9781,0.9801,0.9821,0.9836,0.9850,0.9863,0.9873,0.9883
0.9891,0.9897,0.9904,0.9909,0.9915,0.9920,0.9925,0.9929,0.9932,0.9937
0.9941,0.9944,0.9947,0.9950,0.9953,0.9955,0.9958,0.9960,0.9962,0.9964
0.9966,0.9968,0.9970,0.9972,0.9973,0.9975,0.9977,0.9978,0.9979,0.9980
0.9982,0.9983,0.9984,0.9985,0.9986,0.9987,0.9988,0.9990,0.9991,0.9991
0.9993,0.9994,0.9995,0.9995,0.9996,0.9997,0.9997,0.9998,0.9999,1.0000
hwc1v1fract=0.0001,0.0002,0.0003,0.0003,0.0004,0.0005,0.0006,0.0007
0.0008,0.0010,0.0011,0.0012,0.0014,0.0015,0.0018,0.0022,0.0028,0.0040
0.0062,0.0104,0.0174,0.0270,0.0398,0.0552,0.0727,0.0908,0.1110,0.1317
0.1527,0.1741,0.1962,0.2185,0.2407,0.2631,0.2854,0.3075,0.3299,0.3520
0.3740,0.3957,0.4169,0.4386,0.4594,0.4798,0.5009,0.5222,0.5427,0.5630
0.5835,0.6041,0.6241,0.6444,0.6641,0.6836,0.7032,0.7225,0.7414,0.7600
0.7782,0.7962,0.8136,0.8306,0.8464,0.8615,0.8753,0.8880,0.8996,0.9100
0.9194,0.9278,0.9353,0.9417,0.9477,0.9528,0.9574,0.9615,0.9654,0.9690
0.9722,0.9750,0.9775,0.9797,0.9816,0.9833,0.9848,0.9860,0.9871,0.9880
0.9889,0.9896,0.9903,0.9908,0.9914,0.9918,0.9923,0.9928,0.9932,0.9936
0.9940,0.9944,0.9947,0.9950,0.9953,0.9956,0.9958,0.9961,0.9963,0.9965
0.9967,0.9969,0.9971,0.9973,0.9975,0.9977,0.9978,0.9980,0.9981,0.9982
0.9983,0.9984,0.9985,0.9987,0.9988,0.9989,0.9990,0.9991,0.9992,0.9992
0.9993,0.9994,0.9995,0.9996,0.9997,0.9997,0.9998,0.9999,0.9999,1.0000
hwc1y2fract=0.0001,0.0002,0.0003,0.0004,0.0005,0.0007,0.0008,0.0009
0.0011,0.0012,0.0014,0.0017,0.0019,0.0023,0.0027,0.0034,0.0047,0.0068
0.0103,0.0160,0.0238,0.0347,0.0480,0.0641,0.0819,0.1012,0.1214,0.1428
0.1646,0.1874,0.2092,0.2316,0.2542,0.2766,0.2992,0.3217,0.3439,0.3662
0.3882,0.4096,0.4312,0.4523,0.4731,0.4942,0.5152,0.5364,0.5570,0.5776
0.5978,0.6183,0.6383,0.6583,0.6778,0.6974,0.7163,0.7352,0.7539,0.7719
0.7900,0.8074,0.8240,0.8395,0.8541,0.8679,0.8808,0.8927,0.9033,0.9134
0.9221,0.9296,0.9369,0.9431,0.9488,0.9538,0.9583,0.9624,0.9660,0.9693
0.9723,0.9748,0.9769,0.9788,0.9806,0.9821,0.9835,0.9849,0.9860,0.9870
0.9879,0.9887,0.9894,0.9900,0.9907,0.9912,0.9918,0.9923,0.9928,0.9931
0.9934,0.9938,0.9943,0.9946,0.9949,0.9952,0.9955,0.9957,0.9960,0.9963
0.9965,0.9967,0.9969,0.9971,0.9973,0.9974,0.9976,0.9978,0.9979,0.9980
0.9981,0.9982,0.9983,0.9984,0.9986,0.9987,0.9988,0.9989,0.9990,0.9991
0.9991,0.9992,0.9994,0.9994,0.9996,0.9996,0.9997,0.9998,0.9999,1.0000
hwc1x2fract=0.0001,0.0002,0.0003,0.0004,0.0005,0.0006,0.0007,0.0009
0.0010,0.0012,0.0014,0.0016,0.0018,0.0021,0.0026,0.0035,0.0046,0.0068
0.0098,0.0144,0.0211,0.0294,0.0401,0.0524,0.0658,0.0805,0.0964,0.1134
0.1309,0.1494,0.1682,0.1885,0.2087,0.2299,0.2510,0.2726,0.2947,0.3166
0.3385,0.3607,0.3829,0.4047,0.4270,0.4492,0.4710,0.4930,0.5150,0.5365
0.5585,0.5801,0.6018,0.6229,0.6438,0.6640,0.6848,0.7051,0.7257,0.7451
0.7643,0.7828,0.8008,0.8181,0.8345,0.8498,0.8644,0.8781,0.8905,0.9016
0.9123,0.9215,0.9301,0.9380,0.9451,0.9514,0.9574,0.9627,0.9674,0.9716
0.9752,0.9782,0.9807,0.9828,0.9847,0.9863,0.9876,0.9887,0.9896,0.9904
0.9911,0.9916,0.9922,0.9926,0.9930,0.9934,0.9937,0.9940,0.9944,0.9947
0.9949,0.9952,0.9954,0.9956,0.9958,0.9960,0.9961,0.9964,0.9965,0.9967
0.9968,0.9970,0.9971,0.9973,0.9974,0.9975,0.9976,0.9978,0.9979,0.9980
0.9982,0.9983,0.9984,0.9985,0.9986,0.9987,0.9988,0.9989,0.9990,0.9991
0.9992,0.9993,0.9994,0.9995,0.9996,0.9997,0.9997,0.9998,0.9999,1.0000
hwc2x1fract=0.0001,0.0002,0.0003,0.0004,0.0005,0.0007,0.0009,0.0010
0.0012,0.0014,0.0016,0.0019,0.0022,0.0025,0.0030,0.0036,0.0046,0.0062
0.0091,0.0134,0.0191,0.0266,0.0360,0.0471,0.0595,0.0730,0.0881,0.1042
0.1220,0.1403,0.1591,0.1784,0.1988,0.2195,0.2407,0.2624,0.2844,0.3064
0.3283,0.3505,0.3727,0.3954,0.4184,0.4408,0.4629,0.4849,0.5070,0.5290
0.5510,0.5725,0.5937,0.6154,0.6370,0.6579,0.6786,0.6993,0.7201,0.7404
0.7602,0.7791,0.7977,0.8158,0.8325,0.8485,0.8641,0.8781,0.8909,0.9026
0.9134,0.9228,0.9317,0.9394,0.9464,0.9525,0.9582,0.9632,0.9677,0.9719
0.9753,0.9783,0.9808,0.9831,0.9848,0.9863,0.9877,0.9888,0.9896,0.9904
0.9912,0.9917,0.9923,0.9928,0.9932,0.9936,0.9940,0.9943,0.9946,0.9949
0.9951,0.9954,0.9956,0.9958,0.9960,0.9962,0.9964,0.9966,0.9968,0.9969
0.9970,0.9972,0.9973,0.9975,0.9976,0.9977,0.9978,0.9980,0.9981,0.9982
0.9983,0.9984,0.9985,0.9986,0.9987,0.9988,0.9989,0.9990,0.9991,0.9991
0.9992,0.9993,0.9994,0.9995,0.9996,0.9997,0.9998,0.9999,0.9999,1.0000
hwc2y1fract=0.0001,0.0002,0.0003,0.0004,0.0005,0.0007,0.0008,0.0009
0.0010,0.0011,0.0013,0.0015,0.0017,0.0019,0.0022,0.0027,0.0034,0.0046
0.0069,0.0108,0.0174,0.0275,0.0406,0.0564,0.0747,0.0946,0.1159,0.1385
0.1612,0.1845,0.2082,0.2321,0.2552,0.2784,0.3016,0.3241,0.3466,0.3692
0.3909,0.4129,0.4349,0.4564,0.4777,0.4991,0.5200,0.5406,0.5617,0.5825
0.6032,0.6231,0.6432,0.6635,0.6835,0.7032,0.7224,0.7416,0.7604,0.7792
0.7969,0.8141,0.8312,0.8477,0.8631,0.8777,0.8908,0.9031,0.9144,0.9240
0.9325,0.9401,0.9466,0.9525,0.9575,0.9620,0.9660,0.9695,0.9726,0.9754
0.9777,0.9798,0.9817,0.9833,0.9848,0.9860,0.9870,0.9879,0.9887,0.9895
0.9902,0.9908,0.9913,0.9919,0.9924,0.9927,0.9932,0.9935,0.9939,0.9941
0.9944,0.9947,0.9950,0.9953,0.9956,0.9958,0.9960,0.9961,0.9964,0.9966
0.9968,0.9970,0.9972,0.9973,0.9975,0.9977,0.9978,0.9980,0.9981,0.9982
0.9983,0.9984,0.9985,0.9986,0.9987,0.9988,0.9989,0.9990,0.9991,0.9992
0.9992,0.9993,0.9994,0.9995,0.9996,0.9997,0.9998,0.9998,0.9999,1.0000
hwc2u1fract=0.0001,0.0001,0.0002,0.0003,0.0004,0.0004,0.0005,0.0006
0.0007,0.0008,0.0009,0.0011,0.0012,0.0013,0.0015,0.0018,0.0021,0.0027
0.0039,0.0067,0.0122,0.0212,0.0335,0.0491,0.0676,0.0873,0.1087,0.1313
0.1542,0.1777,0.2012,0.2242,0.2473,0.2709,0.2935,0.3161,0.3386,0.3610
0.3832,0.4051,0.4268,0.4486,0.4697,0.4907,0.5112,0.5322,0.5527,0.5731
0.5927,0.6129,0.6329,0.6530,0.6725,0.6920,0.7117,0.7310,0.7501,0.7686
0.7868,0.8048,0.8219,0.8386,0.8545,0.8697,0.8832,0.8960,0.9072,0.9173
0.9265,0.9348,0.9416,0.9477,0.9532,0.9581,0.9622,0.9658,0.9693,0.9722
0.9748,0.9773,0.9794,0.9812,0.9828,0.9841,0.9854,0.9863,0.9872,0.9880
0.9888,0.9896,0.9902,0.9907,0.9912,0.9917,0.9921,0.9925,0.9929,0.9933
0.9937,0.9940,0.9944,0.9947,0.9950,0.9953,0.9956,0.9958,0.9962,0.9964
0.9966,0.9968,0.9970,0.9972,0.9973,0.9975,0.9977,0.9978,0.9979,0.9981
0.9982,0.9984,0.9985,0.9986,0.9987,0.9988,0.9989,0.9990,0.9991,0.9992
0.9993,0.9994,0.9994,0.9995,0.9996,0.9997,0.9998,0.9998,0.9999,1.0000
hwc2v1fract=0.0001,0.0002,0.0003,0.0004,0.0005,0.0006,0.0007,0.0008
0.0009,0.0011,0.0011,0.0012,0.0014,0.0016,0.0018,0.0021,0.0026,0.0036
0.0056,0.0098,0.0169,0.0279,0.0419,0.0592,0.0781,0.0987,0.1205,0.1428
0.1655,0.1888,0.2118,0.2351,0.2585,0.2819,0.3045,0.3273,0.3498,0.3720
0.3935,0.4152,0.4368,0.4582,0.4791,0.4999,0.5211,0.5420,0.5625,0.5827
0.6028,0.6229,0.6426,0.6627,0.6817,0.7010,0.7203,0.7394,0.7584,0.7768
0.7947,0.8122,0.8290,0.8457,0.8615,0.8760,0.8894,0.9012,0.9118,0.9216
0.9302,0.9373,0.9437,0.9496,0.9549,0.9595,0.9635,0.9671,0.9703,0.9730
0.9756,0.9781,0.9801,0.9817,0.9833,0.9848,0.9859,0.9868,0.9878,0.9886
0.9893,0.9900,0.9907,0.9913,0.9918,0.9923,0.9927,0.9931,0.9935,0.9939
0.9942,0.9946,0.9950,0.9952,0.9955,0.9957,0.9960,0.9963,0.9965,0.9967
0.9969,0.9971,0.9973,0.9974,0.9976,0.9977,0.9978,0.9979,0.9981,0.9982
0.9983,0.9984,0.9985,0.9986,0.9987,0.9988,0.9989,0.9990,0.9991,0.9991
0.9992,0.9993,0.9994,0.9995,0.9996,0.9997,0.9998,0.9999,1.0000,1.0000
hwc2y2fract=0.0001,0.0002,0.0003,0.0004,0.0005,0.0006,0.0007,0.0009
0.0011,0.0012,0.0014,0.0016,0.0018,0.0021,0.0025,0.0030,0.0040,0.0057
0.0084,0.0132,0.0205,0.0310,0.0447,0.0608,0.0795,0.0997,0.1211,0.1437
0.1669,0.1901,0.2140,0.2379,0.2614,0.2848,0.3078,0.3307,0.3537,0.3763
0.3984,0.4204,0.4422,0.4636,0.4852,0.5064,0.5274,0.5485,0.5693,0.5897
0.6100,0.6304,0.6505,0.6705,0.6903,0.7095,0.7289,0.7477,0.7667,0.7847
0.8023,0.8198,0.8358,0.8518,0.8670,0.8809,0.8937,0.9056,0.9163,0.9261
0.9342,0.9415,0.9478,0.9534,0.9585,0.9627,0.9666,0.9701,0.9730,0.9756
0.9779,0.9798,0.9815,0.9832,0.9846,0.9858,0.9868,0.9877,0.9886,0.9893
0.9900,0.9905,0.9911,0.9916,0.9920,0.9925,0.9928,0.9931,0.9935,0.9939
0.9941,0.9945,0.9947,0.9950,0.9953,0.9955,0.9957,0.9959,0.9962,0.9964
0.9966,0.9968,0.9969,0.9971,0.9973,0.9975,0.9976,0.9978,0.9979,0.9981
0.9982,0.9983,0.9984,0.9986,0.9987,0.9988,0.9989,0.9990,0.9991,0.9992
0.9993,0.9994,0.9995,0.9995,0.9996,0.9997,0.9998,0.9999,0.9999,1.0000
hwc2x2fract=0.0001,0.0002,0.0003,0.0005,0.0006,0.0007,0.0009,0.0010
0.0012,0.0014,0.0016,0.0019,0.0021,0.0025,0.0031,0.0040,0.0059,0.0089
0.0132,0.0191,0.0274,0.0372,0.0487,0.0621,0.0770,0.0930,0.1099,0.1282
0.1468,0.1667,0.1872,0.2083,0.2296,0.2508,0.2724,0.2945,0.3169,0.3393
0.3615,0.3840,0.4061,0.4283,0.4505,0.4729,0.4948,0.5168,0.5385,0.5603
0.5818,0.6036,0.6249,0.6457,0.6668,0.6872,0.7076,0.7280,0.7477,0.7673
0.7862,0.8042,0.8215,0.8380,0.8537,0.8684,0.8818,0.8944,0.9058,0.9158
0.9252,0.9339,0.9413,0.9483,0.9547,0.9601,0.9648,0.9690,0.9727,0.9761
0.9789,0.9813,0.9834,0.9851,0.9866,0.9878,0.9889,0.9897,0.9904,0.9911
0.9917,0.9922,0.9927,0.9931,0.9935,0.9939,0.9942,0.9944,0.9948,0.9950
0.9953,0.9955,0.9957,0.9959,0.9961,0.9963,0.9965,0.9967,0.9968,0.9970
0.9971,0.9973,0.9974,0.9975,0.9977,0.9978,0.9979,0.9980,0.9982,0.9983
0.9984,0.9985,0.9986,0.9987,0.9988,0.9989,0.9990,0.9990,0.9991,0.9992
0.9993,0.9994,0.9994,0.9995,0.9996,0.9997,0.9997,0.9998,0.9999,1.0000
