; Lookup table
;number of bins in Meek's time to distance lookup table
hdriftbins=138
;number of 1st bin in Meek's table in ns
hdrift1stbin=-24
;bin size in ns of Meek's table
hdriftbinsz=2
hwc1x1fract=0.0000,0.0000,0.0001,0.0001,0.0002,0.0002,0.0003,0.0003
0.0004,0.0005,0.0005,0.0006,0.0007,0.0008,0.0010,0.0012,0.0014,0.0018
0.0024,0.0034,0.0048,0.0072,0.0111,0.0169,0.0249,0.0348,0.0463,0.0591
0.0737,0.0892,0.1056,0.1226,0.1406,0.1595,0.1792,0.2000,0.2207,0.2422
0.2642,0.2860,0.3091,0.3315,0.3542,0.3774,0.4007,0.4230,0.4461,0.4683
0.4907,0.5127,0.5349,0.5573,0.5792,0.6005,0.6219,0.6430,0.6641,0.6848
0.7053,0.7253,0.7451,0.7639,0.7821,0.7998,0.8169,0.8334,0.8488,0.8635
0.8768,0.8892,0.9008,0.9117,0.9216,0.9308,0.9392,0.9468,0.9536,0.9601
0.9657,0.9707,0.9753,0.9792,0.9827,0.9857,0.9881,0.9900,0.9916,0.9927
0.9939,0.9947,0.9955,0.9960,0.9965,0.9969,0.9973,0.9975,0.9978,0.9980
0.9982,0.9984,0.9986,0.9987,0.9989,0.9990,0.9991,0.9992,0.9993,0.9994
0.9994,0.9995,0.9995,0.9996,0.9996,0.9997,0.9997,0.9997,0.9998,0.9998
0.9998,0.9998,0.9998,0.9999,0.9999,0.9999,0.9999,0.9999,1.0000,1.0000
1.0000,1.0000,1.0000,1.0000,1.0000,1.0000,1.0000,1.0000,1.0000,1.0000
hwc1y1fract=0.0000,0.0000,0.0001,0.0001,0.0001,0.0002,0.0002,0.0003
0.0003,0.0004,0.0005,0.0006,0.0007,0.0008,0.0010,0.0013,0.0018,0.0026
0.0039,0.0063,0.0105,0.0173,0.0269,0.0397,0.0547,0.0723,0.0915,0.1126
0.1335,0.1556,0.1777,0.2004,0.2231,0.2458,0.2687,0.2922,0.3151,0.3379
0.3603,0.3830,0.4057,0.4279,0.4499,0.4708,0.4920,0.5126,0.5337,0.5543
0.5748,0.5953,0.6158,0.6364,0.6562,0.6760,0.6956,0.7150,0.7338,0.7530
0.7713,0.7891,0.8071,0.8239,0.8400,0.8555,0.8697,0.8828,0.8949,0.9056
0.9155,0.9246,0.9329,0.9404,0.9470,0.9529,0.9582,0.9630,0.9670,0.9709
0.9743,0.9774,0.9801,0.9825,0.9847,0.9864,0.9881,0.9895,0.9907,0.9918
0.9927,0.9936,0.9944,0.9950,0.9956,0.9962,0.9966,0.9970,0.9973,0.9976
0.9978,0.9981,0.9982,0.9984,0.9986,0.9988,0.9989,0.9990,0.9991,0.9993
0.9993,0.9994,0.9995,0.9996,0.9996,0.9997,0.9997,0.9997,0.9998,0.9998
0.9998,0.9998,0.9999,0.9999,0.9999,1.0000,1.0000,1.0000,1.0000,1.0000
1.0000,1.0000,1.0000,1.0000,1.0000,1.0000,1.0000,1.0000,1.0000,1.0000
hwc1u1fract=0.0000,0.0000,0.0000,0.0000,0.0000,0.0000,0.0000,0.0000
0.0001,0.0001,0.0001,0.0001,0.0001,0.0001,0.0002,0.0002,0.0004,0.0007
0.0011,0.0020,0.0035,0.0068,0.0127,0.0213,0.0328,0.0469,0.0628,0.0805
0.0993,0.1189,0.1397,0.1611,0.1826,0.2048,0.2269,0.2498,0.2722,0.2952
0.3172,0.3398,0.3625,0.3850,0.4068,0.4284,0.4499,0.4715,0.4929,0.5139
0.5346,0.5553,0.5762,0.5966,0.6174,0.6376,0.6578,0.6776,0.6972,0.7168
0.7350,0.7536,0.7719,0.7894,0.8071,0.8238,0.8397,0.8545,0.8688,0.8816
0.8932,0.9044,0.9142,0.9230,0.9308,0.9381,0.9444,0.9505,0.9559,0.9609
0.9654,0.9696,0.9734,0.9769,0.9799,0.9826,0.9848,0.9870,0.9885,0.9899
0.9912,0.9922,0.9931,0.9938,0.9945,0.9951,0.9955,0.9960,0.9964,0.9967
0.9971,0.9974,0.9977,0.9979,0.9981,0.9983,0.9985,0.9986,0.9988,0.9989
0.9990,0.9992,0.9993,0.9993,0.9994,0.9995,0.9996,0.9996,0.9997,0.9997
0.9997,0.9997,0.9998,0.9998,0.9998,0.9999,0.9999,0.9999,0.9999,0.9999
0.9999,1.0000,1.0000,1.0000,1.0000,1.0000,1.0000,1.0000,1.0000,1.0000
hwc1v1fract=0.0000,0.0000,0.0000,0.0000,0.0000,0.0000,0.0000,0.0001
0.0001,0.0001,0.0001,0.0002,0.0002,0.0003,0.0004,0.0007,0.0011,0.0023
0.0044,0.0084,0.0149,0.0241,0.0365,0.0512,0.0679,0.0862,0.1051,0.1247
0.1459,0.1667,0.1886,0.2102,0.2322,0.2548,0.2770,0.2995,0.3219,0.3440
0.3657,0.3879,0.4098,0.4318,0.4532,0.4750,0.4964,0.5177,0.5390,0.5601
0.5810,0.6016,0.6219,0.6418,0.6617,0.6814,0.7014,0.7211,0.7401,0.7588
0.7769,0.7947,0.8122,0.8289,0.8449,0.8599,0.8740,0.8873,0.8992,0.9095
0.9188,0.9272,0.9350,0.9418,0.9480,0.9536,0.9588,0.9636,0.9680,0.9721
0.9759,0.9790,0.9819,0.9845,0.9865,0.9883,0.9897,0.9909,0.9921,0.9930
0.9938,0.9945,0.9951,0.9956,0.9961,0.9965,0.9968,0.9971,0.9974,0.9977
0.9980,0.9982,0.9984,0.9985,0.9987,0.9988,0.9989,0.9991,0.9992,0.9992
0.9993,0.9994,0.9995,0.9995,0.9996,0.9996,0.9997,0.9997,0.9997,0.9998
0.9998,0.9998,0.9999,0.9999,0.9999,0.9999,0.9999,0.9999,0.9999,0.9999
0.9999,1.0000,1.0000,1.0000,1.0000,1.0000,1.0000,1.0000,1.0000,1.0000
hwc1y2fract=0.0000,0.0000,0.0000,0.0000,0.0000,0.0000,0.0000,0.0001
0.0001,0.0001,0.0001,0.0002,0.0002,0.0002,0.0003,0.0004,0.0007,0.0013
0.0021,0.0037,0.0069,0.0120,0.0199,0.0309,0.0444,0.0603,0.0780,0.0968
0.1171,0.1386,0.1607,0.1835,0.2066,0.2299,0.2529,0.2767,0.2998,0.3221
0.3449,0.3673,0.3896,0.4118,0.4339,0.4560,0.4777,0.4990,0.5199,0.5407
0.5615,0.5819,0.6021,0.6219,0.6418,0.6614,0.6814,0.7007,0.7196,0.7384
0.7567,0.7747,0.7925,0.8097,0.8263,0.8418,0.8563,0.8700,0.8828,0.8943
0.9052,0.9152,0.9240,0.9321,0.9392,0.9454,0.9510,0.9563,0.9610,0.9656
0.9695,0.9731,0.9763,0.9793,0.9819,0.9839,0.9858,0.9874,0.9888,0.9901
0.9911,0.9922,0.9931,0.9938,0.9945,0.9951,0.9956,0.9960,0.9964,0.9967
0.9970,0.9973,0.9975,0.9977,0.9980,0.9982,0.9984,0.9986,0.9987,0.9988
0.9990,0.9991,0.9992,0.9993,0.9994,0.9995,0.9995,0.9996,0.9996,0.9997
0.9997,0.9998,0.9998,0.9998,0.9998,0.9999,0.9999,0.9999,0.9999,0.9999
1.0000,1.0000,1.0000,1.0000,1.0000,1.0000,1.0000,1.0000,1.0000,1.0000
hwc1x2fract=0.0000,0.0000,0.0000,0.0001,0.0001,0.0001,0.0001,0.0001
0.0002,0.0003,0.0003,0.0004,0.0004,0.0006,0.0007,0.0009,0.0013,0.0021
0.0036,0.0061,0.0104,0.0163,0.0245,0.0346,0.0461,0.0595,0.0740,0.0897
0.1065,0.1243,0.1431,0.1626,0.1826,0.2035,0.2245,0.2461,0.2680,0.2904
0.3125,0.3353,0.3576,0.3799,0.4026,0.4258,0.4482,0.4707,0.4928,0.5145
0.5367,0.5589,0.5798,0.6010,0.6221,0.6428,0.6637,0.6844,0.7046,0.7242
0.7435,0.7628,0.7814,0.7997,0.8172,0.8333,0.8490,0.8637,0.8771,0.8896
0.9011,0.9118,0.9217,0.9308,0.9390,0.9467,0.9535,0.9595,0.9652,0.9701
0.9747,0.9788,0.9823,0.9854,0.9878,0.9897,0.9913,0.9927,0.9938,0.9948
0.9955,0.9960,0.9965,0.9969,0.9972,0.9975,0.9978,0.9980,0.9982,0.9983
0.9985,0.9987,0.9988,0.9989,0.9991,0.9992,0.9993,0.9993,0.9994,0.9994
0.9995,0.9995,0.9996,0.9996,0.9997,0.9997,0.9998,0.9998,0.9998,0.9998
0.9999,0.9999,0.9999,0.9999,0.9999,0.9999,0.9999,0.9999,1.0000,1.0000
1.0000,1.0000,1.0000,1.0000,1.0000,1.0000,1.0000,1.0000,1.0000,1.0000
hwc2x1fract=0.0000,0.0001,0.0001,0.0002,0.0002,0.0003,0.0003,0.0003
0.0004,0.0005,0.0006,0.0007,0.0008,0.0010,0.0012,0.0014,0.0017,0.0022
0.0030,0.0047,0.0078,0.0127,0.0188,0.0270,0.0372,0.0490,0.0622,0.0768
0.0926,0.1096,0.1274,0.1461,0.1657,0.1858,0.2067,0.2279,0.2498,0.2718
0.2943,0.3168,0.3395,0.3624,0.3850,0.4077,0.4305,0.4526,0.4747,0.4967
0.5190,0.5414,0.5638,0.5859,0.6071,0.6283,0.6493,0.6703,0.6912,0.7117
0.7323,0.7521,0.7718,0.7904,0.8085,0.8260,0.8425,0.8577,0.8721,0.8853
0.8973,0.9086,0.9189,0.9280,0.9365,0.9440,0.9511,0.9572,0.9627,0.9680
0.9726,0.9767,0.9801,0.9834,0.9860,0.9881,0.9900,0.9915,0.9926,0.9937
0.9945,0.9953,0.9959,0.9964,0.9968,0.9972,0.9976,0.9978,0.9981,0.9983
0.9985,0.9987,0.9988,0.9989,0.9990,0.9991,0.9992,0.9992,0.9993,0.9994
0.9994,0.9995,0.9996,0.9996,0.9997,0.9997,0.9997,0.9998,0.9998,0.9998
0.9998,0.9999,0.9999,0.9999,0.9999,0.9999,0.9999,0.9999,0.9999,1.0000
1.0000,1.0000,1.0000,1.0000,1.0000,1.0000,1.0000,1.0000,1.0000,1.0000
hwc2y1fract=0.0000,0.0000,0.0000,0.0000,0.0000,0.0000,0.0000,0.0000
0.0001,0.0001,0.0001,0.0001,0.0002,0.0002,0.0003,0.0004,0.0006,0.0011
0.0021,0.0040,0.0078,0.0144,0.0241,0.0371,0.0527,0.0709,0.0907,0.1125
0.1351,0.1587,0.1825,0.2062,0.2308,0.2542,0.2779,0.3015,0.3249,0.3475
0.3704,0.3931,0.4157,0.4377,0.4597,0.4808,0.5025,0.5234,0.5440,0.5650
0.5859,0.6062,0.6261,0.6465,0.6665,0.6862,0.7057,0.7249,0.7439,0.7627
0.7809,0.7987,0.8162,0.8328,0.8487,0.8640,0.8777,0.8906,0.9022,0.9130
0.9225,0.9313,0.9391,0.9459,0.9520,0.9575,0.9624,0.9666,0.9704,0.9739
0.9769,0.9798,0.9822,0.9842,0.9861,0.9877,0.9891,0.9902,0.9912,0.9921
0.9929,0.9936,0.9942,0.9947,0.9952,0.9958,0.9962,0.9965,0.9969,0.9972
0.9975,0.9977,0.9979,0.9980,0.9982,0.9984,0.9985,0.9987,0.9988,0.9989
0.9990,0.9992,0.9993,0.9994,0.9995,0.9995,0.9996,0.9996,0.9997,0.9997
0.9998,0.9998,0.9998,0.9999,0.9999,0.9999,0.9999,0.9999,0.9999,0.9999
0.9999,0.9999,1.0000,1.0000,1.0000,1.0000,1.0000,1.0000,1.0000,1.0000
hwc2u1fract=0.0000,0.0000,0.0000,0.0000,0.0000,0.0000,0.0000,0.0001
0.0001,0.0001,0.0001,0.0001,0.0001,0.0002,0.0002,0.0003,0.0005,0.0010
0.0020,0.0045,0.0097,0.0185,0.0305,0.0455,0.0634,0.0829,0.1039,0.1261
0.1490,0.1719,0.1951,0.2189,0.2426,0.2660,0.2894,0.3122,0.3349,0.3578
0.3800,0.4021,0.4244,0.4464,0.4677,0.4887,0.5100,0.5316,0.5520,0.5723
0.5924,0.6122,0.6322,0.6525,0.6724,0.6916,0.7114,0.7304,0.7489,0.7674
0.7863,0.8036,0.8211,0.8373,0.8531,0.8678,0.8818,0.8945,0.9059,0.9161
0.9251,0.9331,0.9404,0.9469,0.9526,0.9580,0.9627,0.9666,0.9703,0.9739
0.9770,0.9797,0.9821,0.9845,0.9864,0.9879,0.9892,0.9904,0.9915,0.9924
0.9930,0.9937,0.9943,0.9949,0.9953,0.9958,0.9962,0.9965,0.9968,0.9971
0.9974,0.9976,0.9978,0.9980,0.9982,0.9984,0.9985,0.9987,0.9988,0.9990
0.9991,0.9992,0.9993,0.9994,0.9994,0.9995,0.9996,0.9996,0.9997,0.9997
0.9997,0.9998,0.9998,0.9998,0.9999,0.9999,0.9999,0.9999,0.9999,0.9999
0.9999,1.0000,1.0000,1.0000,1.0000,1.0000,1.0000,1.0000,1.0000,1.0000
hwc2v1fract=0.0000,0.0000,0.0000,0.0000,0.0000,0.0001,0.0001,0.0001
0.0001,0.0001,0.0002,0.0002,0.0003,0.0004,0.0005,0.0006,0.0010,0.0016
0.0031,0.0063,0.0126,0.0222,0.0353,0.0514,0.0693,0.0896,0.1108,0.1332
0.1556,0.1788,0.2014,0.2247,0.2481,0.2714,0.2947,0.3180,0.3406,0.3632
0.3854,0.4077,0.4299,0.4518,0.4733,0.4944,0.5152,0.5362,0.5565,0.5768
0.5968,0.6171,0.6373,0.6568,0.6767,0.6961,0.7150,0.7340,0.7527,0.7711
0.7892,0.8067,0.8231,0.8393,0.8549,0.8694,0.8830,0.8955,0.9066,0.9166
0.9255,0.9336,0.9408,0.9469,0.9528,0.9578,0.9625,0.9666,0.9705,0.9740
0.9772,0.9800,0.9825,0.9845,0.9862,0.9877,0.9891,0.9903,0.9913,0.9923
0.9931,0.9938,0.9944,0.9949,0.9954,0.9958,0.9962,0.9966,0.9969,0.9972
0.9974,0.9977,0.9980,0.9982,0.9984,0.9986,0.9988,0.9989,0.9991,0.9992
0.9993,0.9994,0.9995,0.9996,0.9996,0.9997,0.9997,0.9997,0.9998,0.9998
0.9998,0.9999,0.9999,0.9999,0.9999,0.9999,1.0000,1.0000,1.0000,1.0000
1.0000,1.0000,1.0000,1.0000,1.0000,1.0000,1.0000,1.0000,1.0000,1.0000
hwc2y2fract=0.0000,0.0000,0.0000,0.0000,0.0000,0.0001,0.0001,0.0001
0.0001,0.0001,0.0001,0.0002,0.0002,0.0003,0.0004,0.0004,0.0006,0.0009
0.0016,0.0027,0.0050,0.0092,0.0160,0.0262,0.0395,0.0557,0.0742,0.0945
0.1163,0.1390,0.1624,0.1865,0.2103,0.2345,0.2585,0.2822,0.3058,0.3295
0.3524,0.3754,0.3979,0.4200,0.4418,0.4639,0.4851,0.5066,0.5274,0.5483
0.5691,0.5894,0.6102,0.6306,0.6508,0.6706,0.6904,0.7097,0.7290,0.7484
0.7671,0.7851,0.8029,0.8199,0.8364,0.8519,0.8666,0.8803,0.8932,0.9048
0.9155,0.9248,0.9333,0.9407,0.9471,0.9531,0.9582,0.9628,0.9671,0.9708
0.9744,0.9774,0.9800,0.9824,0.9845,0.9864,0.9878,0.9892,0.9904,0.9914
0.9923,0.9931,0.9938,0.9945,0.9950,0.9956,0.9961,0.9964,0.9968,0.9971
0.9974,0.9976,0.9979,0.9981,0.9983,0.9985,0.9986,0.9987,0.9989,0.9990
0.9992,0.9993,0.9994,0.9994,0.9995,0.9996,0.9996,0.9996,0.9997,0.9997
0.9997,0.9998,0.9998,0.9999,0.9999,0.9999,0.9999,0.9999,0.9999,0.9999
0.9999,1.0000,1.0000,1.0000,1.0000,1.0000,1.0000,1.0000,1.0000,1.0000
hwc2x2fract=0.0000,0.0000,0.0000,0.0001,0.0001,0.0002,0.0002,0.0002
0.0003,0.0003,0.0004,0.0005,0.0006,0.0007,0.0008,0.0009,0.0011,0.0014
0.0020,0.0031,0.0048,0.0078,0.0130,0.0200,0.0299,0.0419,0.0550,0.0702
0.0863,0.1035,0.1220,0.1412,0.1608,0.1820,0.2036,0.2252,0.2474,0.2700
0.2923,0.3148,0.3383,0.3610,0.3838,0.4069,0.4291,0.4519,0.4743,0.4968
0.5188,0.5407,0.5620,0.5831,0.6045,0.6260,0.6464,0.6671,0.6877,0.7079
0.7278,0.7473,0.7666,0.7851,0.8027,0.8202,0.8365,0.8519,0.8665,0.8803
0.8933,0.9047,0.9151,0.9244,0.9331,0.9411,0.9481,0.9544,0.9601,0.9652
0.9700,0.9742,0.9780,0.9813,0.9842,0.9867,0.9886,0.9903,0.9918,0.9929
0.9938,0.9947,0.9954,0.9960,0.9965,0.9969,0.9973,0.9976,0.9978,0.9981
0.9983,0.9985,0.9986,0.9988,0.9989,0.9990,0.9992,0.9993,0.9993,0.9994
0.9995,0.9996,0.9996,0.9997,0.9997,0.9997,0.9998,0.9998,0.9998,0.9998
0.9999,0.9999,0.9999,0.9999,0.9999,0.9999,0.9999,0.9999,1.0000,1.0000
1.0000,1.0000,1.0000,1.0000,1.0000,1.0000,1.0000,1.0000,1.0000,1.0000
