; Lookup table
;number of bins in Meek's time to distance lookup table
hdriftbins=138
;number of 1st bin in Meek's table in ns
hdrift1stbin=-24
;bin size in ns of Meek's table
hdriftbinsz=2
hwc1x1fract=0.0003,0.0006,0.0010,0.0014,0.0018,0.0021,0.0025,0.0030
0.0035,0.0040,0.0046,0.0052,0.0061,0.0072,0.0088,0.0114,0.0151,0.0197
0.0253,0.0322,0.0408,0.0509,0.0627,0.0756,0.0896,0.1048,0.1213,0.1386
0.1562,0.1746,0.1938,0.2135,0.2339,0.2546,0.2754,0.2968,0.3184,0.3399
0.3618,0.3833,0.4052,0.4269,0.4486,0.4704,0.4921,0.5131,0.5345,0.5556
0.5766,0.5977,0.6180,0.6387,0.6587,0.6784,0.6972,0.7164,0.7346,0.7521
0.7693,0.7858,0.8014,0.8162,0.8302,0.8435,0.8557,0.8674,0.8778,0.8875
0.8967,0.9051,0.9129,0.9200,0.9265,0.9324,0.9379,0.9430,0.9473,0.9514
0.9549,0.9579,0.9607,0.9631,0.9652,0.9670,0.9686,0.9700,0.9712,0.9723
0.9734,0.9743,0.9752,0.9760,0.9767,0.9775,0.9782,0.9789,0.9795,0.9802
0.9809,0.9815,0.9821,0.9827,0.9833,0.9839,0.9844,0.9849,0.9855,0.9861
0.9866,0.9871,0.9876,0.9881,0.9886,0.9890,0.9896,0.9901,0.9906,0.9911
0.9916,0.9921,0.9925,0.9931,0.9936,0.9941,0.9946,0.9951,0.9955,0.9960
0.9964,0.9968,0.9972,0.9977,0.9981,0.9985,0.9989,0.9992,0.9996,1.0000
hwc1y1fract=0.0003,0.0007,0.0010,0.0014,0.0017,0.0021,0.0025,0.0029
0.0034,0.0039,0.0045,0.0051,0.0058,0.0068,0.0078,0.0092,0.0109,0.0132
0.0166,0.0218,0.0296,0.0401,0.0538,0.0691,0.0870,0.1066,0.1271,0.1486
0.1707,0.1927,0.2152,0.2378,0.2604,0.2828,0.3050,0.3273,0.3489,0.3709
0.3921,0.4134,0.4344,0.4552,0.4755,0.4957,0.5155,0.5354,0.5553,0.5746
0.5942,0.6134,0.6327,0.6519,0.6705,0.6887,0.7071,0.7249,0.7425,0.7597
0.7761,0.7925,0.8082,0.8229,0.8368,0.8501,0.8623,0.8735,0.8838,0.8930
0.9011,0.9087,0.9153,0.9213,0.9266,0.9316,0.9361,0.9402,0.9441,0.9477
0.9509,0.9538,0.9565,0.9589,0.9611,0.9632,0.9649,0.9667,0.9683,0.9698
0.9710,0.9722,0.9734,0.9744,0.9754,0.9764,0.9773,0.9781,0.9789,0.9798
0.9806,0.9813,0.9820,0.9827,0.9835,0.9841,0.9848,0.9854,0.9860,0.9866
0.9872,0.9877,0.9882,0.9887,0.9893,0.9898,0.9903,0.9908,0.9913,0.9917
0.9921,0.9926,0.9930,0.9934,0.9939,0.9944,0.9948,0.9952,0.9956,0.9960
0.9964,0.9968,0.9972,0.9976,0.9980,0.9985,0.9988,0.9993,0.9997,1.0000
hwc1u1fract=0.0003,0.0005,0.0008,0.0010,0.0013,0.0016,0.0018,0.0021
0.0024,0.0027,0.0030,0.0034,0.0038,0.0044,0.0058,0.0081,0.0116,0.0161
0.0218,0.0291,0.0389,0.0505,0.0641,0.0795,0.0964,0.1142,0.1335,0.1535
0.1741,0.1951,0.2165,0.2380,0.2597,0.2811,0.3026,0.3240,0.3456,0.3674
0.3892,0.4108,0.4318,0.4526,0.4733,0.4939,0.5149,0.5351,0.5556,0.5759
0.5959,0.6159,0.6356,0.6550,0.6739,0.6929,0.7116,0.7299,0.7479,0.7654
0.7822,0.7985,0.8134,0.8278,0.8411,0.8532,0.8649,0.8755,0.8852,0.8938
0.9018,0.9091,0.9159,0.9220,0.9278,0.9331,0.9379,0.9423,0.9464,0.9499
0.9533,0.9563,0.9591,0.9616,0.9637,0.9656,0.9674,0.9689,0.9703,0.9716
0.9727,0.9737,0.9747,0.9757,0.9765,0.9774,0.9782,0.9789,0.9796,0.9803
0.9810,0.9817,0.9824,0.9830,0.9837,0.9843,0.9849,0.9855,0.9861,0.9866
0.9871,0.9876,0.9882,0.9887,0.9892,0.9897,0.9902,0.9907,0.9912,0.9917
0.9921,0.9926,0.9930,0.9935,0.9939,0.9944,0.9949,0.9953,0.9957,0.9961
0.9965,0.9969,0.9973,0.9977,0.9981,0.9985,0.9989,0.9993,0.9996,1.0000
hwc1v1fract=0.0002,0.0004,0.0007,0.0010,0.0013,0.0016,0.0019,0.0021
0.0024,0.0027,0.0030,0.0033,0.0037,0.0040,0.0044,0.0050,0.0057,0.0069
0.0093,0.0134,0.0199,0.0296,0.0418,0.0568,0.0740,0.0932,0.1134,0.1342
0.1556,0.1778,0.1999,0.2224,0.2444,0.2667,0.2886,0.3105,0.3322,0.3537
0.3749,0.3961,0.4167,0.4374,0.4580,0.4788,0.4990,0.5191,0.5387,0.5583
0.5775,0.5972,0.6167,0.6362,0.6553,0.6740,0.6926,0.7110,0.7291,0.7473
0.7646,0.7818,0.7982,0.8140,0.8288,0.8425,0.8558,0.8679,0.8784,0.8882
0.8967,0.9046,0.9115,0.9178,0.9234,0.9287,0.9338,0.9384,0.9426,0.9465
0.9501,0.9534,0.9565,0.9591,0.9614,0.9636,0.9655,0.9673,0.9689,0.9703
0.9716,0.9728,0.9738,0.9749,0.9758,0.9767,0.9776,0.9785,0.9793,0.9800
0.9808,0.9816,0.9822,0.9829,0.9836,0.9842,0.9848,0.9854,0.9861,0.9866
0.9872,0.9878,0.9884,0.9889,0.9894,0.9899,0.9903,0.9908,0.9913,0.9917
0.9922,0.9927,0.9932,0.9936,0.9941,0.9945,0.9949,0.9954,0.9958,0.9962
0.9966,0.9970,0.9974,0.9978,0.9982,0.9986,0.9990,0.9993,0.9997,1.0000
hwc1y2fract=0.0003,0.0006,0.0009,0.0012,0.0015,0.0018,0.0021,0.0025
0.0029,0.0034,0.0038,0.0043,0.0048,0.0055,0.0063,0.0075,0.0092,0.0120
0.0163,0.0225,0.0312,0.0428,0.0569,0.0731,0.0909,0.1101,0.1305,0.1519
0.1735,0.1959,0.2181,0.2401,0.2621,0.2843,0.3066,0.3282,0.3499,0.3714
0.3922,0.4132,0.4340,0.4542,0.4748,0.4951,0.5149,0.5348,0.5544,0.5741
0.5937,0.6130,0.6325,0.6518,0.6704,0.6890,0.7073,0.7254,0.7429,0.7601
0.7769,0.7928,0.8084,0.8230,0.8369,0.8498,0.8616,0.8724,0.8822,0.8909
0.8991,0.9063,0.9130,0.9192,0.9246,0.9296,0.9343,0.9384,0.9424,0.9458
0.9492,0.9523,0.9550,0.9576,0.9598,0.9618,0.9637,0.9655,0.9671,0.9686
0.9700,0.9712,0.9724,0.9736,0.9747,0.9756,0.9766,0.9775,0.9783,0.9791
0.9799,0.9807,0.9815,0.9822,0.9828,0.9835,0.9841,0.9847,0.9854,0.9860
0.9866,0.9872,0.9878,0.9884,0.9889,0.9895,0.9900,0.9905,0.9910,0.9915
0.9920,0.9925,0.9930,0.9935,0.9939,0.9943,0.9947,0.9952,0.9956,0.9960
0.9965,0.9969,0.9973,0.9977,0.9981,0.9985,0.9989,0.9993,0.9996,1.0000
hwc1x2fract=0.0003,0.0006,0.0009,0.0012,0.0015,0.0018,0.0021,0.0025
0.0028,0.0032,0.0035,0.0040,0.0045,0.0051,0.0058,0.0069,0.0086,0.0111
0.0143,0.0190,0.0254,0.0336,0.0436,0.0555,0.0689,0.0836,0.0993,0.1162
0.1337,0.1522,0.1715,0.1914,0.2117,0.2327,0.2540,0.2753,0.2971,0.3189
0.3406,0.3625,0.3846,0.4065,0.4286,0.4502,0.4714,0.4929,0.5140,0.5349
0.5557,0.5762,0.5970,0.6172,0.6371,0.6569,0.6766,0.6961,0.7149,0.7333
0.7513,0.7686,0.7856,0.8015,0.8167,0.8311,0.8445,0.8570,0.8682,0.8787
0.8885,0.8972,0.9054,0.9132,0.9202,0.9266,0.9326,0.9380,0.9428,0.9473
0.9513,0.9549,0.9580,0.9607,0.9632,0.9651,0.9668,0.9684,0.9698,0.9710
0.9722,0.9732,0.9742,0.9752,0.9760,0.9768,0.9776,0.9784,0.9791,0.9798
0.9805,0.9811,0.9817,0.9823,0.9829,0.9835,0.9841,0.9846,0.9852,0.9858
0.9864,0.9869,0.9873,0.9879,0.9884,0.9890,0.9895,0.9901,0.9906,0.9911
0.9916,0.9921,0.9926,0.9931,0.9936,0.9940,0.9945,0.9950,0.9955,0.9959
0.9964,0.9968,0.9972,0.9976,0.9980,0.9985,0.9989,0.9993,0.9997,1.0000
hwc2x1fract=0.0003,0.0007,0.0011,0.0015,0.0018,0.0022,0.0026,0.0031
0.0036,0.0041,0.0047,0.0053,0.0061,0.0072,0.0088,0.0111,0.0150,0.0205
0.0277,0.0365,0.0469,0.0587,0.0721,0.0865,0.1024,0.1189,0.1361,0.1545
0.1732,0.1927,0.2127,0.2329,0.2537,0.2747,0.2962,0.3179,0.3398,0.3614
0.3831,0.4050,0.4270,0.4488,0.4706,0.4919,0.5135,0.5345,0.5557,0.5763
0.5973,0.6178,0.6382,0.6584,0.6781,0.6977,0.7168,0.7357,0.7540,0.7719
0.7888,0.8050,0.8207,0.8352,0.8486,0.8609,0.8721,0.8824,0.8920,0.9008
0.9089,0.9164,0.9230,0.9293,0.9347,0.9398,0.9446,0.9489,0.9527,0.9560
0.9590,0.9617,0.9640,0.9659,0.9676,0.9691,0.9704,0.9716,0.9727,0.9736
0.9746,0.9755,0.9763,0.9771,0.9779,0.9786,0.9792,0.9799,0.9805,0.9811
0.9817,0.9823,0.9829,0.9835,0.9840,0.9845,0.9851,0.9857,0.9862,0.9867
0.9873,0.9878,0.9883,0.9888,0.9892,0.9897,0.9902,0.9907,0.9911,0.9916
0.9921,0.9926,0.9930,0.9934,0.9939,0.9944,0.9948,0.9952,0.9957,0.9961
0.9966,0.9970,0.9974,0.9978,0.9981,0.9985,0.9988,0.9992,0.9996,1.0000
hwc2y1fract=0.0003,0.0005,0.0008,0.0011,0.0014,0.0017,0.0020,0.0023
0.0026,0.0030,0.0035,0.0039,0.0044,0.0049,0.0056,0.0064,0.0077,0.0096
0.0124,0.0174,0.0248,0.0356,0.0491,0.0653,0.0836,0.1037,0.1249,0.1470
0.1698,0.1927,0.2155,0.2389,0.2618,0.2843,0.3067,0.3290,0.3512,0.3727
0.3943,0.4156,0.4365,0.4572,0.4778,0.4985,0.5184,0.5385,0.5583,0.5782
0.5979,0.6174,0.6373,0.6564,0.6752,0.6938,0.7121,0.7300,0.7477,0.7650
0.7822,0.7985,0.8142,0.8292,0.8434,0.8563,0.8685,0.8795,0.8894,0.8985
0.9065,0.9135,0.9200,0.9260,0.9312,0.9359,0.9401,0.9440,0.9476,0.9509
0.9538,0.9565,0.9590,0.9612,0.9633,0.9651,0.9667,0.9682,0.9696,0.9709
0.9721,0.9733,0.9743,0.9753,0.9762,0.9771,0.9779,0.9787,0.9794,0.9801
0.9808,0.9815,0.9822,0.9829,0.9835,0.9841,0.9848,0.9853,0.9860,0.9865
0.9871,0.9877,0.9883,0.9888,0.9894,0.9899,0.9904,0.9909,0.9913,0.9918
0.9923,0.9928,0.9933,0.9937,0.9941,0.9946,0.9949,0.9954,0.9958,0.9962
0.9967,0.9970,0.9974,0.9978,0.9982,0.9985,0.9988,0.9992,0.9996,1.0000
hwc2u1fract=0.0002,0.0005,0.0007,0.0010,0.0012,0.0015,0.0017,0.0020
0.0022,0.0025,0.0028,0.0031,0.0034,0.0038,0.0041,0.0046,0.0052,0.0065
0.0090,0.0140,0.0224,0.0343,0.0493,0.0668,0.0866,0.1075,0.1294,0.1516
0.1744,0.1975,0.2207,0.2432,0.2661,0.2887,0.3110,0.3332,0.3551,0.3767
0.3982,0.4193,0.4402,0.4606,0.4808,0.5008,0.5209,0.5405,0.5601,0.5798
0.5992,0.6183,0.6373,0.6561,0.6750,0.6937,0.7118,0.7300,0.7478,0.7651
0.7825,0.7991,0.8152,0.8302,0.8445,0.8579,0.8701,0.8811,0.8910,0.8996
0.9074,0.9145,0.9208,0.9266,0.9318,0.9365,0.9408,0.9448,0.9484,0.9518
0.9547,0.9575,0.9600,0.9622,0.9640,0.9659,0.9675,0.9689,0.9703,0.9714
0.9725,0.9736,0.9746,0.9755,0.9763,0.9771,0.9779,0.9787,0.9794,0.9802
0.9809,0.9816,0.9822,0.9828,0.9835,0.9841,0.9848,0.9854,0.9859,0.9865
0.9871,0.9877,0.9882,0.9887,0.9893,0.9897,0.9903,0.9908,0.9913,0.9918
0.9923,0.9928,0.9933,0.9937,0.9942,0.9947,0.9951,0.9956,0.9960,0.9964
0.9968,0.9972,0.9975,0.9979,0.9983,0.9986,0.9989,0.9993,0.9997,1.0000
hwc2v1fract=0.0002,0.0005,0.0007,0.0010,0.0012,0.0015,0.0018,0.0021
0.0024,0.0027,0.0030,0.0033,0.0037,0.0041,0.0045,0.0050,0.0057,0.0069
0.0092,0.0137,0.0209,0.0318,0.0455,0.0619,0.0805,0.1008,0.1223,0.1449
0.1675,0.1905,0.2135,0.2366,0.2598,0.2824,0.3047,0.3268,0.3483,0.3700
0.3909,0.4121,0.4325,0.4534,0.4740,0.4940,0.5139,0.5339,0.5534,0.5735
0.5926,0.6122,0.6315,0.6505,0.6695,0.6880,0.7064,0.7246,0.7423,0.7594
0.7763,0.7930,0.8091,0.8243,0.8389,0.8522,0.8647,0.8761,0.8861,0.8951
0.9032,0.9104,0.9168,0.9228,0.9282,0.9332,0.9378,0.9420,0.9456,0.9491
0.9523,0.9553,0.9578,0.9601,0.9622,0.9642,0.9660,0.9676,0.9690,0.9703
0.9715,0.9725,0.9735,0.9746,0.9755,0.9765,0.9774,0.9782,0.9790,0.9798
0.9805,0.9812,0.9819,0.9826,0.9832,0.9838,0.9844,0.9851,0.9857,0.9863
0.9869,0.9874,0.9880,0.9885,0.9891,0.9896,0.9901,0.9906,0.9911,0.9915
0.9920,0.9925,0.9930,0.9934,0.9939,0.9944,0.9949,0.9953,0.9958,0.9962
0.9966,0.9970,0.9974,0.9978,0.9982,0.9986,0.9990,0.9993,0.9996,1.0000
hwc2y2fract=0.0002,0.0006,0.0009,0.0012,0.0015,0.0018,0.0022,0.0026
0.0030,0.0034,0.0039,0.0043,0.0049,0.0054,0.0062,0.0072,0.0087,0.0110
0.0145,0.0203,0.0285,0.0397,0.0537,0.0704,0.0891,0.1096,0.1311,0.1532
0.1762,0.1993,0.2220,0.2448,0.2678,0.2904,0.3125,0.3343,0.3563,0.3781
0.3995,0.4209,0.4422,0.4627,0.4833,0.5035,0.5238,0.5438,0.5633,0.5831
0.6028,0.6224,0.6419,0.6605,0.6792,0.6977,0.7161,0.7337,0.7514,0.7685
0.7853,0.8018,0.8174,0.8322,0.8461,0.8590,0.8709,0.8816,0.8914,0.9001
0.9080,0.9150,0.9211,0.9268,0.9318,0.9365,0.9407,0.9446,0.9480,0.9513
0.9542,0.9570,0.9594,0.9615,0.9634,0.9652,0.9667,0.9682,0.9696,0.9709
0.9720,0.9732,0.9742,0.9751,0.9761,0.9769,0.9778,0.9786,0.9793,0.9801
0.9808,0.9814,0.9822,0.9829,0.9835,0.9841,0.9847,0.9853,0.9859,0.9864
0.9870,0.9875,0.9881,0.9886,0.9891,0.9897,0.9902,0.9907,0.9912,0.9917
0.9921,0.9926,0.9930,0.9935,0.9939,0.9944,0.9949,0.9953,0.9958,0.9962
0.9966,0.9970,0.9974,0.9978,0.9982,0.9985,0.9989,0.9993,0.9996,1.0000
hwc2x2fract=0.0003,0.0006,0.0009,0.0013,0.0016,0.0019,0.0023,0.0026
0.0030,0.0035,0.0039,0.0044,0.0050,0.0057,0.0067,0.0083,0.0110,0.0152
0.0209,0.0282,0.0376,0.0486,0.0614,0.0754,0.0906,0.1070,0.1242,0.1423
0.1611,0.1804,0.2004,0.2210,0.2421,0.2638,0.2850,0.3066,0.3283,0.3504
0.3723,0.3945,0.4163,0.4381,0.4599,0.4812,0.5026,0.5238,0.5449,0.5661
0.5871,0.6075,0.6277,0.6480,0.6678,0.6877,0.7069,0.7263,0.7450,0.7630
0.7801,0.7967,0.8125,0.8272,0.8412,0.8543,0.8662,0.8771,0.8870,0.8960
0.9045,0.9122,0.9193,0.9259,0.9319,0.9372,0.9421,0.9465,0.9506,0.9542
0.9575,0.9605,0.9629,0.9651,0.9670,0.9686,0.9701,0.9714,0.9726,0.9737
0.9747,0.9756,0.9764,0.9772,0.9780,0.9787,0.9794,0.9801,0.9807,0.9814
0.9820,0.9825,0.9831,0.9836,0.9842,0.9847,0.9852,0.9858,0.9863,0.9868
0.9873,0.9878,0.9883,0.9888,0.9893,0.9897,0.9902,0.9907,0.9912,0.9917
0.9921,0.9926,0.9930,0.9935,0.9939,0.9944,0.9948,0.9952,0.9956,0.9960
0.9965,0.9969,0.9973,0.9977,0.9981,0.9985,0.9989,0.9993,0.9997,1.0000
