; Lookup table
;number of bins in Meek's time to distance lookup table
hdriftbins=138
;number of 1st bin in Meek's table in ns
hdrift1stbin=-24
;bin size in ns of Meek's table
hdriftbinsz=2
hwc1x1fract=0.0000,0.0001,0.0002,0.0003,0.0004,0.0005,0.0006,0.0007
0.0008,0.0010,0.0011,0.0014,0.0016,0.0019,0.0023,0.0030,0.0041,0.0060
0.0083,0.0115,0.0158,0.0219,0.0297,0.0395,0.0511,0.0641,0.0789,0.0951
0.1125,0.1310,0.1503,0.1702,0.1911,0.2121,0.2337,0.2560,0.2787,0.3017
0.3249,0.3480,0.3713,0.3944,0.4176,0.4404,0.4631,0.4858,0.5083,0.5305
0.5524,0.5740,0.5957,0.6169,0.6384,0.6590,0.6794,0.6993,0.7193,0.7389
0.7579,0.7761,0.7937,0.8107,0.8268,0.8418,0.8562,0.8694,0.8815,0.8927
0.9032,0.9125,0.9211,0.9293,0.9368,0.9435,0.9498,0.9557,0.9610,0.9657
0.9702,0.9739,0.9773,0.9802,0.9827,0.9848,0.9866,0.9881,0.9894,0.9905
0.9915,0.9923,0.9930,0.9937,0.9942,0.9947,0.9951,0.9955,0.9958,0.9961
0.9964,0.9967,0.9969,0.9971,0.9973,0.9975,0.9976,0.9978,0.9979,0.9981
0.9982,0.9983,0.9984,0.9985,0.9986,0.9987,0.9988,0.9989,0.9989,0.9990
0.9991,0.9992,0.9992,0.9993,0.9993,0.9994,0.9994,0.9995,0.9995,0.9996
0.9996,0.9997,0.9997,0.9998,0.9998,0.9998,0.9999,0.9999,1.0000,1.0000
hwc1y1fract=0.0001,0.0001,0.0002,0.0003,0.0003,0.0005,0.0005,0.0007
0.0008,0.0009,0.0011,0.0013,0.0015,0.0018,0.0023,0.0029,0.0037,0.0050
0.0070,0.0104,0.0158,0.0243,0.0358,0.0501,0.0671,0.0863,0.1072,0.1292
0.1522,0.1759,0.1999,0.2240,0.2481,0.2721,0.2962,0.3196,0.3430,0.3658
0.3884,0.4109,0.4337,0.4558,0.4772,0.4984,0.5194,0.5405,0.5612,0.5819
0.6028,0.6231,0.6435,0.6638,0.6833,0.7026,0.7220,0.7408,0.7593,0.7773
0.7947,0.8116,0.8279,0.8434,0.8577,0.8713,0.8839,0.8954,0.9057,0.9149
0.9232,0.9304,0.9370,0.9429,0.9482,0.9531,0.9573,0.9614,0.9651,0.9685
0.9716,0.9742,0.9767,0.9788,0.9807,0.9825,0.9840,0.9854,0.9867,0.9878
0.9889,0.9898,0.9907,0.9915,0.9921,0.9928,0.9934,0.9939,0.9944,0.9948
0.9952,0.9956,0.9960,0.9963,0.9966,0.9969,0.9971,0.9973,0.9975,0.9977
0.9979,0.9981,0.9982,0.9984,0.9985,0.9986,0.9987,0.9988,0.9989,0.9990
0.9991,0.9992,0.9993,0.9994,0.9994,0.9995,0.9995,0.9996,0.9996,0.9997
0.9997,0.9997,0.9998,0.9998,0.9998,0.9999,0.9999,0.9999,1.0000,1.0000
hwc1u1fract=0.0000,0.0001,0.0001,0.0001,0.0002,0.0002,0.0002,0.0003
0.0003,0.0004,0.0004,0.0005,0.0006,0.0007,0.0010,0.0015,0.0026,0.0042
0.0066,0.0099,0.0149,0.0221,0.0320,0.0444,0.0589,0.0754,0.0941,0.1142
0.1350,0.1566,0.1789,0.2016,0.2244,0.2477,0.2711,0.2943,0.3174,0.3403
0.3632,0.3862,0.4086,0.4310,0.4529,0.4745,0.4961,0.5178,0.5392,0.5602
0.5812,0.6017,0.6222,0.6426,0.6627,0.6826,0.7021,0.7212,0.7403,0.7589
0.7772,0.7946,0.8115,0.8275,0.8426,0.8566,0.8696,0.8815,0.8923,0.9021
0.9112,0.9194,0.9268,0.9334,0.9396,0.9454,0.9505,0.9554,0.9598,0.9639
0.9676,0.9710,0.9741,0.9768,0.9792,0.9812,0.9830,0.9845,0.9859,0.9871
0.9882,0.9892,0.9902,0.9909,0.9916,0.9923,0.9928,0.9933,0.9939,0.9944
0.9948,0.9952,0.9955,0.9958,0.9961,0.9964,0.9967,0.9970,0.9972,0.9974
0.9976,0.9978,0.9980,0.9981,0.9982,0.9984,0.9985,0.9986,0.9987,0.9988
0.9989,0.9990,0.9991,0.9992,0.9992,0.9993,0.9994,0.9994,0.9995,0.9996
0.9996,0.9997,0.9997,0.9998,0.9998,0.9999,0.9999,0.9999,1.0000,1.0000
hwc1v1fract=0.0000,0.0001,0.0001,0.0002,0.0002,0.0002,0.0003,0.0003
0.0004,0.0004,0.0005,0.0006,0.0007,0.0009,0.0010,0.0013,0.0018,0.0029
0.0049,0.0085,0.0145,0.0234,0.0350,0.0496,0.0664,0.0851,0.1049,0.1262
0.1482,0.1707,0.1938,0.2169,0.2398,0.2634,0.2864,0.3094,0.3322,0.3552
0.3776,0.4002,0.4225,0.4442,0.4659,0.4875,0.5088,0.5295,0.5505,0.5712
0.5917,0.6122,0.6323,0.6526,0.6722,0.6918,0.7115,0.7307,0.7497,0.7683
0.7865,0.8044,0.8212,0.8374,0.8524,0.8665,0.8795,0.8911,0.9015,0.9107
0.9191,0.9264,0.9331,0.9390,0.9444,0.9496,0.9542,0.9587,0.9628,0.9666
0.9701,0.9733,0.9761,0.9786,0.9807,0.9826,0.9843,0.9857,0.9870,0.9882
0.9891,0.9900,0.9909,0.9916,0.9922,0.9928,0.9933,0.9938,0.9943,0.9947
0.9951,0.9954,0.9957,0.9961,0.9963,0.9966,0.9968,0.9971,0.9973,0.9975
0.9977,0.9979,0.9980,0.9982,0.9984,0.9985,0.9986,0.9987,0.9988,0.9989
0.9990,0.9991,0.9991,0.9992,0.9993,0.9993,0.9994,0.9995,0.9995,0.9996
0.9996,0.9997,0.9997,0.9998,0.9998,0.9999,0.9999,1.0000,1.0000,1.0000
hwc1y2fract=0.0000,0.0001,0.0001,0.0002,0.0002,0.0003,0.0003,0.0004
0.0005,0.0006,0.0007,0.0008,0.0010,0.0011,0.0015,0.0020,0.0029,0.0044
0.0072,0.0116,0.0186,0.0282,0.0409,0.0558,0.0734,0.0929,0.1140,0.1363
0.1590,0.1827,0.2062,0.2302,0.2542,0.2778,0.3016,0.3249,0.3483,0.3712
0.3942,0.4167,0.4389,0.4609,0.4825,0.5038,0.5247,0.5453,0.5659,0.5865
0.6069,0.6271,0.6469,0.6672,0.6871,0.7060,0.7252,0.7437,0.7621,0.7800
0.7973,0.8136,0.8294,0.8443,0.8582,0.8712,0.8831,0.8939,0.9037,0.9126
0.9207,0.9278,0.9342,0.9402,0.9455,0.9505,0.9549,0.9590,0.9628,0.9662
0.9695,0.9723,0.9749,0.9771,0.9792,0.9811,0.9826,0.9841,0.9855,0.9866
0.9877,0.9886,0.9895,0.9903,0.9911,0.9918,0.9924,0.9930,0.9935,0.9940
0.9944,0.9948,0.9952,0.9956,0.9959,0.9962,0.9965,0.9967,0.9970,0.9972
0.9975,0.9977,0.9979,0.9981,0.9982,0.9984,0.9985,0.9987,0.9988,0.9988
0.9989,0.9990,0.9991,0.9992,0.9993,0.9994,0.9994,0.9995,0.9995,0.9996
0.9997,0.9997,0.9998,0.9998,0.9998,0.9999,0.9999,0.9999,1.0000,1.0000
hwc1x2fract=0.0000,0.0001,0.0002,0.0002,0.0003,0.0004,0.0004,0.0005
0.0006,0.0007,0.0008,0.0009,0.0011,0.0013,0.0016,0.0022,0.0032,0.0049
0.0075,0.0115,0.0178,0.0258,0.0358,0.0480,0.0615,0.0765,0.0930,0.1106
0.1294,0.1496,0.1703,0.1913,0.2133,0.2361,0.2588,0.2816,0.3048,0.3277
0.3509,0.3744,0.3971,0.4201,0.4430,0.4654,0.4880,0.5103,0.5324,0.5542
0.5760,0.5973,0.6186,0.6396,0.6606,0.6807,0.7009,0.7204,0.7397,0.7585
0.7767,0.7944,0.8112,0.8274,0.8428,0.8570,0.8703,0.8824,0.8937,0.9039
0.9132,0.9218,0.9297,0.9369,0.9436,0.9497,0.9554,0.9606,0.9655,0.9697
0.9734,0.9767,0.9796,0.9820,0.9843,0.9860,0.9875,0.9889,0.9901,0.9910
0.9918,0.9926,0.9932,0.9938,0.9943,0.9948,0.9952,0.9955,0.9958,0.9962
0.9964,0.9966,0.9969,0.9971,0.9972,0.9974,0.9975,0.9977,0.9978,0.9980
0.9981,0.9982,0.9983,0.9984,0.9985,0.9986,0.9987,0.9988,0.9989,0.9990
0.9990,0.9991,0.9992,0.9992,0.9993,0.9993,0.9994,0.9995,0.9995,0.9996
0.9996,0.9996,0.9997,0.9998,0.9998,0.9998,0.9999,0.9999,0.9999,1.0000
hwc2x1fract=0.0001,0.0001,0.0002,0.0003,0.0004,0.0005,0.0006,0.0007
0.0009,0.0010,0.0012,0.0014,0.0016,0.0019,0.0022,0.0027,0.0034,0.0047
0.0070,0.0106,0.0157,0.0222,0.0306,0.0410,0.0531,0.0667,0.0817,0.0983
0.1163,0.1351,0.1547,0.1749,0.1963,0.2180,0.2401,0.2627,0.2852,0.3083
0.3309,0.3541,0.3774,0.4003,0.4235,0.4464,0.4697,0.4924,0.5149,0.5373
0.5597,0.5814,0.6035,0.6252,0.6462,0.6671,0.6881,0.7090,0.7293,0.7486
0.7680,0.7867,0.8048,0.8217,0.8380,0.8532,0.8670,0.8799,0.8915,0.9023
0.9123,0.9213,0.9294,0.9366,0.9433,0.9496,0.9554,0.9606,0.9652,0.9696
0.9733,0.9767,0.9797,0.9822,0.9845,0.9863,0.9879,0.9893,0.9903,0.9913
0.9921,0.9928,0.9934,0.9940,0.9945,0.9949,0.9954,0.9958,0.9961,0.9964
0.9966,0.9969,0.9971,0.9973,0.9974,0.9976,0.9978,0.9979,0.9980,0.9982
0.9983,0.9984,0.9985,0.9986,0.9987,0.9988,0.9988,0.9989,0.9990,0.9990
0.9991,0.9992,0.9992,0.9993,0.9994,0.9994,0.9995,0.9995,0.9996,0.9996
0.9997,0.9997,0.9997,0.9998,0.9998,0.9999,0.9999,0.9999,1.0000,1.0000
hwc2y1fract=0.0000,0.0001,0.0001,0.0002,0.0002,0.0003,0.0003,0.0004
0.0004,0.0005,0.0006,0.0007,0.0009,0.0010,0.0012,0.0015,0.0020,0.0029
0.0046,0.0077,0.0130,0.0210,0.0323,0.0465,0.0639,0.0832,0.1046,0.1272
0.1509,0.1755,0.2001,0.2246,0.2494,0.2741,0.2982,0.3222,0.3460,0.3693
0.3930,0.4157,0.4384,0.4609,0.4829,0.5045,0.5258,0.5468,0.5675,0.5882
0.6088,0.6295,0.6498,0.6700,0.6900,0.7096,0.7288,0.7479,0.7669,0.7852
0.8027,0.8195,0.8360,0.8516,0.8662,0.8796,0.8922,0.9032,0.9133,0.9222
0.9301,0.9370,0.9431,0.9486,0.9535,0.9580,0.9621,0.9658,0.9691,0.9722
0.9750,0.9774,0.9795,0.9814,0.9830,0.9845,0.9858,0.9870,0.9880,0.9890
0.9899,0.9906,0.9913,0.9919,0.9924,0.9930,0.9935,0.9939,0.9944,0.9948
0.9952,0.9955,0.9958,0.9961,0.9964,0.9967,0.9969,0.9971,0.9973,0.9975
0.9977,0.9978,0.9980,0.9982,0.9983,0.9984,0.9986,0.9987,0.9988,0.9989
0.9990,0.9991,0.9992,0.9993,0.9994,0.9994,0.9995,0.9995,0.9996,0.9996
0.9997,0.9997,0.9998,0.9998,0.9998,0.9999,0.9999,0.9999,1.0000,1.0000
hwc2u1fract=0.0000,0.0001,0.0001,0.0001,0.0002,0.0002,0.0002,0.0003
0.0003,0.0004,0.0004,0.0005,0.0006,0.0006,0.0007,0.0009,0.0011,0.0016
0.0025,0.0049,0.0095,0.0172,0.0284,0.0431,0.0606,0.0799,0.1016,0.1246
0.1478,0.1718,0.1962,0.2206,0.2450,0.2690,0.2929,0.3166,0.3400,0.3631
0.3859,0.4085,0.4310,0.4530,0.4751,0.4966,0.5178,0.5391,0.5597,0.5804
0.6006,0.6210,0.6410,0.6610,0.6807,0.7004,0.7198,0.7386,0.7575,0.7756
0.7934,0.8111,0.8280,0.8439,0.8592,0.8734,0.8863,0.8979,0.9082,0.9175
0.9257,0.9328,0.9391,0.9447,0.9497,0.9544,0.9587,0.9625,0.9660,0.9693
0.9723,0.9750,0.9774,0.9794,0.9813,0.9830,0.9845,0.9858,0.9869,0.9879
0.9889,0.9897,0.9904,0.9911,0.9918,0.9923,0.9929,0.9934,0.9938,0.9943
0.9946,0.9950,0.9953,0.9957,0.9960,0.9963,0.9966,0.9968,0.9971,0.9973
0.9975,0.9977,0.9979,0.9981,0.9982,0.9984,0.9986,0.9987,0.9988,0.9989
0.9990,0.9991,0.9992,0.9993,0.9993,0.9994,0.9995,0.9995,0.9996,0.9996
0.9997,0.9997,0.9998,0.9998,0.9999,0.9999,0.9999,0.9999,1.0000,1.0000
hwc2v1fract=0.0000,0.0001,0.0001,0.0002,0.0002,0.0003,0.0003,0.0004
0.0004,0.0005,0.0005,0.0006,0.0007,0.0009,0.0010,0.0013,0.0017,0.0025
0.0040,0.0073,0.0134,0.0229,0.0356,0.0513,0.0694,0.0899,0.1117,0.1350
0.1586,0.1826,0.2067,0.2311,0.2554,0.2796,0.3032,0.3272,0.3502,0.3736
0.3964,0.4190,0.4411,0.4631,0.4844,0.5059,0.5273,0.5482,0.5687,0.5894
0.6097,0.6302,0.6501,0.6701,0.6895,0.7090,0.7279,0.7470,0.7653,0.7835
0.8012,0.8185,0.8347,0.8502,0.8648,0.8783,0.8904,0.9015,0.9112,0.9199
0.9277,0.9346,0.9406,0.9462,0.9511,0.9557,0.9598,0.9636,0.9672,0.9703
0.9732,0.9758,0.9782,0.9802,0.9819,0.9835,0.9849,0.9862,0.9873,0.9884
0.9892,0.9901,0.9908,0.9914,0.9920,0.9926,0.9930,0.9935,0.9939,0.9944
0.9948,0.9951,0.9955,0.9958,0.9961,0.9964,0.9967,0.9969,0.9972,0.9974
0.9976,0.9979,0.9980,0.9982,0.9984,0.9985,0.9986,0.9987,0.9988,0.9989
0.9990,0.9991,0.9992,0.9993,0.9993,0.9994,0.9994,0.9995,0.9995,0.9996
0.9996,0.9997,0.9997,0.9998,0.9998,0.9999,0.9999,0.9999,1.0000,1.0000
hwc2y2fract=0.0001,0.0001,0.0001,0.0002,0.0002,0.0003,0.0004,0.0004
0.0005,0.0006,0.0007,0.0008,0.0009,0.0011,0.0014,0.0018,0.0026,0.0038
0.0058,0.0092,0.0152,0.0241,0.0360,0.0507,0.0681,0.0880,0.1098,0.1325
0.1562,0.1807,0.2051,0.2297,0.2543,0.2789,0.3032,0.3270,0.3505,0.3740
0.3968,0.4196,0.4421,0.4644,0.4866,0.5080,0.5292,0.5500,0.5708,0.5917
0.6123,0.6324,0.6527,0.6727,0.6929,0.7123,0.7314,0.7505,0.7690,0.7873
0.8053,0.8221,0.8383,0.8534,0.8678,0.8812,0.8933,0.9044,0.9146,0.9235
0.9314,0.9382,0.9443,0.9496,0.9543,0.9586,0.9625,0.9661,0.9693,0.9722
0.9749,0.9771,0.9792,0.9812,0.9829,0.9843,0.9856,0.9868,0.9879,0.9889
0.9897,0.9905,0.9912,0.9919,0.9924,0.9930,0.9934,0.9939,0.9942,0.9946
0.9950,0.9953,0.9956,0.9960,0.9962,0.9965,0.9967,0.9969,0.9972,0.9974
0.9976,0.9978,0.9980,0.9981,0.9983,0.9985,0.9986,0.9987,0.9989,0.9990
0.9990,0.9991,0.9992,0.9993,0.9994,0.9994,0.9995,0.9995,0.9996,0.9996
0.9997,0.9997,0.9998,0.9998,0.9999,0.9999,0.9999,0.9999,1.0000,1.0000
hwc2x2fract=0.0000,0.0001,0.0001,0.0002,0.0003,0.0003,0.0004,0.0005
0.0006,0.0008,0.0009,0.0011,0.0012,0.0014,0.0017,0.0022,0.0029,0.0043
0.0067,0.0099,0.0147,0.0213,0.0300,0.0408,0.0537,0.0679,0.0842,0.1018
0.1207,0.1408,0.1615,0.1829,0.2048,0.2274,0.2503,0.2736,0.2970,0.3203
0.3438,0.3669,0.3904,0.4129,0.4359,0.4589,0.4818,0.5042,0.5264,0.5483
0.5702,0.5917,0.6131,0.6343,0.6553,0.6761,0.6966,0.7166,0.7364,0.7557
0.7747,0.7930,0.8100,0.8266,0.8423,0.8570,0.8710,0.8833,0.8948,0.9052
0.9148,0.9232,0.9311,0.9383,0.9448,0.9508,0.9564,0.9612,0.9656,0.9696
0.9734,0.9767,0.9796,0.9820,0.9842,0.9859,0.9873,0.9886,0.9897,0.9907
0.9915,0.9923,0.9930,0.9935,0.9941,0.9946,0.9950,0.9954,0.9957,0.9961
0.9963,0.9966,0.9969,0.9971,0.9973,0.9975,0.9976,0.9978,0.9979,0.9981
0.9982,0.9983,0.9984,0.9985,0.9986,0.9987,0.9988,0.9989,0.9989,0.9990
0.9991,0.9992,0.9992,0.9993,0.9994,0.9994,0.9995,0.9995,0.9996,0.9996
0.9997,0.9997,0.9997,0.9998,0.9998,0.9999,0.9999,0.9999,1.0000,1.0000
