; Lookup table
;number of bins in Meek's time to distance lookup table
hdriftbins=138
;number of 1st bin in Meek's table in ns
hdrift1stbin=-24
;bin size in ns of Meek's table
hdriftbinsz=2
hwc1x1fract=0.0002,0.0005,0.0007,0.0010,0.0013,0.0017,0.0020,0.0023
0.0027,0.0030,0.0035,0.0040,0.0046,0.0054,0.0066,0.0085,0.0110,0.0140
0.0182,0.0233,0.0300,0.0381,0.0482,0.0599,0.0727,0.0867,0.1017,0.1180
0.1348,0.1521,0.1705,0.1892,0.2083,0.2286,0.2494,0.2702,0.2913,0.3130
0.3347,0.3562,0.3778,0.4000,0.4221,0.4438,0.4659,0.4881,0.5099,0.5319
0.5534,0.5748,0.5959,0.6174,0.6385,0.6590,0.6792,0.6993,0.7188,0.7380
0.7571,0.7751,0.7928,0.8095,0.8256,0.8404,0.8545,0.8680,0.8805,0.8920
0.9026,0.9121,0.9210,0.9289,0.9362,0.9429,0.9488,0.9542,0.9589,0.9631
0.9667,0.9697,0.9724,0.9747,0.9766,0.9783,0.9798,0.9810,0.9821,0.9830
0.9838,0.9846,0.9853,0.9859,0.9864,0.9870,0.9875,0.9880,0.9884,0.9888
0.9892,0.9896,0.9899,0.9903,0.9906,0.9910,0.9913,0.9917,0.9920,0.9923
0.9926,0.9929,0.9932,0.9935,0.9938,0.9941,0.9944,0.9946,0.9949,0.9952
0.9955,0.9958,0.9961,0.9963,0.9965,0.9968,0.9971,0.9973,0.9975,0.9978
0.9980,0.9983,0.9985,0.9987,0.9989,0.9992,0.9994,0.9996,0.9998,1.0000
hwc1y1fract=0.0003,0.0005,0.0008,0.0011,0.0015,0.0018,0.0021,0.0025
0.0029,0.0033,0.0038,0.0042,0.0047,0.0054,0.0062,0.0072,0.0085,0.0104
0.0133,0.0177,0.0245,0.0340,0.0464,0.0610,0.0775,0.0954,0.1149,0.1357
0.1571,0.1789,0.2010,0.2233,0.2452,0.2674,0.2894,0.3114,0.3333,0.3554
0.3773,0.3991,0.4204,0.4415,0.4625,0.4836,0.5042,0.5247,0.5450,0.5650
0.5855,0.6055,0.6256,0.6454,0.6649,0.6840,0.7032,0.7219,0.7405,0.7589
0.7766,0.7940,0.8111,0.8269,0.8421,0.8568,0.8703,0.8825,0.8936,0.9038
0.9128,0.9212,0.9284,0.9350,0.9408,0.9460,0.9507,0.9549,0.9585,0.9618
0.9650,0.9677,0.9702,0.9722,0.9740,0.9757,0.9772,0.9785,0.9797,0.9808
0.9817,0.9826,0.9834,0.9842,0.9849,0.9855,0.9862,0.9868,0.9873,0.9879
0.9884,0.9889,0.9894,0.9899,0.9903,0.9907,0.9912,0.9916,0.9920,0.9924
0.9927,0.9931,0.9934,0.9938,0.9941,0.9944,0.9947,0.9950,0.9953,0.9955
0.9958,0.9961,0.9963,0.9965,0.9968,0.9971,0.9973,0.9975,0.9977,0.9979
0.9982,0.9984,0.9986,0.9988,0.9990,0.9992,0.9994,0.9996,0.9998,1.0000
hwc1u1fract=0.0003,0.0005,0.0007,0.0009,0.0011,0.0014,0.0016,0.0019
0.0021,0.0024,0.0027,0.0030,0.0033,0.0039,0.0049,0.0066,0.0090,0.0123
0.0167,0.0227,0.0307,0.0414,0.0540,0.0685,0.0843,0.1015,0.1197,0.1390
0.1590,0.1794,0.2003,0.2215,0.2426,0.2641,0.2857,0.3070,0.3287,0.3504
0.3719,0.3934,0.4150,0.4363,0.4574,0.4784,0.4995,0.5200,0.5407,0.5611
0.5814,0.6016,0.6218,0.6419,0.6617,0.6813,0.7009,0.7201,0.7389,0.7574
0.7752,0.7925,0.8090,0.8249,0.8401,0.8540,0.8672,0.8793,0.8905,0.9007
0.9097,0.9180,0.9253,0.9320,0.9382,0.9438,0.9489,0.9534,0.9575,0.9612
0.9645,0.9673,0.9699,0.9721,0.9741,0.9759,0.9774,0.9787,0.9798,0.9809
0.9819,0.9827,0.9835,0.9843,0.9850,0.9856,0.9862,0.9868,0.9874,0.9879
0.9884,0.9889,0.9894,0.9899,0.9904,0.9908,0.9912,0.9917,0.9920,0.9924
0.9928,0.9931,0.9934,0.9937,0.9940,0.9943,0.9946,0.9949,0.9952,0.9954
0.9957,0.9960,0.9962,0.9964,0.9967,0.9969,0.9972,0.9974,0.9977,0.9979
0.9981,0.9984,0.9986,0.9988,0.9990,0.9992,0.9994,0.9996,0.9998,1.0000
hwc1v1fract=0.0002,0.0004,0.0006,0.0009,0.0011,0.0014,0.0016,0.0019
0.0021,0.0024,0.0027,0.0030,0.0033,0.0035,0.0039,0.0045,0.0052,0.0065
0.0088,0.0127,0.0191,0.0285,0.0407,0.0551,0.0715,0.0892,0.1079,0.1277
0.1481,0.1689,0.1904,0.2122,0.2339,0.2560,0.2779,0.2996,0.3210,0.3428
0.3642,0.3857,0.4067,0.4280,0.4488,0.4696,0.4903,0.5108,0.5313,0.5519
0.5718,0.5921,0.6120,0.6318,0.6517,0.6714,0.6907,0.7099,0.7283,0.7469
0.7651,0.7831,0.8004,0.8173,0.8332,0.8482,0.8622,0.8752,0.8873,0.8981
0.9074,0.9158,0.9233,0.9304,0.9364,0.9420,0.9470,0.9516,0.9557,0.9594
0.9628,0.9660,0.9686,0.9709,0.9731,0.9749,0.9765,0.9780,0.9792,0.9803
0.9813,0.9822,0.9831,0.9839,0.9847,0.9853,0.9860,0.9866,0.9872,0.9878
0.9883,0.9889,0.9893,0.9898,0.9903,0.9907,0.9911,0.9916,0.9920,0.9924
0.9927,0.9931,0.9934,0.9937,0.9940,0.9943,0.9946,0.9949,0.9952,0.9954
0.9957,0.9960,0.9963,0.9966,0.9968,0.9971,0.9973,0.9975,0.9978,0.9980
0.9982,0.9984,0.9987,0.9989,0.9991,0.9993,0.9995,0.9997,0.9998,1.0000
hwc1y2fract=0.0002,0.0005,0.0007,0.0010,0.0013,0.0015,0.0018,0.0021
0.0024,0.0027,0.0030,0.0035,0.0039,0.0044,0.0051,0.0060,0.0074,0.0097
0.0134,0.0189,0.0268,0.0374,0.0505,0.0659,0.0828,0.1011,0.1206,0.1410
0.1622,0.1838,0.2055,0.2274,0.2498,0.2719,0.2936,0.3155,0.3371,0.3589
0.3804,0.4020,0.4231,0.4442,0.4650,0.4858,0.5063,0.5269,0.5475,0.5680
0.5881,0.6079,0.6276,0.6474,0.6669,0.6864,0.7056,0.7247,0.7428,0.7608
0.7783,0.7953,0.8117,0.8272,0.8421,0.8562,0.8691,0.8811,0.8918,0.9015
0.9104,0.9186,0.9257,0.9322,0.9380,0.9432,0.9478,0.9520,0.9560,0.9596
0.9627,0.9655,0.9681,0.9703,0.9723,0.9740,0.9756,0.9769,0.9782,0.9793
0.9803,0.9813,0.9822,0.9831,0.9838,0.9846,0.9853,0.9860,0.9866,0.9871
0.9877,0.9882,0.9887,0.9893,0.9897,0.9902,0.9906,0.9911,0.9915,0.9919
0.9922,0.9926,0.9930,0.9933,0.9936,0.9939,0.9942,0.9945,0.9948,0.9951
0.9954,0.9957,0.9959,0.9962,0.9965,0.9968,0.9970,0.9973,0.9975,0.9977
0.9980,0.9982,0.9985,0.9987,0.9989,0.9991,0.9994,0.9996,0.9998,1.0000
hwc1x2fract=0.0002,0.0005,0.0007,0.0009,0.0012,0.0015,0.0018,0.0021
0.0024,0.0028,0.0031,0.0034,0.0039,0.0043,0.0050,0.0059,0.0073,0.0096
0.0128,0.0175,0.0238,0.0318,0.0418,0.0536,0.0666,0.0808,0.0963,0.1123
0.1296,0.1476,0.1664,0.1859,0.2057,0.2266,0.2475,0.2686,0.2900,0.3112
0.3334,0.3553,0.3770,0.3989,0.4210,0.4430,0.4648,0.4860,0.5073,0.5290
0.5503,0.5715,0.5927,0.6138,0.6346,0.6552,0.6755,0.6958,0.7155,0.7349
0.7538,0.7719,0.7900,0.8072,0.8234,0.8388,0.8536,0.8670,0.8795,0.8911
0.9018,0.9112,0.9199,0.9280,0.9353,0.9417,0.9476,0.9531,0.9577,0.9618
0.9656,0.9689,0.9716,0.9739,0.9760,0.9777,0.9791,0.9804,0.9815,0.9824
0.9832,0.9839,0.9846,0.9852,0.9858,0.9863,0.9869,0.9874,0.9878,0.9883
0.9887,0.9892,0.9896,0.9899,0.9903,0.9906,0.9909,0.9913,0.9917,0.9921
0.9924,0.9927,0.9930,0.9933,0.9937,0.9939,0.9942,0.9945,0.9948,0.9951
0.9954,0.9957,0.9960,0.9962,0.9965,0.9967,0.9970,0.9973,0.9976,0.9978
0.9981,0.9983,0.9986,0.9988,0.9990,0.9992,0.9994,0.9996,0.9998,1.0000
hwc2x1fract=0.0003,0.0005,0.0008,0.0010,0.0013,0.0016,0.0019,0.0022
0.0026,0.0029,0.0033,0.0037,0.0041,0.0047,0.0052,0.0060,0.0072,0.0090
0.0120,0.0164,0.0221,0.0298,0.0390,0.0498,0.0620,0.0756,0.0905,0.1063
0.1229,0.1405,0.1587,0.1778,0.1970,0.2172,0.2375,0.2584,0.2794,0.3006
0.3224,0.3440,0.3659,0.3884,0.4106,0.4327,0.4548,0.4764,0.4981,0.5199
0.5417,0.5631,0.5849,0.6064,0.6275,0.6484,0.6692,0.6898,0.7102,0.7298
0.7493,0.7683,0.7868,0.8048,0.8217,0.8377,0.8529,0.8670,0.8799,0.8918
0.9025,0.9123,0.9214,0.9292,0.9365,0.9429,0.9488,0.9541,0.9587,0.9628
0.9664,0.9696,0.9724,0.9746,0.9766,0.9783,0.9797,0.9810,0.9821,0.9832
0.9839,0.9847,0.9854,0.9860,0.9866,0.9871,0.9876,0.9881,0.9885,0.9889
0.9893,0.9897,0.9902,0.9905,0.9909,0.9913,0.9916,0.9919,0.9922,0.9925
0.9929,0.9932,0.9935,0.9938,0.9941,0.9944,0.9947,0.9949,0.9952,0.9955
0.9957,0.9960,0.9963,0.9965,0.9967,0.9970,0.9972,0.9974,0.9976,0.9979
0.9981,0.9983,0.9985,0.9988,0.9989,0.9992,0.9994,0.9996,0.9998,1.0000
hwc2y1fract=0.0002,0.0005,0.0008,0.0010,0.0012,0.0015,0.0017,0.0020
0.0023,0.0026,0.0029,0.0032,0.0036,0.0040,0.0045,0.0051,0.0061,0.0075
0.0097,0.0135,0.0200,0.0293,0.0415,0.0566,0.0742,0.0933,0.1139,0.1358
0.1582,0.1807,0.2036,0.2270,0.2498,0.2724,0.2949,0.3173,0.3394,0.3616
0.3839,0.4056,0.4273,0.4486,0.4696,0.4904,0.5112,0.5316,0.5521,0.5725
0.5928,0.6131,0.6328,0.6529,0.6726,0.6917,0.7110,0.7299,0.7483,0.7668
0.7846,0.8018,0.8185,0.8344,0.8496,0.8638,0.8775,0.8897,0.9009,0.9108
0.9194,0.9272,0.9340,0.9402,0.9456,0.9506,0.9550,0.9586,0.9619,0.9650
0.9678,0.9701,0.9722,0.9741,0.9758,0.9773,0.9785,0.9797,0.9807,0.9816
0.9826,0.9834,0.9841,0.9848,0.9854,0.9861,0.9866,0.9871,0.9876,0.9881
0.9885,0.9890,0.9895,0.9899,0.9903,0.9907,0.9911,0.9916,0.9920,0.9923
0.9927,0.9931,0.9934,0.9938,0.9941,0.9944,0.9947,0.9950,0.9953,0.9956
0.9959,0.9961,0.9963,0.9966,0.9968,0.9971,0.9973,0.9975,0.9978,0.9980
0.9982,0.9984,0.9987,0.9988,0.9990,0.9992,0.9994,0.9996,0.9998,1.0000
hwc2u1fract=0.0002,0.0004,0.0006,0.0009,0.0011,0.0013,0.0016,0.0019
0.0021,0.0024,0.0026,0.0029,0.0031,0.0034,0.0037,0.0041,0.0046,0.0054
0.0066,0.0095,0.0148,0.0235,0.0351,0.0501,0.0674,0.0866,0.1069,0.1283
0.1502,0.1730,0.1953,0.2177,0.2404,0.2628,0.2853,0.3077,0.3297,0.3518
0.3735,0.3951,0.4164,0.4378,0.4586,0.4794,0.5000,0.5207,0.5414,0.5619
0.5821,0.6020,0.6217,0.6413,0.6604,0.6794,0.6985,0.7176,0.7362,0.7547
0.7727,0.7906,0.8080,0.8245,0.8404,0.8555,0.8695,0.8821,0.8939,0.9044
0.9138,0.9221,0.9296,0.9360,0.9417,0.9469,0.9513,0.9555,0.9590,0.9622
0.9650,0.9676,0.9699,0.9721,0.9739,0.9756,0.9770,0.9783,0.9794,0.9804
0.9813,0.9822,0.9830,0.9837,0.9844,0.9850,0.9856,0.9862,0.9868,0.9874
0.9879,0.9884,0.9890,0.9895,0.9899,0.9904,0.9908,0.9912,0.9916,0.9921
0.9924,0.9928,0.9932,0.9935,0.9939,0.9942,0.9945,0.9948,0.9951,0.9953
0.9956,0.9959,0.9962,0.9964,0.9967,0.9969,0.9971,0.9974,0.9976,0.9979
0.9981,0.9983,0.9985,0.9988,0.9990,0.9992,0.9994,0.9996,0.9998,1.0000
hwc2v1fract=0.0002,0.0005,0.0007,0.0010,0.0012,0.0014,0.0017,0.0019
0.0022,0.0024,0.0027,0.0030,0.0033,0.0037,0.0040,0.0046,0.0053,0.0063
0.0083,0.0125,0.0194,0.0295,0.0424,0.0584,0.0765,0.0962,0.1169,0.1385
0.1606,0.1829,0.2051,0.2279,0.2503,0.2730,0.2954,0.3176,0.3395,0.3618
0.3840,0.4056,0.4269,0.4481,0.4691,0.4903,0.5107,0.5311,0.5512,0.5713
0.5915,0.6116,0.6310,0.6507,0.6700,0.6894,0.7081,0.7269,0.7454,0.7638
0.7817,0.7994,0.8162,0.8326,0.8479,0.8624,0.8756,0.8879,0.8991,0.9091
0.9179,0.9255,0.9322,0.9382,0.9437,0.9484,0.9527,0.9568,0.9603,0.9635
0.9663,0.9689,0.9711,0.9731,0.9749,0.9764,0.9777,0.9789,0.9800,0.9810
0.9820,0.9828,0.9836,0.9843,0.9850,0.9856,0.9863,0.9868,0.9874,0.9879
0.9884,0.9889,0.9894,0.9899,0.9903,0.9907,0.9912,0.9916,0.9920,0.9924
0.9927,0.9931,0.9934,0.9938,0.9940,0.9944,0.9947,0.9949,0.9952,0.9955
0.9958,0.9960,0.9963,0.9965,0.9967,0.9970,0.9972,0.9975,0.9977,0.9979
0.9981,0.9983,0.9985,0.9987,0.9990,0.9992,0.9994,0.9996,0.9998,1.0000
hwc2y2fract=0.0002,0.0005,0.0007,0.0010,0.0013,0.0016,0.0018,0.0021
0.0024,0.0028,0.0031,0.0035,0.0039,0.0043,0.0049,0.0057,0.0070,0.0087
0.0114,0.0161,0.0232,0.0331,0.0460,0.0616,0.0798,0.0992,0.1201,0.1420
0.1646,0.1876,0.2103,0.2329,0.2559,0.2787,0.3014,0.3240,0.3463,0.3684
0.3908,0.4126,0.4340,0.4551,0.4759,0.4968,0.5176,0.5380,0.5586,0.5788
0.5988,0.6187,0.6387,0.6589,0.6784,0.6983,0.7174,0.7361,0.7545,0.7727
0.7907,0.8078,0.8245,0.8402,0.8553,0.8690,0.8819,0.8938,0.9045,0.9139
0.9223,0.9299,0.9366,0.9424,0.9476,0.9521,0.9563,0.9599,0.9630,0.9658
0.9684,0.9707,0.9726,0.9745,0.9762,0.9776,0.9788,0.9799,0.9809,0.9819
0.9827,0.9835,0.9842,0.9848,0.9854,0.9860,0.9865,0.9871,0.9876,0.9881
0.9886,0.9891,0.9895,0.9899,0.9903,0.9907,0.9911,0.9915,0.9919,0.9922
0.9926,0.9929,0.9933,0.9936,0.9940,0.9943,0.9946,0.9949,0.9951,0.9954
0.9957,0.9960,0.9963,0.9965,0.9967,0.9969,0.9972,0.9974,0.9976,0.9978
0.9981,0.9983,0.9985,0.9987,0.9990,0.9992,0.9994,0.9996,0.9998,1.0000
hwc2x2fract=0.0002,0.0005,0.0008,0.0011,0.0013,0.0016,0.0019,0.0022
0.0026,0.0030,0.0033,0.0037,0.0041,0.0048,0.0054,0.0065,0.0084,0.0114
0.0157,0.0215,0.0293,0.0388,0.0502,0.0631,0.0775,0.0931,0.1095,0.1269
0.1452,0.1643,0.1836,0.2038,0.2241,0.2451,0.2666,0.2885,0.3103,0.3321
0.3539,0.3758,0.3977,0.4200,0.4418,0.4639,0.4859,0.5077,0.5291,0.5506
0.5719,0.5931,0.6144,0.6353,0.6560,0.6768,0.6969,0.7170,0.7366,0.7559
0.7747,0.7927,0.8102,0.8269,0.8424,0.8571,0.8705,0.8828,0.8944,0.9049
0.9143,0.9229,0.9304,0.9374,0.9435,0.9492,0.9541,0.9586,0.9625,0.9660
0.9690,0.9716,0.9739,0.9758,0.9775,0.9791,0.9803,0.9814,0.9824,0.9832
0.9840,0.9846,0.9854,0.9860,0.9865,0.9870,0.9875,0.9881,0.9885,0.9889
0.9893,0.9896,0.9900,0.9904,0.9908,0.9912,0.9915,0.9919,0.9922,0.9925
0.9928,0.9931,0.9934,0.9937,0.9940,0.9942,0.9945,0.9948,0.9951,0.9954
0.9956,0.9959,0.9962,0.9964,0.9966,0.9969,0.9971,0.9974,0.9976,0.9978
0.9981,0.9983,0.9986,0.9988,0.9990,0.9992,0.9994,0.9996,0.9998,1.0000
