; Lookup table
;number of bins in Meek's time to distance lookup table
hdriftbins=138
;number of 1st bin in Meek's table in ns
hdrift1stbin=-24
;bin size in ns of Meek's table
hdriftbinsz=2
hwc1x1fract=0.0002,0.0004,0.0006,0.0009,0.0012,0.0014,0.0017,0.0020
0.0023,0.0027,0.0030,0.0035,0.0040,0.0044,0.0050,0.0059,0.0071,0.0091
0.0118,0.0153,0.0197,0.0256,0.0332,0.0426,0.0537,0.0661,0.0800,0.0951
0.1106,0.1277,0.1451,0.1635,0.1824,0.2026,0.2227,0.2434,0.2645,0.2859
0.3074,0.3291,0.3512,0.3729,0.3947,0.4170,0.4388,0.4609,0.4826,0.5041
0.5257,0.5467,0.5675,0.5887,0.6102,0.6304,0.6506,0.6709,0.6914,0.7112
0.7300,0.7489,0.7669,0.7846,0.8017,0.8179,0.8331,0.8478,0.8618,0.8743
0.8862,0.8969,0.9063,0.9155,0.9237,0.9313,0.9381,0.9445,0.9500,0.9551
0.9595,0.9635,0.9670,0.9701,0.9730,0.9752,0.9772,0.9790,0.9804,0.9816
0.9828,0.9838,0.9845,0.9853,0.9859,0.9865,0.9871,0.9877,0.9882,0.9887
0.9891,0.9895,0.9899,0.9903,0.9906,0.9910,0.9913,0.9917,0.9920,0.9924
0.9927,0.9930,0.9932,0.9935,0.9937,0.9940,0.9943,0.9946,0.9949,0.9951
0.9954,0.9957,0.9959,0.9962,0.9964,0.9967,0.9970,0.9972,0.9975,0.9977
0.9980,0.9982,0.9985,0.9986,0.9989,0.9991,0.9993,0.9996,0.9998,1.0000
hwc1y1fract=0.0002,0.0005,0.0008,0.0011,0.0014,0.0017,0.0020,0.0024
0.0027,0.0031,0.0035,0.0039,0.0044,0.0050,0.0056,0.0064,0.0074,0.0089
0.0110,0.0141,0.0190,0.0265,0.0370,0.0506,0.0669,0.0851,0.1050,0.1258
0.1476,0.1697,0.1924,0.2147,0.2373,0.2598,0.2818,0.3044,0.3261,0.3482
0.3703,0.3920,0.4133,0.4344,0.4557,0.4764,0.4969,0.5169,0.5374,0.5574
0.5773,0.5970,0.6170,0.6366,0.6556,0.6745,0.6935,0.7123,0.7312,0.7492
0.7672,0.7845,0.8013,0.8176,0.8334,0.8480,0.8620,0.8749,0.8866,0.8976
0.9072,0.9161,0.9236,0.9305,0.9366,0.9420,0.9470,0.9515,0.9555,0.9592
0.9625,0.9654,0.9680,0.9702,0.9723,0.9741,0.9758,0.9773,0.9787,0.9799
0.9810,0.9821,0.9829,0.9838,0.9845,0.9853,0.9859,0.9865,0.9871,0.9877
0.9882,0.9887,0.9892,0.9897,0.9902,0.9906,0.9910,0.9915,0.9918,0.9922
0.9925,0.9928,0.9931,0.9935,0.9938,0.9941,0.9944,0.9948,0.9951,0.9953
0.9956,0.9959,0.9961,0.9964,0.9966,0.9969,0.9971,0.9974,0.9976,0.9979
0.9981,0.9983,0.9986,0.9988,0.9990,0.9992,0.9995,0.9997,0.9998,1.0000
hwc1u1fract=0.0002,0.0004,0.0006,0.0008,0.0010,0.0012,0.0014,0.0016
0.0018,0.0021,0.0023,0.0025,0.0028,0.0031,0.0035,0.0040,0.0051,0.0069
0.0096,0.0128,0.0174,0.0241,0.0331,0.0445,0.0582,0.0741,0.0911,0.1097
0.1290,0.1492,0.1698,0.1902,0.2118,0.2334,0.2551,0.2770,0.2984,0.3198
0.3416,0.3633,0.3849,0.4061,0.4274,0.4488,0.4701,0.4909,0.5114,0.5321
0.5526,0.5727,0.5928,0.6130,0.6329,0.6526,0.6723,0.6915,0.7107,0.7296
0.7480,0.7658,0.7835,0.8003,0.8167,0.8321,0.8467,0.8607,0.8734,0.8849
0.8953,0.9046,0.9130,0.9207,0.9275,0.9339,0.9393,0.9445,0.9494,0.9539
0.9579,0.9614,0.9647,0.9675,0.9700,0.9722,0.9743,0.9759,0.9775,0.9789
0.9801,0.9812,0.9821,0.9830,0.9838,0.9846,0.9853,0.9860,0.9867,0.9873
0.9879,0.9884,0.9889,0.9894,0.9899,0.9904,0.9909,0.9913,0.9917,0.9920
0.9924,0.9928,0.9931,0.9934,0.9938,0.9940,0.9943,0.9946,0.9949,0.9952
0.9955,0.9957,0.9960,0.9963,0.9965,0.9968,0.9971,0.9973,0.9976,0.9978
0.9980,0.9983,0.9985,0.9987,0.9989,0.9991,0.9993,0.9996,0.9998,1.0000
hwc1v1fract=0.0002,0.0004,0.0006,0.0008,0.0010,0.0012,0.0014,0.0016
0.0018,0.0021,0.0023,0.0026,0.0028,0.0032,0.0035,0.0039,0.0044,0.0051
0.0065,0.0091,0.0135,0.0207,0.0307,0.0442,0.0600,0.0778,0.0966,0.1169
0.1377,0.1588,0.1802,0.2020,0.2238,0.2453,0.2679,0.2898,0.3118,0.3335
0.3551,0.3765,0.3980,0.4191,0.4404,0.4612,0.4821,0.5026,0.5228,0.5429
0.5628,0.5830,0.6027,0.6222,0.6420,0.6614,0.6805,0.6996,0.7186,0.7372
0.7556,0.7736,0.7911,0.8084,0.8248,0.8402,0.8550,0.8686,0.8811,0.8922
0.9023,0.9111,0.9191,0.9262,0.9327,0.9385,0.9438,0.9484,0.9528,0.9567
0.9604,0.9635,0.9664,0.9691,0.9713,0.9734,0.9752,0.9768,0.9782,0.9794
0.9805,0.9815,0.9825,0.9834,0.9842,0.9849,0.9856,0.9862,0.9868,0.9874
0.9880,0.9885,0.9891,0.9896,0.9901,0.9905,0.9910,0.9914,0.9918,0.9922
0.9926,0.9929,0.9933,0.9937,0.9940,0.9943,0.9946,0.9949,0.9952,0.9955
0.9958,0.9961,0.9964,0.9966,0.9969,0.9971,0.9973,0.9976,0.9978,0.9980
0.9982,0.9984,0.9986,0.9988,0.9990,0.9992,0.9994,0.9996,0.9998,1.0000
hwc1y2fract=0.0002,0.0005,0.0007,0.0009,0.0011,0.0014,0.0016,0.0019
0.0022,0.0025,0.0028,0.0031,0.0035,0.0040,0.0045,0.0052,0.0062,0.0079
0.0105,0.0144,0.0208,0.0299,0.0415,0.0554,0.0718,0.0902,0.1098,0.1309
0.1525,0.1747,0.1971,0.2198,0.2421,0.2641,0.2861,0.3085,0.3307,0.3525
0.3740,0.3954,0.4167,0.4380,0.4589,0.4794,0.4998,0.5202,0.5407,0.5604
0.5805,0.6004,0.6204,0.6398,0.6592,0.6788,0.6979,0.7167,0.7348,0.7529
0.7703,0.7878,0.8039,0.8199,0.8352,0.8496,0.8630,0.8752,0.8864,0.8967
0.9060,0.9144,0.9219,0.9289,0.9352,0.9406,0.9455,0.9501,0.9540,0.9578
0.9611,0.9641,0.9666,0.9690,0.9711,0.9730,0.9747,0.9762,0.9776,0.9788
0.9800,0.9810,0.9821,0.9829,0.9837,0.9846,0.9852,0.9859,0.9866,0.9871
0.9876,0.9882,0.9887,0.9892,0.9897,0.9901,0.9906,0.9910,0.9914,0.9919
0.9923,0.9927,0.9931,0.9934,0.9938,0.9941,0.9944,0.9947,0.9950,0.9953
0.9956,0.9959,0.9961,0.9964,0.9966,0.9969,0.9972,0.9974,0.9977,0.9979
0.9981,0.9983,0.9986,0.9988,0.9990,0.9992,0.9994,0.9996,0.9998,1.0000
hwc1x2fract=0.0002,0.0005,0.0007,0.0009,0.0012,0.0014,0.0017,0.0019
0.0022,0.0025,0.0028,0.0031,0.0035,0.0039,0.0044,0.0051,0.0061,0.0077
0.0099,0.0134,0.0186,0.0255,0.0345,0.0453,0.0579,0.0718,0.0871,0.1033
0.1205,0.1384,0.1572,0.1768,0.1968,0.2177,0.2391,0.2606,0.2820,0.3039
0.3261,0.3481,0.3696,0.3913,0.4127,0.4346,0.4561,0.4781,0.4996,0.5209
0.5420,0.5634,0.5839,0.6047,0.6252,0.6453,0.6657,0.6855,0.7053,0.7246
0.7436,0.7622,0.7802,0.7972,0.8138,0.8298,0.8448,0.8591,0.8721,0.8839
0.8947,0.9050,0.9141,0.9224,0.9299,0.9370,0.9430,0.9487,0.9539,0.9584
0.9627,0.9662,0.9691,0.9717,0.9741,0.9761,0.9779,0.9794,0.9807,0.9817
0.9826,0.9835,0.9843,0.9850,0.9856,0.9862,0.9868,0.9873,0.9878,0.9883
0.9888,0.9892,0.9896,0.9900,0.9903,0.9907,0.9911,0.9914,0.9917,0.9921
0.9924,0.9928,0.9931,0.9934,0.9937,0.9940,0.9943,0.9946,0.9949,0.9952
0.9955,0.9958,0.9960,0.9963,0.9965,0.9968,0.9970,0.9973,0.9976,0.9978
0.9981,0.9983,0.9985,0.9987,0.9989,0.9992,0.9994,0.9996,0.9998,1.0000
hwc2x1fract=0.0002,0.0004,0.0007,0.0009,0.0012,0.0014,0.0017,0.0020
0.0023,0.0026,0.0030,0.0034,0.0039,0.0043,0.0048,0.0054,0.0062,0.0074
0.0095,0.0128,0.0173,0.0239,0.0319,0.0422,0.0537,0.0668,0.0817,0.0972
0.1137,0.1308,0.1493,0.1681,0.1876,0.2080,0.2285,0.2494,0.2703,0.2923
0.3141,0.3358,0.3580,0.3798,0.4019,0.4239,0.4458,0.4677,0.4894,0.5101
0.5316,0.5529,0.5741,0.5955,0.6168,0.6378,0.6587,0.6791,0.6991,0.7189
0.7384,0.7575,0.7759,0.7941,0.8115,0.8283,0.8435,0.8580,0.8713,0.8837
0.8953,0.9055,0.9149,0.9234,0.9309,0.9377,0.9441,0.9497,0.9547,0.9593
0.9633,0.9668,0.9699,0.9726,0.9750,0.9771,0.9787,0.9802,0.9814,0.9825
0.9834,0.9843,0.9850,0.9857,0.9864,0.9870,0.9874,0.9879,0.9884,0.9889
0.9893,0.9897,0.9901,0.9904,0.9908,0.9912,0.9916,0.9918,0.9922,0.9925
0.9928,0.9931,0.9934,0.9937,0.9939,0.9943,0.9945,0.9948,0.9951,0.9954
0.9957,0.9959,0.9962,0.9964,0.9966,0.9969,0.9971,0.9974,0.9976,0.9979
0.9981,0.9983,0.9986,0.9988,0.9990,0.9993,0.9995,0.9997,0.9998,1.0000
hwc2y1fract=0.0002,0.0004,0.0007,0.0009,0.0011,0.0013,0.0016,0.0019
0.0021,0.0024,0.0027,0.0029,0.0033,0.0037,0.0042,0.0046,0.0053,0.0064
0.0079,0.0105,0.0150,0.0223,0.0327,0.0466,0.0630,0.0819,0.1022,0.1239
0.1465,0.1696,0.1928,0.2158,0.2388,0.2618,0.2847,0.3074,0.3298,0.3515
0.3734,0.3950,0.4167,0.4379,0.4589,0.4800,0.5006,0.5214,0.5420,0.5624
0.5827,0.6023,0.6220,0.6419,0.6617,0.6812,0.7000,0.7189,0.7378,0.7562
0.7743,0.7919,0.8089,0.8256,0.8415,0.8564,0.8702,0.8831,0.8949,0.9056
0.9150,0.9231,0.9304,0.9368,0.9425,0.9476,0.9519,0.9560,0.9595,0.9628
0.9657,0.9683,0.9706,0.9727,0.9745,0.9761,0.9775,0.9789,0.9800,0.9810
0.9819,0.9828,0.9836,0.9843,0.9849,0.9856,0.9862,0.9868,0.9873,0.9878
0.9882,0.9887,0.9891,0.9895,0.9900,0.9904,0.9908,0.9911,0.9915,0.9919
0.9923,0.9927,0.9930,0.9934,0.9937,0.9941,0.9943,0.9947,0.9950,0.9953
0.9956,0.9958,0.9961,0.9964,0.9967,0.9969,0.9971,0.9974,0.9976,0.9979
0.9981,0.9983,0.9985,0.9987,0.9989,0.9992,0.9994,0.9996,0.9998,1.0000
hwc2u1fract=0.0002,0.0004,0.0006,0.0008,0.0010,0.0012,0.0014,0.0016
0.0019,0.0021,0.0023,0.0026,0.0029,0.0031,0.0034,0.0038,0.0042,0.0050
0.0064,0.0096,0.0157,0.0255,0.0385,0.0551,0.0738,0.0945,0.1162,0.1391
0.1620,0.1852,0.2082,0.2310,0.2535,0.2767,0.2991,0.3215,0.3437,0.3653
0.3868,0.4080,0.4292,0.4500,0.4710,0.4919,0.5124,0.5326,0.5527,0.5724
0.5919,0.6114,0.6309,0.6503,0.6699,0.6891,0.7077,0.7266,0.7452,0.7635
0.7813,0.7989,0.8156,0.8321,0.8475,0.8623,0.8760,0.8881,0.8991,0.9091
0.9177,0.9254,0.9321,0.9381,0.9433,0.9481,0.9523,0.9562,0.9597,0.9628
0.9656,0.9681,0.9703,0.9724,0.9741,0.9757,0.9771,0.9784,0.9796,0.9805
0.9814,0.9823,0.9831,0.9838,0.9845,0.9851,0.9858,0.9863,0.9869,0.9874
0.9880,0.9885,0.9890,0.9894,0.9899,0.9904,0.9908,0.9912,0.9916,0.9920
0.9923,0.9927,0.9931,0.9934,0.9938,0.9941,0.9944,0.9947,0.9950,0.9953
0.9956,0.9959,0.9962,0.9965,0.9967,0.9969,0.9972,0.9975,0.9977,0.9979
0.9981,0.9984,0.9986,0.9988,0.9990,0.9992,0.9994,0.9996,0.9998,1.0000
hwc2v1fract=0.0002,0.0004,0.0006,0.0008,0.0010,0.0013,0.0015,0.0018
0.0020,0.0022,0.0025,0.0027,0.0030,0.0033,0.0036,0.0039,0.0044,0.0051
0.0063,0.0087,0.0133,0.0210,0.0325,0.0469,0.0647,0.0844,0.1053,0.1270
0.1498,0.1723,0.1953,0.2186,0.2417,0.2647,0.2870,0.3092,0.3313,0.3532
0.3750,0.3959,0.4170,0.4381,0.4594,0.4799,0.5005,0.5204,0.5404,0.5601
0.5800,0.5999,0.6200,0.6390,0.6589,0.6782,0.6977,0.7167,0.7354,0.7536
0.7717,0.7894,0.8067,0.8230,0.8390,0.8539,0.8681,0.8810,0.8928,0.9033
0.9124,0.9207,0.9278,0.9342,0.9399,0.9450,0.9497,0.9539,0.9577,0.9609
0.9640,0.9667,0.9691,0.9713,0.9732,0.9749,0.9764,0.9778,0.9789,0.9799
0.9808,0.9817,0.9826,0.9834,0.9841,0.9847,0.9854,0.9860,0.9865,0.9871
0.9876,0.9881,0.9886,0.9892,0.9896,0.9901,0.9905,0.9909,0.9913,0.9918
0.9922,0.9925,0.9930,0.9933,0.9937,0.9940,0.9943,0.9946,0.9949,0.9952
0.9955,0.9958,0.9961,0.9963,0.9966,0.9968,0.9971,0.9973,0.9976,0.9978
0.9980,0.9983,0.9985,0.9987,0.9990,0.9992,0.9994,0.9996,0.9998,1.0000
hwc2y2fract=0.0002,0.0004,0.0007,0.0009,0.0012,0.0014,0.0016,0.0019
0.0022,0.0025,0.0028,0.0032,0.0036,0.0040,0.0044,0.0050,0.0059,0.0072
0.0092,0.0125,0.0176,0.0257,0.0369,0.0511,0.0685,0.0879,0.1089,0.1305
0.1537,0.1769,0.2002,0.2236,0.2465,0.2697,0.2927,0.3151,0.3378,0.3600
0.3820,0.4036,0.4249,0.4462,0.4675,0.4883,0.5088,0.5290,0.5494,0.5698
0.5899,0.6101,0.6298,0.6492,0.6690,0.6880,0.7069,0.7257,0.7440,0.7621
0.7801,0.7977,0.8145,0.8306,0.8458,0.8602,0.8739,0.8864,0.8978,0.9080
0.9172,0.9252,0.9322,0.9385,0.9442,0.9490,0.9534,0.9574,0.9607,0.9637
0.9665,0.9690,0.9713,0.9731,0.9747,0.9763,0.9777,0.9789,0.9800,0.9811
0.9820,0.9828,0.9836,0.9843,0.9850,0.9857,0.9863,0.9868,0.9873,0.9878
0.9882,0.9888,0.9892,0.9896,0.9900,0.9904,0.9908,0.9912,0.9916,0.9920
0.9924,0.9928,0.9931,0.9935,0.9938,0.9941,0.9944,0.9947,0.9950,0.9953
0.9955,0.9958,0.9961,0.9964,0.9967,0.9969,0.9972,0.9974,0.9977,0.9979
0.9981,0.9983,0.9985,0.9987,0.9989,0.9992,0.9994,0.9996,0.9998,1.0000
hwc2x2fract=0.0002,0.0005,0.0007,0.0009,0.0012,0.0014,0.0017,0.0020
0.0023,0.0026,0.0029,0.0032,0.0036,0.0041,0.0045,0.0050,0.0059,0.0072
0.0093,0.0126,0.0173,0.0237,0.0321,0.0424,0.0551,0.0691,0.0851,0.1020
0.1198,0.1384,0.1578,0.1771,0.1974,0.2182,0.2395,0.2607,0.2825,0.3040
0.3259,0.3481,0.3701,0.3920,0.4140,0.4360,0.4575,0.4791,0.5007,0.5221
0.5435,0.5648,0.5857,0.6065,0.6273,0.6475,0.6676,0.6880,0.7079,0.7271
0.7465,0.7649,0.7832,0.8010,0.8177,0.8339,0.8489,0.8628,0.8758,0.8879
0.8986,0.9085,0.9176,0.9257,0.9328,0.9393,0.9453,0.9505,0.9554,0.9598
0.9635,0.9669,0.9699,0.9726,0.9747,0.9767,0.9782,0.9797,0.9810,0.9820
0.9829,0.9838,0.9846,0.9853,0.9860,0.9866,0.9871,0.9876,0.9880,0.9885
0.9889,0.9894,0.9898,0.9901,0.9905,0.9909,0.9912,0.9915,0.9919,0.9923
0.9926,0.9929,0.9932,0.9935,0.9939,0.9942,0.9944,0.9947,0.9950,0.9952
0.9954,0.9957,0.9960,0.9962,0.9965,0.9968,0.9971,0.9973,0.9976,0.9979
0.9981,0.9983,0.9986,0.9988,0.9990,0.9992,0.9994,0.9996,0.9998,1.0000
