; Lookup table
;number of bins in Meek's time to distance lookup table
hdriftbins=138
;number of 1st bin in Meek's table in ns
hdrift1stbin=-24
;bin size in ns of Meek's table
hdriftbinsz=2
hwc1x1fract=0.0000,0.0001,0.0002,0.0004,0.0005,0.0006,0.0008,0.0009
0.0011,0.0013,0.0015,0.0018,0.0022,0.0027,0.0037,0.0052,0.0075,0.0104
0.0141,0.0190,0.0256,0.0338,0.0434,0.0547,0.0677,0.0818,0.0966,0.1124
0.1294,0.1468,0.1652,0.1840,0.2036,0.2239,0.2447,0.2655,0.2867,0.3083
0.3301,0.3527,0.3747,0.3967,0.4192,0.4414,0.4640,0.4864,0.5084,0.5309
0.5532,0.5752,0.5971,0.6187,0.6403,0.6617,0.6827,0.7033,0.7237,0.7432
0.7624,0.7813,0.7997,0.8171,0.8333,0.8489,0.8636,0.8773,0.8902,0.9020
0.9129,0.9227,0.9317,0.9399,0.9474,0.9540,0.9601,0.9653,0.9702,0.9744
0.9781,0.9810,0.9835,0.9857,0.9875,0.9890,0.9903,0.9913,0.9921,0.9929
0.9935,0.9941,0.9946,0.9949,0.9953,0.9956,0.9959,0.9961,0.9964,0.9966
0.9968,0.9970,0.9971,0.9973,0.9975,0.9976,0.9977,0.9979,0.9980,0.9981
0.9982,0.9983,0.9984,0.9985,0.9986,0.9986,0.9987,0.9988,0.9989,0.9989
0.9990,0.9990,0.9991,0.9992,0.9993,0.9993,0.9994,0.9994,0.9995,0.9996
0.9996,0.9997,0.9997,0.9998,0.9998,0.9998,0.9999,0.9999,1.0000,1.0000
hwc1y1fract=0.0001,0.0001,0.0002,0.0003,0.0004,0.0005,0.0007,0.0008
0.0010,0.0011,0.0013,0.0016,0.0019,0.0023,0.0028,0.0035,0.0045,0.0060
0.0085,0.0127,0.0193,0.0285,0.0403,0.0550,0.0715,0.0900,0.1098,0.1306
0.1520,0.1741,0.1962,0.2186,0.2408,0.2630,0.2855,0.3078,0.3302,0.3527
0.3746,0.3967,0.4189,0.4401,0.4614,0.4829,0.5040,0.5251,0.5462,0.5671
0.5875,0.6082,0.6287,0.6487,0.6689,0.6886,0.7082,0.7274,0.7458,0.7647
0.7830,0.8008,0.8179,0.8346,0.8503,0.8650,0.8787,0.8915,0.9031,0.9136
0.9231,0.9315,0.9389,0.9456,0.9515,0.9568,0.9615,0.9657,0.9696,0.9729
0.9759,0.9785,0.9808,0.9829,0.9846,0.9862,0.9875,0.9887,0.9898,0.9907
0.9914,0.9921,0.9927,0.9933,0.9938,0.9943,0.9947,0.9952,0.9955,0.9958
0.9961,0.9963,0.9965,0.9968,0.9971,0.9973,0.9975,0.9976,0.9978,0.9980
0.9981,0.9982,0.9983,0.9984,0.9986,0.9986,0.9987,0.9988,0.9989,0.9989
0.9990,0.9991,0.9992,0.9992,0.9993,0.9994,0.9994,0.9995,0.9995,0.9996
0.9996,0.9997,0.9997,0.9998,0.9998,0.9998,0.9999,0.9999,1.0000,1.0000
hwc1u1fract=0.0000,0.0001,0.0002,0.0002,0.0003,0.0003,0.0004,0.0005
0.0005,0.0006,0.0007,0.0008,0.0010,0.0014,0.0022,0.0037,0.0057,0.0088
0.0128,0.0186,0.0264,0.0367,0.0492,0.0635,0.0796,0.0971,0.1155,0.1345
0.1541,0.1748,0.1955,0.2165,0.2384,0.2603,0.2818,0.3034,0.3256,0.3476
0.3698,0.3914,0.4130,0.4347,0.4563,0.4777,0.4994,0.5204,0.5413,0.5625
0.5839,0.6043,0.6255,0.6463,0.6664,0.6866,0.7066,0.7259,0.7453,0.7643
0.7826,0.8001,0.8171,0.8335,0.8492,0.8633,0.8766,0.8889,0.9001,0.9106
0.9198,0.9280,0.9357,0.9425,0.9487,0.9544,0.9594,0.9639,0.9681,0.9717
0.9750,0.9779,0.9803,0.9825,0.9844,0.9859,0.9873,0.9885,0.9895,0.9905
0.9913,0.9919,0.9925,0.9931,0.9935,0.9941,0.9945,0.9949,0.9953,0.9957
0.9960,0.9963,0.9966,0.9968,0.9970,0.9972,0.9973,0.9975,0.9977,0.9978
0.9980,0.9981,0.9982,0.9983,0.9984,0.9985,0.9986,0.9987,0.9988,0.9989
0.9990,0.9991,0.9991,0.9992,0.9992,0.9993,0.9994,0.9994,0.9995,0.9995
0.9996,0.9996,0.9997,0.9998,0.9998,0.9998,0.9999,0.9999,1.0000,1.0000
hwc1v1fract=0.0001,0.0001,0.0002,0.0002,0.0003,0.0003,0.0004,0.0005
0.0005,0.0006,0.0007,0.0008,0.0009,0.0011,0.0013,0.0016,0.0021,0.0032
0.0054,0.0092,0.0156,0.0248,0.0366,0.0510,0.0673,0.0851,0.1042,0.1239
0.1445,0.1655,0.1869,0.2090,0.2307,0.2528,0.2749,0.2968,0.3188,0.3413
0.3630,0.3846,0.4064,0.4283,0.4499,0.4715,0.4929,0.5139,0.5348,0.5556
0.5762,0.5969,0.6171,0.6374,0.6575,0.6773,0.6971,0.7163,0.7354,0.7546
0.7734,0.7913,0.8093,0.8263,0.8425,0.8582,0.8723,0.8856,0.8972,0.9080
0.9177,0.9265,0.9343,0.9413,0.9476,0.9530,0.9579,0.9626,0.9667,0.9704
0.9737,0.9767,0.9793,0.9815,0.9835,0.9852,0.9867,0.9879,0.9891,0.9900
0.9909,0.9916,0.9922,0.9927,0.9933,0.9938,0.9942,0.9946,0.9950,0.9953
0.9956,0.9959,0.9962,0.9965,0.9967,0.9969,0.9972,0.9973,0.9975,0.9977
0.9978,0.9980,0.9982,0.9983,0.9984,0.9985,0.9986,0.9987,0.9988,0.9989
0.9990,0.9990,0.9991,0.9992,0.9993,0.9993,0.9994,0.9994,0.9995,0.9995
0.9996,0.9996,0.9997,0.9997,0.9998,0.9998,0.9999,0.9999,0.9999,1.0000
hwc1y2fract=0.0001,0.0001,0.0002,0.0002,0.0003,0.0004,0.0005,0.0006
0.0007,0.0008,0.0009,0.0011,0.0013,0.0015,0.0020,0.0026,0.0037,0.0056
0.0087,0.0139,0.0214,0.0315,0.0441,0.0590,0.0759,0.0944,0.1138,0.1340
0.1552,0.1767,0.1985,0.2203,0.2423,0.2647,0.2872,0.3097,0.3319,0.3537
0.3763,0.3987,0.4204,0.4420,0.4636,0.4848,0.5058,0.5267,0.5475,0.5681
0.5889,0.6093,0.6298,0.6499,0.6700,0.6899,0.7096,0.7291,0.7481,0.7667
0.7848,0.8025,0.8192,0.8352,0.8500,0.8644,0.8777,0.8900,0.9016,0.9117
0.9210,0.9288,0.9363,0.9432,0.9490,0.9545,0.9594,0.9638,0.9677,0.9711
0.9742,0.9771,0.9794,0.9815,0.9832,0.9847,0.9861,0.9873,0.9884,0.9894
0.9903,0.9911,0.9918,0.9924,0.9930,0.9934,0.9939,0.9943,0.9947,0.9950
0.9954,0.9957,0.9960,0.9963,0.9966,0.9969,0.9971,0.9973,0.9975,0.9977
0.9978,0.9980,0.9981,0.9982,0.9984,0.9985,0.9986,0.9987,0.9988,0.9989
0.9990,0.9991,0.9991,0.9992,0.9993,0.9994,0.9994,0.9995,0.9995,0.9996
0.9996,0.9996,0.9997,0.9998,0.9998,0.9999,0.9999,0.9999,1.0000,1.0000
hwc1x2fract=0.0001,0.0001,0.0002,0.0003,0.0004,0.0004,0.0005,0.0006
0.0007,0.0008,0.0010,0.0011,0.0013,0.0015,0.0019,0.0026,0.0037,0.0057
0.0087,0.0130,0.0191,0.0271,0.0372,0.0486,0.0615,0.0760,0.0912,0.1074
0.1246,0.1425,0.1614,0.1808,0.2008,0.2215,0.2424,0.2636,0.2857,0.3074
0.3290,0.3514,0.3741,0.3966,0.4195,0.4415,0.4640,0.4862,0.5083,0.5306
0.5526,0.5742,0.5960,0.6173,0.6387,0.6595,0.6804,0.7011,0.7211,0.7406
0.7598,0.7785,0.7969,0.8142,0.8312,0.8469,0.8618,0.8754,0.8884,0.9004
0.9112,0.9208,0.9300,0.9383,0.9459,0.9527,0.9588,0.9642,0.9690,0.9731
0.9767,0.9799,0.9826,0.9849,0.9867,0.9883,0.9895,0.9906,0.9916,0.9924
0.9930,0.9935,0.9940,0.9945,0.9949,0.9952,0.9955,0.9958,0.9961,0.9963
0.9965,0.9967,0.9969,0.9971,0.9972,0.9974,0.9976,0.9977,0.9978,0.9979
0.9980,0.9982,0.9982,0.9984,0.9985,0.9986,0.9987,0.9988,0.9988,0.9989
0.9990,0.9991,0.9992,0.9992,0.9993,0.9993,0.9994,0.9994,0.9995,0.9995
0.9995,0.9996,0.9996,0.9997,0.9997,0.9998,0.9998,0.9999,0.9999,1.0000
hwc2x1fract=0.0001,0.0001,0.0003,0.0004,0.0005,0.0006,0.0008,0.0009
0.0011,0.0012,0.0014,0.0016,0.0019,0.0022,0.0025,0.0031,0.0040,0.0056
0.0083,0.0124,0.0180,0.0252,0.0342,0.0449,0.0572,0.0706,0.0852,0.1010
0.1174,0.1352,0.1537,0.1730,0.1922,0.2121,0.2329,0.2539,0.2754,0.2972
0.3192,0.3413,0.3637,0.3861,0.4088,0.4313,0.4534,0.4758,0.4980,0.5207
0.5430,0.5650,0.5869,0.6086,0.6307,0.6521,0.6732,0.6940,0.7146,0.7353
0.7553,0.7749,0.7936,0.8120,0.8294,0.8457,0.8612,0.8755,0.8884,0.9006
0.9118,0.9220,0.9312,0.9397,0.9473,0.9538,0.9595,0.9646,0.9695,0.9737
0.9773,0.9802,0.9829,0.9851,0.9869,0.9885,0.9897,0.9908,0.9917,0.9924
0.9930,0.9936,0.9941,0.9945,0.9949,0.9952,0.9956,0.9959,0.9962,0.9965
0.9967,0.9969,0.9971,0.9973,0.9974,0.9976,0.9977,0.9979,0.9980,0.9981
0.9982,0.9983,0.9984,0.9985,0.9986,0.9987,0.9988,0.9988,0.9989,0.9990
0.9990,0.9991,0.9991,0.9992,0.9992,0.9993,0.9994,0.9994,0.9995,0.9995
0.9996,0.9996,0.9997,0.9997,0.9998,0.9998,0.9999,0.9999,0.9999,1.0000
hwc2y1fract=0.0001,0.0001,0.0002,0.0003,0.0003,0.0004,0.0005,0.0006
0.0007,0.0008,0.0009,0.0010,0.0012,0.0014,0.0017,0.0021,0.0028,0.0039
0.0059,0.0096,0.0159,0.0250,0.0372,0.0523,0.0696,0.0882,0.1089,0.1305
0.1529,0.1759,0.1989,0.2223,0.2454,0.2687,0.2916,0.3143,0.3369,0.3598
0.3822,0.4043,0.4264,0.4480,0.4700,0.4911,0.5125,0.5335,0.5544,0.5751
0.5963,0.6169,0.6371,0.6572,0.6776,0.6974,0.7169,0.7367,0.7558,0.7747
0.7930,0.8106,0.8278,0.8444,0.8601,0.8747,0.8883,0.9006,0.9120,0.9221
0.9312,0.9391,0.9459,0.9520,0.9572,0.9621,0.9662,0.9700,0.9733,0.9761
0.9787,0.9808,0.9829,0.9845,0.9860,0.9873,0.9884,0.9894,0.9903,0.9910
0.9917,0.9924,0.9929,0.9934,0.9939,0.9943,0.9947,0.9950,0.9953,0.9956
0.9959,0.9962,0.9964,0.9966,0.9968,0.9970,0.9973,0.9975,0.9976,0.9978
0.9979,0.9981,0.9982,0.9984,0.9985,0.9986,0.9987,0.9988,0.9989,0.9989
0.9990,0.9991,0.9992,0.9992,0.9993,0.9993,0.9994,0.9994,0.9995,0.9996
0.9996,0.9997,0.9997,0.9997,0.9998,0.9999,0.9999,0.9999,1.0000,1.0000
hwc2u1fract=0.0001,0.0001,0.0002,0.0002,0.0003,0.0004,0.0004,0.0005
0.0006,0.0006,0.0007,0.0008,0.0008,0.0010,0.0011,0.0013,0.0016,0.0021
0.0033,0.0060,0.0112,0.0197,0.0313,0.0460,0.0631,0.0822,0.1024,0.1238
0.1457,0.1684,0.1912,0.2141,0.2371,0.2596,0.2825,0.3054,0.3278,0.3502
0.3727,0.3950,0.4168,0.4387,0.4601,0.4816,0.5022,0.5231,0.5440,0.5648
0.5854,0.6058,0.6260,0.6461,0.6660,0.6858,0.7055,0.7246,0.7437,0.7627
0.7811,0.7991,0.8167,0.8339,0.8500,0.8653,0.8794,0.8927,0.9047,0.9154
0.9248,0.9331,0.9404,0.9468,0.9525,0.9576,0.9620,0.9661,0.9697,0.9729
0.9757,0.9783,0.9804,0.9824,0.9840,0.9856,0.9868,0.9880,0.9890,0.9898
0.9905,0.9911,0.9917,0.9923,0.9927,0.9932,0.9936,0.9941,0.9945,0.9949
0.9953,0.9956,0.9959,0.9962,0.9964,0.9967,0.9969,0.9972,0.9974,0.9976
0.9978,0.9979,0.9981,0.9982,0.9984,0.9985,0.9986,0.9987,0.9988,0.9989
0.9990,0.9991,0.9992,0.9993,0.9993,0.9994,0.9994,0.9995,0.9995,0.9995
0.9996,0.9997,0.9997,0.9997,0.9998,0.9998,0.9999,0.9999,1.0000,1.0000
hwc2v1fract=0.0000,0.0001,0.0001,0.0002,0.0003,0.0004,0.0004,0.0005
0.0006,0.0007,0.0008,0.0009,0.0010,0.0012,0.0014,0.0017,0.0021,0.0030
0.0048,0.0085,0.0154,0.0252,0.0382,0.0541,0.0722,0.0918,0.1121,0.1341
0.1562,0.1784,0.2013,0.2240,0.2470,0.2698,0.2924,0.3149,0.3372,0.3595
0.3816,0.4036,0.4254,0.4467,0.4683,0.4896,0.5108,0.5322,0.5530,0.5735
0.5939,0.6141,0.6345,0.6547,0.6745,0.6941,0.7135,0.7328,0.7521,0.7708
0.7890,0.8070,0.8244,0.8413,0.8567,0.8717,0.8855,0.8980,0.9092,0.9192
0.9281,0.9357,0.9426,0.9487,0.9541,0.9589,0.9633,0.9672,0.9707,0.9737
0.9764,0.9790,0.9812,0.9830,0.9847,0.9861,0.9874,0.9885,0.9894,0.9903
0.9910,0.9916,0.9922,0.9928,0.9932,0.9937,0.9941,0.9945,0.9949,0.9952
0.9955,0.9959,0.9961,0.9964,0.9967,0.9970,0.9972,0.9974,0.9976,0.9978
0.9979,0.9981,0.9982,0.9983,0.9984,0.9985,0.9986,0.9987,0.9988,0.9989
0.9990,0.9990,0.9991,0.9992,0.9992,0.9993,0.9994,0.9994,0.9995,0.9995
0.9996,0.9996,0.9997,0.9997,0.9998,0.9998,0.9999,0.9999,1.0000,1.0000
hwc2y2fract=0.0001,0.0001,0.0002,0.0003,0.0003,0.0004,0.0005,0.0006
0.0007,0.0008,0.0010,0.0011,0.0013,0.0016,0.0020,0.0025,0.0034,0.0049
0.0074,0.0115,0.0183,0.0282,0.0409,0.0562,0.0735,0.0930,0.1137,0.1353
0.1577,0.1809,0.2040,0.2268,0.2495,0.2730,0.2961,0.3193,0.3420,0.3648
0.3877,0.4098,0.4316,0.4535,0.4750,0.4966,0.5177,0.5388,0.5596,0.5808
0.6014,0.6221,0.6421,0.6621,0.6820,0.7020,0.7216,0.7410,0.7601,0.7786
0.7970,0.8141,0.8309,0.8473,0.8627,0.8774,0.8906,0.9030,0.9141,0.9238
0.9324,0.9401,0.9471,0.9530,0.9582,0.9628,0.9668,0.9707,0.9738,0.9766
0.9791,0.9813,0.9832,0.9847,0.9861,0.9874,0.9885,0.9895,0.9903,0.9910
0.9917,0.9923,0.9929,0.9933,0.9938,0.9942,0.9946,0.9950,0.9953,0.9956
0.9958,0.9961,0.9964,0.9966,0.9969,0.9971,0.9973,0.9975,0.9976,0.9978
0.9979,0.9981,0.9982,0.9984,0.9985,0.9986,0.9987,0.9988,0.9989,0.9989
0.9990,0.9991,0.9991,0.9992,0.9992,0.9993,0.9993,0.9994,0.9995,0.9995
0.9996,0.9996,0.9997,0.9997,0.9998,0.9999,0.9999,0.9999,1.0000,1.0000
hwc2x2fract=0.0001,0.0002,0.0003,0.0004,0.0004,0.0006,0.0007,0.0008
0.0010,0.0011,0.0013,0.0015,0.0018,0.0021,0.0026,0.0036,0.0053,0.0079
0.0119,0.0173,0.0247,0.0336,0.0447,0.0572,0.0716,0.0872,0.1038,0.1210
0.1392,0.1580,0.1774,0.1975,0.2183,0.2399,0.2612,0.2832,0.3053,0.3271
0.3496,0.3720,0.3948,0.4171,0.4397,0.4625,0.4850,0.5070,0.5290,0.5509
0.5725,0.5941,0.6158,0.6375,0.6586,0.6794,0.7001,0.7204,0.7402,0.7600
0.7792,0.7975,0.8158,0.8329,0.8491,0.8640,0.8782,0.8912,0.9029,0.9137
0.9236,0.9324,0.9405,0.9475,0.9541,0.9600,0.9651,0.9697,0.9737,0.9772
0.9803,0.9828,0.9850,0.9868,0.9883,0.9895,0.9906,0.9914,0.9922,0.9929
0.9934,0.9939,0.9943,0.9947,0.9951,0.9953,0.9957,0.9960,0.9962,0.9964
0.9967,0.9968,0.9970,0.9972,0.9974,0.9975,0.9977,0.9978,0.9980,0.9981
0.9982,0.9983,0.9984,0.9985,0.9986,0.9987,0.9988,0.9988,0.9989,0.9990
0.9990,0.9991,0.9992,0.9992,0.9993,0.9993,0.9994,0.9995,0.9995,0.9995
0.9996,0.9996,0.9997,0.9997,0.9998,0.9998,0.9998,0.9999,0.9999,1.0000
