; Lookup table
;number of bins in Meek's time to distance lookup table
hdriftbins=138
;number of 1st bin in Meek's table in ns
hdrift1stbin=-24
;bin size in ns of Meek's table
hdriftbinsz=2
hwc1x1fract=0.0003,0.0006,0.0009,0.0013,0.0016,0.0020,0.0023,0.0027
0.0031,0.0035,0.0039,0.0043,0.0048,0.0054,0.0059,0.0066,0.0074,0.0086
0.0105,0.0130,0.0170,0.0228,0.0305,0.0399,0.0511,0.0637,0.0770,0.0917
0.1074,0.1242,0.1419,0.1603,0.1791,0.1985,0.2185,0.2394,0.2602,0.2815
0.3031,0.3245,0.3462,0.3679,0.3892,0.4108,0.4321,0.4536,0.4749,0.4964
0.5175,0.5382,0.5590,0.5796,0.5998,0.6202,0.6405,0.6602,0.6793,0.6985
0.7169,0.7351,0.7530,0.7701,0.7866,0.8024,0.8173,0.8315,0.8448,0.8573
0.8688,0.8794,0.8891,0.8982,0.9065,0.9142,0.9212,0.9279,0.9340,0.9395
0.9445,0.9490,0.9528,0.9562,0.9590,0.9616,0.9637,0.9658,0.9674,0.9688
0.9701,0.9713,0.9724,0.9733,0.9743,0.9752,0.9761,0.9768,0.9776,0.9784
0.9791,0.9798,0.9804,0.9811,0.9817,0.9823,0.9830,0.9836,0.9843,0.9849
0.9855,0.9861,0.9867,0.9872,0.9878,0.9884,0.9889,0.9894,0.9899,0.9904
0.9910,0.9915,0.9920,0.9925,0.9929,0.9935,0.9941,0.9945,0.9951,0.9955
0.9960,0.9965,0.9970,0.9975,0.9979,0.9983,0.9988,0.9992,0.9997,1.0000
hwc1y1fract=0.0003,0.0005,0.0007,0.0010,0.0014,0.0017,0.0020,0.0023
0.0027,0.0031,0.0035,0.0040,0.0044,0.0048,0.0054,0.0061,0.0069,0.0081
0.0099,0.0124,0.0164,0.0228,0.0317,0.0434,0.0575,0.0735,0.0913,0.1100
0.1301,0.1509,0.1726,0.1945,0.2164,0.2384,0.2607,0.2830,0.3047,0.3266
0.3483,0.3699,0.3914,0.4128,0.4341,0.4548,0.4754,0.4958,0.5159,0.5360
0.5559,0.5759,0.5955,0.6150,0.6345,0.6535,0.6725,0.6913,0.7094,0.7271
0.7446,0.7619,0.7787,0.7947,0.8101,0.8246,0.8384,0.8512,0.8630,0.8738
0.8840,0.8930,0.9013,0.9087,0.9155,0.9216,0.9272,0.9323,0.9371,0.9414
0.9454,0.9492,0.9524,0.9553,0.9579,0.9604,0.9625,0.9644,0.9663,0.9680
0.9694,0.9708,0.9721,0.9734,0.9744,0.9755,0.9765,0.9774,0.9782,0.9790
0.9798,0.9806,0.9813,0.9820,0.9827,0.9833,0.9839,0.9845,0.9851,0.9857
0.9863,0.9868,0.9874,0.9880,0.9885,0.9891,0.9896,0.9902,0.9907,0.9912
0.9917,0.9922,0.9927,0.9931,0.9935,0.9940,0.9945,0.9949,0.9954,0.9958
0.9963,0.9967,0.9971,0.9975,0.9979,0.9984,0.9988,0.9992,0.9996,1.0000
hwc1u1fract=0.0002,0.0005,0.0007,0.0010,0.0012,0.0015,0.0017,0.0020
0.0023,0.0026,0.0028,0.0031,0.0034,0.0037,0.0040,0.0044,0.0049,0.0058
0.0073,0.0103,0.0156,0.0237,0.0344,0.0476,0.0625,0.0787,0.0961,0.1149
0.1342,0.1543,0.1746,0.1958,0.2170,0.2386,0.2603,0.2820,0.3035,0.3252
0.3468,0.3685,0.3900,0.4108,0.4319,0.4527,0.4733,0.4935,0.5138,0.5342
0.5543,0.5740,0.5934,0.6128,0.6321,0.6512,0.6697,0.6886,0.7070,0.7251
0.7428,0.7603,0.7770,0.7932,0.8087,0.8233,0.8369,0.8497,0.8613,0.8718
0.8812,0.8902,0.8983,0.9057,0.9127,0.9189,0.9246,0.9300,0.9352,0.9400
0.9443,0.9484,0.9520,0.9551,0.9579,0.9604,0.9627,0.9647,0.9666,0.9681
0.9696,0.9709,0.9722,0.9733,0.9744,0.9753,0.9763,0.9772,0.9780,0.9789
0.9797,0.9804,0.9813,0.9819,0.9826,0.9832,0.9838,0.9844,0.9851,0.9858
0.9863,0.9869,0.9875,0.9881,0.9886,0.9891,0.9897,0.9902,0.9907,0.9912
0.9917,0.9922,0.9927,0.9932,0.9936,0.9941,0.9946,0.9950,0.9955,0.9959
0.9963,0.9967,0.9972,0.9976,0.9981,0.9985,0.9988,0.9992,0.9996,1.0000
hwc1v1fract=0.0002,0.0005,0.0007,0.0010,0.0012,0.0015,0.0018,0.0020
0.0023,0.0026,0.0029,0.0032,0.0036,0.0039,0.0043,0.0048,0.0056,0.0070
0.0092,0.0130,0.0193,0.0280,0.0393,0.0532,0.0687,0.0859,0.1040,0.1233
0.1429,0.1638,0.1841,0.2053,0.2262,0.2478,0.2692,0.2908,0.3119,0.3334
0.3547,0.3759,0.3969,0.4177,0.4387,0.4595,0.4796,0.4999,0.5199,0.5400
0.5602,0.5800,0.5993,0.6191,0.6386,0.6576,0.6764,0.6950,0.7134,0.7318
0.7495,0.7670,0.7841,0.8002,0.8155,0.8300,0.8435,0.8560,0.8673,0.8775
0.8869,0.8954,0.9030,0.9103,0.9167,0.9228,0.9283,0.9335,0.9384,0.9429
0.9470,0.9507,0.9542,0.9573,0.9599,0.9622,0.9643,0.9662,0.9678,0.9693
0.9707,0.9719,0.9731,0.9741,0.9751,0.9761,0.9770,0.9779,0.9787,0.9794
0.9802,0.9809,0.9816,0.9823,0.9830,0.9836,0.9843,0.9848,0.9853,0.9859
0.9865,0.9871,0.9876,0.9882,0.9887,0.9892,0.9897,0.9903,0.9908,0.9913
0.9917,0.9923,0.9928,0.9933,0.9937,0.9942,0.9946,0.9951,0.9955,0.9959
0.9964,0.9968,0.9972,0.9976,0.9981,0.9985,0.9989,0.9992,0.9996,1.0000
hwc1y2fract=0.0002,0.0005,0.0008,0.0010,0.0013,0.0016,0.0018,0.0021
0.0023,0.0026,0.0029,0.0032,0.0036,0.0040,0.0044,0.0050,0.0058,0.0071
0.0091,0.0121,0.0174,0.0247,0.0350,0.0475,0.0619,0.0783,0.0965,0.1159
0.1358,0.1568,0.1785,0.1997,0.2217,0.2431,0.2652,0.2872,0.3092,0.3307
0.3525,0.3737,0.3948,0.4159,0.4368,0.4575,0.4780,0.4982,0.5184,0.5383
0.5580,0.5777,0.5972,0.6165,0.6359,0.6553,0.6742,0.6933,0.7119,0.7300
0.7475,0.7646,0.7809,0.7968,0.8117,0.8259,0.8391,0.8514,0.8629,0.8736
0.8834,0.8921,0.9001,0.9072,0.9138,0.9197,0.9255,0.9306,0.9357,0.9400
0.9440,0.9478,0.9510,0.9541,0.9567,0.9591,0.9612,0.9633,0.9650,0.9668
0.9683,0.9697,0.9710,0.9723,0.9734,0.9745,0.9754,0.9763,0.9772,0.9781
0.9789,0.9797,0.9804,0.9811,0.9818,0.9825,0.9832,0.9838,0.9844,0.9851
0.9857,0.9863,0.9869,0.9875,0.9881,0.9886,0.9892,0.9897,0.9902,0.9907
0.9913,0.9918,0.9923,0.9928,0.9933,0.9938,0.9943,0.9948,0.9953,0.9957
0.9961,0.9966,0.9970,0.9975,0.9979,0.9983,0.9987,0.9992,0.9995,1.0000
hwc1x2fract=0.0003,0.0005,0.0009,0.0012,0.0015,0.0018,0.0021,0.0025
0.0028,0.0032,0.0036,0.0039,0.0044,0.0049,0.0054,0.0062,0.0074,0.0093
0.0123,0.0165,0.0226,0.0306,0.0405,0.0522,0.0652,0.0792,0.0945,0.1106
0.1278,0.1454,0.1640,0.1836,0.2034,0.2233,0.2442,0.2655,0.2871,0.3085
0.3301,0.3518,0.3735,0.3949,0.4166,0.4379,0.4593,0.4804,0.5016,0.5228
0.5437,0.5643,0.5845,0.6049,0.6252,0.6451,0.6643,0.6835,0.7029,0.7213
0.7393,0.7569,0.7735,0.7897,0.8048,0.8196,0.8333,0.8462,0.8582,0.8693
0.8795,0.8891,0.8981,0.9063,0.9140,0.9209,0.9272,0.9330,0.9383,0.9432
0.9477,0.9516,0.9548,0.9579,0.9604,0.9625,0.9644,0.9661,0.9675,0.9688
0.9701,0.9712,0.9722,0.9732,0.9741,0.9749,0.9757,0.9765,0.9773,0.9781
0.9788,0.9795,0.9801,0.9808,0.9814,0.9821,0.9827,0.9833,0.9839,0.9845
0.9851,0.9857,0.9862,0.9868,0.9873,0.9878,0.9883,0.9888,0.9893,0.9899
0.9904,0.9910,0.9915,0.9920,0.9926,0.9931,0.9937,0.9942,0.9947,0.9952
0.9958,0.9963,0.9968,0.9973,0.9977,0.9982,0.9987,0.9991,0.9995,1.0000
hwc2x1fract=0.0003,0.0006,0.0010,0.0013,0.0016,0.0020,0.0023,0.0028
0.0031,0.0036,0.0040,0.0046,0.0052,0.0058,0.0068,0.0081,0.0099,0.0130
0.0172,0.0229,0.0304,0.0398,0.0506,0.0629,0.0769,0.0921,0.1082,0.1250
0.1426,0.1615,0.1806,0.2004,0.2208,0.2417,0.2628,0.2843,0.3057,0.3271
0.3488,0.3706,0.3926,0.4146,0.4360,0.4572,0.4786,0.4998,0.5209,0.5420
0.5629,0.5837,0.6042,0.6245,0.6445,0.6645,0.6839,0.7032,0.7223,0.7412
0.7589,0.7767,0.7931,0.8089,0.8236,0.8376,0.8505,0.8624,0.8734,0.8835
0.8928,0.9013,0.9093,0.9167,0.9233,0.9297,0.9352,0.9404,0.9450,0.9493
0.9530,0.9564,0.9593,0.9618,0.9641,0.9660,0.9677,0.9692,0.9705,0.9716
0.9727,0.9737,0.9747,0.9755,0.9763,0.9772,0.9779,0.9787,0.9793,0.9800
0.9806,0.9812,0.9819,0.9824,0.9830,0.9836,0.9842,0.9848,0.9854,0.9860
0.9865,0.9871,0.9876,0.9881,0.9887,0.9892,0.9897,0.9903,0.9907,0.9912
0.9917,0.9922,0.9927,0.9931,0.9936,0.9941,0.9945,0.9950,0.9955,0.9959
0.9963,0.9968,0.9973,0.9977,0.9981,0.9985,0.9989,0.9992,0.9996,1.0000
hwc2y1fract=0.0002,0.0005,0.0007,0.0010,0.0012,0.0015,0.0018,0.0020
0.0023,0.0026,0.0029,0.0031,0.0034,0.0037,0.0040,0.0044,0.0049,0.0057
0.0069,0.0090,0.0128,0.0191,0.0280,0.0402,0.0549,0.0717,0.0903,0.1105
0.1315,0.1534,0.1759,0.1985,0.2213,0.2443,0.2669,0.2891,0.3115,0.3339
0.3556,0.3774,0.3992,0.4205,0.4416,0.4624,0.4828,0.5031,0.5233,0.5432
0.5630,0.5830,0.6027,0.6221,0.6415,0.6610,0.6799,0.6988,0.7172,0.7353
0.7531,0.7704,0.7871,0.8033,0.8186,0.8330,0.8464,0.8591,0.8706,0.8812
0.8908,0.8996,0.9072,0.9141,0.9206,0.9262,0.9314,0.9362,0.9405,0.9446
0.9483,0.9516,0.9544,0.9569,0.9594,0.9617,0.9637,0.9655,0.9672,0.9687
0.9702,0.9715,0.9726,0.9737,0.9748,0.9758,0.9767,0.9776,0.9784,0.9791
0.9799,0.9806,0.9813,0.9819,0.9826,0.9833,0.9839,0.9846,0.9852,0.9858
0.9864,0.9870,0.9876,0.9882,0.9887,0.9892,0.9897,0.9901,0.9907,0.9912
0.9917,0.9922,0.9927,0.9932,0.9937,0.9942,0.9946,0.9950,0.9955,0.9959
0.9964,0.9968,0.9972,0.9976,0.9981,0.9985,0.9989,0.9992,0.9996,1.0000
hwc2u1fract=0.0002,0.0004,0.0007,0.0009,0.0011,0.0013,0.0016,0.0018
0.0021,0.0024,0.0026,0.0029,0.0032,0.0034,0.0038,0.0042,0.0050,0.0063
0.0088,0.0139,0.0223,0.0341,0.0483,0.0648,0.0833,0.1033,0.1242,0.1458
0.1676,0.1897,0.2123,0.2345,0.2565,0.2789,0.3010,0.3232,0.3451,0.3670
0.3887,0.4098,0.4308,0.4513,0.4718,0.4921,0.5123,0.5322,0.5521,0.5718
0.5912,0.6106,0.6298,0.6486,0.6672,0.6856,0.7040,0.7220,0.7397,0.7572
0.7746,0.7911,0.8072,0.8227,0.8373,0.8505,0.8630,0.8741,0.8844,0.8934
0.9015,0.9089,0.9156,0.9216,0.9272,0.9322,0.9367,0.9410,0.9450,0.9486
0.9520,0.9550,0.9578,0.9602,0.9624,0.9643,0.9660,0.9676,0.9691,0.9704
0.9716,0.9728,0.9739,0.9748,0.9756,0.9765,0.9774,0.9781,0.9789,0.9797
0.9804,0.9811,0.9818,0.9825,0.9831,0.9838,0.9844,0.9850,0.9856,0.9861
0.9867,0.9873,0.9878,0.9883,0.9889,0.9894,0.9899,0.9905,0.9909,0.9915
0.9920,0.9924,0.9929,0.9934,0.9939,0.9943,0.9948,0.9952,0.9956,0.9961
0.9965,0.9969,0.9973,0.9977,0.9981,0.9985,0.9989,0.9993,0.9997,1.0000
hwc2v1fract=0.0002,0.0005,0.0007,0.0010,0.0012,0.0015,0.0017,0.0020
0.0023,0.0026,0.0029,0.0032,0.0035,0.0038,0.0042,0.0047,0.0053,0.0061
0.0078,0.0109,0.0167,0.0256,0.0377,0.0526,0.0693,0.0880,0.1079,0.1295
0.1510,0.1729,0.1950,0.2176,0.2396,0.2619,0.2842,0.3064,0.3288,0.3507
0.3720,0.3931,0.4138,0.4347,0.4553,0.4758,0.4961,0.5162,0.5359,0.5557
0.5751,0.5945,0.6137,0.6326,0.6517,0.6706,0.6892,0.7075,0.7256,0.7436
0.7610,0.7777,0.7937,0.8094,0.8243,0.8389,0.8521,0.8642,0.8754,0.8853
0.8941,0.9021,0.9091,0.9156,0.9214,0.9268,0.9318,0.9365,0.9407,0.9446
0.9483,0.9516,0.9546,0.9573,0.9596,0.9619,0.9639,0.9656,0.9673,0.9688
0.9702,0.9714,0.9725,0.9736,0.9747,0.9757,0.9766,0.9775,0.9783,0.9791
0.9799,0.9806,0.9814,0.9821,0.9828,0.9834,0.9841,0.9848,0.9854,0.9859
0.9865,0.9870,0.9876,0.9882,0.9886,0.9892,0.9897,0.9902,0.9907,0.9912
0.9918,0.9922,0.9927,0.9931,0.9936,0.9941,0.9946,0.9950,0.9955,0.9960
0.9964,0.9969,0.9973,0.9977,0.9981,0.9985,0.9989,0.9993,0.9997,1.0000
hwc2y2fract=0.0002,0.0004,0.0007,0.0009,0.0012,0.0014,0.0017,0.0020
0.0022,0.0025,0.0028,0.0030,0.0034,0.0037,0.0041,0.0045,0.0051,0.0060
0.0076,0.0100,0.0141,0.0207,0.0305,0.0430,0.0581,0.0752,0.0942,0.1141
0.1355,0.1578,0.1800,0.2029,0.2257,0.2483,0.2706,0.2932,0.3158,0.3382
0.3602,0.3818,0.4032,0.4241,0.4451,0.4658,0.4862,0.5065,0.5267,0.5469
0.5672,0.5871,0.6069,0.6266,0.6463,0.6651,0.6841,0.7026,0.7207,0.7387
0.7559,0.7733,0.7898,0.8059,0.8212,0.8351,0.8485,0.8611,0.8723,0.8827
0.8921,0.9004,0.9081,0.9149,0.9209,0.9266,0.9315,0.9362,0.9403,0.9442
0.9479,0.9512,0.9541,0.9567,0.9591,0.9612,0.9632,0.9651,0.9667,0.9682
0.9696,0.9709,0.9721,0.9731,0.9742,0.9752,0.9761,0.9770,0.9779,0.9786
0.9794,0.9801,0.9809,0.9816,0.9823,0.9830,0.9836,0.9842,0.9848,0.9855
0.9861,0.9868,0.9873,0.9878,0.9883,0.9888,0.9893,0.9899,0.9905,0.9910
0.9916,0.9921,0.9925,0.9930,0.9935,0.9939,0.9944,0.9948,0.9952,0.9957
0.9962,0.9966,0.9971,0.9975,0.9979,0.9983,0.9987,0.9992,0.9996,1.0000
hwc2x2fract=0.0003,0.0006,0.0008,0.0011,0.0014,0.0017,0.0020,0.0023
0.0026,0.0029,0.0032,0.0036,0.0040,0.0045,0.0050,0.0056,0.0064,0.0077
0.0096,0.0128,0.0176,0.0249,0.0341,0.0454,0.0585,0.0730,0.0884,0.1049
0.1227,0.1410,0.1602,0.1800,0.2001,0.2210,0.2418,0.2635,0.2855,0.3074
0.3295,0.3516,0.3733,0.3952,0.4169,0.4381,0.4593,0.4807,0.5016,0.5227
0.5438,0.5643,0.5852,0.6055,0.6257,0.6459,0.6652,0.6846,0.7036,0.7224
0.7405,0.7587,0.7760,0.7927,0.8087,0.8234,0.8373,0.8507,0.8626,0.8738
0.8840,0.8932,0.9019,0.9099,0.9173,0.9240,0.9303,0.9358,0.9407,0.9454
0.9495,0.9533,0.9566,0.9595,0.9620,0.9642,0.9662,0.9679,0.9694,0.9707
0.9720,0.9731,0.9741,0.9750,0.9759,0.9767,0.9776,0.9783,0.9790,0.9797
0.9804,0.9810,0.9817,0.9823,0.9829,0.9834,0.9841,0.9846,0.9852,0.9857
0.9863,0.9869,0.9875,0.9880,0.9885,0.9890,0.9896,0.9901,0.9906,0.9910
0.9915,0.9920,0.9925,0.9930,0.9935,0.9940,0.9945,0.9950,0.9954,0.9958
0.9963,0.9967,0.9972,0.9976,0.9980,0.9985,0.9989,0.9993,0.9996,1.0000
