; Lookup table
;number of bins in Meek's time to distance lookup table
hdriftbins=138
;number of 1st bin in Meek's table in ns
hdrift1stbin=-24
;bin size in ns of Meek's table
hdriftbinsz=2
hwc1x1fract=0.0000,0.0001,0.0001,0.0002,0.0002,0.0003,0.0004,0.0005
0.0005,0.0006,0.0008,0.0009,0.0011,0.0013,0.0017,0.0021,0.0030,0.0042
0.0057,0.0082,0.0116,0.0170,0.0240,0.0318,0.0422,0.0543,0.0675,0.0821
0.0986,0.1156,0.1334,0.1531,0.1731,0.1932,0.2149,0.2371,0.2592,0.2815
0.3043,0.3273,0.3507,0.3737,0.3964,0.4195,0.4427,0.4663,0.4893,0.5121
0.5347,0.5564,0.5790,0.6012,0.6230,0.6442,0.6656,0.6856,0.7057,0.7256
0.7451,0.7637,0.7828,0.8007,0.8176,0.8342,0.8490,0.8632,0.8763,0.8891
0.9003,0.9105,0.9197,0.9286,0.9364,0.9434,0.9501,0.9561,0.9623,0.9674
0.9716,0.9754,0.9792,0.9824,0.9848,0.9870,0.9888,0.9904,0.9916,0.9926
0.9936,0.9944,0.9951,0.9957,0.9961,0.9965,0.9969,0.9972,0.9975,0.9978
0.9980,0.9982,0.9984,0.9985,0.9986,0.9987,0.9988,0.9989,0.9990,0.9991
0.9993,0.9994,0.9994,0.9994,0.9995,0.9995,0.9996,0.9997,0.9997,0.9997
0.9998,0.9998,0.9998,0.9998,0.9999,0.9999,0.9999,0.9999,0.9999,0.9999
0.9999,1.0000,1.0000,1.0000,1.0000,1.0000,1.0000,1.0000,1.0000,1.0000
hwc1y1fract=0.0000,0.0001,0.0001,0.0002,0.0002,0.0003,0.0003,0.0004
0.0005,0.0006,0.0007,0.0008,0.0010,0.0012,0.0015,0.0018,0.0025,0.0035
0.0052,0.0080,0.0125,0.0196,0.0298,0.0426,0.0578,0.0756,0.0951,0.1166
0.1394,0.1620,0.1856,0.2093,0.2328,0.2570,0.2818,0.3056,0.3296,0.3533
0.3761,0.3989,0.4217,0.4440,0.4668,0.4887,0.5108,0.5321,0.5534,0.5736
0.5942,0.6150,0.6357,0.6553,0.6753,0.6950,0.7143,0.7336,0.7522,0.7703
0.7880,0.8050,0.8219,0.8380,0.8530,0.8674,0.8805,0.8926,0.9037,0.9136
0.9225,0.9301,0.9371,0.9435,0.9489,0.9539,0.9584,0.9627,0.9665,0.9702
0.9734,0.9763,0.9787,0.9810,0.9829,0.9849,0.9864,0.9878,0.9890,0.9904
0.9914,0.9920,0.9929,0.9935,0.9941,0.9947,0.9952,0.9957,0.9962,0.9966
0.9969,0.9972,0.9975,0.9977,0.9980,0.9982,0.9984,0.9985,0.9987,0.9988
0.9990,0.9992,0.9993,0.9994,0.9995,0.9995,0.9996,0.9996,0.9997,0.9997
0.9998,0.9998,0.9998,0.9999,0.9999,0.9999,0.9999,0.9999,1.0000,1.0000
1.0000,1.0000,1.0000,1.0000,1.0000,1.0000,1.0000,1.0000,1.0000,1.0000
hwc1u1fract=0.0000,0.0000,0.0000,0.0000,0.0000,0.0000,0.0000,0.0000
0.0001,0.0001,0.0001,0.0002,0.0002,0.0003,0.0005,0.0008,0.0015,0.0025
0.0039,0.0064,0.0103,0.0162,0.0248,0.0359,0.0497,0.0657,0.0833,0.1024
0.1223,0.1438,0.1658,0.1887,0.2109,0.2342,0.2575,0.2809,0.3046,0.3278
0.3519,0.3749,0.3972,0.4195,0.4417,0.4633,0.4850,0.5064,0.5284,0.5497
0.5714,0.5917,0.6119,0.6330,0.6532,0.6729,0.6920,0.7116,0.7318,0.7506
0.7691,0.7866,0.8033,0.8197,0.8351,0.8501,0.8645,0.8770,0.8885,0.8987
0.9084,0.9168,0.9245,0.9322,0.9390,0.9453,0.9509,0.9556,0.9602,0.9647
0.9686,0.9721,0.9755,0.9783,0.9807,0.9828,0.9846,0.9862,0.9874,0.9886
0.9896,0.9906,0.9914,0.9922,0.9929,0.9936,0.9943,0.9948,0.9953,0.9957
0.9962,0.9965,0.9968,0.9972,0.9974,0.9976,0.9978,0.9981,0.9982,0.9984
0.9986,0.9987,0.9988,0.9990,0.9991,0.9992,0.9993,0.9994,0.9995,0.9995
0.9995,0.9996,0.9997,0.9997,0.9997,0.9997,0.9998,0.9998,0.9999,0.9999
0.9999,1.0000,1.0000,1.0000,1.0000,1.0000,1.0000,1.0000,1.0000,1.0000
hwc1v1fract=0.0000,0.0000,0.0000,0.0000,0.0000,0.0001,0.0001,0.0001
0.0001,0.0002,0.0002,0.0002,0.0003,0.0004,0.0006,0.0010,0.0015,0.0027
0.0048,0.0089,0.0149,0.0236,0.0349,0.0488,0.0648,0.0820,0.1015,0.1218
0.1433,0.1654,0.1879,0.2105,0.2328,0.2558,0.2786,0.3021,0.3250,0.3479
0.3708,0.3941,0.4166,0.4383,0.4602,0.4819,0.5033,0.5244,0.5454,0.5667
0.5872,0.6081,0.6286,0.6493,0.6692,0.6892,0.7091,0.7287,0.7476,0.7664
0.7850,0.8023,0.8194,0.8359,0.8510,0.8655,0.8786,0.8906,0.9012,0.9102
0.9192,0.9268,0.9338,0.9400,0.9460,0.9516,0.9566,0.9613,0.9652,0.9693
0.9729,0.9762,0.9792,0.9818,0.9837,0.9855,0.9870,0.9883,0.9894,0.9903
0.9912,0.9921,0.9930,0.9937,0.9942,0.9948,0.9953,0.9958,0.9962,0.9966
0.9968,0.9971,0.9975,0.9976,0.9979,0.9981,0.9983,0.9985,0.9986,0.9987
0.9989,0.9991,0.9992,0.9993,0.9994,0.9995,0.9995,0.9996,0.9997,0.9997
0.9997,0.9998,0.9998,0.9998,0.9999,0.9999,0.9999,0.9999,1.0000,1.0000
1.0000,1.0000,1.0000,1.0000,1.0000,1.0000,1.0000,1.0000,1.0000,1.0000
hwc1y2fract=0.0000,0.0000,0.0000,0.0000,0.0000,0.0001,0.0001,0.0002
0.0002,0.0002,0.0003,0.0003,0.0005,0.0005,0.0007,0.0011,0.0017,0.0030
0.0051,0.0087,0.0144,0.0224,0.0334,0.0477,0.0633,0.0819,0.1019,0.1229
0.1446,0.1680,0.1920,0.2152,0.2387,0.2626,0.2853,0.3093,0.3319,0.3554
0.3784,0.4010,0.4237,0.4458,0.4684,0.4903,0.5117,0.5324,0.5540,0.5750
0.5953,0.6159,0.6360,0.6567,0.6768,0.6966,0.7163,0.7357,0.7550,0.7733
0.7909,0.8085,0.8252,0.8400,0.8544,0.8682,0.8804,0.8919,0.9021,0.9115
0.9198,0.9274,0.9343,0.9406,0.9460,0.9510,0.9557,0.9600,0.9641,0.9680
0.9713,0.9741,0.9766,0.9788,0.9809,0.9827,0.9844,0.9858,0.9871,0.9884
0.9895,0.9905,0.9912,0.9922,0.9928,0.9936,0.9940,0.9945,0.9950,0.9955
0.9959,0.9964,0.9967,0.9970,0.9973,0.9976,0.9979,0.9981,0.9983,0.9985
0.9987,0.9989,0.9990,0.9991,0.9992,0.9993,0.9994,0.9994,0.9995,0.9995
0.9996,0.9996,0.9997,0.9997,0.9998,0.9998,0.9998,0.9998,0.9999,0.9999
0.9999,0.9999,0.9999,0.9999,0.9999,1.0000,1.0000,1.0000,1.0000,1.0000
hwc1x2fract=0.0000,0.0001,0.0001,0.0001,0.0001,0.0002,0.0002,0.0002
0.0003,0.0003,0.0004,0.0005,0.0006,0.0007,0.0010,0.0014,0.0022,0.0037
0.0060,0.0098,0.0153,0.0230,0.0327,0.0438,0.0572,0.0720,0.0880,0.1049
0.1228,0.1428,0.1630,0.1843,0.2051,0.2268,0.2498,0.2724,0.2952,0.3181
0.3416,0.3647,0.3876,0.4108,0.4333,0.4558,0.4782,0.5005,0.5236,0.5459
0.5691,0.5914,0.6127,0.6337,0.6554,0.6765,0.6971,0.7168,0.7361,0.7550
0.7739,0.7919,0.8087,0.8251,0.8404,0.8548,0.8684,0.8810,0.8932,0.9037
0.9132,0.9215,0.9297,0.9374,0.9444,0.9512,0.9574,0.9628,0.9675,0.9722
0.9760,0.9792,0.9822,0.9845,0.9865,0.9882,0.9896,0.9910,0.9922,0.9932
0.9939,0.9946,0.9952,0.9957,0.9962,0.9966,0.9969,0.9972,0.9974,0.9977
0.9978,0.9980,0.9982,0.9983,0.9984,0.9985,0.9986,0.9988,0.9989,0.9989
0.9990,0.9991,0.9992,0.9993,0.9994,0.9994,0.9995,0.9995,0.9996,0.9996
0.9997,0.9997,0.9997,0.9997,0.9997,0.9998,0.9998,0.9998,0.9998,0.9999
0.9999,0.9999,0.9999,0.9999,0.9999,0.9999,1.0000,1.0000,1.0000,1.0000
hwc2x1fract=0.0000,0.0001,0.0001,0.0002,0.0003,0.0003,0.0004,0.0004
0.0006,0.0007,0.0008,0.0009,0.0010,0.0012,0.0014,0.0018,0.0024,0.0034
0.0053,0.0080,0.0124,0.0179,0.0250,0.0346,0.0457,0.0589,0.0739,0.0898
0.1074,0.1258,0.1450,0.1645,0.1856,0.2074,0.2292,0.2514,0.2740,0.2968
0.3201,0.3429,0.3662,0.3888,0.4121,0.4358,0.4592,0.4824,0.5055,0.5279
0.5507,0.5730,0.5944,0.6164,0.6375,0.6591,0.6799,0.7010,0.7216,0.7417
0.7619,0.7810,0.7996,0.8166,0.8337,0.8494,0.8639,0.8776,0.8905,0.9016
0.9120,0.9213,0.9295,0.9371,0.9443,0.9506,0.9565,0.9618,0.9667,0.9711
0.9753,0.9788,0.9815,0.9840,0.9860,0.9877,0.9893,0.9905,0.9918,0.9927
0.9935,0.9942,0.9948,0.9953,0.9959,0.9962,0.9966,0.9969,0.9973,0.9975
0.9978,0.9981,0.9984,0.9985,0.9987,0.9988,0.9989,0.9991,0.9992,0.9992
0.9993,0.9994,0.9994,0.9995,0.9996,0.9997,0.9997,0.9997,0.9997,0.9998
0.9998,0.9998,0.9999,0.9999,0.9999,0.9999,0.9999,0.9999,0.9999,0.9999
0.9999,0.9999,0.9999,0.9999,1.0000,1.0000,1.0000,1.0000,1.0000,1.0000
hwc2y1fract=0.0000,0.0000,0.0000,0.0000,0.0000,0.0001,0.0001,0.0001
0.0001,0.0001,0.0002,0.0002,0.0003,0.0003,0.0004,0.0007,0.0010,0.0018
0.0029,0.0052,0.0095,0.0166,0.0263,0.0395,0.0552,0.0731,0.0933,0.1146
0.1368,0.1606,0.1850,0.2096,0.2343,0.2592,0.2838,0.3083,0.3325,0.3560
0.3788,0.4024,0.4253,0.4476,0.4695,0.4907,0.5128,0.5344,0.5564,0.5784
0.5984,0.6190,0.6394,0.6597,0.6799,0.6998,0.7200,0.7393,0.7581,0.7765
0.7943,0.8120,0.8290,0.8454,0.8602,0.8742,0.8873,0.8988,0.9095,0.9193
0.9276,0.9353,0.9421,0.9481,0.9534,0.9583,0.9627,0.9668,0.9704,0.9738
0.9767,0.9791,0.9813,0.9831,0.9848,0.9863,0.9878,0.9888,0.9898,0.9906
0.9914,0.9922,0.9928,0.9934,0.9940,0.9945,0.9949,0.9955,0.9958,0.9962
0.9965,0.9968,0.9971,0.9973,0.9975,0.9977,0.9979,0.9981,0.9982,0.9985
0.9987,0.9989,0.9990,0.9992,0.9993,0.9994,0.9995,0.9995,0.9996,0.9996
0.9997,0.9998,0.9998,0.9998,0.9998,0.9999,0.9999,0.9999,0.9999,0.9999
0.9999,0.9999,0.9999,1.0000,1.0000,1.0000,1.0000,1.0000,1.0000,1.0000
hwc2u1fract=0.0000,0.0000,0.0000,0.0000,0.0000,0.0000,0.0000,0.0001
0.0001,0.0001,0.0002,0.0002,0.0002,0.0002,0.0003,0.0004,0.0006,0.0012
0.0020,0.0040,0.0080,0.0152,0.0257,0.0395,0.0564,0.0753,0.0957,0.1172
0.1403,0.1638,0.1876,0.2117,0.2367,0.2604,0.2846,0.3088,0.3322,0.3550
0.3777,0.4010,0.4234,0.4454,0.4670,0.4886,0.5097,0.5310,0.5524,0.5735
0.5943,0.6155,0.6361,0.6562,0.6761,0.6961,0.7151,0.7344,0.7532,0.7729
0.7913,0.8091,0.8263,0.8423,0.8581,0.8723,0.8855,0.8971,0.9082,0.9176
0.9263,0.9337,0.9401,0.9459,0.9510,0.9557,0.9600,0.9641,0.9678,0.9711
0.9743,0.9770,0.9794,0.9815,0.9836,0.9853,0.9867,0.9879,0.9890,0.9901
0.9910,0.9919,0.9926,0.9931,0.9938,0.9943,0.9948,0.9952,0.9955,0.9959
0.9963,0.9965,0.9969,0.9971,0.9974,0.9977,0.9978,0.9981,0.9982,0.9984
0.9986,0.9988,0.9989,0.9990,0.9992,0.9993,0.9994,0.9995,0.9995,0.9996
0.9997,0.9997,0.9998,0.9998,0.9998,0.9998,0.9999,0.9999,0.9999,0.9999
0.9999,0.9999,1.0000,1.0000,1.0000,1.0000,1.0000,1.0000,1.0000,1.0000
hwc2v1fract=0.0000,0.0000,0.0000,0.0000,0.0000,0.0001,0.0001,0.0001
0.0001,0.0002,0.0002,0.0002,0.0003,0.0003,0.0005,0.0007,0.0009,0.0017
0.0031,0.0061,0.0115,0.0205,0.0321,0.0474,0.0636,0.0835,0.1043,0.1262
0.1490,0.1734,0.1969,0.2219,0.2450,0.2690,0.2927,0.3166,0.3407,0.3640
0.3871,0.4103,0.4330,0.4553,0.4776,0.4996,0.5203,0.5415,0.5623,0.5830
0.6036,0.6243,0.6442,0.6641,0.6837,0.7037,0.7234,0.7428,0.7610,0.7795
0.7969,0.8140,0.8305,0.8466,0.8616,0.8761,0.8886,0.9002,0.9105,0.9197
0.9278,0.9352,0.9414,0.9473,0.9524,0.9573,0.9618,0.9656,0.9693,0.9724
0.9753,0.9780,0.9803,0.9824,0.9842,0.9858,0.9872,0.9884,0.9896,0.9905
0.9915,0.9921,0.9927,0.9933,0.9939,0.9944,0.9948,0.9953,0.9956,0.9960
0.9964,0.9968,0.9970,0.9974,0.9975,0.9977,0.9980,0.9982,0.9984,0.9985
0.9987,0.9989,0.9990,0.9991,0.9992,0.9993,0.9994,0.9995,0.9996,0.9997
0.9997,0.9997,0.9998,0.9998,0.9999,0.9999,0.9999,0.9999,0.9999,0.9999
0.9999,1.0000,1.0000,1.0000,1.0000,1.0000,1.0000,1.0000,1.0000,1.0000
hwc2y2fract=0.0000,0.0000,0.0000,0.0000,0.0000,0.0001,0.0002,0.0002
0.0002,0.0003,0.0003,0.0004,0.0004,0.0005,0.0007,0.0010,0.0016,0.0024
0.0039,0.0070,0.0119,0.0194,0.0297,0.0435,0.0594,0.0774,0.0978,0.1208
0.1436,0.1673,0.1916,0.2155,0.2402,0.2647,0.2903,0.3144,0.3385,0.3620
0.3853,0.4083,0.4317,0.4543,0.4770,0.4990,0.5202,0.5414,0.5622,0.5829
0.6034,0.6243,0.6449,0.6654,0.6859,0.7053,0.7248,0.7446,0.7636,0.7829
0.8014,0.8188,0.8349,0.8508,0.8657,0.8793,0.8919,0.9029,0.9131,0.9223
0.9303,0.9375,0.9440,0.9497,0.9551,0.9595,0.9636,0.9675,0.9710,0.9740
0.9769,0.9794,0.9816,0.9835,0.9853,0.9867,0.9879,0.9891,0.9901,0.9910
0.9918,0.9925,0.9932,0.9938,0.9944,0.9949,0.9954,0.9957,0.9961,0.9964
0.9967,0.9970,0.9972,0.9975,0.9977,0.9980,0.9982,0.9984,0.9986,0.9987
0.9989,0.9990,0.9991,0.9992,0.9993,0.9993,0.9994,0.9995,0.9995,0.9997
0.9997,0.9998,0.9998,0.9998,0.9999,0.9999,0.9999,0.9999,0.9999,0.9999
0.9999,1.0000,1.0000,1.0000,1.0000,1.0000,1.0000,1.0000,1.0000,1.0000
hwc2x2fract=0.0000,0.0000,0.0001,0.0001,0.0002,0.0002,0.0003,0.0004
0.0004,0.0005,0.0005,0.0006,0.0008,0.0010,0.0012,0.0015,0.0020,0.0031
0.0048,0.0073,0.0110,0.0166,0.0241,0.0343,0.0458,0.0593,0.0744,0.0906
0.1086,0.1275,0.1476,0.1687,0.1904,0.2123,0.2346,0.2576,0.2813,0.3049
0.3279,0.3511,0.3742,0.3974,0.4212,0.4441,0.4674,0.4895,0.5117,0.5340
0.5560,0.5775,0.5994,0.6204,0.6420,0.6631,0.6838,0.7047,0.7246,0.7443
0.7636,0.7823,0.8006,0.8177,0.8342,0.8494,0.8638,0.8772,0.8894,0.9006
0.9110,0.9204,0.9288,0.9362,0.9434,0.9502,0.9560,0.9612,0.9661,0.9705
0.9741,0.9773,0.9803,0.9828,0.9851,0.9872,0.9888,0.9901,0.9912,0.9922
0.9931,0.9938,0.9946,0.9951,0.9957,0.9961,0.9965,0.9969,0.9972,0.9975
0.9978,0.9980,0.9981,0.9984,0.9985,0.9986,0.9987,0.9989,0.9990,0.9991
0.9992,0.9993,0.9993,0.9994,0.9994,0.9995,0.9996,0.9997,0.9997,0.9997
0.9998,0.9998,0.9998,0.9998,0.9998,0.9999,0.9999,0.9999,0.9999,0.9999
0.9999,1.0000,1.0000,1.0000,1.0000,1.0000,1.0000,1.0000,1.0000,1.0000
