; Lookup table
;number of bins in Meek's time to distance lookup table
hdriftbins=138
;number of 1st bin in Meek's table in ns
hdrift1stbin=-24
;bin size in ns of Meek's table
hdriftbinsz=2
hwc1x1fract=0.0002,0.0003,0.0004,0.0006,0.0007,0.0009,0.0011,0.0012
0.0014,0.0017,0.0019,0.0022,0.0025,0.0029,0.0034,0.0041,0.0053,0.0072
0.0098,0.0133,0.0179,0.0240,0.0316,0.0412,0.0524,0.0651,0.0792,0.0948
0.1110,0.1285,0.1466,0.1660,0.1855,0.2059,0.2264,0.2473,0.2686,0.2904
0.3125,0.3347,0.3564,0.3784,0.4004,0.4227,0.4448,0.4674,0.4893,0.5112
0.5328,0.5548,0.5765,0.5982,0.6195,0.6406,0.6612,0.6813,0.7014,0.7215
0.7410,0.7600,0.7783,0.7962,0.8129,0.8292,0.8446,0.8592,0.8726,0.8851
0.8968,0.9072,0.9168,0.9259,0.9340,0.9415,0.9480,0.9541,0.9593,0.9640
0.9683,0.9722,0.9755,0.9783,0.9808,0.9830,0.9849,0.9864,0.9876,0.9886
0.9895,0.9904,0.9911,0.9916,0.9922,0.9926,0.9931,0.9935,0.9938,0.9941
0.9944,0.9946,0.9948,0.9951,0.9953,0.9955,0.9958,0.9960,0.9962,0.9963
0.9965,0.9967,0.9968,0.9970,0.9971,0.9973,0.9975,0.9976,0.9977,0.9978
0.9980,0.9981,0.9982,0.9983,0.9984,0.9986,0.9987,0.9988,0.9989,0.9990
0.9991,0.9992,0.9993,0.9994,0.9995,0.9996,0.9997,0.9998,0.9999,1.0000
hwc1y1fract=0.0001,0.0003,0.0005,0.0006,0.0008,0.0010,0.0012,0.0014
0.0016,0.0019,0.0022,0.0024,0.0028,0.0032,0.0037,0.0044,0.0053,0.0067
0.0086,0.0116,0.0168,0.0245,0.0355,0.0492,0.0657,0.0842,0.1044,0.1261
0.1486,0.1717,0.1950,0.2182,0.2413,0.2641,0.2868,0.3097,0.3325,0.3547
0.3768,0.3989,0.4203,0.4414,0.4628,0.4838,0.5044,0.5253,0.5457,0.5654
0.5854,0.6053,0.6254,0.6454,0.6653,0.6850,0.7042,0.7233,0.7417,0.7602
0.7782,0.7958,0.8129,0.8292,0.8449,0.8598,0.8735,0.8863,0.8983,0.9088
0.9182,0.9266,0.9342,0.9408,0.9468,0.9522,0.9566,0.9608,0.9645,0.9680
0.9712,0.9740,0.9764,0.9784,0.9802,0.9819,0.9833,0.9846,0.9857,0.9868
0.9877,0.9885,0.9893,0.9900,0.9906,0.9912,0.9916,0.9922,0.9926,0.9930
0.9934,0.9937,0.9941,0.9944,0.9947,0.9950,0.9952,0.9955,0.9958,0.9960
0.9962,0.9964,0.9966,0.9968,0.9969,0.9971,0.9973,0.9974,0.9976,0.9977
0.9979,0.9980,0.9981,0.9983,0.9984,0.9985,0.9986,0.9988,0.9989,0.9990
0.9991,0.9992,0.9993,0.9994,0.9995,0.9996,0.9997,0.9998,0.9999,1.0000
hwc1u1fract=0.0001,0.0002,0.0003,0.0004,0.0005,0.0006,0.0007,0.0008
0.0009,0.0010,0.0011,0.0013,0.0014,0.0016,0.0018,0.0024,0.0034,0.0052
0.0078,0.0113,0.0160,0.0226,0.0320,0.0439,0.0584,0.0743,0.0924,0.1113
0.1313,0.1520,0.1734,0.1948,0.2166,0.2387,0.2607,0.2828,0.3045,0.3265
0.3486,0.3705,0.3928,0.4142,0.4360,0.4575,0.4789,0.5000,0.5209,0.5414
0.5619,0.5826,0.6031,0.6232,0.6436,0.6634,0.6831,0.7024,0.7216,0.7402
0.7590,0.7770,0.7946,0.8118,0.8279,0.8436,0.8581,0.8716,0.8841,0.8955
0.9056,0.9149,0.9230,0.9303,0.9372,0.9434,0.9488,0.9538,0.9583,0.9623
0.9660,0.9695,0.9725,0.9752,0.9776,0.9797,0.9815,0.9831,0.9845,0.9857
0.9869,0.9877,0.9886,0.9894,0.9900,0.9906,0.9911,0.9917,0.9922,0.9926
0.9930,0.9934,0.9937,0.9941,0.9944,0.9948,0.9950,0.9953,0.9956,0.9959
0.9961,0.9963,0.9965,0.9967,0.9969,0.9971,0.9973,0.9975,0.9976,0.9978
0.9979,0.9981,0.9982,0.9983,0.9985,0.9986,0.9987,0.9989,0.9990,0.9991
0.9992,0.9993,0.9994,0.9995,0.9996,0.9997,0.9998,0.9999,0.9999,1.0000
hwc1v1fract=0.0001,0.0002,0.0003,0.0004,0.0005,0.0006,0.0007,0.0009
0.0010,0.0011,0.0013,0.0014,0.0016,0.0018,0.0020,0.0023,0.0027,0.0035
0.0048,0.0073,0.0118,0.0194,0.0302,0.0437,0.0599,0.0778,0.0973,0.1179
0.1396,0.1613,0.1840,0.2064,0.2288,0.2511,0.2737,0.2957,0.3178,0.3398
0.3618,0.3829,0.4046,0.4262,0.4473,0.4681,0.4894,0.5102,0.5308,0.5510
0.5715,0.5920,0.6118,0.6313,0.6511,0.6708,0.6904,0.7092,0.7284,0.7469
0.7654,0.7835,0.8012,0.8184,0.8349,0.8509,0.8655,0.8788,0.8910,0.9022
0.9121,0.9209,0.9287,0.9358,0.9421,0.9475,0.9525,0.9570,0.9612,0.9649
0.9684,0.9715,0.9743,0.9767,0.9788,0.9806,0.9823,0.9838,0.9851,0.9862
0.9871,0.9880,0.9887,0.9894,0.9900,0.9907,0.9912,0.9917,0.9921,0.9925
0.9930,0.9933,0.9937,0.9941,0.9944,0.9947,0.9950,0.9953,0.9955,0.9958
0.9960,0.9962,0.9964,0.9967,0.9969,0.9970,0.9972,0.9974,0.9975,0.9977
0.9979,0.9980,0.9981,0.9983,0.9984,0.9986,0.9987,0.9988,0.9989,0.9990
0.9992,0.9993,0.9994,0.9995,0.9996,0.9997,0.9998,0.9998,0.9999,1.0000
hwc1y2fract=0.0001,0.0002,0.0003,0.0005,0.0006,0.0007,0.0009,0.0011
0.0013,0.0015,0.0017,0.0019,0.0021,0.0025,0.0029,0.0035,0.0044,0.0059
0.0083,0.0125,0.0188,0.0280,0.0399,0.0545,0.0717,0.0907,0.1113,0.1326
0.1546,0.1774,0.2000,0.2228,0.2456,0.2685,0.2907,0.3131,0.3353,0.3574
0.3792,0.4009,0.4223,0.4439,0.4649,0.4856,0.5063,0.5268,0.5471,0.5676
0.5877,0.6079,0.6283,0.6483,0.6678,0.6874,0.7068,0.7259,0.7445,0.7630
0.7810,0.7980,0.8146,0.8305,0.8456,0.8602,0.8735,0.8859,0.8972,0.9071
0.9162,0.9244,0.9319,0.9384,0.9445,0.9496,0.9545,0.9588,0.9627,0.9660
0.9690,0.9719,0.9744,0.9766,0.9785,0.9803,0.9818,0.9831,0.9844,0.9855
0.9865,0.9873,0.9882,0.9889,0.9896,0.9902,0.9907,0.9913,0.9918,0.9922
0.9927,0.9931,0.9935,0.9938,0.9942,0.9945,0.9948,0.9951,0.9953,0.9956
0.9959,0.9961,0.9964,0.9966,0.9968,0.9970,0.9972,0.9973,0.9975,0.9977
0.9978,0.9980,0.9981,0.9982,0.9983,0.9985,0.9986,0.9987,0.9988,0.9989
0.9990,0.9992,0.9993,0.9994,0.9995,0.9996,0.9997,0.9998,0.9999,1.0000
hwc1x2fract=0.0001,0.0002,0.0003,0.0004,0.0005,0.0007,0.0008,0.0010
0.0011,0.0013,0.0015,0.0017,0.0019,0.0021,0.0025,0.0031,0.0040,0.0054
0.0077,0.0111,0.0160,0.0232,0.0323,0.0436,0.0564,0.0706,0.0864,0.1034
0.1209,0.1392,0.1587,0.1789,0.1996,0.2206,0.2417,0.2630,0.2848,0.3072
0.3291,0.3517,0.3733,0.3957,0.4181,0.4400,0.4621,0.4838,0.5054,0.5275
0.5489,0.5703,0.5915,0.6124,0.6334,0.6541,0.6747,0.6947,0.7144,0.7339
0.7531,0.7720,0.7900,0.8073,0.8238,0.8397,0.8544,0.8682,0.8810,0.8932
0.9041,0.9140,0.9229,0.9311,0.9384,0.9453,0.9513,0.9568,0.9617,0.9662
0.9702,0.9737,0.9768,0.9794,0.9816,0.9834,0.9851,0.9865,0.9876,0.9885
0.9893,0.9900,0.9906,0.9912,0.9916,0.9921,0.9925,0.9929,0.9933,0.9936
0.9939,0.9942,0.9945,0.9948,0.9950,0.9952,0.9955,0.9957,0.9959,0.9961
0.9963,0.9965,0.9966,0.9968,0.9969,0.9971,0.9973,0.9974,0.9976,0.9977
0.9979,0.9980,0.9981,0.9982,0.9984,0.9985,0.9986,0.9987,0.9988,0.9989
0.9991,0.9991,0.9993,0.9994,0.9995,0.9996,0.9997,0.9999,0.9999,1.0000
hwc2x1fract=0.0001,0.0003,0.0004,0.0005,0.0006,0.0008,0.0010,0.0012
0.0014,0.0015,0.0018,0.0021,0.0024,0.0027,0.0030,0.0036,0.0043,0.0053
0.0071,0.0104,0.0152,0.0216,0.0296,0.0397,0.0514,0.0649,0.0798,0.0957
0.1131,0.1313,0.1502,0.1694,0.1894,0.2099,0.2307,0.2520,0.2736,0.2956
0.3176,0.3400,0.3621,0.3843,0.4065,0.4286,0.4508,0.4730,0.4952,0.5174
0.5391,0.5607,0.5821,0.6037,0.6248,0.6458,0.6665,0.6870,0.7073,0.7274
0.7468,0.7659,0.7844,0.8029,0.8205,0.8369,0.8525,0.8673,0.8806,0.8927
0.9040,0.9142,0.9233,0.9316,0.9392,0.9460,0.9521,0.9577,0.9625,0.9671
0.9710,0.9745,0.9774,0.9800,0.9823,0.9841,0.9857,0.9871,0.9882,0.9892
0.9900,0.9907,0.9914,0.9919,0.9924,0.9928,0.9932,0.9935,0.9939,0.9942
0.9945,0.9948,0.9950,0.9952,0.9955,0.9957,0.9959,0.9961,0.9963,0.9965
0.9966,0.9968,0.9969,0.9971,0.9972,0.9973,0.9975,0.9976,0.9978,0.9979
0.9980,0.9982,0.9983,0.9984,0.9985,0.9986,0.9987,0.9989,0.9990,0.9991
0.9992,0.9993,0.9994,0.9995,0.9996,0.9997,0.9997,0.9998,0.9999,1.0000
hwc2y1fract=0.0001,0.0002,0.0003,0.0004,0.0005,0.0006,0.0008,0.0009
0.0010,0.0012,0.0014,0.0015,0.0018,0.0020,0.0023,0.0027,0.0032,0.0041
0.0055,0.0082,0.0128,0.0204,0.0312,0.0454,0.0627,0.0820,0.1029,0.1253
0.1482,0.1718,0.1957,0.2198,0.2433,0.2669,0.2902,0.3130,0.3354,0.3580
0.3803,0.4022,0.4239,0.4453,0.4665,0.4876,0.5085,0.5296,0.5502,0.5707
0.5909,0.6116,0.6315,0.6514,0.6716,0.6912,0.7106,0.7298,0.7487,0.7672
0.7855,0.8034,0.8206,0.8368,0.8524,0.8672,0.8810,0.8940,0.9055,0.9159
0.9251,0.9332,0.9403,0.9466,0.9522,0.9570,0.9613,0.9652,0.9685,0.9715
0.9743,0.9768,0.9788,0.9807,0.9824,0.9837,0.9849,0.9860,0.9869,0.9877
0.9885,0.9892,0.9899,0.9905,0.9910,0.9915,0.9920,0.9924,0.9927,0.9931
0.9935,0.9938,0.9941,0.9944,0.9948,0.9950,0.9953,0.9956,0.9958,0.9960
0.9963,0.9965,0.9967,0.9969,0.9971,0.9972,0.9974,0.9975,0.9977,0.9978
0.9980,0.9981,0.9982,0.9983,0.9985,0.9986,0.9987,0.9988,0.9989,0.9990
0.9991,0.9992,0.9993,0.9994,0.9995,0.9996,0.9997,0.9998,0.9999,1.0000
hwc2u1fract=0.0001,0.0002,0.0003,0.0004,0.0005,0.0006,0.0007,0.0008
0.0009,0.0010,0.0011,0.0012,0.0014,0.0015,0.0017,0.0019,0.0022,0.0029
0.0043,0.0074,0.0138,0.0236,0.0368,0.0535,0.0731,0.0941,0.1161,0.1393
0.1628,0.1868,0.2102,0.2342,0.2574,0.2804,0.3035,0.3261,0.3481,0.3704
0.3919,0.4135,0.4351,0.4562,0.4771,0.4981,0.5188,0.5392,0.5595,0.5797
0.5996,0.6194,0.6392,0.6588,0.6782,0.6974,0.7162,0.7347,0.7531,0.7716
0.7893,0.8068,0.8237,0.8404,0.8559,0.8707,0.8843,0.8969,0.9082,0.9183
0.9269,0.9346,0.9415,0.9474,0.9527,0.9573,0.9613,0.9650,0.9682,0.9711
0.9738,0.9761,0.9782,0.9801,0.9817,0.9832,0.9845,0.9856,0.9865,0.9874
0.9882,0.9889,0.9895,0.9901,0.9907,0.9912,0.9917,0.9921,0.9926,0.9930
0.9933,0.9936,0.9940,0.9943,0.9946,0.9949,0.9952,0.9955,0.9957,0.9959
0.9962,0.9964,0.9966,0.9968,0.9969,0.9971,0.9973,0.9974,0.9976,0.9977
0.9979,0.9980,0.9982,0.9983,0.9984,0.9985,0.9987,0.9988,0.9989,0.9990
0.9991,0.9992,0.9993,0.9994,0.9996,0.9996,0.9997,0.9998,0.9999,1.0000
hwc2v1fract=0.0001,0.0002,0.0003,0.0004,0.0005,0.0006,0.0007,0.0008
0.0010,0.0011,0.0012,0.0014,0.0015,0.0017,0.0019,0.0022,0.0026,0.0032
0.0043,0.0065,0.0111,0.0192,0.0311,0.0459,0.0639,0.0842,0.1059,0.1286
0.1520,0.1752,0.1986,0.2219,0.2453,0.2687,0.2917,0.3144,0.3373,0.3594
0.3814,0.4030,0.4248,0.4457,0.4666,0.4877,0.5084,0.5295,0.5497,0.5698
0.5899,0.6099,0.6298,0.6496,0.6691,0.6882,0.7075,0.7263,0.7451,0.7637
0.7822,0.7996,0.8170,0.8336,0.8496,0.8648,0.8789,0.8916,0.9028,0.9132
0.9224,0.9306,0.9379,0.9442,0.9498,0.9549,0.9594,0.9633,0.9669,0.9700
0.9727,0.9752,0.9775,0.9795,0.9813,0.9828,0.9842,0.9853,0.9864,0.9873
0.9881,0.9888,0.9895,0.9901,0.9907,0.9912,0.9917,0.9922,0.9926,0.9930
0.9934,0.9937,0.9940,0.9943,0.9946,0.9949,0.9952,0.9955,0.9958,0.9960
0.9963,0.9965,0.9967,0.9969,0.9971,0.9973,0.9975,0.9976,0.9978,0.9979
0.9980,0.9982,0.9983,0.9985,0.9986,0.9987,0.9988,0.9989,0.9990,0.9991
0.9992,0.9993,0.9993,0.9994,0.9995,0.9996,0.9997,0.9998,0.9999,1.0000
hwc2y2fract=0.0001,0.0002,0.0003,0.0004,0.0005,0.0007,0.0008,0.0009
0.0011,0.0013,0.0015,0.0017,0.0019,0.0021,0.0025,0.0030,0.0037,0.0048
0.0068,0.0097,0.0149,0.0230,0.0344,0.0492,0.0666,0.0861,0.1081,0.1304
0.1537,0.1773,0.2010,0.2243,0.2481,0.2714,0.2946,0.3174,0.3399,0.3622
0.3848,0.4072,0.4290,0.4507,0.4722,0.4934,0.5143,0.5350,0.5552,0.5757
0.5959,0.6159,0.6359,0.6558,0.6753,0.6951,0.7146,0.7336,0.7523,0.7706
0.7887,0.8062,0.8230,0.8392,0.8551,0.8698,0.8835,0.8961,0.9076,0.9176
0.9265,0.9343,0.9411,0.9474,0.9525,0.9573,0.9617,0.9655,0.9690,0.9720
0.9748,0.9769,0.9791,0.9809,0.9825,0.9839,0.9850,0.9861,0.9871,0.9880
0.9888,0.9894,0.9901,0.9906,0.9912,0.9916,0.9920,0.9924,0.9929,0.9932
0.9935,0.9939,0.9942,0.9944,0.9947,0.9950,0.9953,0.9955,0.9957,0.9960
0.9962,0.9964,0.9966,0.9968,0.9970,0.9972,0.9973,0.9975,0.9976,0.9978
0.9979,0.9980,0.9981,0.9983,0.9984,0.9986,0.9987,0.9988,0.9989,0.9990
0.9991,0.9992,0.9993,0.9995,0.9996,0.9996,0.9997,0.9999,0.9999,1.0000
hwc2x2fract=0.0001,0.0002,0.0003,0.0004,0.0006,0.0007,0.0009,0.0010
0.0011,0.0013,0.0015,0.0017,0.0019,0.0022,0.0026,0.0030,0.0037,0.0048
0.0070,0.0102,0.0150,0.0213,0.0298,0.0405,0.0532,0.0676,0.0832,0.1002
0.1185,0.1373,0.1569,0.1773,0.1981,0.2192,0.2408,0.2627,0.2847,0.3072
0.3301,0.3526,0.3749,0.3969,0.4190,0.4413,0.4633,0.4857,0.5072,0.5292
0.5505,0.5719,0.5932,0.6141,0.6351,0.6557,0.6761,0.6961,0.7157,0.7357
0.7553,0.7742,0.7923,0.8101,0.8269,0.8430,0.8580,0.8722,0.8851,0.8973
0.9081,0.9180,0.9268,0.9348,0.9418,0.9481,0.9542,0.9594,0.9641,0.9683
0.9722,0.9753,0.9780,0.9804,0.9825,0.9843,0.9857,0.9870,0.9881,0.9891
0.9898,0.9906,0.9912,0.9918,0.9923,0.9927,0.9931,0.9935,0.9939,0.9942
0.9945,0.9948,0.9950,0.9953,0.9955,0.9958,0.9960,0.9962,0.9964,0.9966
0.9967,0.9969,0.9971,0.9972,0.9973,0.9975,0.9976,0.9977,0.9978,0.9979
0.9980,0.9982,0.9983,0.9984,0.9985,0.9986,0.9987,0.9989,0.9989,0.9991
0.9992,0.9993,0.9994,0.9995,0.9995,0.9996,0.9997,0.9998,0.9999,1.0000
