; Lookup table
;number of bins in Meek's time to distance lookup table
hdriftbins=138
;number of 1st bin in Meek's table in ns
hdrift1stbin=-24
;bin size in ns of Meek's table
hdriftbinsz=2
hwc1x1fract=0.0000,0.0001,0.0001,0.0002,0.0002,0.0003,0.0004,0.0005
0.0005,0.0006,0.0007,0.0010,0.0013,0.0016,0.0021,0.0027,0.0036,0.0055
0.0079,0.0111,0.0152,0.0205,0.0279,0.0364,0.0475,0.0598,0.0736,0.0891
0.1051,0.1226,0.1417,0.1604,0.1805,0.2008,0.2228,0.2440,0.2652,0.2867
0.3089,0.3307,0.3526,0.3757,0.3981,0.4205,0.4436,0.4657,0.4879,0.5100
0.5317,0.5537,0.5759,0.5971,0.6180,0.6391,0.6604,0.6808,0.7008,0.7213
0.7413,0.7595,0.7784,0.7959,0.8133,0.8303,0.8460,0.8608,0.8747,0.8881
0.8997,0.9107,0.9206,0.9298,0.9381,0.9460,0.9525,0.9585,0.9639,0.9691
0.9734,0.9772,0.9810,0.9839,0.9863,0.9886,0.9905,0.9919,0.9931,0.9939
0.9948,0.9956,0.9961,0.9966,0.9970,0.9973,0.9976,0.9978,0.9981,0.9983
0.9984,0.9985,0.9987,0.9988,0.9989,0.9990,0.9991,0.9992,0.9993,0.9994
0.9994,0.9995,0.9995,0.9996,0.9996,0.9997,0.9997,0.9997,0.9997,0.9998
0.9998,0.9998,0.9998,0.9999,0.9999,0.9999,0.9999,0.9999,0.9999,0.9999
0.9999,0.9999,1.0000,1.0000,1.0000,1.0000,1.0000,1.0000,1.0000,1.0000
hwc1y1fract=0.0000,0.0000,0.0001,0.0002,0.0002,0.0003,0.0004,0.0005
0.0006,0.0007,0.0008,0.0010,0.0011,0.0013,0.0018,0.0023,0.0031,0.0041
0.0058,0.0089,0.0135,0.0210,0.0323,0.0461,0.0625,0.0819,0.1026,0.1247
0.1470,0.1708,0.1943,0.2175,0.2411,0.2632,0.2871,0.3099,0.3320,0.3542
0.3768,0.3980,0.4197,0.4414,0.4626,0.4839,0.5047,0.5257,0.5456,0.5664
0.5867,0.6067,0.6272,0.6482,0.6676,0.6874,0.7064,0.7260,0.7442,0.7625
0.7813,0.7987,0.8156,0.8322,0.8485,0.8632,0.8771,0.8907,0.9027,0.9136
0.9232,0.9320,0.9395,0.9463,0.9521,0.9576,0.9626,0.9666,0.9702,0.9736
0.9767,0.9794,0.9820,0.9845,0.9863,0.9878,0.9889,0.9900,0.9910,0.9921
0.9929,0.9937,0.9945,0.9951,0.9957,0.9960,0.9963,0.9966,0.9969,0.9972
0.9975,0.9977,0.9979,0.9982,0.9983,0.9985,0.9987,0.9989,0.9990,0.9992
0.9992,0.9993,0.9994,0.9994,0.9995,0.9996,0.9997,0.9997,0.9998,0.9998
0.9998,0.9998,0.9999,0.9999,0.9999,0.9999,0.9999,0.9999,1.0000,1.0000
1.0000,1.0000,1.0000,1.0000,1.0000,1.0000,1.0000,1.0000,1.0000,1.0000
hwc1u1fract=0.0000,0.0000,0.0000,0.0000,0.0000,0.0000,0.0000,0.0000
0.0000,0.0000,0.0001,0.0001,0.0001,0.0002,0.0003,0.0006,0.0016,0.0031
0.0055,0.0085,0.0127,0.0191,0.0280,0.0399,0.0549,0.0724,0.0901,0.1091
0.1293,0.1507,0.1715,0.1930,0.2152,0.2371,0.2591,0.2823,0.3040,0.3269
0.3486,0.3707,0.3930,0.4152,0.4371,0.4590,0.4804,0.5014,0.5231,0.5439
0.5653,0.5863,0.6059,0.6263,0.6461,0.6666,0.6866,0.7059,0.7245,0.7433
0.7622,0.7808,0.7982,0.8156,0.8327,0.8489,0.8635,0.8774,0.8896,0.9008
0.9114,0.9208,0.9295,0.9371,0.9440,0.9501,0.9556,0.9605,0.9650,0.9695
0.9729,0.9759,0.9788,0.9812,0.9835,0.9857,0.9875,0.9889,0.9902,0.9912
0.9921,0.9930,0.9935,0.9942,0.9947,0.9951,0.9956,0.9959,0.9963,0.9966
0.9968,0.9971,0.9973,0.9975,0.9978,0.9980,0.9983,0.9984,0.9986,0.9988
0.9989,0.9990,0.9991,0.9993,0.9994,0.9994,0.9995,0.9996,0.9996,0.9997
0.9998,0.9998,0.9998,0.9999,0.9999,0.9999,0.9999,0.9999,0.9999,1.0000
1.0000,1.0000,1.0000,1.0000,1.0000,1.0000,1.0000,1.0000,1.0000,1.0000
hwc1v1fract=0.0000,0.0000,0.0000,0.0000,0.0000,0.0001,0.0001,0.0001
0.0001,0.0002,0.0002,0.0002,0.0003,0.0004,0.0005,0.0006,0.0010,0.0019
0.0034,0.0064,0.0119,0.0201,0.0311,0.0452,0.0620,0.0807,0.1006,0.1210
0.1426,0.1649,0.1882,0.2101,0.2326,0.2550,0.2771,0.2993,0.3212,0.3422
0.3641,0.3852,0.4061,0.4279,0.4489,0.4696,0.4909,0.5114,0.5319,0.5522
0.5727,0.5938,0.6137,0.6345,0.6548,0.6753,0.6948,0.7144,0.7341,0.7535
0.7727,0.7909,0.8082,0.8257,0.8428,0.8586,0.8730,0.8869,0.8992,0.9105
0.9205,0.9290,0.9363,0.9433,0.9495,0.9548,0.9601,0.9646,0.9687,0.9722
0.9756,0.9788,0.9814,0.9837,0.9858,0.9876,0.9889,0.9903,0.9914,0.9924
0.9932,0.9939,0.9944,0.9949,0.9953,0.9958,0.9961,0.9964,0.9967,0.9970
0.9973,0.9975,0.9978,0.9980,0.9982,0.9984,0.9986,0.9987,0.9988,0.9990
0.9991,0.9993,0.9994,0.9995,0.9996,0.9996,0.9997,0.9998,0.9998,0.9998
0.9998,0.9999,0.9999,0.9999,0.9999,0.9999,0.9999,1.0000,1.0000,1.0000
1.0000,1.0000,1.0000,1.0000,1.0000,1.0000,1.0000,1.0000,1.0000,1.0000
hwc1y2fract=0.0000,0.0000,0.0000,0.0001,0.0001,0.0001,0.0002,0.0002
0.0003,0.0003,0.0004,0.0004,0.0005,0.0007,0.0010,0.0014,0.0022,0.0036
0.0059,0.0102,0.0171,0.0265,0.0378,0.0527,0.0695,0.0879,0.1082,0.1302
0.1529,0.1762,0.1996,0.2226,0.2454,0.2683,0.2921,0.3147,0.3372,0.3593
0.3807,0.4020,0.4236,0.4451,0.4665,0.4883,0.5086,0.5298,0.5507,0.5712
0.5928,0.6124,0.6324,0.6530,0.6729,0.6931,0.7129,0.7305,0.7486,0.7667
0.7844,0.8024,0.8200,0.8358,0.8511,0.8654,0.8786,0.8908,0.9018,0.9124
0.9217,0.9305,0.9377,0.9442,0.9500,0.9550,0.9595,0.9638,0.9676,0.9710
0.9742,0.9769,0.9795,0.9817,0.9837,0.9855,0.9869,0.9883,0.9893,0.9903
0.9913,0.9921,0.9929,0.9935,0.9940,0.9947,0.9952,0.9957,0.9961,0.9964
0.9967,0.9969,0.9972,0.9975,0.9977,0.9979,0.9981,0.9983,0.9985,0.9986
0.9989,0.9990,0.9992,0.9993,0.9994,0.9994,0.9995,0.9995,0.9996,0.9996
0.9997,0.9997,0.9998,0.9998,0.9998,0.9999,0.9999,0.9999,1.0000,1.0000
1.0000,1.0000,1.0000,1.0000,1.0000,1.0000,1.0000,1.0000,1.0000,1.0000
hwc1x2fract=0.0000,0.0000,0.0000,0.0000,0.0001,0.0001,0.0001,0.0002
0.0002,0.0003,0.0004,0.0004,0.0005,0.0008,0.0010,0.0015,0.0024,0.0036
0.0057,0.0095,0.0144,0.0218,0.0310,0.0420,0.0553,0.0705,0.0867,0.1037
0.1214,0.1407,0.1593,0.1802,0.2009,0.2226,0.2447,0.2664,0.2876,0.3097
0.3320,0.3548,0.3768,0.3997,0.4224,0.4446,0.4664,0.4893,0.5106,0.5321
0.5538,0.5748,0.5956,0.6171,0.6378,0.6596,0.6797,0.7002,0.7196,0.7392
0.7581,0.7766,0.7953,0.8133,0.8305,0.8465,0.8610,0.8749,0.8872,0.9002
0.9109,0.9211,0.9302,0.9383,0.9454,0.9523,0.9584,0.9641,0.9690,0.9735
0.9774,0.9810,0.9839,0.9865,0.9884,0.9902,0.9918,0.9929,0.9939,0.9946
0.9953,0.9958,0.9962,0.9967,0.9969,0.9972,0.9974,0.9977,0.9979,0.9981
0.9983,0.9984,0.9986,0.9988,0.9989,0.9990,0.9991,0.9992,0.9992,0.9993
0.9994,0.9995,0.9995,0.9995,0.9996,0.9996,0.9997,0.9997,0.9998,0.9998
0.9998,0.9998,0.9999,0.9999,0.9999,0.9999,0.9999,0.9999,0.9999,1.0000
1.0000,1.0000,1.0000,1.0000,1.0000,1.0000,1.0000,1.0000,1.0000,1.0000
hwc2x1fract=0.0001,0.0001,0.0001,0.0002,0.0002,0.0004,0.0004,0.0005
0.0006,0.0008,0.0009,0.0011,0.0012,0.0015,0.0018,0.0023,0.0028,0.0038
0.0058,0.0090,0.0139,0.0209,0.0301,0.0409,0.0537,0.0676,0.0833,0.0990
0.1164,0.1348,0.1537,0.1725,0.1921,0.2133,0.2346,0.2561,0.2779,0.3001
0.3227,0.3458,0.3684,0.3903,0.4132,0.4348,0.4570,0.4796,0.5020,0.5235
0.5459,0.5680,0.5887,0.6108,0.6325,0.6525,0.6730,0.6933,0.7138,0.7347
0.7538,0.7734,0.7922,0.8106,0.8281,0.8447,0.8600,0.8750,0.8885,0.9007
0.9119,0.9221,0.9311,0.9390,0.9463,0.9534,0.9592,0.9646,0.9697,0.9738
0.9779,0.9813,0.9841,0.9864,0.9884,0.9902,0.9916,0.9928,0.9938,0.9946
0.9953,0.9958,0.9963,0.9967,0.9970,0.9973,0.9975,0.9977,0.9980,0.9982
0.9984,0.9986,0.9987,0.9989,0.9990,0.9991,0.9992,0.9994,0.9994,0.9995
0.9995,0.9995,0.9996,0.9996,0.9997,0.9997,0.9998,0.9998,0.9998,0.9998
0.9998,0.9999,0.9999,0.9999,0.9999,0.9999,0.9999,0.9999,0.9999,0.9999
0.9999,0.9999,0.9999,1.0000,1.0000,1.0000,1.0000,1.0000,1.0000,1.0000
hwc2y1fract=0.0000,0.0001,0.0001,0.0001,0.0001,0.0001,0.0001,0.0002
0.0002,0.0003,0.0003,0.0004,0.0005,0.0006,0.0007,0.0009,0.0013,0.0020
0.0032,0.0057,0.0097,0.0171,0.0272,0.0412,0.0585,0.0785,0.1003,0.1230
0.1462,0.1708,0.1952,0.2189,0.2430,0.2670,0.2909,0.3142,0.3369,0.3603
0.3830,0.4053,0.4277,0.4491,0.4706,0.4921,0.5131,0.5347,0.5552,0.5758
0.5967,0.6173,0.6366,0.6567,0.6769,0.6962,0.7155,0.7346,0.7539,0.7723
0.7913,0.8094,0.8258,0.8427,0.8590,0.8738,0.8876,0.8998,0.9115,0.9221
0.9317,0.9401,0.9471,0.9535,0.9585,0.9631,0.9672,0.9709,0.9745,0.9773
0.9798,0.9823,0.9844,0.9860,0.9875,0.9890,0.9901,0.9912,0.9921,0.9931
0.9938,0.9943,0.9948,0.9954,0.9957,0.9961,0.9964,0.9967,0.9970,0.9973
0.9975,0.9976,0.9978,0.9980,0.9981,0.9984,0.9986,0.9987,0.9988,0.9989
0.9991,0.9992,0.9993,0.9993,0.9995,0.9995,0.9996,0.9996,0.9996,0.9997
0.9997,0.9998,0.9998,0.9999,0.9999,0.9999,0.9999,1.0000,1.0000,1.0000
1.0000,1.0000,1.0000,1.0000,1.0000,1.0000,1.0000,1.0000,1.0000,1.0000
hwc2u1fract=0.0000,0.0000,0.0000,0.0001,0.0001,0.0001,0.0001,0.0001
0.0001,0.0002,0.0002,0.0002,0.0003,0.0003,0.0004,0.0006,0.0008,0.0014
0.0028,0.0060,0.0130,0.0235,0.0377,0.0549,0.0745,0.0965,0.1203,0.1433
0.1668,0.1904,0.2150,0.2395,0.2626,0.2855,0.3087,0.3324,0.3557,0.3781
0.4001,0.4226,0.4437,0.4640,0.4854,0.5070,0.5283,0.5490,0.5700,0.5898
0.6093,0.6289,0.6484,0.6678,0.6874,0.7062,0.7259,0.7450,0.7641,0.7823
0.8003,0.8180,0.8351,0.8517,0.8679,0.8821,0.8955,0.9070,0.9176,0.9270
0.9361,0.9436,0.9500,0.9556,0.9603,0.9645,0.9685,0.9719,0.9751,0.9781
0.9805,0.9828,0.9847,0.9863,0.9876,0.9888,0.9900,0.9910,0.9918,0.9924
0.9932,0.9937,0.9941,0.9946,0.9949,0.9954,0.9956,0.9961,0.9963,0.9966
0.9969,0.9972,0.9973,0.9977,0.9978,0.9980,0.9982,0.9985,0.9986,0.9988
0.9989,0.9990,0.9992,0.9993,0.9995,0.9996,0.9997,0.9997,0.9997,0.9998
0.9998,0.9998,0.9999,0.9999,0.9999,0.9999,1.0000,1.0000,1.0000,1.0000
1.0000,1.0000,1.0000,1.0000,1.0000,1.0000,1.0000,1.0000,1.0000,1.0000
hwc2v1fract=0.0000,0.0000,0.0000,0.0000,0.0001,0.0001,0.0001,0.0001
0.0001,0.0002,0.0002,0.0002,0.0003,0.0004,0.0005,0.0006,0.0009,0.0015
0.0026,0.0053,0.0109,0.0196,0.0319,0.0477,0.0667,0.0879,0.1093,0.1319
0.1557,0.1785,0.2022,0.2264,0.2503,0.2738,0.2966,0.3203,0.3424,0.3650
0.3872,0.4090,0.4304,0.4518,0.4737,0.4951,0.5160,0.5369,0.5571,0.5779
0.5978,0.6179,0.6373,0.6571,0.6766,0.6967,0.7169,0.7359,0.7547,0.7733
0.7917,0.8098,0.8276,0.8438,0.8596,0.8744,0.8881,0.9005,0.9121,0.9227
0.9317,0.9395,0.9462,0.9523,0.9578,0.9627,0.9671,0.9708,0.9742,0.9771
0.9797,0.9819,0.9838,0.9856,0.9872,0.9887,0.9898,0.9910,0.9919,0.9927
0.9934,0.9940,0.9944,0.9949,0.9953,0.9956,0.9960,0.9963,0.9966,0.9969
0.9972,0.9975,0.9977,0.9979,0.9981,0.9983,0.9985,0.9986,0.9989,0.9990
0.9991,0.9992,0.9994,0.9994,0.9995,0.9996,0.9997,0.9997,0.9997,0.9997
0.9998,0.9998,0.9998,0.9999,0.9999,0.9999,0.9999,0.9999,0.9999,0.9999
0.9999,0.9999,1.0000,1.0000,1.0000,1.0000,1.0000,1.0000,1.0000,1.0000
hwc2y2fract=0.0000,0.0000,0.0000,0.0000,0.0000,0.0001,0.0001,0.0001
0.0002,0.0003,0.0003,0.0004,0.0005,0.0006,0.0008,0.0012,0.0018,0.0027
0.0045,0.0077,0.0129,0.0206,0.0317,0.0475,0.0651,0.0851,0.1064,0.1304
0.1546,0.1786,0.2026,0.2267,0.2511,0.2745,0.2978,0.3214,0.3440,0.3673
0.3902,0.4124,0.4348,0.4564,0.4781,0.4999,0.5205,0.5414,0.5625,0.5828
0.6031,0.6232,0.6437,0.6632,0.6831,0.7027,0.7217,0.7415,0.7601,0.7786
0.7959,0.8142,0.8315,0.8484,0.8646,0.8789,0.8921,0.9045,0.9159,0.9259
0.9352,0.9432,0.9500,0.9559,0.9615,0.9661,0.9701,0.9736,0.9767,0.9795
0.9820,0.9839,0.9858,0.9875,0.9886,0.9898,0.9909,0.9919,0.9927,0.9934
0.9942,0.9948,0.9953,0.9957,0.9960,0.9964,0.9967,0.9970,0.9971,0.9973
0.9975,0.9977,0.9979,0.9981,0.9982,0.9983,0.9985,0.9986,0.9988,0.9989
0.9990,0.9991,0.9991,0.9992,0.9993,0.9994,0.9996,0.9996,0.9997,0.9997
0.9998,0.9998,0.9998,0.9999,0.9999,0.9999,1.0000,1.0000,1.0000,1.0000
1.0000,1.0000,1.0000,1.0000,1.0000,1.0000,1.0000,1.0000,1.0000,1.0000
hwc2x2fract=0.0000,0.0001,0.0002,0.0002,0.0002,0.0003,0.0003,0.0004
0.0005,0.0006,0.0006,0.0007,0.0008,0.0010,0.0012,0.0015,0.0020,0.0029
0.0045,0.0075,0.0123,0.0189,0.0272,0.0379,0.0501,0.0650,0.0804,0.0982
0.1170,0.1358,0.1560,0.1761,0.1973,0.2186,0.2395,0.2622,0.2851,0.3076
0.3299,0.3528,0.3753,0.3983,0.4206,0.4435,0.4659,0.4878,0.5099,0.5325
0.5547,0.5758,0.5978,0.6182,0.6393,0.6607,0.6810,0.7016,0.7218,0.7421
0.7619,0.7806,0.7989,0.8165,0.8333,0.8491,0.8648,0.8790,0.8926,0.9041
0.9149,0.9253,0.9340,0.9423,0.9493,0.9560,0.9616,0.9664,0.9707,0.9748
0.9785,0.9815,0.9843,0.9867,0.9885,0.9902,0.9915,0.9927,0.9937,0.9945
0.9951,0.9957,0.9962,0.9966,0.9971,0.9975,0.9977,0.9979,0.9981,0.9983
0.9985,0.9986,0.9988,0.9989,0.9989,0.9991,0.9992,0.9993,0.9993,0.9994
0.9995,0.9996,0.9996,0.9996,0.9997,0.9998,0.9998,0.9998,0.9998,0.9999
0.9999,0.9999,0.9999,0.9999,0.9999,0.9999,0.9999,0.9999,1.0000,1.0000
1.0000,1.0000,1.0000,1.0000,1.0000,1.0000,1.0000,1.0000,1.0000,1.0000
