; Lookup table
;number of bins in Meek's time to distance lookup table
hdriftbins=138
;number of 1st bin in Meek's table in ns
hdrift1stbin=-24
;bin size in ns of Meek's table
hdriftbinsz=2
hwc1x1fract=0.0001,0.0002,0.0002,0.0003,0.0004,0.0006,0.0007,0.0009
0.0010,0.0012,0.0015,0.0018,0.0021,0.0027,0.0037,0.0053,0.0075,0.0106
0.0146,0.0199,0.0268,0.0358,0.0466,0.0591,0.0727,0.0874,0.1032,0.1201
0.1378,0.1559,0.1749,0.1943,0.2146,0.2357,0.2567,0.2784,0.3003,0.3219
0.3440,0.3663,0.3888,0.4112,0.4334,0.4557,0.4777,0.5001,0.5219,0.5439
0.5655,0.5870,0.6088,0.6302,0.6515,0.6724,0.6933,0.7135,0.7333,0.7529
0.7715,0.7895,0.8072,0.8238,0.8395,0.8548,0.8690,0.8820,0.8943,0.9055
0.9157,0.9250,0.9336,0.9413,0.9483,0.9546,0.9606,0.9657,0.9701,0.9742
0.9780,0.9811,0.9839,0.9862,0.9879,0.9895,0.9906,0.9917,0.9926,0.9933
0.9940,0.9945,0.9950,0.9953,0.9957,0.9960,0.9963,0.9965,0.9967,0.9969
0.9971,0.9973,0.9974,0.9975,0.9977,0.9978,0.9979,0.9981,0.9982,0.9983
0.9984,0.9985,0.9986,0.9986,0.9987,0.9988,0.9989,0.9989,0.9990,0.9991
0.9991,0.9992,0.9992,0.9993,0.9994,0.9994,0.9995,0.9995,0.9996,0.9996
0.9997,0.9997,0.9997,0.9998,0.9998,0.9998,0.9999,0.9999,1.0000,1.0000
hwc1y1fract=0.0001,0.0002,0.0003,0.0004,0.0005,0.0006,0.0008,0.0009
0.0011,0.0012,0.0014,0.0016,0.0020,0.0024,0.0029,0.0036,0.0047,0.0063
0.0089,0.0133,0.0203,0.0299,0.0431,0.0587,0.0763,0.0958,0.1161,0.1376
0.1602,0.1826,0.2051,0.2280,0.2510,0.2734,0.2963,0.3186,0.3411,0.3637
0.3857,0.4079,0.4299,0.4513,0.4725,0.4932,0.5138,0.5343,0.5550,0.5752
0.5959,0.6162,0.6363,0.6563,0.6763,0.6960,0.7155,0.7345,0.7531,0.7715
0.7896,0.8071,0.8239,0.8403,0.8556,0.8701,0.8834,0.8957,0.9068,0.9169
0.9260,0.9341,0.9411,0.9473,0.9529,0.9579,0.9626,0.9667,0.9704,0.9736
0.9766,0.9792,0.9814,0.9834,0.9850,0.9864,0.9878,0.9890,0.9900,0.9909
0.9917,0.9924,0.9930,0.9935,0.9940,0.9945,0.9949,0.9953,0.9956,0.9959
0.9962,0.9965,0.9967,0.9970,0.9972,0.9974,0.9975,0.9977,0.9979,0.9980
0.9982,0.9984,0.9985,0.9986,0.9986,0.9987,0.9988,0.9989,0.9990,0.9991
0.9991,0.9992,0.9992,0.9993,0.9993,0.9994,0.9994,0.9995,0.9996,0.9996
0.9996,0.9997,0.9997,0.9998,0.9998,0.9998,0.9999,0.9999,1.0000,1.0000
hwc1u1fract=0.0001,0.0001,0.0001,0.0002,0.0002,0.0003,0.0004,0.0004
0.0005,0.0005,0.0006,0.0007,0.0009,0.0013,0.0022,0.0037,0.0060,0.0092
0.0135,0.0196,0.0284,0.0398,0.0532,0.0686,0.0856,0.1040,0.1233,0.1432
0.1639,0.1849,0.2066,0.2279,0.2494,0.2711,0.2934,0.3155,0.3373,0.3594
0.3819,0.4041,0.4256,0.4469,0.4685,0.4899,0.5112,0.5327,0.5538,0.5744
0.5948,0.6149,0.6355,0.6556,0.6759,0.6957,0.7151,0.7346,0.7535,0.7716
0.7896,0.8070,0.8237,0.8393,0.8540,0.8679,0.8809,0.8928,0.9036,0.9135
0.9223,0.9305,0.9376,0.9440,0.9500,0.9553,0.9601,0.9644,0.9683,0.9719
0.9750,0.9778,0.9804,0.9825,0.9843,0.9859,0.9874,0.9886,0.9896,0.9905
0.9913,0.9920,0.9926,0.9932,0.9937,0.9941,0.9945,0.9949,0.9953,0.9956
0.9960,0.9963,0.9966,0.9968,0.9971,0.9973,0.9975,0.9976,0.9978,0.9979
0.9981,0.9982,0.9984,0.9985,0.9986,0.9987,0.9988,0.9988,0.9989,0.9990
0.9991,0.9992,0.9992,0.9993,0.9994,0.9994,0.9995,0.9995,0.9996,0.9996
0.9997,0.9997,0.9997,0.9998,0.9998,0.9998,0.9999,0.9999,1.0000,1.0000
hwc1v1fract=0.0001,0.0001,0.0002,0.0002,0.0002,0.0003,0.0004,0.0004
0.0005,0.0006,0.0006,0.0007,0.0009,0.0010,0.0012,0.0015,0.0021,0.0032
0.0055,0.0099,0.0169,0.0271,0.0400,0.0558,0.0735,0.0922,0.1122,0.1329
0.1542,0.1760,0.1980,0.2200,0.2422,0.2645,0.2867,0.3091,0.3314,0.3535
0.3753,0.3970,0.4186,0.4400,0.4615,0.4828,0.5037,0.5245,0.5450,0.5658
0.5862,0.6066,0.6268,0.6464,0.6662,0.6861,0.7055,0.7248,0.7440,0.7628
0.7812,0.7991,0.8164,0.8328,0.8486,0.8636,0.8774,0.8902,0.9016,0.9119
0.9210,0.9296,0.9368,0.9432,0.9491,0.9544,0.9592,0.9635,0.9673,0.9710
0.9741,0.9770,0.9795,0.9817,0.9837,0.9853,0.9867,0.9880,0.9891,0.9901
0.9909,0.9917,0.9924,0.9929,0.9934,0.9939,0.9943,0.9948,0.9951,0.9955
0.9959,0.9961,0.9964,0.9967,0.9969,0.9972,0.9974,0.9976,0.9978,0.9980
0.9981,0.9983,0.9984,0.9985,0.9986,0.9987,0.9988,0.9989,0.9990,0.9990
0.9991,0.9992,0.9992,0.9993,0.9994,0.9994,0.9995,0.9995,0.9996,0.9996
0.9997,0.9997,0.9998,0.9998,0.9998,0.9999,0.9999,0.9999,1.0000,1.0000
hwc1y2fract=0.0001,0.0001,0.0002,0.0002,0.0003,0.0003,0.0004,0.0005
0.0006,0.0007,0.0009,0.0010,0.0012,0.0015,0.0020,0.0027,0.0039,0.0059
0.0092,0.0148,0.0227,0.0336,0.0473,0.0634,0.0814,0.1006,0.1210,0.1424
0.1644,0.1865,0.2092,0.2321,0.2547,0.2772,0.2997,0.3222,0.3445,0.3667
0.3889,0.4105,0.4328,0.4542,0.4754,0.4963,0.5174,0.5381,0.5590,0.5795
0.5995,0.6200,0.6406,0.6604,0.6800,0.6997,0.7190,0.7381,0.7562,0.7745
0.7921,0.8098,0.8261,0.8418,0.8567,0.8707,0.8834,0.8951,0.9058,0.9154
0.9243,0.9322,0.9391,0.9455,0.9510,0.9561,0.9605,0.9646,0.9683,0.9717
0.9747,0.9771,0.9795,0.9815,0.9833,0.9848,0.9863,0.9875,0.9886,0.9896
0.9904,0.9912,0.9919,0.9926,0.9932,0.9937,0.9941,0.9945,0.9949,0.9953
0.9956,0.9960,0.9963,0.9965,0.9968,0.9970,0.9972,0.9974,0.9976,0.9977
0.9979,0.9981,0.9982,0.9983,0.9985,0.9986,0.9987,0.9988,0.9989,0.9989
0.9990,0.9991,0.9992,0.9992,0.9993,0.9994,0.9994,0.9995,0.9996,0.9996
0.9996,0.9997,0.9998,0.9998,0.9998,0.9999,0.9999,0.9999,1.0000,1.0000
hwc1x2fract=0.0001,0.0001,0.0002,0.0002,0.0003,0.0004,0.0005,0.0006
0.0007,0.0008,0.0009,0.0010,0.0012,0.0015,0.0019,0.0027,0.0039,0.0060
0.0091,0.0137,0.0203,0.0288,0.0396,0.0521,0.0658,0.0808,0.0972,0.1143
0.1323,0.1512,0.1708,0.1910,0.2119,0.2325,0.2543,0.2764,0.2983,0.3204
0.3425,0.3650,0.3875,0.4095,0.4319,0.4544,0.4768,0.4986,0.5205,0.5424
0.5643,0.5856,0.6067,0.6280,0.6495,0.6704,0.6906,0.7109,0.7308,0.7500
0.7693,0.7875,0.8055,0.8225,0.8389,0.8544,0.8687,0.8819,0.8938,0.9050
0.9151,0.9244,0.9327,0.9405,0.9475,0.9540,0.9598,0.9651,0.9697,0.9739
0.9775,0.9805,0.9832,0.9853,0.9872,0.9887,0.9900,0.9911,0.9920,0.9927
0.9934,0.9941,0.9946,0.9950,0.9954,0.9957,0.9960,0.9963,0.9965,0.9967
0.9969,0.9971,0.9972,0.9974,0.9975,0.9977,0.9978,0.9980,0.9981,0.9981
0.9983,0.9984,0.9985,0.9986,0.9987,0.9987,0.9988,0.9989,0.9990,0.9991
0.9991,0.9992,0.9993,0.9993,0.9994,0.9994,0.9994,0.9995,0.9995,0.9996
0.9996,0.9997,0.9997,0.9997,0.9998,0.9998,0.9999,0.9999,1.0000,1.0000
hwc2x1fract=0.0001,0.0002,0.0003,0.0004,0.0005,0.0006,0.0007,0.0008
0.0010,0.0012,0.0013,0.0015,0.0018,0.0021,0.0024,0.0030,0.0040,0.0056
0.0084,0.0128,0.0189,0.0264,0.0361,0.0476,0.0607,0.0752,0.0908,0.1073
0.1248,0.1432,0.1625,0.1822,0.2027,0.2233,0.2447,0.2663,0.2879,0.3098
0.3320,0.3544,0.3763,0.3985,0.4211,0.4435,0.4657,0.4880,0.5099,0.5321
0.5537,0.5754,0.5973,0.6186,0.6402,0.6613,0.6823,0.7027,0.7229,0.7431
0.7629,0.7822,0.8005,0.8181,0.8349,0.8511,0.8661,0.8799,0.8927,0.9042
0.9149,0.9244,0.9331,0.9409,0.9481,0.9547,0.9603,0.9652,0.9696,0.9736
0.9772,0.9803,0.9830,0.9852,0.9871,0.9887,0.9901,0.9911,0.9921,0.9928
0.9934,0.9939,0.9944,0.9948,0.9953,0.9956,0.9959,0.9962,0.9964,0.9967
0.9969,0.9971,0.9973,0.9974,0.9976,0.9978,0.9979,0.9981,0.9981,0.9982
0.9984,0.9984,0.9985,0.9986,0.9987,0.9988,0.9988,0.9989,0.9990,0.9991
0.9991,0.9992,0.9993,0.9993,0.9994,0.9994,0.9995,0.9995,0.9996,0.9996
0.9997,0.9997,0.9998,0.9998,0.9998,0.9999,0.9999,1.0000,1.0000,1.0000
hwc2y1fract=0.0001,0.0001,0.0002,0.0002,0.0003,0.0003,0.0004,0.0005
0.0005,0.0007,0.0007,0.0009,0.0011,0.0012,0.0015,0.0019,0.0027,0.0039
0.0063,0.0103,0.0173,0.0273,0.0406,0.0568,0.0753,0.0953,0.1172,0.1395
0.1625,0.1858,0.2092,0.2325,0.2556,0.2790,0.3022,0.3251,0.3476,0.3701
0.3923,0.4147,0.4368,0.4582,0.4803,0.5013,0.5224,0.5430,0.5634,0.5846
0.6049,0.6256,0.6458,0.6659,0.6859,0.7057,0.7255,0.7449,0.7636,0.7817
0.7998,0.8172,0.8340,0.8500,0.8655,0.8795,0.8927,0.9048,0.9156,0.9251
0.9333,0.9407,0.9473,0.9531,0.9582,0.9627,0.9667,0.9702,0.9734,0.9765
0.9790,0.9812,0.9832,0.9847,0.9862,0.9876,0.9886,0.9897,0.9905,0.9913
0.9920,0.9926,0.9931,0.9936,0.9941,0.9945,0.9949,0.9952,0.9955,0.9959
0.9962,0.9964,0.9966,0.9968,0.9970,0.9972,0.9974,0.9976,0.9977,0.9979
0.9981,0.9982,0.9983,0.9984,0.9986,0.9987,0.9987,0.9988,0.9989,0.9990
0.9991,0.9992,0.9993,0.9993,0.9994,0.9994,0.9995,0.9995,0.9996,0.9996
0.9997,0.9997,0.9997,0.9998,0.9998,0.9998,0.9999,0.9999,1.0000,1.0000
hwc2u1fract=0.0000,0.0001,0.0001,0.0001,0.0002,0.0002,0.0003,0.0003
0.0004,0.0005,0.0005,0.0006,0.0007,0.0007,0.0008,0.0010,0.0013,0.0019
0.0031,0.0061,0.0120,0.0213,0.0340,0.0500,0.0685,0.0890,0.1105,0.1329
0.1557,0.1790,0.2022,0.2256,0.2485,0.2715,0.2948,0.3177,0.3401,0.3626
0.3846,0.4067,0.4286,0.4501,0.4715,0.4928,0.5139,0.5348,0.5555,0.5755
0.5957,0.6159,0.6359,0.6559,0.6754,0.6946,0.7139,0.7332,0.7521,0.7704
0.7888,0.8065,0.8238,0.8406,0.8564,0.8710,0.8847,0.8973,0.9085,0.9187
0.9274,0.9352,0.9422,0.9485,0.9537,0.9586,0.9630,0.9667,0.9702,0.9734
0.9761,0.9786,0.9807,0.9826,0.9843,0.9858,0.9871,0.9882,0.9892,0.9900
0.9908,0.9915,0.9921,0.9926,0.9930,0.9935,0.9939,0.9942,0.9945,0.9949
0.9952,0.9956,0.9959,0.9961,0.9964,0.9967,0.9969,0.9971,0.9974,0.9976
0.9978,0.9980,0.9981,0.9983,0.9984,0.9985,0.9987,0.9988,0.9989,0.9990
0.9991,0.9991,0.9992,0.9993,0.9993,0.9994,0.9994,0.9995,0.9996,0.9996
0.9997,0.9997,0.9997,0.9998,0.9998,0.9999,0.9999,0.9999,1.0000,1.0000
hwc2v1fract=0.0000,0.0001,0.0001,0.0002,0.0003,0.0003,0.0004,0.0005
0.0005,0.0006,0.0007,0.0008,0.0009,0.0010,0.0013,0.0015,0.0020,0.0030
0.0050,0.0093,0.0170,0.0280,0.0424,0.0599,0.0791,0.0998,0.1214,0.1439
0.1664,0.1894,0.2125,0.2358,0.2587,0.2819,0.3046,0.3272,0.3493,0.3717
0.3936,0.4155,0.4368,0.4587,0.4797,0.5007,0.5212,0.5420,0.5623,0.5828
0.6030,0.6230,0.6427,0.6624,0.6817,0.7015,0.7204,0.7393,0.7582,0.7767
0.7949,0.8123,0.8293,0.8455,0.8608,0.8754,0.8888,0.9013,0.9120,0.9219
0.9304,0.9381,0.9447,0.9505,0.9557,0.9605,0.9647,0.9684,0.9716,0.9747
0.9773,0.9797,0.9817,0.9836,0.9852,0.9865,0.9878,0.9888,0.9897,0.9905
0.9912,0.9918,0.9924,0.9929,0.9934,0.9939,0.9942,0.9946,0.9950,0.9953
0.9957,0.9960,0.9963,0.9966,0.9968,0.9971,0.9973,0.9975,0.9977,0.9979
0.9981,0.9982,0.9984,0.9985,0.9986,0.9988,0.9988,0.9989,0.9990,0.9991
0.9992,0.9992,0.9993,0.9993,0.9994,0.9994,0.9995,0.9995,0.9996,0.9996
0.9997,0.9997,0.9998,0.9998,0.9998,0.9999,0.9999,0.9999,1.0000,1.0000
hwc2y2fract=0.0000,0.0001,0.0002,0.0002,0.0003,0.0004,0.0004,0.0005
0.0006,0.0008,0.0009,0.0011,0.0013,0.0015,0.0019,0.0024,0.0033,0.0048
0.0075,0.0122,0.0195,0.0302,0.0437,0.0602,0.0789,0.0996,0.1212,0.1440
0.1672,0.1908,0.2146,0.2379,0.2610,0.2842,0.3073,0.3300,0.3528,0.3752
0.3975,0.4199,0.4420,0.4636,0.4847,0.5059,0.5269,0.5478,0.5682,0.5890
0.6091,0.6292,0.6494,0.6697,0.6895,0.7092,0.7285,0.7475,0.7661,0.7844
0.8020,0.8193,0.8359,0.8519,0.8670,0.8813,0.8940,0.9058,0.9165,0.9258
0.9341,0.9414,0.9477,0.9535,0.9587,0.9632,0.9672,0.9706,0.9738,0.9767
0.9792,0.9813,0.9833,0.9849,0.9864,0.9876,0.9887,0.9896,0.9904,0.9913
0.9919,0.9926,0.9931,0.9936,0.9941,0.9945,0.9949,0.9952,0.9956,0.9958
0.9961,0.9964,0.9966,0.9968,0.9971,0.9973,0.9975,0.9976,0.9978,0.9980
0.9981,0.9982,0.9984,0.9985,0.9986,0.9987,0.9988,0.9989,0.9990,0.9991
0.9992,0.9992,0.9993,0.9994,0.9994,0.9995,0.9995,0.9996,0.9996,0.9996
0.9997,0.9997,0.9998,0.9998,0.9998,0.9999,0.9999,0.9999,1.0000,1.0000
hwc2x2fract=0.0001,0.0002,0.0002,0.0003,0.0004,0.0005,0.0006,0.0008
0.0009,0.0010,0.0012,0.0014,0.0016,0.0020,0.0025,0.0034,0.0053,0.0083
0.0124,0.0182,0.0261,0.0360,0.0480,0.0619,0.0768,0.0928,0.1099,0.1283
0.1474,0.1672,0.1879,0.2089,0.2296,0.2513,0.2731,0.2951,0.3170,0.3395
0.3623,0.3848,0.4069,0.4293,0.4518,0.4741,0.4962,0.5183,0.5405,0.5622
0.5836,0.6051,0.6264,0.6469,0.6681,0.6893,0.7095,0.7294,0.7495,0.7690
0.7876,0.8058,0.8230,0.8394,0.8551,0.8696,0.8828,0.8953,0.9069,0.9170
0.9265,0.9349,0.9424,0.9492,0.9553,0.9609,0.9657,0.9700,0.9739,0.9773
0.9804,0.9829,0.9850,0.9868,0.9884,0.9897,0.9908,0.9918,0.9926,0.9932
0.9938,0.9943,0.9947,0.9952,0.9955,0.9958,0.9961,0.9964,0.9966,0.9968
0.9970,0.9972,0.9974,0.9976,0.9978,0.9979,0.9980,0.9982,0.9982,0.9983
0.9984,0.9986,0.9986,0.9987,0.9988,0.9989,0.9990,0.9990,0.9991,0.9992
0.9992,0.9993,0.9993,0.9994,0.9994,0.9995,0.9995,0.9996,0.9996,0.9996
0.9997,0.9997,0.9997,0.9998,0.9998,0.9999,0.9999,0.9999,1.0000,1.0000
