; Lookup table
;number of bins in Meek's time to distance lookup table
hdriftbins=138
;number of 1st bin in Meek's table in ns
hdrift1stbin=-24
;bin size in ns of Meek's table
hdriftbinsz=2
hwc1x1fract=0.0001,0.0001,0.0002,0.0003,0.0004,0.0005,0.0006,0.0007
0.0009,0.0011,0.0012,0.0015,0.0017,0.0020,0.0023,0.0027,0.0032,0.0038
0.0049,0.0064,0.0092,0.0136,0.0203,0.0296,0.0413,0.0544,0.0699,0.0870
0.1050,0.1245,0.1447,0.1658,0.1873,0.2095,0.2323,0.2552,0.2786,0.3019
0.3251,0.3484,0.3716,0.3948,0.4178,0.4405,0.4630,0.4855,0.5078,0.5298
0.5513,0.5727,0.5943,0.6154,0.6362,0.6565,0.6770,0.6972,0.7173,0.7368
0.7558,0.7745,0.7925,0.8097,0.8269,0.8425,0.8576,0.8716,0.8845,0.8961
0.9071,0.9169,0.9254,0.9337,0.9412,0.9478,0.9538,0.9593,0.9643,0.9691
0.9731,0.9768,0.9799,0.9827,0.9851,0.9870,0.9887,0.9903,0.9916,0.9926
0.9935,0.9942,0.9948,0.9953,0.9957,0.9962,0.9966,0.9969,0.9971,0.9974
0.9976,0.9978,0.9980,0.9981,0.9983,0.9985,0.9986,0.9988,0.9989,0.9990
0.9991,0.9992,0.9993,0.9994,0.9994,0.9995,0.9995,0.9996,0.9996,0.9997
0.9997,0.9997,0.9998,0.9998,0.9998,0.9998,0.9999,0.9999,0.9999,0.9999
0.9999,0.9999,0.9999,1.0000,1.0000,1.0000,1.0000,1.0000,1.0000,1.0000
hwc1y1fract=0.0000,0.0001,0.0001,0.0002,0.0003,0.0003,0.0004,0.0006
0.0006,0.0008,0.0010,0.0011,0.0014,0.0016,0.0020,0.0025,0.0032,0.0044
0.0064,0.0099,0.0154,0.0237,0.0354,0.0504,0.0678,0.0881,0.1103,0.1336
0.1578,0.1826,0.2074,0.2325,0.2574,0.2821,0.3063,0.3303,0.3539,0.3768
0.3996,0.4223,0.4450,0.4671,0.4890,0.5100,0.5307,0.5514,0.5720,0.5924
0.6124,0.6328,0.6529,0.6727,0.6919,0.7114,0.7304,0.7490,0.7672,0.7848
0.8021,0.8188,0.8349,0.8508,0.8655,0.8793,0.8918,0.9031,0.9135,0.9227
0.9309,0.9383,0.9447,0.9502,0.9554,0.9599,0.9639,0.9676,0.9708,0.9739
0.9766,0.9790,0.9812,0.9831,0.9848,0.9863,0.9876,0.9887,0.9898,0.9907
0.9916,0.9924,0.9931,0.9937,0.9942,0.9947,0.9952,0.9956,0.9959,0.9962
0.9965,0.9968,0.9971,0.9974,0.9976,0.9978,0.9980,0.9982,0.9984,0.9986
0.9987,0.9988,0.9990,0.9991,0.9992,0.9993,0.9994,0.9995,0.9995,0.9996
0.9997,0.9997,0.9998,0.9998,0.9998,0.9998,0.9999,0.9999,0.9999,0.9999
0.9999,0.9999,0.9999,1.0000,1.0000,1.0000,1.0000,1.0000,1.0000,1.0000
hwc1u1fract=0.0000,0.0000,0.0000,0.0000,0.0000,0.0000,0.0001,0.0001
0.0001,0.0001,0.0001,0.0002,0.0002,0.0002,0.0003,0.0005,0.0006,0.0010
0.0018,0.0032,0.0065,0.0125,0.0220,0.0349,0.0509,0.0690,0.0892,0.1106
0.1328,0.1565,0.1805,0.2047,0.2293,0.2538,0.2780,0.3020,0.3256,0.3493
0.3722,0.3946,0.4170,0.4391,0.4609,0.4822,0.5037,0.5247,0.5455,0.5662
0.5870,0.6074,0.6273,0.6473,0.6665,0.6862,0.7055,0.7249,0.7436,0.7621
0.7804,0.7979,0.8149,0.8312,0.8472,0.8615,0.8755,0.8881,0.8994,0.9096
0.9187,0.9269,0.9343,0.9405,0.9464,0.9517,0.9564,0.9608,0.9649,0.9687
0.9722,0.9753,0.9780,0.9806,0.9827,0.9845,0.9861,0.9874,0.9887,0.9896
0.9906,0.9914,0.9921,0.9928,0.9934,0.9938,0.9943,0.9948,0.9952,0.9956
0.9959,0.9962,0.9966,0.9968,0.9971,0.9974,0.9976,0.9978,0.9980,0.9982
0.9984,0.9986,0.9987,0.9988,0.9990,0.9991,0.9992,0.9993,0.9994,0.9995
0.9995,0.9996,0.9996,0.9997,0.9997,0.9998,0.9998,0.9998,0.9999,0.9999
0.9999,0.9999,0.9999,0.9999,1.0000,1.0000,1.0000,1.0000,1.0000,1.0000
hwc1v1fract=0.0000,0.0000,0.0001,0.0001,0.0001,0.0001,0.0002,0.0002
0.0003,0.0003,0.0004,0.0006,0.0007,0.0009,0.0013,0.0019,0.0032,0.0053
0.0094,0.0160,0.0258,0.0382,0.0534,0.0705,0.0890,0.1087,0.1291,0.1503
0.1717,0.1935,0.2151,0.2368,0.2585,0.2801,0.3025,0.3247,0.3464,0.3681
0.3900,0.4119,0.4340,0.4556,0.4773,0.4990,0.5204,0.5418,0.5628,0.5841
0.6050,0.6260,0.6469,0.6676,0.6877,0.7077,0.7276,0.7473,0.7663,0.7854
0.8037,0.8216,0.8385,0.8546,0.8698,0.8835,0.8958,0.9068,0.9165,0.9249
0.9323,0.9390,0.9453,0.9510,0.9559,0.9607,0.9650,0.9692,0.9728,0.9761
0.9792,0.9819,0.9842,0.9862,0.9879,0.9895,0.9907,0.9917,0.9927,0.9934
0.9941,0.9947,0.9952,0.9956,0.9960,0.9964,0.9967,0.9970,0.9972,0.9975
0.9977,0.9980,0.9981,0.9983,0.9985,0.9986,0.9987,0.9989,0.9990,0.9991
0.9991,0.9992,0.9993,0.9994,0.9994,0.9995,0.9995,0.9996,0.9996,0.9997
0.9997,0.9998,0.9998,0.9998,0.9999,0.9999,0.9999,0.9999,0.9999,0.9999
0.9999,1.0000,1.0000,1.0000,1.0000,1.0000,1.0000,1.0000,1.0000,1.0000
hwc1y2fract=0.0000,0.0000,0.0000,0.0000,0.0001,0.0001,0.0001,0.0001
0.0001,0.0001,0.0002,0.0002,0.0003,0.0004,0.0005,0.0007,0.0012,0.0020
0.0036,0.0064,0.0112,0.0190,0.0301,0.0440,0.0603,0.0792,0.1002,0.1226
0.1465,0.1708,0.1954,0.2200,0.2448,0.2690,0.2929,0.3167,0.3401,0.3632
0.3860,0.4087,0.4311,0.4531,0.4750,0.4964,0.5175,0.5385,0.5590,0.5795
0.6002,0.6204,0.6408,0.6608,0.6801,0.6995,0.7186,0.7374,0.7562,0.7738
0.7914,0.8080,0.8243,0.8401,0.8549,0.8687,0.8814,0.8935,0.9038,0.9133
0.9217,0.9294,0.9364,0.9425,0.9480,0.9530,0.9573,0.9615,0.9652,0.9688
0.9718,0.9747,0.9772,0.9794,0.9813,0.9829,0.9845,0.9858,0.9871,0.9884
0.9894,0.9903,0.9912,0.9918,0.9925,0.9931,0.9936,0.9941,0.9946,0.9951
0.9955,0.9959,0.9962,0.9965,0.9968,0.9971,0.9974,0.9976,0.9978,0.9980
0.9982,0.9984,0.9986,0.9987,0.9989,0.9990,0.9991,0.9992,0.9993,0.9994
0.9995,0.9995,0.9996,0.9997,0.9997,0.9998,0.9998,0.9998,0.9998,0.9999
0.9999,0.9999,0.9999,0.9999,1.0000,1.0000,1.0000,1.0000,1.0000,1.0000
hwc1x2fract=0.0000,0.0001,0.0001,0.0001,0.0002,0.0002,0.0003,0.0003
0.0004,0.0005,0.0006,0.0008,0.0009,0.0011,0.0013,0.0016,0.0021,0.0029
0.0043,0.0071,0.0116,0.0190,0.0289,0.0411,0.0556,0.0720,0.0898,0.1084
0.1284,0.1495,0.1712,0.1936,0.2166,0.2395,0.2630,0.2861,0.3095,0.3332
0.3562,0.3794,0.4024,0.4255,0.4488,0.4713,0.4936,0.5156,0.5374,0.5591
0.5802,0.6010,0.6219,0.6425,0.6632,0.6830,0.7031,0.7226,0.7415,0.7605
0.7790,0.7968,0.8138,0.8303,0.8458,0.8602,0.8740,0.8866,0.8981,0.9085
0.9180,0.9265,0.9344,0.9415,0.9479,0.9538,0.9592,0.9642,0.9686,0.9728
0.9765,0.9796,0.9824,0.9848,0.9867,0.9884,0.9898,0.9910,0.9921,0.9930
0.9937,0.9943,0.9948,0.9953,0.9957,0.9961,0.9965,0.9968,0.9971,0.9974
0.9976,0.9979,0.9980,0.9982,0.9983,0.9985,0.9986,0.9987,0.9988,0.9989
0.9990,0.9991,0.9992,0.9992,0.9993,0.9994,0.9994,0.9995,0.9996,0.9996
0.9997,0.9997,0.9997,0.9998,0.9998,0.9998,0.9998,0.9998,0.9999,0.9999
0.9999,0.9999,0.9999,1.0000,1.0000,1.0000,1.0000,1.0000,1.0000,1.0000
hwc2x1fract=0.0001,0.0001,0.0002,0.0002,0.0003,0.0004,0.0006,0.0007
0.0008,0.0010,0.0012,0.0014,0.0016,0.0020,0.0024,0.0029,0.0036,0.0046
0.0065,0.0092,0.0133,0.0192,0.0267,0.0369,0.0492,0.0636,0.0796,0.0970
0.1159,0.1359,0.1564,0.1781,0.1999,0.2221,0.2450,0.2683,0.2920,0.3153
0.3388,0.3621,0.3853,0.4088,0.4318,0.4548,0.4774,0.4999,0.5222,0.5443
0.5658,0.5875,0.6086,0.6298,0.6504,0.6715,0.6921,0.7123,0.7321,0.7516
0.7708,0.7896,0.8078,0.8248,0.8412,0.8565,0.8709,0.8840,0.8959,0.9070
0.9169,0.9259,0.9341,0.9415,0.9481,0.9540,0.9593,0.9645,0.9689,0.9730
0.9766,0.9798,0.9825,0.9849,0.9869,0.9886,0.9901,0.9913,0.9925,0.9934
0.9942,0.9948,0.9953,0.9958,0.9962,0.9965,0.9968,0.9971,0.9974,0.9976
0.9979,0.9980,0.9982,0.9984,0.9985,0.9986,0.9988,0.9989,0.9990,0.9991
0.9992,0.9993,0.9993,0.9994,0.9995,0.9995,0.9996,0.9996,0.9997,0.9997
0.9997,0.9998,0.9998,0.9998,0.9998,0.9999,0.9999,0.9999,0.9999,0.9999
0.9999,1.0000,1.0000,1.0000,1.0000,1.0000,1.0000,1.0000,1.0000,1.0000
hwc2y1fract=0.0000,0.0000,0.0000,0.0000,0.0000,0.0000,0.0001,0.0001
0.0001,0.0001,0.0001,0.0002,0.0002,0.0003,0.0003,0.0005,0.0007,0.0013
0.0023,0.0046,0.0090,0.0166,0.0273,0.0418,0.0595,0.0803,0.1032,0.1275
0.1527,0.1785,0.2042,0.2296,0.2550,0.2803,0.3047,0.3292,0.3531,0.3766
0.4000,0.4231,0.4456,0.4676,0.4896,0.5111,0.5323,0.5535,0.5744,0.5947
0.6153,0.6355,0.6555,0.6757,0.6952,0.7148,0.7342,0.7531,0.7718,0.7901
0.8078,0.8250,0.8416,0.8572,0.8719,0.8856,0.8984,0.9101,0.9204,0.9298
0.9378,0.9448,0.9509,0.9560,0.9609,0.9653,0.9691,0.9725,0.9755,0.9783
0.9807,0.9829,0.9848,0.9865,0.9879,0.9891,0.9902,0.9911,0.9919,0.9927
0.9933,0.9939,0.9944,0.9949,0.9953,0.9957,0.9960,0.9963,0.9966,0.9969
0.9971,0.9973,0.9975,0.9977,0.9979,0.9981,0.9982,0.9984,0.9985,0.9986
0.9988,0.9989,0.9990,0.9992,0.9993,0.9993,0.9994,0.9995,0.9995,0.9996
0.9997,0.9997,0.9997,0.9998,0.9998,0.9998,0.9998,0.9999,0.9999,0.9999
0.9999,0.9999,1.0000,1.0000,1.0000,1.0000,1.0000,1.0000,1.0000,1.0000
hwc2u1fract=0.0000,0.0000,0.0000,0.0000,0.0000,0.0000,0.0000,0.0001
0.0001,0.0001,0.0002,0.0002,0.0002,0.0003,0.0004,0.0006,0.0009,0.0016
0.0029,0.0058,0.0119,0.0217,0.0352,0.0526,0.0723,0.0945,0.1184,0.1426
0.1678,0.1928,0.2181,0.2429,0.2678,0.2919,0.3160,0.3401,0.3638,0.3866
0.4094,0.4317,0.4533,0.4751,0.4966,0.5179,0.5390,0.5598,0.5805,0.6008
0.6208,0.6412,0.6610,0.6805,0.6998,0.7192,0.7382,0.7567,0.7752,0.7933
0.8110,0.8285,0.8450,0.8605,0.8753,0.8889,0.9012,0.9123,0.9224,0.9312
0.9387,0.9455,0.9514,0.9564,0.9610,0.9650,0.9686,0.9720,0.9751,0.9779
0.9802,0.9824,0.9843,0.9860,0.9876,0.9888,0.9899,0.9908,0.9916,0.9924
0.9930,0.9936,0.9940,0.9945,0.9949,0.9952,0.9955,0.9958,0.9960,0.9963
0.9966,0.9968,0.9971,0.9973,0.9975,0.9977,0.9979,0.9981,0.9983,0.9985
0.9987,0.9988,0.9989,0.9991,0.9992,0.9993,0.9994,0.9995,0.9996,0.9996
0.9997,0.9997,0.9997,0.9998,0.9998,0.9998,0.9999,0.9999,0.9999,0.9999
0.9999,0.9999,0.9999,1.0000,1.0000,1.0000,1.0000,1.0000,1.0000,1.0000
hwc2v1fract=0.0000,0.0000,0.0000,0.0000,0.0001,0.0001,0.0001,0.0002
0.0002,0.0003,0.0004,0.0005,0.0006,0.0008,0.0010,0.0014,0.0020,0.0032
0.0056,0.0105,0.0184,0.0303,0.0458,0.0646,0.0856,0.1086,0.1328,0.1578
0.1827,0.2074,0.2323,0.2568,0.2811,0.3053,0.3289,0.3522,0.3753,0.3979
0.4207,0.4425,0.4644,0.4858,0.5074,0.5280,0.5489,0.5697,0.5903,0.6103
0.6303,0.6503,0.6697,0.6895,0.7091,0.7283,0.7475,0.7662,0.7845,0.8024
0.8196,0.8366,0.8526,0.8677,0.8819,0.8950,0.9067,0.9172,0.9265,0.9345
0.9413,0.9473,0.9529,0.9577,0.9619,0.9660,0.9695,0.9728,0.9757,0.9782
0.9807,0.9829,0.9848,0.9863,0.9877,0.9890,0.9900,0.9908,0.9916,0.9923
0.9929,0.9935,0.9939,0.9944,0.9949,0.9952,0.9956,0.9959,0.9962,0.9964
0.9967,0.9970,0.9972,0.9974,0.9977,0.9979,0.9981,0.9983,0.9985,0.9987
0.9988,0.9990,0.9991,0.9992,0.9993,0.9994,0.9995,0.9995,0.9996,0.9996
0.9997,0.9997,0.9998,0.9998,0.9998,0.9999,0.9999,0.9999,0.9999,0.9999
0.9999,1.0000,1.0000,1.0000,1.0000,1.0000,1.0000,1.0000,1.0000,1.0000
hwc2y2fract=0.0000,0.0000,0.0000,0.0000,0.0001,0.0001,0.0001,0.0001
0.0001,0.0002,0.0002,0.0003,0.0004,0.0005,0.0007,0.0010,0.0014,0.0024
0.0041,0.0074,0.0131,0.0218,0.0345,0.0503,0.0692,0.0906,0.1139,0.1382
0.1635,0.1893,0.2149,0.2401,0.2653,0.2902,0.3149,0.3389,0.3625,0.3861
0.4090,0.4319,0.4542,0.4761,0.4974,0.5185,0.5401,0.5610,0.5818,0.6024
0.6225,0.6429,0.6632,0.6831,0.7030,0.7223,0.7416,0.7606,0.7791,0.7970
0.8146,0.8316,0.8477,0.8630,0.8770,0.8907,0.9028,0.9137,0.9235,0.9321
0.9397,0.9464,0.9523,0.9575,0.9620,0.9661,0.9697,0.9731,0.9759,0.9785
0.9808,0.9828,0.9846,0.9862,0.9876,0.9888,0.9900,0.9909,0.9917,0.9925
0.9932,0.9938,0.9943,0.9948,0.9952,0.9956,0.9959,0.9962,0.9965,0.9967
0.9969,0.9972,0.9974,0.9976,0.9978,0.9980,0.9981,0.9983,0.9984,0.9986
0.9987,0.9988,0.9990,0.9991,0.9992,0.9993,0.9994,0.9995,0.9996,0.9996
0.9997,0.9997,0.9997,0.9998,0.9998,0.9998,0.9999,0.9999,0.9999,0.9999
0.9999,0.9999,0.9999,1.0000,1.0000,1.0000,1.0000,1.0000,1.0000,1.0000
hwc2x2fract=0.0000,0.0001,0.0001,0.0002,0.0002,0.0003,0.0004,0.0005
0.0006,0.0007,0.0009,0.0010,0.0012,0.0015,0.0017,0.0021,0.0026,0.0033
0.0045,0.0063,0.0093,0.0142,0.0217,0.0318,0.0445,0.0596,0.0768,0.0957
0.1156,0.1368,0.1591,0.1815,0.2043,0.2278,0.2513,0.2748,0.2987,0.3223
0.3461,0.3698,0.3931,0.4161,0.4389,0.4612,0.4836,0.5060,0.5281,0.5496
0.5712,0.5923,0.6133,0.6341,0.6545,0.6746,0.6947,0.7144,0.7337,0.7528
0.7715,0.7899,0.8078,0.8249,0.8413,0.8566,0.8710,0.8843,0.8967,0.9077
0.9176,0.9262,0.9341,0.9412,0.9478,0.9534,0.9587,0.9635,0.9678,0.9717
0.9753,0.9785,0.9813,0.9838,0.9859,0.9877,0.9891,0.9905,0.9915,0.9925
0.9933,0.9940,0.9946,0.9951,0.9956,0.9960,0.9963,0.9966,0.9968,0.9971
0.9974,0.9976,0.9978,0.9980,0.9982,0.9983,0.9985,0.9986,0.9988,0.9989
0.9990,0.9991,0.9992,0.9993,0.9993,0.9994,0.9994,0.9995,0.9996,0.9996
0.9997,0.9997,0.9997,0.9998,0.9998,0.9998,0.9999,0.9999,0.9999,0.9999
0.9999,0.9999,0.9999,1.0000,1.0000,1.0000,1.0000,1.0000,1.0000,1.0000
