; Lookup table
;number of bins in Meek's time to distance lookup table
hdriftbins=138
;number of 1st bin in Meek's table in ns
hdrift1stbin=-24
;bin size in ns of Meek's table
hdriftbinsz=2
hwc1x1fract=0.0001,0.0001,0.0002,0.0003,0.0004,0.0005,0.0006,0.0007
0.0008,0.0009,0.0011,0.0012,0.0015,0.0018,0.0022,0.0027,0.0035,0.0046
0.0063,0.0085,0.0124,0.0182,0.0261,0.0362,0.0488,0.0630,0.0789,0.0962
0.1148,0.1345,0.1548,0.1760,0.1981,0.2202,0.2431,0.2656,0.2887,0.3117
0.3349,0.3581,0.3810,0.4045,0.4275,0.4505,0.4730,0.4951,0.5171,0.5390
0.5605,0.5820,0.6033,0.6244,0.6456,0.6659,0.6863,0.7061,0.7258,0.7449
0.7638,0.7821,0.7999,0.8169,0.8328,0.8480,0.8624,0.8756,0.8877,0.8988
0.9089,0.9181,0.9263,0.9340,0.9410,0.9474,0.9534,0.9588,0.9637,0.9680
0.9720,0.9755,0.9786,0.9813,0.9835,0.9854,0.9871,0.9885,0.9897,0.9908
0.9917,0.9926,0.9932,0.9938,0.9943,0.9948,0.9952,0.9956,0.9959,0.9962
0.9965,0.9968,0.9970,0.9972,0.9974,0.9975,0.9977,0.9978,0.9980,0.9981
0.9982,0.9983,0.9985,0.9986,0.9987,0.9988,0.9989,0.9990,0.9990,0.9991
0.9992,0.9992,0.9993,0.9993,0.9994,0.9995,0.9995,0.9995,0.9996,0.9996
0.9997,0.9997,0.9998,0.9998,0.9999,0.9999,0.9999,0.9999,1.0000,1.0000
hwc1y1fract=0.0001,0.0001,0.0002,0.0002,0.0003,0.0004,0.0005,0.0007
0.0008,0.0009,0.0010,0.0012,0.0014,0.0017,0.0021,0.0027,0.0035,0.0047
0.0067,0.0102,0.0163,0.0255,0.0380,0.0536,0.0722,0.0931,0.1154,0.1392
0.1636,0.1882,0.2134,0.2381,0.2627,0.2869,0.3107,0.3343,0.3575,0.3803
0.4026,0.4250,0.4472,0.4689,0.4905,0.5120,0.5326,0.5538,0.5746,0.5951
0.6155,0.6357,0.6556,0.6756,0.6949,0.7142,0.7334,0.7520,0.7707,0.7887
0.8060,0.8228,0.8387,0.8542,0.8682,0.8812,0.8936,0.9047,0.9147,0.9234
0.9312,0.9381,0.9443,0.9497,0.9545,0.9589,0.9629,0.9667,0.9698,0.9729
0.9755,0.9779,0.9800,0.9818,0.9835,0.9850,0.9863,0.9875,0.9885,0.9895
0.9904,0.9912,0.9919,0.9925,0.9931,0.9937,0.9942,0.9946,0.9950,0.9954
0.9957,0.9960,0.9963,0.9966,0.9968,0.9971,0.9973,0.9975,0.9977,0.9978
0.9980,0.9982,0.9983,0.9985,0.9986,0.9987,0.9988,0.9989,0.9990,0.9991
0.9992,0.9992,0.9993,0.9994,0.9994,0.9995,0.9995,0.9996,0.9996,0.9997
0.9997,0.9997,0.9998,0.9998,0.9998,0.9999,0.9999,1.0000,1.0000,1.0000
hwc1u1fract=0.0000,0.0001,0.0001,0.0001,0.0001,0.0001,0.0002,0.0002
0.0003,0.0003,0.0003,0.0004,0.0005,0.0006,0.0007,0.0011,0.0018,0.0029
0.0046,0.0073,0.0121,0.0196,0.0303,0.0440,0.0601,0.0787,0.0987,0.1207
0.1432,0.1664,0.1902,0.2140,0.2379,0.2620,0.2854,0.3088,0.3317,0.3547
0.3779,0.4004,0.4225,0.4446,0.4663,0.4878,0.5092,0.5301,0.5509,0.5715
0.5921,0.6121,0.6321,0.6519,0.6716,0.6912,0.7103,0.7296,0.7481,0.7666
0.7849,0.8023,0.8192,0.8354,0.8505,0.8642,0.8774,0.8894,0.9002,0.9097
0.9184,0.9261,0.9330,0.9391,0.9447,0.9496,0.9545,0.9589,0.9630,0.9665
0.9700,0.9729,0.9757,0.9781,0.9803,0.9822,0.9839,0.9853,0.9865,0.9877
0.9887,0.9896,0.9904,0.9912,0.9919,0.9925,0.9931,0.9936,0.9941,0.9945
0.9950,0.9953,0.9957,0.9960,0.9963,0.9965,0.9968,0.9971,0.9973,0.9975
0.9977,0.9979,0.9980,0.9982,0.9984,0.9985,0.9986,0.9987,0.9988,0.9989
0.9990,0.9991,0.9992,0.9992,0.9993,0.9994,0.9994,0.9995,0.9995,0.9996
0.9997,0.9997,0.9998,0.9998,0.9998,0.9999,0.9999,0.9999,1.0000,1.0000
hwc1v1fract=0.0000,0.0001,0.0001,0.0001,0.0001,0.0002,0.0002,0.0002
0.0003,0.0004,0.0004,0.0005,0.0006,0.0008,0.0010,0.0014,0.0020,0.0032
0.0056,0.0099,0.0168,0.0273,0.0407,0.0570,0.0752,0.0954,0.1171,0.1397
0.1626,0.1859,0.2091,0.2328,0.2560,0.2795,0.3023,0.3255,0.3481,0.3707
0.3928,0.4145,0.4364,0.4581,0.4793,0.5003,0.5215,0.5423,0.5629,0.5837
0.6044,0.6246,0.6445,0.6644,0.6843,0.7035,0.7228,0.7423,0.7611,0.7795
0.7973,0.8146,0.8311,0.8470,0.8620,0.8763,0.8886,0.9002,0.9101,0.9189
0.9267,0.9337,0.9399,0.9456,0.9508,0.9555,0.9599,0.9638,0.9674,0.9708
0.9738,0.9763,0.9789,0.9810,0.9829,0.9846,0.9860,0.9873,0.9884,0.9894
0.9903,0.9910,0.9917,0.9923,0.9930,0.9934,0.9939,0.9943,0.9947,0.9951
0.9955,0.9958,0.9960,0.9963,0.9966,0.9969,0.9971,0.9973,0.9975,0.9977
0.9979,0.9980,0.9982,0.9983,0.9984,0.9986,0.9987,0.9988,0.9989,0.9989
0.9990,0.9991,0.9992,0.9993,0.9993,0.9994,0.9995,0.9995,0.9996,0.9996
0.9997,0.9997,0.9998,0.9998,0.9998,0.9999,0.9999,1.0000,1.0000,1.0000
hwc1y2fract=0.0000,0.0000,0.0001,0.0001,0.0001,0.0002,0.0002,0.0003
0.0003,0.0004,0.0005,0.0006,0.0006,0.0008,0.0009,0.0011,0.0016,0.0023
0.0038,0.0064,0.0111,0.0186,0.0292,0.0428,0.0594,0.0786,0.0997,0.1223
0.1458,0.1698,0.1948,0.2191,0.2432,0.2676,0.2916,0.3155,0.3391,0.3624
0.3855,0.4082,0.4307,0.4530,0.4743,0.4958,0.5169,0.5377,0.5583,0.5787
0.5988,0.6194,0.6395,0.6593,0.6786,0.6979,0.7169,0.7358,0.7542,0.7719
0.7898,0.8068,0.8233,0.8390,0.8542,0.8683,0.8813,0.8933,0.9038,0.9133
0.9217,0.9295,0.9362,0.9422,0.9474,0.9522,0.9565,0.9604,0.9640,0.9674
0.9703,0.9731,0.9757,0.9779,0.9798,0.9815,0.9831,0.9846,0.9858,0.9870
0.9881,0.9889,0.9898,0.9906,0.9913,0.9920,0.9926,0.9932,0.9937,0.9942
0.9946,0.9950,0.9953,0.9957,0.9960,0.9963,0.9966,0.9969,0.9971,0.9973
0.9976,0.9977,0.9979,0.9981,0.9982,0.9984,0.9985,0.9987,0.9988,0.9989
0.9990,0.9991,0.9992,0.9992,0.9993,0.9994,0.9994,0.9995,0.9995,0.9996
0.9996,0.9997,0.9997,0.9998,0.9998,0.9999,0.9999,0.9999,1.0000,1.0000
hwc1x2fract=0.0000,0.0001,0.0001,0.0002,0.0002,0.0003,0.0003,0.0004
0.0004,0.0005,0.0006,0.0007,0.0009,0.0010,0.0012,0.0016,0.0020,0.0030
0.0048,0.0077,0.0125,0.0194,0.0286,0.0403,0.0539,0.0694,0.0865,0.1047
0.1241,0.1443,0.1657,0.1875,0.2099,0.2329,0.2554,0.2786,0.3017,0.3252
0.3483,0.3719,0.3949,0.4178,0.4405,0.4628,0.4853,0.5075,0.5294,0.5512
0.5725,0.5936,0.6146,0.6353,0.6558,0.6760,0.6960,0.7160,0.7355,0.7549
0.7732,0.7914,0.8090,0.8255,0.8416,0.8562,0.8698,0.8824,0.8941,0.9045
0.9141,0.9227,0.9305,0.9377,0.9443,0.9502,0.9555,0.9606,0.9653,0.9695
0.9731,0.9764,0.9793,0.9818,0.9840,0.9859,0.9874,0.9887,0.9898,0.9908
0.9918,0.9925,0.9932,0.9938,0.9943,0.9947,0.9951,0.9955,0.9958,0.9961
0.9964,0.9967,0.9969,0.9971,0.9973,0.9974,0.9976,0.9977,0.9979,0.9980
0.9981,0.9982,0.9984,0.9984,0.9986,0.9986,0.9988,0.9988,0.9989,0.9990
0.9991,0.9991,0.9992,0.9993,0.9993,0.9994,0.9994,0.9995,0.9995,0.9996
0.9996,0.9996,0.9997,0.9997,0.9998,0.9998,0.9999,0.9999,1.0000,1.0000
hwc2x1fract=0.0001,0.0001,0.0002,0.0003,0.0004,0.0005,0.0006,0.0007
0.0008,0.0010,0.0012,0.0013,0.0016,0.0019,0.0022,0.0026,0.0032,0.0042
0.0059,0.0088,0.0133,0.0192,0.0274,0.0376,0.0502,0.0644,0.0805,0.0979
0.1170,0.1367,0.1573,0.1785,0.2004,0.2228,0.2458,0.2687,0.2916,0.3150
0.3384,0.3618,0.3849,0.4075,0.4304,0.4533,0.4757,0.4982,0.5206,0.5425
0.5641,0.5859,0.6073,0.6283,0.6491,0.6695,0.6900,0.7104,0.7302,0.7499
0.7690,0.7876,0.8056,0.8229,0.8395,0.8548,0.8690,0.8821,0.8942,0.9050
0.9149,0.9236,0.9314,0.9389,0.9455,0.9514,0.9568,0.9617,0.9660,0.9702
0.9738,0.9771,0.9801,0.9825,0.9847,0.9865,0.9880,0.9893,0.9905,0.9915
0.9923,0.9930,0.9936,0.9941,0.9946,0.9950,0.9954,0.9958,0.9961,0.9964
0.9966,0.9969,0.9971,0.9973,0.9975,0.9977,0.9978,0.9980,0.9981,0.9982
0.9983,0.9985,0.9986,0.9987,0.9988,0.9989,0.9989,0.9990,0.9991,0.9992
0.9993,0.9993,0.9994,0.9994,0.9995,0.9995,0.9996,0.9996,0.9997,0.9997
0.9997,0.9997,0.9998,0.9998,0.9999,0.9999,0.9999,0.9999,1.0000,1.0000
hwc2y1fract=0.0000,0.0001,0.0001,0.0001,0.0002,0.0002,0.0002,0.0003
0.0003,0.0004,0.0004,0.0005,0.0007,0.0008,0.0010,0.0012,0.0017,0.0025
0.0039,0.0070,0.0126,0.0215,0.0338,0.0497,0.0682,0.0894,0.1122,0.1361
0.1612,0.1864,0.2118,0.2369,0.2619,0.2866,0.3107,0.3350,0.3586,0.3818
0.4044,0.4268,0.4489,0.4706,0.4925,0.5135,0.5349,0.5559,0.5766,0.5973
0.6178,0.6383,0.6585,0.6786,0.6982,0.7176,0.7369,0.7556,0.7740,0.7923
0.8103,0.8273,0.8439,0.8593,0.8739,0.8874,0.8995,0.9106,0.9203,0.9289
0.9365,0.9431,0.9492,0.9546,0.9594,0.9634,0.9669,0.9704,0.9733,0.9760
0.9785,0.9807,0.9826,0.9843,0.9857,0.9869,0.9881,0.9890,0.9899,0.9908
0.9915,0.9921,0.9928,0.9933,0.9938,0.9942,0.9946,0.9950,0.9953,0.9956
0.9959,0.9962,0.9964,0.9967,0.9969,0.9971,0.9973,0.9975,0.9977,0.9978
0.9980,0.9981,0.9982,0.9984,0.9985,0.9987,0.9988,0.9989,0.9990,0.9991
0.9991,0.9992,0.9993,0.9993,0.9994,0.9995,0.9995,0.9996,0.9996,0.9996
0.9997,0.9997,0.9998,0.9998,0.9998,0.9999,0.9999,0.9999,1.0000,1.0000
hwc2u1fract=0.0000,0.0000,0.0001,0.0001,0.0001,0.0002,0.0002,0.0002
0.0003,0.0003,0.0004,0.0004,0.0005,0.0006,0.0007,0.0008,0.0011,0.0017
0.0029,0.0058,0.0115,0.0212,0.0347,0.0516,0.0716,0.0938,0.1170,0.1417
0.1665,0.1910,0.2162,0.2412,0.2656,0.2897,0.3134,0.3365,0.3598,0.3823
0.4050,0.4272,0.4489,0.4703,0.4916,0.5130,0.5337,0.5544,0.5746,0.5953
0.6154,0.6353,0.6551,0.6744,0.6938,0.7132,0.7322,0.7510,0.7693,0.7875
0.8054,0.8228,0.8396,0.8556,0.8702,0.8840,0.8966,0.9081,0.9180,0.9268
0.9345,0.9411,0.9469,0.9521,0.9568,0.9609,0.9648,0.9682,0.9713,0.9741
0.9766,0.9790,0.9811,0.9828,0.9844,0.9858,0.9870,0.9881,0.9891,0.9899
0.9906,0.9914,0.9920,0.9925,0.9930,0.9935,0.9939,0.9943,0.9946,0.9950
0.9953,0.9956,0.9959,0.9962,0.9964,0.9967,0.9969,0.9972,0.9974,0.9976
0.9978,0.9980,0.9982,0.9983,0.9984,0.9986,0.9987,0.9988,0.9989,0.9990
0.9991,0.9992,0.9993,0.9994,0.9994,0.9995,0.9995,0.9996,0.9996,0.9997
0.9997,0.9997,0.9998,0.9998,0.9998,0.9999,0.9999,0.9999,1.0000,1.0000
hwc2v1fract=0.0000,0.0001,0.0001,0.0001,0.0002,0.0002,0.0003,0.0003
0.0004,0.0004,0.0005,0.0006,0.0007,0.0009,0.0011,0.0013,0.0018,0.0026
0.0044,0.0082,0.0155,0.0264,0.0409,0.0590,0.0801,0.1023,0.1258,0.1502
0.1746,0.2000,0.2248,0.2494,0.2737,0.2978,0.3214,0.3449,0.3676,0.3907
0.4130,0.4354,0.4571,0.4787,0.4998,0.5209,0.5416,0.5624,0.5827,0.6032
0.6234,0.6436,0.6634,0.6829,0.7022,0.7211,0.7397,0.7585,0.7768,0.7951
0.8122,0.8291,0.8453,0.8605,0.8750,0.8885,0.9005,0.9113,0.9208,0.9292
0.9365,0.9429,0.9484,0.9535,0.9579,0.9620,0.9656,0.9689,0.9720,0.9747
0.9771,0.9794,0.9814,0.9832,0.9847,0.9859,0.9872,0.9883,0.9892,0.9901
0.9909,0.9915,0.9921,0.9927,0.9932,0.9936,0.9941,0.9945,0.9948,0.9952
0.9955,0.9958,0.9961,0.9964,0.9967,0.9970,0.9972,0.9974,0.9976,0.9978
0.9979,0.9981,0.9983,0.9985,0.9986,0.9987,0.9988,0.9989,0.9990,0.9991
0.9992,0.9992,0.9993,0.9994,0.9995,0.9995,0.9996,0.9996,0.9997,0.9997
0.9997,0.9997,0.9998,0.9998,0.9999,0.9999,0.9999,0.9999,1.0000,1.0000
hwc2y2fract=0.0000,0.0001,0.0001,0.0001,0.0002,0.0002,0.0003,0.0003
0.0004,0.0005,0.0005,0.0006,0.0007,0.0009,0.0011,0.0014,0.0020,0.0030
0.0048,0.0084,0.0145,0.0239,0.0369,0.0533,0.0727,0.0944,0.1173,0.1414
0.1663,0.1916,0.2170,0.2423,0.2669,0.2913,0.3153,0.3393,0.3627,0.3857
0.4086,0.4314,0.4537,0.4755,0.4971,0.5188,0.5398,0.5608,0.5813,0.6020
0.6223,0.6428,0.6630,0.6827,0.7025,0.7221,0.7414,0.7600,0.7782,0.7960
0.8133,0.8302,0.8462,0.8617,0.8759,0.8892,0.9013,0.9124,0.9220,0.9307
0.9380,0.9446,0.9504,0.9555,0.9601,0.9640,0.9676,0.9708,0.9738,0.9764
0.9787,0.9810,0.9828,0.9844,0.9859,0.9871,0.9882,0.9892,0.9901,0.9909
0.9915,0.9923,0.9928,0.9933,0.9938,0.9942,0.9946,0.9949,0.9953,0.9956
0.9958,0.9961,0.9964,0.9966,0.9968,0.9970,0.9972,0.9974,0.9976,0.9977
0.9979,0.9981,0.9982,0.9983,0.9985,0.9986,0.9987,0.9988,0.9989,0.9990
0.9991,0.9992,0.9993,0.9993,0.9994,0.9995,0.9995,0.9996,0.9996,0.9997
0.9997,0.9997,0.9998,0.9998,0.9998,0.9999,0.9999,0.9999,1.0000,1.0000
hwc2x2fract=0.0001,0.0001,0.0002,0.0003,0.0003,0.0004,0.0005,0.0006
0.0007,0.0008,0.0009,0.0011,0.0013,0.0015,0.0018,0.0022,0.0028,0.0039
0.0056,0.0082,0.0121,0.0185,0.0273,0.0389,0.0528,0.0688,0.0863,0.1052
0.1256,0.1470,0.1688,0.1914,0.2145,0.2379,0.2611,0.2850,0.3087,0.3320
0.3554,0.3787,0.4019,0.4252,0.4479,0.4702,0.4926,0.5145,0.5358,0.5573
0.5785,0.5993,0.6204,0.6410,0.6618,0.6822,0.7023,0.7218,0.7414,0.7604
0.7791,0.7973,0.8151,0.8315,0.8475,0.8624,0.8762,0.8885,0.8998,0.9104
0.9196,0.9279,0.9355,0.9420,0.9482,0.9537,0.9588,0.9633,0.9675,0.9712
0.9746,0.9776,0.9803,0.9826,0.9845,0.9863,0.9877,0.9890,0.9902,0.9911
0.9919,0.9926,0.9933,0.9939,0.9943,0.9947,0.9952,0.9955,0.9959,0.9962
0.9965,0.9967,0.9970,0.9972,0.9974,0.9976,0.9977,0.9979,0.9981,0.9982
0.9983,0.9985,0.9986,0.9987,0.9988,0.9989,0.9990,0.9991,0.9991,0.9992
0.9993,0.9993,0.9994,0.9994,0.9995,0.9995,0.9996,0.9996,0.9996,0.9997
0.9997,0.9997,0.9998,0.9998,0.9999,0.9999,0.9999,0.9999,1.0000,1.0000
