; Lookup table
;number of bins in Meek's time to distance lookup table
hdriftbins=138
;number of 1st bin in Meek's table in ns
hdrift1stbin=-24
;bin size in ns of Meek's table
hdriftbinsz=2
hwc1x1fract=0.0000,0.0001,0.0001,0.0002,0.0002,0.0003,0.0004,0.0004
0.0005,0.0006,0.0007,0.0009,0.0011,0.0013,0.0016,0.0020,0.0028,0.0040
0.0056,0.0078,0.0111,0.0156,0.0219,0.0302,0.0406,0.0525,0.0660,0.0806
0.0967,0.1137,0.1316,0.1504,0.1703,0.1909,0.2120,0.2340,0.2564,0.2788
0.3018,0.3250,0.3485,0.3718,0.3953,0.4186,0.4415,0.4644,0.4872,0.5094
0.5315,0.5535,0.5758,0.5978,0.6193,0.6407,0.6617,0.6825,0.7029,0.7233
0.7428,0.7618,0.7798,0.7973,0.8143,0.8302,0.8456,0.8600,0.8735,0.8856
0.8968,0.9071,0.9166,0.9252,0.9337,0.9411,0.9482,0.9544,0.9604,0.9656
0.9703,0.9746,0.9782,0.9814,0.9840,0.9862,0.9881,0.9896,0.9910,0.9921
0.9931,0.9939,0.9946,0.9952,0.9957,0.9962,0.9966,0.9969,0.9972,0.9975
0.9977,0.9979,0.9981,0.9982,0.9984,0.9985,0.9986,0.9988,0.9989,0.9989
0.9991,0.9991,0.9992,0.9993,0.9993,0.9994,0.9995,0.9995,0.9996,0.9996
0.9997,0.9997,0.9997,0.9997,0.9998,0.9998,0.9998,0.9998,0.9999,0.9999
0.9999,0.9999,0.9999,0.9999,1.0000,1.0000,1.0000,1.0000,1.0000,1.0000
hwc1y1fract=0.0000,0.0001,0.0001,0.0002,0.0002,0.0003,0.0003,0.0004
0.0005,0.0006,0.0007,0.0008,0.0010,0.0012,0.0015,0.0019,0.0024,0.0034
0.0048,0.0074,0.0118,0.0189,0.0287,0.0411,0.0561,0.0735,0.0927,0.1138
0.1354,0.1585,0.1818,0.2054,0.2295,0.2530,0.2772,0.3013,0.3249,0.3481
0.3712,0.3941,0.4168,0.4390,0.4610,0.4832,0.5047,0.5262,0.5475,0.5683
0.5892,0.6098,0.6302,0.6503,0.6710,0.6906,0.7101,0.7292,0.7482,0.7667
0.7849,0.8024,0.8196,0.8357,0.8507,0.8648,0.8778,0.8899,0.9012,0.9111
0.9199,0.9280,0.9351,0.9415,0.9474,0.9525,0.9572,0.9617,0.9656,0.9693
0.9725,0.9755,0.9780,0.9803,0.9822,0.9840,0.9857,0.9871,0.9884,0.9895
0.9905,0.9915,0.9923,0.9930,0.9937,0.9943,0.9949,0.9954,0.9958,0.9962
0.9966,0.9969,0.9972,0.9975,0.9978,0.9980,0.9982,0.9984,0.9985,0.9987
0.9988,0.9989,0.9990,0.9992,0.9992,0.9994,0.9994,0.9995,0.9996,0.9996
0.9997,0.9997,0.9998,0.9998,0.9998,0.9999,0.9999,0.9999,0.9999,0.9999
0.9999,0.9999,0.9999,1.0000,1.0000,1.0000,1.0000,1.0000,1.0000,1.0000
hwc1u1fract=0.0000,0.0000,0.0000,0.0000,0.0000,0.0000,0.0000,0.0001
0.0001,0.0001,0.0001,0.0002,0.0002,0.0003,0.0004,0.0008,0.0015,0.0025
0.0041,0.0064,0.0099,0.0159,0.0243,0.0349,0.0481,0.0636,0.0805,0.0988
0.1185,0.1393,0.1611,0.1829,0.2053,0.2285,0.2516,0.2748,0.2980,0.3210
0.3445,0.3674,0.3903,0.4133,0.4354,0.4576,0.4794,0.5011,0.5232,0.5444
0.5656,0.5868,0.6078,0.6280,0.6481,0.6687,0.6883,0.7080,0.7276,0.7469
0.7650,0.7830,0.8003,0.8168,0.8325,0.8474,0.8613,0.8742,0.8862,0.8968
0.9066,0.9157,0.9235,0.9307,0.9373,0.9434,0.9491,0.9542,0.9590,0.9632
0.9673,0.9710,0.9743,0.9771,0.9797,0.9820,0.9838,0.9856,0.9870,0.9883
0.9895,0.9905,0.9915,0.9923,0.9930,0.9937,0.9943,0.9948,0.9953,0.9957
0.9960,0.9964,0.9967,0.9970,0.9973,0.9976,0.9978,0.9980,0.9982,0.9983
0.9985,0.9987,0.9988,0.9989,0.9990,0.9991,0.9992,0.9993,0.9994,0.9994
0.9995,0.9995,0.9996,0.9996,0.9997,0.9997,0.9998,0.9998,0.9998,0.9999
0.9999,0.9999,0.9999,0.9999,0.9999,1.0000,1.0000,1.0000,1.0000,1.0000
hwc1v1fract=0.0000,0.0000,0.0000,0.0001,0.0001,0.0001,0.0001,0.0001
0.0002,0.0002,0.0002,0.0003,0.0004,0.0004,0.0006,0.0009,0.0013,0.0023
0.0043,0.0080,0.0136,0.0221,0.0332,0.0470,0.0625,0.0801,0.0989,0.1189
0.1399,0.1618,0.1839,0.2065,0.2296,0.2525,0.2755,0.2985,0.3214,0.3440
0.3669,0.3895,0.4119,0.4344,0.4562,0.4777,0.4993,0.5209,0.5423,0.5634
0.5842,0.6051,0.6257,0.6461,0.6664,0.6862,0.7059,0.7256,0.7446,0.7634
0.7819,0.7998,0.8172,0.8339,0.8494,0.8639,0.8771,0.8889,0.8995,0.9090
0.9176,0.9255,0.9327,0.9391,0.9450,0.9504,0.9554,0.9601,0.9644,0.9684
0.9719,0.9751,0.9780,0.9806,0.9827,0.9846,0.9862,0.9877,0.9889,0.9900
0.9909,0.9918,0.9926,0.9933,0.9939,0.9945,0.9949,0.9954,0.9958,0.9962
0.9965,0.9969,0.9972,0.9975,0.9977,0.9979,0.9981,0.9983,0.9985,0.9986
0.9988,0.9989,0.9990,0.9991,0.9992,0.9993,0.9994,0.9994,0.9995,0.9996
0.9996,0.9997,0.9997,0.9998,0.9998,0.9998,0.9998,0.9999,0.9999,0.9999
0.9999,0.9999,0.9999,1.0000,1.0000,1.0000,1.0000,1.0000,1.0000,1.0000
hwc1y2fract=0.0000,0.0000,0.0000,0.0001,0.0001,0.0001,0.0001,0.0002
0.0002,0.0003,0.0003,0.0004,0.0005,0.0005,0.0008,0.0011,0.0018,0.0030
0.0052,0.0088,0.0146,0.0228,0.0339,0.0475,0.0634,0.0813,0.1006,0.1214
0.1431,0.1656,0.1887,0.2119,0.2354,0.2592,0.2830,0.3068,0.3303,0.3536
0.3765,0.3993,0.4217,0.4440,0.4657,0.4876,0.5088,0.5302,0.5513,0.5724
0.5935,0.6142,0.6349,0.6552,0.6752,0.6950,0.7144,0.7336,0.7523,0.7706
0.7884,0.8055,0.8217,0.8372,0.8520,0.8656,0.8782,0.8899,0.9004,0.9098
0.9183,0.9258,0.9328,0.9392,0.9450,0.9502,0.9551,0.9595,0.9635,0.9672
0.9705,0.9734,0.9762,0.9786,0.9806,0.9824,0.9841,0.9857,0.9870,0.9882
0.9892,0.9902,0.9911,0.9919,0.9926,0.9933,0.9939,0.9945,0.9950,0.9954
0.9958,0.9961,0.9965,0.9968,0.9971,0.9974,0.9976,0.9979,0.9981,0.9983
0.9984,0.9986,0.9988,0.9989,0.9990,0.9991,0.9992,0.9993,0.9994,0.9995
0.9995,0.9996,0.9996,0.9997,0.9997,0.9998,0.9998,0.9998,0.9999,0.9999
0.9999,0.9999,0.9999,0.9999,1.0000,1.0000,1.0000,1.0000,1.0000,1.0000
hwc1x2fract=0.0000,0.0000,0.0000,0.0001,0.0001,0.0001,0.0002,0.0002
0.0003,0.0004,0.0005,0.0006,0.0007,0.0009,0.0011,0.0017,0.0025,0.0039
0.0063,0.0101,0.0155,0.0226,0.0320,0.0430,0.0556,0.0700,0.0860,0.1031
0.1212,0.1399,0.1595,0.1800,0.2012,0.2226,0.2447,0.2670,0.2896,0.3123
0.3352,0.3585,0.3821,0.4055,0.4287,0.4517,0.4744,0.4968,0.5188,0.5410
0.5627,0.5845,0.6061,0.6273,0.6490,0.6701,0.6911,0.7113,0.7309,0.7504
0.7691,0.7875,0.8054,0.8219,0.8378,0.8528,0.8668,0.8795,0.8914,0.9022
0.9121,0.9212,0.9296,0.9371,0.9442,0.9507,0.9567,0.9622,0.9671,0.9716
0.9756,0.9789,0.9818,0.9844,0.9864,0.9882,0.9898,0.9911,0.9921,0.9930
0.9938,0.9944,0.9950,0.9956,0.9960,0.9964,0.9968,0.9970,0.9973,0.9976
0.9978,0.9980,0.9981,0.9983,0.9984,0.9986,0.9987,0.9988,0.9989,0.9990
0.9991,0.9992,0.9993,0.9993,0.9994,0.9994,0.9995,0.9995,0.9996,0.9996
0.9997,0.9997,0.9997,0.9997,0.9998,0.9998,0.9998,0.9998,0.9999,0.9999
0.9999,0.9999,0.9999,0.9999,0.9999,1.0000,1.0000,1.0000,1.0000,1.0000
hwc2x1fract=0.0000,0.0001,0.0001,0.0002,0.0002,0.0003,0.0004,0.0005
0.0006,0.0007,0.0008,0.0010,0.0011,0.0013,0.0016,0.0020,0.0025,0.0034
0.0051,0.0081,0.0122,0.0179,0.0253,0.0346,0.0458,0.0586,0.0726,0.0882
0.1047,0.1225,0.1410,0.1607,0.1810,0.2024,0.2239,0.2459,0.2686,0.2915
0.3144,0.3372,0.3606,0.3838,0.4073,0.4302,0.4531,0.4764,0.4988,0.5214
0.5439,0.5667,0.5887,0.6108,0.6324,0.6540,0.6753,0.6964,0.7166,0.7367
0.7562,0.7757,0.7940,0.8116,0.8284,0.8443,0.8591,0.8731,0.8858,0.8976
0.9080,0.9175,0.9265,0.9346,0.9417,0.9485,0.9544,0.9600,0.9651,0.9698
0.9738,0.9776,0.9808,0.9835,0.9857,0.9877,0.9893,0.9906,0.9918,0.9928
0.9936,0.9943,0.9949,0.9954,0.9958,0.9963,0.9966,0.9970,0.9973,0.9975
0.9978,0.9980,0.9982,0.9984,0.9985,0.9986,0.9988,0.9988,0.9990,0.9991
0.9991,0.9992,0.9993,0.9994,0.9994,0.9995,0.9995,0.9996,0.9996,0.9997
0.9997,0.9997,0.9998,0.9998,0.9998,0.9998,0.9999,0.9999,0.9999,0.9999
0.9999,1.0000,1.0000,1.0000,1.0000,1.0000,1.0000,1.0000,1.0000,1.0000
hwc2y1fract=0.0000,0.0000,0.0000,0.0001,0.0001,0.0001,0.0001,0.0001
0.0002,0.0002,0.0003,0.0003,0.0004,0.0005,0.0006,0.0008,0.0011,0.0017
0.0029,0.0051,0.0090,0.0155,0.0249,0.0374,0.0522,0.0697,0.0898,0.1111
0.1336,0.1573,0.1810,0.2054,0.2297,0.2546,0.2792,0.3035,0.3275,0.3510
0.3741,0.3971,0.4202,0.4426,0.4648,0.4871,0.5085,0.5297,0.5510,0.5723
0.5931,0.6144,0.6352,0.6557,0.6763,0.6963,0.7159,0.7352,0.7544,0.7730
0.7912,0.8088,0.8259,0.8420,0.8574,0.8717,0.8850,0.8969,0.9078,0.9173
0.9259,0.9335,0.9404,0.9466,0.9520,0.9569,0.9612,0.9653,0.9689,0.9721
0.9750,0.9776,0.9800,0.9820,0.9837,0.9854,0.9869,0.9880,0.9891,0.9900
0.9909,0.9917,0.9924,0.9931,0.9937,0.9943,0.9947,0.9952,0.9956,0.9960
0.9963,0.9966,0.9969,0.9971,0.9974,0.9976,0.9978,0.9980,0.9982,0.9984
0.9986,0.9987,0.9988,0.9989,0.9991,0.9992,0.9993,0.9993,0.9994,0.9995
0.9996,0.9996,0.9996,0.9997,0.9997,0.9998,0.9998,0.9998,0.9998,0.9999
0.9999,0.9999,0.9999,0.9999,0.9999,1.0000,1.0000,1.0000,1.0000,1.0000
hwc2u1fract=0.0000,0.0000,0.0000,0.0000,0.0000,0.0000,0.0001,0.0001
0.0001,0.0001,0.0001,0.0002,0.0002,0.0003,0.0003,0.0004,0.0006,0.0010
0.0019,0.0039,0.0081,0.0151,0.0255,0.0391,0.0553,0.0737,0.0941,0.1157
0.1382,0.1615,0.1853,0.2092,0.2332,0.2572,0.2813,0.3053,0.3286,0.3524
0.3755,0.3986,0.4210,0.4437,0.4658,0.4878,0.5095,0.5309,0.5519,0.5729
0.5939,0.6143,0.6346,0.6546,0.6746,0.6940,0.7137,0.7330,0.7519,0.7706
0.7889,0.8066,0.8239,0.8401,0.8553,0.8696,0.8829,0.8950,0.9058,0.9155
0.9241,0.9317,0.9386,0.9446,0.9502,0.9550,0.9595,0.9635,0.9672,0.9706
0.9737,0.9766,0.9791,0.9812,0.9832,0.9850,0.9864,0.9877,0.9888,0.9898
0.9908,0.9916,0.9922,0.9929,0.9935,0.9940,0.9945,0.9950,0.9954,0.9958
0.9961,0.9965,0.9967,0.9970,0.9973,0.9975,0.9977,0.9979,0.9981,0.9983
0.9985,0.9986,0.9988,0.9989,0.9991,0.9992,0.9993,0.9994,0.9995,0.9995
0.9996,0.9996,0.9997,0.9997,0.9997,0.9998,0.9998,0.9998,0.9999,0.9999
0.9999,0.9999,0.9999,1.0000,1.0000,1.0000,1.0000,1.0000,1.0000,1.0000
hwc2v1fract=0.0000,0.0000,0.0000,0.0000,0.0001,0.0001,0.0001,0.0001
0.0002,0.0002,0.0002,0.0003,0.0003,0.0004,0.0006,0.0007,0.0011,0.0018
0.0033,0.0061,0.0114,0.0202,0.0317,0.0460,0.0628,0.0814,0.1020,0.1240
0.1463,0.1701,0.1936,0.2176,0.2413,0.2655,0.2893,0.3130,0.3367,0.3599
0.3828,0.4056,0.4280,0.4503,0.4720,0.4940,0.5158,0.5372,0.5580,0.5791
0.5997,0.6205,0.6405,0.6606,0.6805,0.7002,0.7195,0.7386,0.7576,0.7761
0.7938,0.8117,0.8287,0.8445,0.8596,0.8736,0.8864,0.8981,0.9083,0.9175
0.9257,0.9328,0.9394,0.9452,0.9506,0.9554,0.9598,0.9639,0.9676,0.9711
0.9741,0.9769,0.9794,0.9815,0.9834,0.9850,0.9865,0.9877,0.9889,0.9899
0.9907,0.9915,0.9922,0.9929,0.9935,0.9940,0.9945,0.9949,0.9954,0.9958
0.9962,0.9965,0.9968,0.9972,0.9975,0.9977,0.9979,0.9981,0.9983,0.9985
0.9986,0.9988,0.9990,0.9991,0.9992,0.9993,0.9994,0.9995,0.9996,0.9996
0.9997,0.9997,0.9998,0.9998,0.9998,0.9999,0.9999,0.9999,0.9999,0.9999
0.9999,0.9999,1.0000,1.0000,1.0000,1.0000,1.0000,1.0000,1.0000,1.0000
hwc2y2fract=0.0000,0.0000,0.0000,0.0001,0.0001,0.0001,0.0001,0.0002
0.0002,0.0002,0.0003,0.0003,0.0004,0.0006,0.0008,0.0011,0.0016,0.0025
0.0040,0.0066,0.0112,0.0186,0.0286,0.0415,0.0575,0.0756,0.0958,0.1174
0.1398,0.1639,0.1878,0.2120,0.2369,0.2612,0.2857,0.3098,0.3337,0.3578
0.3809,0.4038,0.4265,0.4492,0.4717,0.4940,0.5156,0.5372,0.5582,0.5792
0.6005,0.6210,0.6418,0.6623,0.6824,0.7023,0.7219,0.7412,0.7600,0.7786
0.7967,0.8139,0.8309,0.8470,0.8618,0.8758,0.8885,0.9000,0.9104,0.9199
0.9283,0.9358,0.9422,0.9480,0.9533,0.9581,0.9625,0.9664,0.9700,0.9732
0.9761,0.9785,0.9807,0.9825,0.9843,0.9859,0.9872,0.9883,0.9893,0.9903
0.9912,0.9920,0.9927,0.9934,0.9939,0.9944,0.9949,0.9953,0.9958,0.9961
0.9964,0.9967,0.9970,0.9973,0.9975,0.9977,0.9980,0.9982,0.9984,0.9985
0.9987,0.9988,0.9989,0.9990,0.9992,0.9992,0.9993,0.9994,0.9995,0.9995
0.9996,0.9997,0.9997,0.9997,0.9998,0.9998,0.9998,0.9999,0.9999,0.9999
0.9999,0.9999,0.9999,1.0000,1.0000,1.0000,1.0000,1.0000,1.0000,1.0000
hwc2x2fract=0.0000,0.0001,0.0001,0.0001,0.0002,0.0002,0.0002,0.0003
0.0004,0.0004,0.0005,0.0006,0.0007,0.0009,0.0011,0.0014,0.0019,0.0028
0.0043,0.0066,0.0103,0.0155,0.0228,0.0322,0.0435,0.0566,0.0711,0.0872
0.1045,0.1231,0.1428,0.1635,0.1849,0.2066,0.2288,0.2516,0.2747,0.2978
0.3214,0.3449,0.3685,0.3917,0.4149,0.4380,0.4613,0.4841,0.5062,0.5284
0.5501,0.5721,0.5943,0.6157,0.6371,0.6580,0.6788,0.6997,0.7200,0.7398
0.7591,0.7780,0.7962,0.8135,0.8302,0.8460,0.8609,0.8743,0.8867,0.8980
0.9086,0.9180,0.9267,0.9346,0.9418,0.9482,0.9542,0.9595,0.9646,0.9692
0.9732,0.9767,0.9798,0.9824,0.9846,0.9866,0.9883,0.9897,0.9909,0.9919
0.9929,0.9936,0.9943,0.9949,0.9954,0.9959,0.9963,0.9967,0.9971,0.9973
0.9976,0.9978,0.9980,0.9982,0.9984,0.9985,0.9987,0.9988,0.9989,0.9990
0.9991,0.9992,0.9993,0.9994,0.9994,0.9995,0.9996,0.9996,0.9996,0.9997
0.9997,0.9998,0.9998,0.9998,0.9998,0.9998,0.9999,0.9999,0.9999,0.9999
0.9999,0.9999,0.9999,1.0000,1.0000,1.0000,1.0000,1.0000,1.0000,1.0000
