; Lookup table
;number of bins in Meek's time to distance lookup table
hdriftbins=138
;number of 1st bin in Meek's table in ns
hdrift1stbin=-24
;bin size in ns of Meek's table
hdriftbinsz=2
hwc1x1fract=0.0002,0.0005,0.0007,0.0009,0.0012,0.0015,0.0018,0.0021
0.0025,0.0030,0.0034,0.0039,0.0047,0.0056,0.0070,0.0091,0.0123,0.0162
0.0211,0.0273,0.0351,0.0446,0.0558,0.0682,0.0820,0.0971,0.1130,0.1302
0.1479,0.1666,0.1861,0.2060,0.2265,0.2474,0.2688,0.2908,0.3132,0.3353
0.3571,0.3791,0.4015,0.4238,0.4460,0.4677,0.4897,0.5116,0.5333,0.5547
0.5759,0.5971,0.6179,0.6386,0.6588,0.6786,0.6982,0.7176,0.7365,0.7547
0.7725,0.7896,0.8059,0.8215,0.8359,0.8495,0.8621,0.8741,0.8849,0.8953
0.9046,0.9132,0.9213,0.9287,0.9353,0.9414,0.9471,0.9521,0.9568,0.9608
0.9645,0.9676,0.9703,0.9728,0.9748,0.9766,0.9781,0.9794,0.9805,0.9815
0.9824,0.9832,0.9840,0.9845,0.9851,0.9856,0.9862,0.9866,0.9871,0.9875
0.9879,0.9883,0.9888,0.9892,0.9896,0.9900,0.9904,0.9908,0.9911,0.9915
0.9919,0.9922,0.9925,0.9929,0.9932,0.9935,0.9938,0.9941,0.9944,0.9947
0.9950,0.9953,0.9956,0.9959,0.9962,0.9965,0.9968,0.9971,0.9974,0.9976
0.9979,0.9981,0.9984,0.9986,0.9988,0.9990,0.9993,0.9995,0.9998,1.0000
hwc1y1fract=0.0002,0.0005,0.0008,0.0011,0.0014,0.0017,0.0020,0.0023
0.0027,0.0031,0.0035,0.0040,0.0046,0.0053,0.0062,0.0072,0.0088,0.0108
0.0138,0.0184,0.0256,0.0357,0.0487,0.0644,0.0820,0.1013,0.1220,0.1436
0.1660,0.1888,0.2112,0.2348,0.2575,0.2804,0.3030,0.3255,0.3478,0.3698
0.3914,0.4129,0.4342,0.4549,0.4758,0.4965,0.5166,0.5371,0.5571,0.5769
0.5968,0.6166,0.6361,0.6551,0.6741,0.6929,0.7113,0.7295,0.7478,0.7651
0.7823,0.7989,0.8147,0.8295,0.8441,0.8578,0.8705,0.8819,0.8924,0.9018
0.9103,0.9180,0.9249,0.9310,0.9366,0.9416,0.9461,0.9503,0.9542,0.9579
0.9612,0.9641,0.9669,0.9692,0.9712,0.9730,0.9747,0.9761,0.9775,0.9788
0.9800,0.9809,0.9819,0.9827,0.9836,0.9844,0.9851,0.9857,0.9864,0.9870
0.9876,0.9881,0.9886,0.9892,0.9896,0.9901,0.9906,0.9909,0.9913,0.9917
0.9921,0.9925,0.9928,0.9932,0.9935,0.9938,0.9941,0.9944,0.9946,0.9950
0.9952,0.9955,0.9958,0.9961,0.9964,0.9967,0.9969,0.9973,0.9975,0.9977
0.9980,0.9982,0.9984,0.9987,0.9989,0.9991,0.9994,0.9996,0.9998,1.0000
hwc1u1fract=0.0001,0.0003,0.0005,0.0006,0.0008,0.0010,0.0012,0.0014
0.0016,0.0018,0.0021,0.0023,0.0026,0.0032,0.0043,0.0063,0.0091,0.0129
0.0177,0.0243,0.0332,0.0445,0.0583,0.0734,0.0905,0.1090,0.1286,0.1484
0.1694,0.1909,0.2125,0.2343,0.2567,0.2790,0.3014,0.3232,0.3449,0.3667
0.3884,0.4099,0.4313,0.4528,0.4743,0.4955,0.5164,0.5371,0.5578,0.5780
0.5983,0.6185,0.6380,0.6576,0.6768,0.6953,0.7142,0.7327,0.7508,0.7683
0.7854,0.8019,0.8175,0.8322,0.8460,0.8589,0.8708,0.8818,0.8920,0.9010
0.9094,0.9168,0.9236,0.9301,0.9360,0.9414,0.9463,0.9507,0.9549,0.9585
0.9619,0.9649,0.9677,0.9702,0.9722,0.9741,0.9758,0.9772,0.9786,0.9797
0.9807,0.9816,0.9826,0.9833,0.9840,0.9847,0.9854,0.9860,0.9866,0.9872
0.9878,0.9884,0.9888,0.9893,0.9897,0.9902,0.9906,0.9910,0.9913,0.9917
0.9921,0.9924,0.9928,0.9931,0.9935,0.9938,0.9942,0.9945,0.9948,0.9950
0.9952,0.9955,0.9958,0.9961,0.9964,0.9966,0.9969,0.9971,0.9974,0.9976
0.9979,0.9981,0.9984,0.9986,0.9988,0.9991,0.9993,0.9995,0.9998,1.0000
hwc1v1fract=0.0001,0.0003,0.0004,0.0006,0.0008,0.0010,0.0011,0.0013
0.0015,0.0017,0.0020,0.0022,0.0024,0.0028,0.0032,0.0037,0.0045,0.0057
0.0080,0.0121,0.0189,0.0289,0.0420,0.0578,0.0753,0.0945,0.1148,0.1363
0.1582,0.1801,0.2025,0.2250,0.2475,0.2701,0.2926,0.3150,0.3372,0.3590
0.3805,0.4020,0.4235,0.4445,0.4655,0.4864,0.5067,0.5272,0.5470,0.5665
0.5865,0.6064,0.6258,0.6453,0.6643,0.6834,0.7021,0.7208,0.7389,0.7568
0.7745,0.7916,0.8079,0.8240,0.8388,0.8531,0.8660,0.8779,0.8887,0.8987
0.9074,0.9151,0.9221,0.9284,0.9341,0.9395,0.9444,0.9489,0.9530,0.9569
0.9605,0.9638,0.9666,0.9692,0.9712,0.9731,0.9748,0.9762,0.9776,0.9788
0.9799,0.9809,0.9819,0.9827,0.9836,0.9843,0.9850,0.9857,0.9863,0.9868
0.9874,0.9879,0.9884,0.9890,0.9894,0.9900,0.9904,0.9908,0.9912,0.9916
0.9920,0.9923,0.9927,0.9931,0.9934,0.9937,0.9941,0.9944,0.9947,0.9950
0.9953,0.9956,0.9959,0.9962,0.9965,0.9967,0.9970,0.9972,0.9975,0.9978
0.9981,0.9983,0.9986,0.9988,0.9990,0.9992,0.9994,0.9996,0.9998,1.0000
hwc1y2fract=0.0002,0.0004,0.0005,0.0008,0.0010,0.0012,0.0015,0.0017
0.0020,0.0024,0.0028,0.0032,0.0036,0.0041,0.0048,0.0059,0.0074,0.0097
0.0136,0.0194,0.0277,0.0388,0.0523,0.0684,0.0866,0.1058,0.1265,0.1484
0.1709,0.1933,0.2160,0.2391,0.2616,0.2841,0.3067,0.3289,0.3511,0.3732
0.3947,0.4159,0.4370,0.4579,0.4787,0.4990,0.5193,0.5395,0.5598,0.5795
0.5995,0.6193,0.6387,0.6579,0.6769,0.6958,0.7145,0.7322,0.7500,0.7673
0.7841,0.8002,0.8158,0.8307,0.8448,0.8579,0.8700,0.8812,0.8910,0.9001
0.9083,0.9159,0.9225,0.9287,0.9344,0.9393,0.9438,0.9480,0.9518,0.9554
0.9588,0.9617,0.9644,0.9668,0.9690,0.9710,0.9728,0.9744,0.9757,0.9771
0.9784,0.9795,0.9805,0.9814,0.9823,0.9831,0.9839,0.9847,0.9853,0.9860
0.9867,0.9872,0.9878,0.9883,0.9888,0.9892,0.9898,0.9902,0.9907,0.9911
0.9915,0.9919,0.9923,0.9927,0.9930,0.9934,0.9937,0.9940,0.9944,0.9947
0.9950,0.9952,0.9956,0.9959,0.9962,0.9965,0.9968,0.9971,0.9973,0.9976
0.9978,0.9980,0.9983,0.9986,0.9988,0.9990,0.9993,0.9995,0.9998,1.0000
hwc1x2fract=0.0002,0.0004,0.0006,0.0008,0.0010,0.0012,0.0014,0.0017
0.0019,0.0023,0.0026,0.0029,0.0034,0.0040,0.0047,0.0058,0.0075,0.0099
0.0134,0.0182,0.0247,0.0333,0.0440,0.0563,0.0701,0.0848,0.1008,0.1180
0.1363,0.1552,0.1752,0.1955,0.2165,0.2380,0.2596,0.2815,0.3039,0.3261
0.3488,0.3709,0.3933,0.4153,0.4371,0.4588,0.4811,0.5025,0.5238,0.5452
0.5665,0.5871,0.6080,0.6284,0.6490,0.6688,0.6885,0.7080,0.7270,0.7454
0.7632,0.7807,0.7974,0.8133,0.8286,0.8429,0.8562,0.8688,0.8804,0.8909
0.9006,0.9095,0.9175,0.9251,0.9322,0.9384,0.9440,0.9493,0.9542,0.9585
0.9624,0.9658,0.9687,0.9712,0.9733,0.9751,0.9767,0.9781,0.9794,0.9805
0.9814,0.9822,0.9829,0.9836,0.9842,0.9849,0.9856,0.9861,0.9866,0.9871
0.9875,0.9880,0.9885,0.9890,0.9894,0.9897,0.9901,0.9904,0.9908,0.9911
0.9914,0.9918,0.9922,0.9925,0.9929,0.9932,0.9935,0.9938,0.9941,0.9944
0.9948,0.9950,0.9954,0.9957,0.9959,0.9962,0.9965,0.9968,0.9971,0.9974
0.9977,0.9979,0.9982,0.9985,0.9987,0.9990,0.9993,0.9995,0.9998,1.0000
hwc2x1fract=0.0002,0.0005,0.0007,0.0009,0.0012,0.0015,0.0018,0.0022
0.0026,0.0030,0.0035,0.0040,0.0048,0.0058,0.0072,0.0095,0.0130,0.0184
0.0252,0.0337,0.0435,0.0550,0.0684,0.0828,0.0987,0.1153,0.1330,0.1515
0.1710,0.1906,0.2108,0.2311,0.2522,0.2736,0.2950,0.3172,0.3393,0.3617
0.3842,0.4066,0.4284,0.4507,0.4727,0.4946,0.5167,0.5385,0.5600,0.5813
0.6022,0.6230,0.6434,0.6637,0.6836,0.7033,0.7234,0.7423,0.7609,0.7792
0.7966,0.8129,0.8284,0.8430,0.8566,0.8694,0.8810,0.8917,0.9014,0.9101
0.9183,0.9258,0.9326,0.9390,0.9448,0.9500,0.9547,0.9589,0.9627,0.9660
0.9691,0.9717,0.9739,0.9757,0.9774,0.9787,0.9800,0.9812,0.9821,0.9829
0.9837,0.9843,0.9850,0.9855,0.9861,0.9866,0.9871,0.9876,0.9880,0.9883
0.9888,0.9892,0.9896,0.9900,0.9904,0.9907,0.9910,0.9913,0.9916,0.9919
0.9922,0.9925,0.9928,0.9932,0.9935,0.9938,0.9941,0.9944,0.9947,0.9950
0.9952,0.9956,0.9958,0.9961,0.9964,0.9966,0.9969,0.9971,0.9974,0.9977
0.9979,0.9981,0.9984,0.9986,0.9989,0.9991,0.9994,0.9996,0.9998,1.0000
hwc2y1fract=0.0002,0.0003,0.0005,0.0007,0.0009,0.0011,0.0014,0.0016
0.0019,0.0022,0.0025,0.0028,0.0031,0.0036,0.0041,0.0049,0.0060,0.0076
0.0103,0.0148,0.0219,0.0320,0.0454,0.0616,0.0802,0.1004,0.1220,0.1446
0.1677,0.1913,0.2146,0.2376,0.2610,0.2846,0.3075,0.3306,0.3530,0.3752
0.3972,0.4188,0.4402,0.4613,0.4825,0.5030,0.5232,0.5436,0.5638,0.5840
0.6037,0.6233,0.6429,0.6625,0.6819,0.7004,0.7190,0.7374,0.7551,0.7726
0.7901,0.8070,0.8227,0.8378,0.8520,0.8655,0.8778,0.8889,0.8991,0.9081
0.9162,0.9234,0.9296,0.9355,0.9407,0.9454,0.9497,0.9535,0.9570,0.9600
0.9629,0.9654,0.9678,0.9699,0.9718,0.9736,0.9752,0.9765,0.9777,0.9788
0.9799,0.9809,0.9817,0.9825,0.9834,0.9841,0.9847,0.9853,0.9859,0.9866
0.9871,0.9876,0.9882,0.9887,0.9891,0.9896,0.9901,0.9905,0.9910,0.9913
0.9918,0.9921,0.9925,0.9929,0.9933,0.9936,0.9939,0.9943,0.9946,0.9949
0.9952,0.9955,0.9958,0.9960,0.9963,0.9966,0.9968,0.9971,0.9973,0.9976
0.9979,0.9981,0.9983,0.9986,0.9988,0.9990,0.9993,0.9995,0.9998,1.0000
hwc2u1fract=0.0002,0.0003,0.0004,0.0006,0.0008,0.0010,0.0012,0.0014
0.0015,0.0017,0.0019,0.0021,0.0023,0.0025,0.0028,0.0032,0.0038,0.0050
0.0076,0.0127,0.0212,0.0332,0.0486,0.0668,0.0872,0.1088,0.1313,0.1542
0.1777,0.2008,0.2241,0.2474,0.2705,0.2934,0.3159,0.3383,0.3607,0.3827
0.4040,0.4255,0.4466,0.4673,0.4882,0.5085,0.5289,0.5491,0.5689,0.5887
0.6084,0.6279,0.6471,0.6660,0.6848,0.7035,0.7220,0.7404,0.7587,0.7766
0.7941,0.8107,0.8266,0.8418,0.8561,0.8692,0.8813,0.8923,0.9021,0.9107
0.9184,0.9254,0.9316,0.9371,0.9421,0.9465,0.9506,0.9544,0.9580,0.9612
0.9641,0.9667,0.9690,0.9710,0.9729,0.9746,0.9761,0.9774,0.9785,0.9796
0.9806,0.9814,0.9823,0.9831,0.9839,0.9845,0.9851,0.9858,0.9863,0.9869
0.9874,0.9880,0.9885,0.9890,0.9895,0.9899,0.9903,0.9907,0.9912,0.9916
0.9920,0.9924,0.9927,0.9931,0.9934,0.9938,0.9941,0.9945,0.9948,0.9951
0.9954,0.9957,0.9959,0.9962,0.9965,0.9967,0.9970,0.9973,0.9975,0.9978
0.9981,0.9983,0.9985,0.9987,0.9989,0.9992,0.9994,0.9996,0.9998,1.0000
hwc2v1fract=0.0001,0.0003,0.0005,0.0007,0.0009,0.0011,0.0012,0.0014
0.0016,0.0018,0.0020,0.0023,0.0026,0.0029,0.0032,0.0037,0.0044,0.0056
0.0078,0.0118,0.0193,0.0302,0.0441,0.0613,0.0804,0.1015,0.1234,0.1460
0.1688,0.1918,0.2149,0.2379,0.2610,0.2838,0.3061,0.3293,0.3513,0.3734
0.3950,0.4163,0.4375,0.4589,0.4798,0.5004,0.5210,0.5411,0.5606,0.5806
0.6000,0.6197,0.6391,0.6583,0.6773,0.6960,0.7146,0.7332,0.7511,0.7691
0.7866,0.8035,0.8197,0.8353,0.8495,0.8633,0.8757,0.8871,0.8970,0.9061
0.9141,0.9212,0.9278,0.9334,0.9388,0.9436,0.9479,0.9522,0.9559,0.9592
0.9622,0.9651,0.9675,0.9697,0.9716,0.9734,0.9750,0.9763,0.9775,0.9787
0.9797,0.9808,0.9817,0.9825,0.9832,0.9840,0.9847,0.9853,0.9859,0.9865
0.9871,0.9876,0.9882,0.9887,0.9892,0.9897,0.9902,0.9906,0.9910,0.9914
0.9918,0.9922,0.9926,0.9929,0.9933,0.9936,0.9940,0.9943,0.9947,0.9949
0.9952,0.9956,0.9958,0.9961,0.9964,0.9967,0.9969,0.9972,0.9975,0.9977
0.9980,0.9982,0.9984,0.9987,0.9989,0.9991,0.9993,0.9996,0.9998,1.0000
hwc2y2fract=0.0002,0.0004,0.0005,0.0008,0.0010,0.0012,0.0015,0.0017
0.0020,0.0023,0.0026,0.0030,0.0034,0.0040,0.0046,0.0056,0.0069,0.0090
0.0123,0.0173,0.0251,0.0359,0.0496,0.0660,0.0846,0.1054,0.1271,0.1497
0.1727,0.1959,0.2199,0.2434,0.2667,0.2899,0.3126,0.3354,0.3578,0.3799
0.4018,0.4233,0.4450,0.4663,0.4870,0.5074,0.5277,0.5477,0.5680,0.5878
0.6077,0.6273,0.6468,0.6662,0.6850,0.7040,0.7227,0.7407,0.7583,0.7761
0.7930,0.8095,0.8256,0.8407,0.8547,0.8681,0.8802,0.8911,0.9012,0.9098
0.9178,0.9249,0.9313,0.9371,0.9419,0.9464,0.9505,0.9543,0.9578,0.9609
0.9637,0.9663,0.9686,0.9706,0.9724,0.9740,0.9755,0.9769,0.9781,0.9792
0.9802,0.9812,0.9821,0.9829,0.9836,0.9843,0.9849,0.9855,0.9862,0.9867
0.9872,0.9877,0.9882,0.9887,0.9892,0.9896,0.9900,0.9904,0.9908,0.9912
0.9916,0.9920,0.9924,0.9928,0.9932,0.9935,0.9938,0.9941,0.9945,0.9948
0.9951,0.9954,0.9958,0.9961,0.9964,0.9966,0.9969,0.9972,0.9974,0.9977
0.9979,0.9981,0.9984,0.9986,0.9989,0.9991,0.9994,0.9996,0.9998,1.0000
hwc2x2fract=0.0002,0.0004,0.0006,0.0008,0.0010,0.0012,0.0015,0.0018
0.0021,0.0024,0.0028,0.0031,0.0036,0.0042,0.0050,0.0064,0.0086,0.0121
0.0173,0.0241,0.0330,0.0434,0.0558,0.0698,0.0849,0.1014,0.1184,0.1368
0.1558,0.1755,0.1960,0.2171,0.2383,0.2600,0.2819,0.3040,0.3261,0.3488
0.3714,0.3938,0.4160,0.4386,0.4606,0.4826,0.5046,0.5263,0.5476,0.5686
0.5893,0.6100,0.6308,0.6513,0.6715,0.6914,0.7107,0.7301,0.7490,0.7671
0.7851,0.8023,0.8187,0.8337,0.8480,0.8615,0.8739,0.8852,0.8953,0.9046
0.9133,0.9211,0.9282,0.9347,0.9408,0.9463,0.9513,0.9558,0.9599,0.9636
0.9668,0.9696,0.9721,0.9743,0.9761,0.9777,0.9791,0.9802,0.9813,0.9823
0.9832,0.9840,0.9846,0.9853,0.9858,0.9864,0.9869,0.9874,0.9878,0.9883
0.9887,0.9891,0.9894,0.9898,0.9901,0.9904,0.9908,0.9912,0.9915,0.9918
0.9922,0.9924,0.9928,0.9931,0.9934,0.9937,0.9940,0.9943,0.9946,0.9948
0.9951,0.9954,0.9957,0.9960,0.9963,0.9966,0.9968,0.9970,0.9973,0.9976
0.9979,0.9981,0.9984,0.9986,0.9989,0.9991,0.9994,0.9996,0.9998,1.0000
