; Lookup table
;number of bins in Meek's time to distance lookup table
hdriftbins=138
;number of 1st bin in Meek's table in ns
hdrift1stbin=-24
;bin size in ns of Meek's table
hdriftbinsz=2
hwc1x1fract=0.0001,0.0003,0.0005,0.0006,0.0008,0.0010,0.0011,0.0014
0.0016,0.0019,0.0022,0.0025,0.0029,0.0034,0.0040,0.0052,0.0070,0.0095
0.0128,0.0172,0.0229,0.0306,0.0403,0.0521,0.0656,0.0804,0.0968,0.1140
0.1327,0.1526,0.1731,0.1937,0.2151,0.2371,0.2597,0.2824,0.3051,0.3279
0.3509,0.3736,0.3967,0.4193,0.4419,0.4646,0.4870,0.5090,0.5309,0.5527
0.5743,0.5956,0.6168,0.6376,0.6582,0.6786,0.6989,0.7186,0.7379,0.7568
0.7752,0.7927,0.8098,0.8258,0.8408,0.8549,0.8680,0.8801,0.8916,0.9019
0.9111,0.9192,0.9269,0.9338,0.9401,0.9459,0.9514,0.9563,0.9608,0.9648
0.9683,0.9714,0.9741,0.9765,0.9786,0.9805,0.9820,0.9833,0.9845,0.9855
0.9865,0.9873,0.9880,0.9887,0.9892,0.9898,0.9903,0.9907,0.9912,0.9915
0.9919,0.9922,0.9926,0.9929,0.9932,0.9934,0.9937,0.9940,0.9943,0.9945
0.9948,0.9950,0.9952,0.9955,0.9956,0.9958,0.9961,0.9962,0.9964,0.9967
0.9969,0.9971,0.9973,0.9975,0.9977,0.9978,0.9980,0.9982,0.9984,0.9985
0.9987,0.9989,0.9990,0.9991,0.9993,0.9995,0.9996,0.9997,0.9998,1.0000
hwc1y1fract=0.0002,0.0003,0.0004,0.0006,0.0008,0.0010,0.0012,0.0015
0.0017,0.0020,0.0023,0.0026,0.0030,0.0036,0.0043,0.0053,0.0065,0.0084
0.0112,0.0158,0.0234,0.0339,0.0473,0.0640,0.0834,0.1048,0.1275,0.1512
0.1756,0.2001,0.2245,0.2484,0.2725,0.2963,0.3198,0.3430,0.3660,0.3887
0.4110,0.4328,0.4543,0.4759,0.4968,0.5173,0.5380,0.5584,0.5785,0.5988
0.6190,0.6391,0.6593,0.6787,0.6976,0.7167,0.7354,0.7540,0.7718,0.7900
0.8070,0.8234,0.8390,0.8540,0.8682,0.8808,0.8924,0.9029,0.9123,0.9205
0.9278,0.9345,0.9401,0.9452,0.9499,0.9540,0.9577,0.9612,0.9643,0.9671
0.9696,0.9719,0.9740,0.9758,0.9774,0.9790,0.9802,0.9815,0.9826,0.9837
0.9845,0.9854,0.9861,0.9868,0.9875,0.9882,0.9888,0.9893,0.9899,0.9904
0.9908,0.9912,0.9917,0.9921,0.9925,0.9928,0.9932,0.9935,0.9939,0.9942
0.9945,0.9948,0.9951,0.9954,0.9957,0.9959,0.9961,0.9963,0.9966,0.9968
0.9970,0.9972,0.9974,0.9976,0.9978,0.9980,0.9981,0.9983,0.9984,0.9986
0.9988,0.9989,0.9990,0.9992,0.9993,0.9995,0.9996,0.9998,0.9999,1.0000
hwc1u1fract=0.0001,0.0002,0.0003,0.0004,0.0005,0.0006,0.0007,0.0009
0.0010,0.0011,0.0013,0.0014,0.0016,0.0018,0.0022,0.0032,0.0049,0.0073
0.0105,0.0149,0.0213,0.0302,0.0420,0.0563,0.0729,0.0915,0.1122,0.1333
0.1557,0.1786,0.2013,0.2246,0.2479,0.2715,0.2949,0.3181,0.3409,0.3637
0.3860,0.4079,0.4297,0.4517,0.4731,0.4944,0.5157,0.5367,0.5575,0.5779
0.5982,0.6185,0.6388,0.6588,0.6788,0.6979,0.7170,0.7361,0.7546,0.7728
0.7904,0.8074,0.8235,0.8391,0.8535,0.8668,0.8790,0.8902,0.9003,0.9092
0.9173,0.9246,0.9311,0.9367,0.9422,0.9471,0.9517,0.9556,0.9594,0.9628
0.9660,0.9688,0.9712,0.9736,0.9755,0.9774,0.9789,0.9803,0.9814,0.9826
0.9836,0.9845,0.9854,0.9862,0.9869,0.9876,0.9883,0.9888,0.9894,0.9899
0.9904,0.9908,0.9912,0.9917,0.9921,0.9924,0.9929,0.9932,0.9935,0.9938
0.9941,0.9944,0.9947,0.9950,0.9953,0.9955,0.9957,0.9960,0.9962,0.9964
0.9967,0.9969,0.9971,0.9973,0.9975,0.9977,0.9979,0.9981,0.9983,0.9984
0.9986,0.9988,0.9989,0.9991,0.9993,0.9994,0.9996,0.9997,0.9998,1.0000
hwc1v1fract=0.0001,0.0002,0.0003,0.0004,0.0005,0.0006,0.0008,0.0009
0.0010,0.0012,0.0013,0.0014,0.0016,0.0018,0.0021,0.0025,0.0032,0.0044
0.0066,0.0109,0.0182,0.0284,0.0419,0.0581,0.0772,0.0975,0.1194,0.1423
0.1651,0.1884,0.2119,0.2352,0.2586,0.2819,0.3045,0.3275,0.3503,0.3725
0.3943,0.4160,0.4377,0.4590,0.4802,0.5012,0.5216,0.5424,0.5630,0.5834
0.6036,0.6238,0.6434,0.6631,0.6826,0.7015,0.7207,0.7396,0.7581,0.7763
0.7937,0.8111,0.8277,0.8432,0.8580,0.8717,0.8843,0.8953,0.9051,0.9140
0.9214,0.9283,0.9341,0.9395,0.9445,0.9488,0.9531,0.9568,0.9604,0.9637
0.9667,0.9695,0.9718,0.9739,0.9758,0.9775,0.9790,0.9804,0.9816,0.9827
0.9837,0.9846,0.9855,0.9861,0.9869,0.9875,0.9881,0.9887,0.9892,0.9897
0.9902,0.9907,0.9911,0.9915,0.9919,0.9924,0.9928,0.9932,0.9935,0.9938
0.9942,0.9945,0.9948,0.9951,0.9953,0.9956,0.9958,0.9960,0.9963,0.9965
0.9968,0.9970,0.9972,0.9974,0.9976,0.9978,0.9980,0.9982,0.9983,0.9985
0.9987,0.9988,0.9990,0.9991,0.9993,0.9994,0.9996,0.9998,0.9999,1.0000
hwc1y2fract=0.0001,0.0003,0.0004,0.0005,0.0007,0.0008,0.0009,0.0011
0.0012,0.0014,0.0016,0.0018,0.0021,0.0024,0.0027,0.0032,0.0040,0.0053
0.0074,0.0110,0.0169,0.0257,0.0373,0.0518,0.0691,0.0891,0.1105,0.1333
0.1571,0.1816,0.2058,0.2301,0.2545,0.2782,0.3016,0.3245,0.3473,0.3700
0.3925,0.4146,0.4367,0.4581,0.4794,0.5001,0.5208,0.5413,0.5616,0.5820
0.6025,0.6225,0.6424,0.6622,0.6815,0.7009,0.7199,0.7385,0.7566,0.7744
0.7914,0.8078,0.8237,0.8389,0.8534,0.8671,0.8793,0.8905,0.9006,0.9098
0.9177,0.9251,0.9312,0.9368,0.9417,0.9463,0.9506,0.9545,0.9581,0.9615
0.9644,0.9671,0.9695,0.9716,0.9735,0.9753,0.9769,0.9783,0.9796,0.9808
0.9820,0.9830,0.9839,0.9849,0.9857,0.9864,0.9871,0.9878,0.9884,0.9889
0.9895,0.9901,0.9906,0.9911,0.9915,0.9920,0.9924,0.9928,0.9932,0.9935
0.9938,0.9942,0.9945,0.9948,0.9951,0.9954,0.9956,0.9959,0.9961,0.9963
0.9966,0.9968,0.9970,0.9972,0.9974,0.9976,0.9978,0.9980,0.9982,0.9984
0.9986,0.9988,0.9989,0.9991,0.9992,0.9994,0.9996,0.9997,0.9999,1.0000
hwc1x2fract=0.0001,0.0002,0.0003,0.0005,0.0006,0.0007,0.0009,0.0010
0.0012,0.0013,0.0015,0.0017,0.0020,0.0023,0.0026,0.0032,0.0040,0.0054
0.0076,0.0108,0.0159,0.0228,0.0319,0.0434,0.0571,0.0723,0.0887,0.1066
0.1260,0.1463,0.1675,0.1891,0.2110,0.2338,0.2560,0.2792,0.3024,0.3257
0.3487,0.3715,0.3948,0.4171,0.4391,0.4612,0.4833,0.5053,0.5273,0.5492
0.5704,0.5920,0.6129,0.6334,0.6539,0.6740,0.6943,0.7138,0.7334,0.7523
0.7705,0.7883,0.8055,0.8216,0.8371,0.8516,0.8651,0.8774,0.8888,0.8990
0.9082,0.9168,0.9247,0.9318,0.9379,0.9441,0.9495,0.9543,0.9589,0.9629
0.9664,0.9696,0.9724,0.9747,0.9770,0.9788,0.9805,0.9819,0.9832,0.9842
0.9852,0.9861,0.9869,0.9876,0.9883,0.9889,0.9894,0.9899,0.9904,0.9908
0.9912,0.9916,0.9920,0.9923,0.9927,0.9931,0.9933,0.9936,0.9939,0.9942
0.9945,0.9947,0.9949,0.9952,0.9954,0.9957,0.9959,0.9961,0.9963,0.9965
0.9967,0.9969,0.9971,0.9973,0.9975,0.9977,0.9979,0.9980,0.9982,0.9984
0.9985,0.9987,0.9989,0.9991,0.9993,0.9994,0.9995,0.9997,0.9998,1.0000
hwc2x1fract=0.0002,0.0003,0.0005,0.0006,0.0008,0.0010,0.0012,0.0014
0.0017,0.0019,0.0022,0.0025,0.0029,0.0034,0.0039,0.0046,0.0056,0.0074
0.0104,0.0150,0.0212,0.0290,0.0385,0.0502,0.0636,0.0786,0.0951,0.1126
0.1317,0.1513,0.1718,0.1929,0.2142,0.2360,0.2585,0.2809,0.3036,0.3267
0.3496,0.3721,0.3950,0.4174,0.4396,0.4620,0.4842,0.5066,0.5288,0.5504
0.5718,0.5934,0.6151,0.6362,0.6569,0.6776,0.6980,0.7183,0.7382,0.7576
0.7766,0.7948,0.8122,0.8287,0.8444,0.8589,0.8721,0.8844,0.8955,0.9054
0.9146,0.9229,0.9303,0.9371,0.9431,0.9487,0.9538,0.9584,0.9625,0.9664
0.9697,0.9727,0.9754,0.9775,0.9795,0.9811,0.9826,0.9839,0.9850,0.9860
0.9868,0.9876,0.9882,0.9889,0.9894,0.9899,0.9904,0.9908,0.9913,0.9916
0.9920,0.9923,0.9926,0.9929,0.9932,0.9935,0.9939,0.9941,0.9944,0.9946
0.9948,0.9951,0.9953,0.9955,0.9958,0.9960,0.9962,0.9964,0.9966,0.9967
0.9969,0.9971,0.9973,0.9975,0.9977,0.9979,0.9980,0.9982,0.9984,0.9985
0.9987,0.9989,0.9990,0.9991,0.9993,0.9994,0.9996,0.9997,0.9999,1.0000
hwc2y1fract=0.0001,0.0002,0.0003,0.0004,0.0005,0.0007,0.0008,0.0010
0.0011,0.0013,0.0015,0.0017,0.0020,0.0022,0.0026,0.0032,0.0041,0.0055
0.0079,0.0121,0.0191,0.0292,0.0432,0.0601,0.0799,0.1020,0.1253,0.1494
0.1742,0.1994,0.2243,0.2489,0.2732,0.2973,0.3211,0.3444,0.3672,0.3897
0.4123,0.4341,0.4559,0.4776,0.4987,0.5196,0.5404,0.5611,0.5816,0.6022
0.6223,0.6427,0.6630,0.6828,0.7022,0.7212,0.7403,0.7586,0.7771,0.7950
0.8124,0.8290,0.8448,0.8598,0.8738,0.8864,0.8982,0.9087,0.9180,0.9260
0.9330,0.9391,0.9447,0.9496,0.9541,0.9581,0.9616,0.9649,0.9676,0.9702
0.9724,0.9745,0.9764,0.9780,0.9795,0.9807,0.9818,0.9829,0.9839,0.9847
0.9854,0.9862,0.9868,0.9874,0.9880,0.9886,0.9891,0.9896,0.9900,0.9904
0.9908,0.9913,0.9916,0.9921,0.9924,0.9927,0.9931,0.9934,0.9937,0.9940
0.9943,0.9947,0.9949,0.9952,0.9954,0.9957,0.9959,0.9961,0.9964,0.9966
0.9968,0.9970,0.9972,0.9974,0.9976,0.9978,0.9980,0.9982,0.9983,0.9985
0.9987,0.9988,0.9990,0.9992,0.9993,0.9995,0.9996,0.9997,0.9998,1.0000
hwc2u1fract=0.0001,0.0002,0.0003,0.0004,0.0005,0.0006,0.0007,0.0008
0.0009,0.0010,0.0012,0.0013,0.0015,0.0016,0.0018,0.0020,0.0024,0.0030
0.0043,0.0070,0.0126,0.0223,0.0354,0.0523,0.0721,0.0937,0.1169,0.1409
0.1651,0.1899,0.2145,0.2393,0.2630,0.2870,0.3104,0.3336,0.3562,0.3787
0.4006,0.4228,0.4442,0.4655,0.4863,0.5070,0.5276,0.5482,0.5685,0.5887
0.6087,0.6286,0.6483,0.6675,0.6870,0.7062,0.7252,0.7443,0.7631,0.7814
0.7989,0.8161,0.8325,0.8486,0.8635,0.8772,0.8899,0.9013,0.9115,0.9202
0.9278,0.9344,0.9406,0.9456,0.9502,0.9545,0.9582,0.9616,0.9646,0.9674
0.9700,0.9723,0.9745,0.9763,0.9780,0.9794,0.9806,0.9818,0.9828,0.9837
0.9846,0.9854,0.9861,0.9867,0.9873,0.9879,0.9885,0.9890,0.9894,0.9899
0.9903,0.9908,0.9911,0.9916,0.9919,0.9923,0.9926,0.9930,0.9933,0.9936
0.9940,0.9943,0.9946,0.9949,0.9952,0.9955,0.9957,0.9959,0.9962,0.9965
0.9967,0.9970,0.9971,0.9973,0.9975,0.9977,0.9979,0.9981,0.9983,0.9985
0.9987,0.9988,0.9990,0.9991,0.9993,0.9994,0.9996,0.9997,0.9999,1.0000
hwc2v1fract=0.0001,0.0002,0.0003,0.0004,0.0005,0.0007,0.0008,0.0009
0.0011,0.0012,0.0014,0.0015,0.0017,0.0020,0.0023,0.0027,0.0033,0.0044
0.0065,0.0109,0.0184,0.0298,0.0446,0.0630,0.0837,0.1063,0.1295,0.1536
0.1779,0.2025,0.2270,0.2517,0.2753,0.2990,0.3222,0.3454,0.3677,0.3905
0.4124,0.4343,0.4558,0.4771,0.4980,0.5190,0.5397,0.5600,0.5799,0.6005
0.6204,0.6402,0.6596,0.6793,0.6984,0.7176,0.7361,0.7545,0.7724,0.7906
0.8077,0.8246,0.8406,0.8559,0.8702,0.8833,0.8952,0.9058,0.9153,0.9236
0.9306,0.9370,0.9425,0.9475,0.9518,0.9557,0.9591,0.9625,0.9655,0.9684
0.9709,0.9733,0.9754,0.9771,0.9786,0.9800,0.9812,0.9822,0.9832,0.9842
0.9850,0.9856,0.9863,0.9869,0.9876,0.9881,0.9886,0.9892,0.9897,0.9901
0.9905,0.9909,0.9913,0.9918,0.9922,0.9926,0.9929,0.9933,0.9936,0.9940
0.9943,0.9946,0.9949,0.9952,0.9954,0.9957,0.9960,0.9962,0.9964,0.9966
0.9969,0.9971,0.9973,0.9975,0.9977,0.9978,0.9980,0.9982,0.9983,0.9985
0.9987,0.9988,0.9990,0.9992,0.9993,0.9995,0.9996,0.9997,0.9999,1.0000
hwc2y2fract=0.0001,0.0002,0.0003,0.0005,0.0006,0.0008,0.0009,0.0011
0.0013,0.0014,0.0017,0.0019,0.0022,0.0025,0.0031,0.0038,0.0048,0.0066
0.0094,0.0142,0.0217,0.0327,0.0472,0.0647,0.0843,0.1061,0.1294,0.1534
0.1780,0.2029,0.2276,0.2524,0.2767,0.3010,0.3245,0.3478,0.3708,0.3936
0.4159,0.4382,0.4601,0.4815,0.5027,0.5237,0.5441,0.5648,0.5849,0.6051
0.6252,0.6455,0.6657,0.6857,0.7054,0.7247,0.7434,0.7618,0.7798,0.7973
0.8142,0.8305,0.8462,0.8608,0.8746,0.8873,0.8988,0.9090,0.9182,0.9262
0.9333,0.9396,0.9448,0.9496,0.9539,0.9577,0.9612,0.9643,0.9672,0.9697
0.9720,0.9740,0.9760,0.9776,0.9791,0.9804,0.9815,0.9825,0.9835,0.9844
0.9852,0.9859,0.9865,0.9872,0.9878,0.9883,0.9888,0.9893,0.9897,0.9902
0.9906,0.9910,0.9914,0.9918,0.9921,0.9924,0.9928,0.9931,0.9935,0.9938
0.9941,0.9944,0.9947,0.9950,0.9953,0.9955,0.9958,0.9960,0.9962,0.9965
0.9966,0.9969,0.9970,0.9972,0.9974,0.9976,0.9978,0.9980,0.9982,0.9984
0.9985,0.9987,0.9989,0.9990,0.9992,0.9994,0.9995,0.9997,0.9998,1.0000
hwc2x2fract=0.0002,0.0003,0.0004,0.0006,0.0008,0.0009,0.0010,0.0012
0.0014,0.0016,0.0018,0.0021,0.0025,0.0028,0.0033,0.0039,0.0051,0.0071
0.0104,0.0151,0.0216,0.0302,0.0411,0.0540,0.0687,0.0851,0.1027,0.1215
0.1417,0.1623,0.1841,0.2061,0.2284,0.2513,0.2747,0.2977,0.3207,0.3439
0.3667,0.3897,0.4128,0.4355,0.4579,0.4802,0.5021,0.5236,0.5448,0.5662
0.5876,0.6085,0.6295,0.6500,0.6707,0.6908,0.7111,0.7305,0.7499,0.7688
0.7868,0.8046,0.8217,0.8375,0.8526,0.8663,0.8791,0.8905,0.9011,0.9108
0.9193,0.9270,0.9339,0.9403,0.9462,0.9514,0.9560,0.9602,0.9641,0.9676
0.9706,0.9734,0.9759,0.9779,0.9798,0.9814,0.9827,0.9839,0.9849,0.9859
0.9867,0.9875,0.9882,0.9889,0.9894,0.9899,0.9904,0.9909,0.9913,0.9917
0.9920,0.9923,0.9926,0.9929,0.9933,0.9935,0.9938,0.9941,0.9943,0.9946
0.9949,0.9951,0.9953,0.9955,0.9957,0.9959,0.9961,0.9964,0.9965,0.9967
0.9969,0.9971,0.9973,0.9975,0.9976,0.9978,0.9980,0.9981,0.9983,0.9985
0.9986,0.9988,0.9989,0.9991,0.9992,0.9994,0.9996,0.9997,0.9999,1.0000
