; Lookup table
;number of bins in Meek's time to distance lookup table
hdriftbins=138
;number of 1st bin in Meek's table in ns
hdrift1stbin=-24
;bin size in ns of Meek's table
hdriftbinsz=2
hwc1x1fract=0.0000,0.0000,0.0000,0.0000,0.0014,0.0014,0.0014,0.0014
0.0014,0.0014,0.0014,0.0014,0.0014,0.0028,0.0043,0.0057,0.0057,0.0071
0.0085,0.0128,0.0156,0.0284,0.0397,0.0511,0.0624,0.0766,0.0851,0.1035
0.1248,0.1433,0.1702,0.1943,0.2170,0.2411,0.2738,0.2865,0.3078,0.3234
0.3433,0.3603,0.3745,0.4071,0.4298,0.4553,0.4837,0.4979,0.5163,0.5433
0.5617,0.5730,0.5915,0.6028,0.6241,0.6511,0.6766,0.6965,0.7177,0.7376
0.7631,0.7844,0.8000,0.8113,0.8284,0.8397,0.8553,0.8638,0.8738,0.8865
0.8979,0.9121,0.9177,0.9234,0.9262,0.9319,0.9404,0.9447,0.9489,0.9546
0.9617,0.9688,0.9759,0.9787,0.9801,0.9830,0.9872,0.9887,0.9887,0.9901
0.9901,0.9929,0.9929,0.9943,0.9943,0.9943,0.9957,0.9972,0.9972,0.9986
0.9986,0.9986,1.0000,1.0000,1.0000,1.0000,1.0000,1.0000,1.0000,1.0000
1.0000,1.0000,1.0000,1.0000,1.0000,1.0000,1.0000,1.0000,1.0000,1.0000
1.0000,1.0000,1.0000,1.0000,1.0000,1.0000,1.0000,1.0000,1.0000,1.0000
1.0000,1.0000,1.0000,1.0000,1.0000,1.0000,1.0000,1.0000,1.0000,1.0000
hwc1y1fract=0.0000,0.0000,0.0000,0.0000,0.0000,0.0000,0.0000,0.0000
0.0014,0.0014,0.0041,0.0041,0.0041,0.0041,0.0041,0.0068,0.0068,0.0082
0.0109,0.0136,0.0163,0.0272,0.0381,0.0450,0.0572,0.0777,0.1049,0.1199
0.1512,0.1744,0.2071,0.2330,0.2534,0.2793,0.3065,0.3243,0.3447,0.3638
0.3774,0.3924,0.4292,0.4428,0.4578,0.4728,0.4891,0.5109,0.5286,0.5545
0.5736,0.5858,0.6090,0.6281,0.6499,0.6757,0.6935,0.7057,0.7234,0.7425
0.7643,0.7834,0.8079,0.8324,0.8420,0.8692,0.8842,0.8965,0.9074,0.9169
0.9305,0.9441,0.9482,0.9550,0.9591,0.9646,0.9700,0.9714,0.9755,0.9782
0.9782,0.9796,0.9823,0.9823,0.9850,0.9850,0.9864,0.9891,0.9891,0.9891
0.9891,0.9891,0.9905,0.9932,0.9946,0.9946,0.9946,0.9946,0.9946,0.9946
0.9959,0.9959,0.9959,0.9959,0.9959,0.9959,0.9959,0.9959,0.9959,0.9959
0.9959,0.9986,0.9986,0.9986,0.9986,0.9986,0.9986,0.9986,0.9986,0.9986
0.9986,0.9986,1.0000,1.0000,1.0000,1.0000,1.0000,1.0000,1.0000,1.0000
1.0000,1.0000,1.0000,1.0000,1.0000,1.0000,1.0000,1.0000,1.0000,1.0000
hwc1u1fract=0.0000,0.0000,0.0000,0.0000,0.0000,0.0000,0.0000,0.0000
0.0000,0.0000,0.0000,0.0000,0.0000,0.0000,0.0000,0.0000,0.0041,0.0081
0.0081,0.0109,0.0163,0.0244,0.0326,0.0448,0.0543,0.0692,0.0814,0.0936
0.1099,0.1343,0.1601,0.1832,0.2076,0.2239,0.2388,0.2578,0.2754,0.3026
0.3379,0.3623,0.3935,0.4152,0.4383,0.4586,0.4763,0.4953,0.5129,0.5360
0.5522,0.5658,0.5916,0.6092,0.6282,0.6499,0.6716,0.6920,0.7015,0.7205
0.7341,0.7612,0.7788,0.7992,0.8168,0.8345,0.8507,0.8643,0.8725,0.8860
0.8982,0.9050,0.9118,0.9186,0.9281,0.9281,0.9403,0.9498,0.9593,0.9607
0.9674,0.9674,0.9742,0.9824,0.9837,0.9837,0.9837,0.9837,0.9851,0.9864
0.9878,0.9878,0.9891,0.9891,0.9891,0.9891,0.9891,0.9891,0.9905,0.9919
0.9919,0.9919,0.9919,0.9919,0.9919,0.9919,0.9946,0.9959,0.9959,0.9973
0.9973,0.9973,0.9973,0.9973,0.9973,0.9973,0.9973,0.9973,0.9973,0.9973
0.9973,0.9986,0.9986,0.9986,0.9986,0.9986,0.9986,0.9986,0.9986,0.9986
0.9986,1.0000,1.0000,1.0000,1.0000,1.0000,1.0000,1.0000,1.0000,1.0000
hwc1v1fract=0.0000,0.0000,0.0000,0.0000,0.0000,0.0000,0.0000,0.0000
0.0000,0.0013,0.0013,0.0013,0.0013,0.0013,0.0013,0.0013,0.0013,0.0013
0.0040,0.0067,0.0107,0.0174,0.0295,0.0483,0.0657,0.0804,0.0979,0.1193
0.1394,0.1689,0.1944,0.2091,0.2265,0.2493,0.2708,0.2869,0.3070,0.3445
0.3660,0.3887,0.4075,0.4249,0.4424,0.4638,0.4893,0.5067,0.5295,0.5496
0.5710,0.5885,0.6113,0.6354,0.6528,0.6716,0.6997,0.7118,0.7252,0.7399
0.7587,0.7815,0.7936,0.8123,0.8311,0.8485,0.8686,0.8767,0.8861,0.8941
0.9102,0.9155,0.9276,0.9316,0.9410,0.9504,0.9558,0.9611,0.9651,0.9678
0.9732,0.9786,0.9799,0.9812,0.9853,0.9866,0.9866,0.9879,0.9879,0.9906
0.9906,0.9920,0.9933,0.9933,0.9933,0.9933,0.9946,0.9946,0.9946,0.9960
0.9960,0.9960,0.9960,0.9960,0.9960,0.9960,0.9960,0.9960,0.9960,0.9960
0.9960,0.9960,0.9960,0.9960,0.9960,0.9960,0.9973,0.9987,1.0000,1.0000
1.0000,1.0000,1.0000,1.0000,1.0000,1.0000,1.0000,1.0000,1.0000,1.0000
1.0000,1.0000,1.0000,1.0000,1.0000,1.0000,1.0000,1.0000,1.0000,1.0000
hwc1y2fract=0.0000,0.0000,0.0000,0.0000,0.0000,0.0000,0.0000,0.0000
0.0000,0.0000,0.0013,0.0013,0.0013,0.0013,0.0013,0.0027,0.0054,0.0054
0.0054,0.0121,0.0148,0.0202,0.0364,0.0553,0.0783,0.1026,0.1255,0.1471
0.1781,0.1930,0.2173,0.2524,0.2767,0.2888,0.3104,0.3306,0.3495,0.3684
0.3927,0.4238,0.4426,0.4629,0.4777,0.4980,0.5128,0.5290,0.5506,0.5709
0.5951,0.6127,0.6235,0.6437,0.6667,0.6829,0.7112,0.7301,0.7490,0.7665
0.7922,0.8070,0.8246,0.8435,0.8556,0.8745,0.8853,0.8961,0.9096,0.9204
0.9285,0.9379,0.9501,0.9528,0.9528,0.9568,0.9649,0.9663,0.9663,0.9690
0.9703,0.9717,0.9744,0.9771,0.9784,0.9825,0.9838,0.9879,0.9906,0.9919
0.9933,0.9933,0.9933,0.9946,0.9960,0.9973,0.9973,0.9973,0.9973,0.9973
0.9973,0.9973,0.9973,0.9973,0.9973,0.9973,0.9987,0.9987,0.9987,0.9987
0.9987,0.9987,0.9987,0.9987,0.9987,0.9987,0.9987,0.9987,0.9987,0.9987
0.9987,0.9987,0.9987,0.9987,0.9987,0.9987,1.0000,1.0000,1.0000,1.0000
1.0000,1.0000,1.0000,1.0000,1.0000,1.0000,1.0000,1.0000,1.0000,1.0000
hwc1x2fract=0.0000,0.0000,0.0000,0.0000,0.0000,0.0000,0.0000,0.0000
0.0000,0.0000,0.0000,0.0000,0.0000,0.0014,0.0014,0.0014,0.0014,0.0028
0.0085,0.0113,0.0197,0.0254,0.0366,0.0507,0.0606,0.0803,0.0915,0.1085
0.1324,0.1479,0.1648,0.1789,0.2042,0.2352,0.2592,0.2789,0.3000,0.3211
0.3408,0.3521,0.3746,0.3930,0.4183,0.4408,0.4620,0.4817,0.5042,0.5169
0.5408,0.5620,0.5746,0.5887,0.6085,0.6324,0.6648,0.6831,0.7028,0.7155
0.7366,0.7563,0.7676,0.7887,0.8169,0.8352,0.8479,0.8690,0.8817,0.8915
0.9000,0.9070,0.9169,0.9254,0.9352,0.9394,0.9479,0.9549,0.9592,0.9634
0.9676,0.9761,0.9817,0.9831,0.9831,0.9873,0.9887,0.9915,0.9915,0.9915
0.9915,0.9915,0.9944,0.9944,0.9944,0.9958,0.9958,0.9958,0.9958,0.9958
0.9958,0.9958,0.9958,0.9972,1.0000,1.0000,1.0000,1.0000,1.0000,1.0000
1.0000,1.0000,1.0000,1.0000,1.0000,1.0000,1.0000,1.0000,1.0000,1.0000
1.0000,1.0000,1.0000,1.0000,1.0000,1.0000,1.0000,1.0000,1.0000,1.0000
1.0000,1.0000,1.0000,1.0000,1.0000,1.0000,1.0000,1.0000,1.0000,1.0000
hwc2x1fract=0.0000,0.0000,0.0000,0.0000,0.0000,0.0000,0.0014,0.0027
0.0027,0.0027,0.0027,0.0027,0.0027,0.0027,0.0027,0.0027,0.0054,0.0068
0.0095,0.0162,0.0203,0.0297,0.0419,0.0595,0.0703,0.0824,0.1000,0.1189
0.1365,0.1473,0.1662,0.1770,0.2041,0.2203,0.2338,0.2581,0.2946,0.3135
0.3365,0.3622,0.3878,0.4081,0.4351,0.4541,0.4770,0.5041,0.5243,0.5486
0.5662,0.5905,0.6068,0.6311,0.6486,0.6743,0.6919,0.7041,0.7243,0.7419
0.7730,0.7892,0.8041,0.8284,0.8473,0.8581,0.8757,0.8838,0.8959,0.9041
0.9135,0.9216,0.9311,0.9419,0.9473,0.9568,0.9595,0.9662,0.9703,0.9743
0.9743,0.9797,0.9811,0.9838,0.9838,0.9851,0.9905,0.9919,0.9932,0.9932
0.9932,0.9946,0.9946,0.9946,0.9946,0.9946,0.9973,0.9973,0.9986,0.9986
0.9986,0.9986,0.9986,0.9986,0.9986,0.9986,0.9986,0.9986,0.9986,0.9986
0.9986,0.9986,0.9986,0.9986,0.9986,0.9986,0.9986,0.9986,0.9986,1.0000
1.0000,1.0000,1.0000,1.0000,1.0000,1.0000,1.0000,1.0000,1.0000,1.0000
1.0000,1.0000,1.0000,1.0000,1.0000,1.0000,1.0000,1.0000,1.0000,1.0000
hwc2y1fract=0.0000,0.0000,0.0000,0.0000,0.0000,0.0000,0.0000,0.0000
0.0000,0.0000,0.0000,0.0000,0.0000,0.0000,0.0000,0.0000,0.0000,0.0026
0.0079,0.0106,0.0119,0.0185,0.0343,0.0436,0.0555,0.0727,0.0925,0.1202
0.1361,0.1625,0.1836,0.2100,0.2272,0.2550,0.2787,0.3091,0.3329,0.3554
0.3738,0.3871,0.4122,0.4267,0.4505,0.4742,0.4888,0.5086,0.5297,0.5469
0.5680,0.5945,0.6169,0.6446,0.6711,0.6896,0.7041,0.7160,0.7345,0.7517
0.7635,0.7768,0.7952,0.8230,0.8388,0.8613,0.8732,0.8864,0.8970,0.9128
0.9287,0.9366,0.9432,0.9538,0.9564,0.9590,0.9657,0.9723,0.9762,0.9762
0.9762,0.9789,0.9802,0.9815,0.9841,0.9841,0.9841,0.9881,0.9894,0.9908
0.9921,0.9921,0.9921,0.9921,0.9934,0.9947,0.9947,0.9947,0.9947,0.9947
0.9947,0.9947,0.9960,0.9960,0.9960,0.9960,0.9960,0.9960,0.9960,0.9960
0.9960,0.9960,0.9960,0.9974,0.9974,0.9987,0.9987,0.9987,0.9987,0.9987
0.9987,0.9987,1.0000,1.0000,1.0000,1.0000,1.0000,1.0000,1.0000,1.0000
1.0000,1.0000,1.0000,1.0000,1.0000,1.0000,1.0000,1.0000,1.0000,1.0000
hwc2u1fract=0.0000,0.0000,0.0000,0.0000,0.0000,0.0000,0.0000,0.0000
0.0000,0.0000,0.0000,0.0000,0.0000,0.0000,0.0000,0.0013,0.0013,0.0013
0.0039,0.0078,0.0169,0.0273,0.0469,0.0612,0.0833,0.1016,0.1211,0.1536
0.1667,0.1966,0.2201,0.2396,0.2539,0.2721,0.2917,0.3190,0.3398,0.3594
0.3802,0.4089,0.4375,0.4583,0.4857,0.5052,0.5260,0.5430,0.5521,0.5833
0.6042,0.6302,0.6471,0.6667,0.6849,0.7044,0.7096,0.7422,0.7578,0.7721
0.7839,0.7956,0.8099,0.8242,0.8477,0.8620,0.8750,0.8893,0.8997,0.9115
0.9167,0.9245,0.9336,0.9440,0.9492,0.9583,0.9635,0.9648,0.9727,0.9753
0.9818,0.9831,0.9844,0.9844,0.9870,0.9883,0.9883,0.9896,0.9909,0.9909
0.9922,0.9922,0.9922,0.9922,0.9935,0.9948,0.9961,0.9974,0.9974,0.9974
0.9974,0.9974,0.9974,0.9974,0.9974,0.9974,0.9974,0.9974,0.9987,0.9987
0.9987,0.9987,0.9987,0.9987,0.9987,0.9987,0.9987,0.9987,0.9987,0.9987
0.9987,0.9987,0.9987,0.9987,0.9987,1.0000,1.0000,1.0000,1.0000,1.0000
1.0000,1.0000,1.0000,1.0000,1.0000,1.0000,1.0000,1.0000,1.0000,1.0000
hwc2v1fract=0.0000,0.0000,0.0013,0.0027,0.0027,0.0027,0.0027,0.0027
0.0027,0.0027,0.0027,0.0027,0.0027,0.0027,0.0027,0.0027,0.0027,0.0027
0.0053,0.0067,0.0160,0.0280,0.0387,0.0587,0.0773,0.0947,0.1240,0.1427
0.1573,0.1867,0.2107,0.2373,0.2733,0.2960,0.3160,0.3427,0.3587,0.3733
0.3987,0.4280,0.4507,0.4693,0.4973,0.5187,0.5360,0.5573,0.5680,0.5853
0.6013,0.6213,0.6400,0.6653,0.6907,0.7080,0.7280,0.7467,0.7680,0.7893
0.8107,0.8347,0.8480,0.8573,0.8720,0.8827,0.8880,0.9040,0.9067,0.9200
0.9280,0.9360,0.9427,0.9453,0.9480,0.9547,0.9587,0.9613,0.9680,0.9720
0.9760,0.9800,0.9827,0.9827,0.9853,0.9880,0.9893,0.9907,0.9907,0.9947
0.9960,0.9973,0.9973,0.9973,0.9973,0.9973,0.9973,0.9987,0.9987,0.9987
0.9987,0.9987,0.9987,0.9987,0.9987,0.9987,0.9987,0.9987,0.9987,0.9987
1.0000,1.0000,1.0000,1.0000,1.0000,1.0000,1.0000,1.0000,1.0000,1.0000
1.0000,1.0000,1.0000,1.0000,1.0000,1.0000,1.0000,1.0000,1.0000,1.0000
1.0000,1.0000,1.0000,1.0000,1.0000,1.0000,1.0000,1.0000,1.0000,1.0000
hwc2y2fract=0.0000,0.0000,0.0000,0.0000,0.0000,0.0000,0.0000,0.0000
0.0000,0.0013,0.0013,0.0013,0.0013,0.0013,0.0013,0.0013,0.0013,0.0026
0.0066,0.0146,0.0238,0.0291,0.0423,0.0569,0.0807,0.1058,0.1310,0.1521
0.1759,0.2077,0.2222,0.2566,0.2738,0.2923,0.3201,0.3532,0.3783,0.4087
0.4286,0.4484,0.4643,0.4802,0.4934,0.5265,0.5450,0.5675,0.5820,0.5992
0.6164,0.6442,0.6640,0.6825,0.7011,0.7249,0.7460,0.7646,0.7831,0.8016
0.8188,0.8347,0.8492,0.8638,0.8730,0.8783,0.8902,0.9061,0.9220,0.9352
0.9418,0.9484,0.9524,0.9590,0.9630,0.9683,0.9722,0.9762,0.9815,0.9815
0.9815,0.9828,0.9894,0.9907,0.9934,0.9934,0.9934,0.9934,0.9934,0.9934
0.9960,0.9960,0.9974,0.9987,0.9987,0.9987,0.9987,0.9987,0.9987,0.9987
0.9987,0.9987,0.9987,0.9987,0.9987,0.9987,0.9987,0.9987,0.9987,0.9987
0.9987,0.9987,0.9987,0.9987,0.9987,0.9987,0.9987,0.9987,0.9987,0.9987
0.9987,0.9987,0.9987,0.9987,0.9987,1.0000,1.0000,1.0000,1.0000,1.0000
1.0000,1.0000,1.0000,1.0000,1.0000,1.0000,1.0000,1.0000,1.0000,1.0000
hwc2x2fract=0.0000,0.0000,0.0000,0.0000,0.0000,0.0000,0.0000,0.0000
0.0000,0.0000,0.0000,0.0000,0.0000,0.0000,0.0000,0.0000,0.0014,0.0014
0.0027,0.0068,0.0150,0.0273,0.0355,0.0409,0.0573,0.0737,0.0941,0.1119
0.1269,0.1419,0.1692,0.1869,0.2033,0.2210,0.2306,0.2510,0.2701,0.2906
0.3083,0.3397,0.3683,0.3847,0.4120,0.4393,0.4720,0.5020,0.5198,0.5362
0.5566,0.5744,0.6016,0.6221,0.6521,0.6698,0.6917,0.7053,0.7326,0.7544
0.7708,0.7872,0.8186,0.8308,0.8486,0.8690,0.8799,0.8895,0.9004,0.9127
0.9154,0.9222,0.9291,0.9345,0.9413,0.9468,0.9536,0.9591,0.9645,0.9659
0.9673,0.9727,0.9754,0.9782,0.9782,0.9823,0.9850,0.9850,0.9864,0.9877
0.9918,0.9918,0.9932,0.9932,0.9945,0.9959,0.9973,0.9973,0.9973,0.9973
0.9973,0.9973,0.9986,0.9986,0.9986,0.9986,0.9986,0.9986,0.9986,0.9986
0.9986,0.9986,1.0000,1.0000,1.0000,1.0000,1.0000,1.0000,1.0000,1.0000
1.0000,1.0000,1.0000,1.0000,1.0000,1.0000,1.0000,1.0000,1.0000,1.0000
1.0000,1.0000,1.0000,1.0000,1.0000,1.0000,1.0000,1.0000,1.0000,1.0000
