; Lookup table
;number of bins in Meek's time to distance lookup table
hdriftbins=138
;number of 1st bin in Meek's table in ns
hdrift1stbin=-24
;bin size in ns of Meek's table
hdriftbinsz=2
hwc1x1fract=0.0001,0.0001,0.0002,0.0002,0.0003,0.0003,0.0004,0.0005
0.0005,0.0007,0.0008,0.0009,0.0010,0.0012,0.0013,0.0017,0.0021,0.0027
0.0036,0.0051,0.0074,0.0109,0.0166,0.0247,0.0345,0.0459,0.0586,0.0732
0.0894,0.1061,0.1232,0.1416,0.1603,0.1812,0.2014,0.2226,0.2435,0.2655
0.2873,0.3098,0.3317,0.3543,0.3761,0.3992,0.4219,0.4439,0.4658,0.4876
0.5089,0.5309,0.5523,0.5736,0.5952,0.6166,0.6367,0.6569,0.6771,0.6971
0.7171,0.7367,0.7562,0.7741,0.7918,0.8091,0.8254,0.8420,0.8567,0.8708
0.8844,0.8965,0.9071,0.9178,0.9265,0.9344,0.9423,0.9493,0.9556,0.9618
0.9672,0.9716,0.9757,0.9793,0.9824,0.9852,0.9873,0.9891,0.9906,0.9918
0.9930,0.9939,0.9946,0.9953,0.9957,0.9961,0.9966,0.9970,0.9972,0.9975
0.9977,0.9980,0.9982,0.9984,0.9987,0.9988,0.9989,0.9990,0.9991,0.9992
0.9993,0.9994,0.9995,0.9996,0.9996,0.9997,0.9997,0.9997,0.9998,0.9998
0.9999,0.9999,0.9999,0.9999,0.9999,0.9999,0.9999,1.0000,1.0000,1.0000
1.0000,1.0000,1.0000,1.0000,1.0000,1.0000,1.0000,1.0000,1.0000,1.0000
hwc1y1fract=0.0000,0.0000,0.0001,0.0001,0.0001,0.0002,0.0002,0.0003
0.0003,0.0004,0.0005,0.0006,0.0008,0.0010,0.0012,0.0015,0.0018,0.0026
0.0037,0.0057,0.0091,0.0148,0.0240,0.0364,0.0508,0.0677,0.0872,0.1077
0.1294,0.1514,0.1737,0.1969,0.2203,0.2434,0.2665,0.2896,0.3126,0.3354
0.3579,0.3792,0.4011,0.4218,0.4440,0.4649,0.4863,0.5068,0.5277,0.5481
0.5689,0.5881,0.6080,0.6274,0.6474,0.6672,0.6869,0.7063,0.7251,0.7433
0.7615,0.7797,0.7983,0.8154,0.8322,0.8483,0.8634,0.8774,0.8903,0.9020
0.9129,0.9218,0.9305,0.9382,0.9448,0.9512,0.9564,0.9610,0.9652,0.9685
0.9720,0.9750,0.9779,0.9803,0.9828,0.9850,0.9866,0.9880,0.9895,0.9907
0.9918,0.9926,0.9932,0.9938,0.9945,0.9951,0.9957,0.9961,0.9964,0.9968
0.9971,0.9973,0.9976,0.9978,0.9981,0.9983,0.9985,0.9987,0.9988,0.9990
0.9991,0.9992,0.9993,0.9994,0.9995,0.9995,0.9996,0.9998,0.9998,0.9998
0.9999,0.9999,0.9999,0.9999,1.0000,1.0000,1.0000,1.0000,1.0000,1.0000
1.0000,1.0000,1.0000,1.0000,1.0000,1.0000,1.0000,1.0000,1.0000,1.0000
hwc1u1fract=0.0000,0.0000,0.0000,0.0000,0.0000,0.0001,0.0001,0.0001
0.0001,0.0001,0.0001,0.0002,0.0002,0.0002,0.0002,0.0003,0.0006,0.0011
0.0021,0.0035,0.0061,0.0107,0.0180,0.0289,0.0416,0.0574,0.0746,0.0943
0.1143,0.1354,0.1567,0.1787,0.2012,0.2233,0.2458,0.2682,0.2914,0.3139
0.3364,0.3585,0.3809,0.4033,0.4257,0.4473,0.4684,0.4889,0.5098,0.5307
0.5513,0.5713,0.5914,0.6112,0.6311,0.6509,0.6710,0.6906,0.7098,0.7288
0.7469,0.7647,0.7823,0.7987,0.8158,0.8322,0.8468,0.8611,0.8744,0.8868
0.8982,0.9081,0.9171,0.9256,0.9333,0.9405,0.9468,0.9522,0.9574,0.9619
0.9662,0.9702,0.9738,0.9768,0.9795,0.9817,0.9837,0.9855,0.9871,0.9885
0.9895,0.9905,0.9915,0.9922,0.9928,0.9935,0.9941,0.9946,0.9952,0.9957
0.9959,0.9963,0.9966,0.9970,0.9973,0.9975,0.9978,0.9979,0.9981,0.9983
0.9984,0.9985,0.9988,0.9989,0.9990,0.9991,0.9993,0.9994,0.9995,0.9996
0.9996,0.9997,0.9998,0.9998,0.9998,0.9999,0.9999,0.9999,0.9999,0.9999
0.9999,0.9999,0.9999,1.0000,1.0000,1.0000,1.0000,1.0000,1.0000,1.0000
hwc1v1fract=0.0000,0.0000,0.0000,0.0000,0.0000,0.0000,0.0000,0.0001
0.0001,0.0001,0.0002,0.0002,0.0002,0.0003,0.0004,0.0007,0.0012,0.0020
0.0034,0.0065,0.0121,0.0205,0.0319,0.0457,0.0627,0.0809,0.1000,0.1203
0.1402,0.1607,0.1815,0.2033,0.2248,0.2467,0.2695,0.2905,0.3125,0.3342
0.3566,0.3787,0.4002,0.4214,0.4425,0.4634,0.4844,0.5061,0.5277,0.5480
0.5689,0.5897,0.6099,0.6301,0.6501,0.6706,0.6907,0.7101,0.7292,0.7489
0.7669,0.7848,0.8029,0.8199,0.8362,0.8517,0.8660,0.8794,0.8926,0.9040
0.9143,0.9231,0.9311,0.9383,0.9448,0.9506,0.9557,0.9601,0.9648,0.9686
0.9722,0.9754,0.9786,0.9812,0.9833,0.9854,0.9872,0.9888,0.9903,0.9913
0.9923,0.9931,0.9939,0.9945,0.9951,0.9955,0.9958,0.9963,0.9966,0.9969
0.9972,0.9975,0.9977,0.9979,0.9981,0.9983,0.9985,0.9986,0.9988,0.9989
0.9991,0.9992,0.9993,0.9994,0.9995,0.9996,0.9996,0.9997,0.9997,0.9998
0.9998,0.9999,0.9999,0.9999,0.9999,1.0000,1.0000,1.0000,1.0000,1.0000
1.0000,1.0000,1.0000,1.0000,1.0000,1.0000,1.0000,1.0000,1.0000,1.0000
hwc1y2fract=0.0000,0.0000,0.0000,0.0000,0.0001,0.0001,0.0001,0.0001
0.0001,0.0002,0.0002,0.0002,0.0002,0.0003,0.0004,0.0007,0.0011,0.0021
0.0036,0.0062,0.0109,0.0183,0.0285,0.0411,0.0557,0.0737,0.0931,0.1137
0.1359,0.1583,0.1810,0.2038,0.2263,0.2497,0.2716,0.2941,0.3163,0.3386
0.3611,0.3835,0.4051,0.4265,0.4485,0.4702,0.4914,0.5121,0.5329,0.5542
0.5746,0.5946,0.6147,0.6354,0.6553,0.6765,0.6959,0.7140,0.7328,0.7506
0.7678,0.7856,0.8039,0.8193,0.8352,0.8503,0.8650,0.8785,0.8901,0.9007
0.9112,0.9200,0.9283,0.9357,0.9422,0.9480,0.9530,0.9581,0.9627,0.9668
0.9705,0.9738,0.9766,0.9791,0.9813,0.9834,0.9852,0.9868,0.9882,0.9894
0.9905,0.9915,0.9922,0.9930,0.9937,0.9942,0.9948,0.9953,0.9957,0.9961
0.9964,0.9968,0.9971,0.9974,0.9976,0.9978,0.9981,0.9982,0.9984,0.9986
0.9988,0.9989,0.9990,0.9992,0.9994,0.9995,0.9995,0.9996,0.9997,0.9997
0.9998,0.9999,0.9999,0.9999,0.9999,0.9999,0.9999,0.9999,0.9999,0.9999
1.0000,1.0000,1.0000,1.0000,1.0000,1.0000,1.0000,1.0000,1.0000,1.0000
hwc1x2fract=0.0000,0.0001,0.0001,0.0001,0.0001,0.0001,0.0001,0.0002
0.0003,0.0003,0.0004,0.0005,0.0006,0.0008,0.0010,0.0013,0.0019,0.0030
0.0048,0.0082,0.0129,0.0203,0.0299,0.0409,0.0546,0.0690,0.0847,0.1015
0.1190,0.1379,0.1560,0.1766,0.1980,0.2196,0.2407,0.2620,0.2828,0.3042
0.3267,0.3488,0.3710,0.3937,0.4159,0.4377,0.4597,0.4817,0.5040,0.5264
0.5481,0.5701,0.5909,0.6115,0.6329,0.6537,0.6732,0.6940,0.7141,0.7344
0.7540,0.7732,0.7914,0.8083,0.8248,0.8414,0.8555,0.8700,0.8827,0.8946
0.9054,0.9158,0.9243,0.9332,0.9408,0.9480,0.9543,0.9601,0.9656,0.9702
0.9746,0.9782,0.9814,0.9842,0.9862,0.9883,0.9901,0.9916,0.9923,0.9934
0.9943,0.9951,0.9957,0.9962,0.9964,0.9969,0.9972,0.9976,0.9978,0.9980
0.9982,0.9984,0.9986,0.9986,0.9989,0.9990,0.9990,0.9992,0.9993,0.9993
0.9994,0.9994,0.9995,0.9995,0.9996,0.9996,0.9997,0.9997,0.9998,0.9998
0.9998,0.9999,0.9999,0.9999,0.9999,0.9999,0.9999,1.0000,1.0000,1.0000
1.0000,1.0000,1.0000,1.0000,1.0000,1.0000,1.0000,1.0000,1.0000,1.0000
hwc2x1fract=0.0000,0.0001,0.0001,0.0001,0.0002,0.0003,0.0003,0.0004
0.0005,0.0006,0.0007,0.0009,0.0011,0.0013,0.0015,0.0018,0.0021,0.0029
0.0042,0.0064,0.0100,0.0149,0.0220,0.0311,0.0418,0.0552,0.0688,0.0840
0.1011,0.1196,0.1380,0.1568,0.1768,0.1967,0.2181,0.2386,0.2607,0.2832
0.3052,0.3273,0.3497,0.3722,0.3939,0.4164,0.4387,0.4613,0.4836,0.5065
0.5279,0.5497,0.5709,0.5927,0.6145,0.6362,0.6579,0.6787,0.6997,0.7202
0.7403,0.7592,0.7787,0.7974,0.8160,0.8327,0.8485,0.8634,0.8771,0.8896
0.9011,0.9119,0.9214,0.9299,0.9378,0.9454,0.9519,0.9579,0.9634,0.9682
0.9728,0.9766,0.9800,0.9830,0.9855,0.9878,0.9894,0.9911,0.9924,0.9933
0.9942,0.9948,0.9955,0.9959,0.9964,0.9968,0.9972,0.9975,0.9977,0.9980
0.9982,0.9984,0.9986,0.9987,0.9989,0.9990,0.9991,0.9992,0.9993,0.9994
0.9994,0.9995,0.9996,0.9996,0.9997,0.9997,0.9998,0.9998,0.9998,0.9998
0.9999,0.9999,0.9999,0.9999,0.9999,0.9999,0.9999,1.0000,1.0000,1.0000
1.0000,1.0000,1.0000,1.0000,1.0000,1.0000,1.0000,1.0000,1.0000,1.0000
hwc2y1fract=0.0000,0.0000,0.0000,0.0000,0.0000,0.0000,0.0001,0.0001
0.0001,0.0001,0.0002,0.0002,0.0002,0.0003,0.0004,0.0004,0.0006,0.0010
0.0018,0.0035,0.0069,0.0130,0.0223,0.0343,0.0498,0.0681,0.0882,0.1099
0.1329,0.1569,0.1810,0.2042,0.2278,0.2514,0.2754,0.2993,0.3226,0.3459
0.3698,0.3924,0.4140,0.4360,0.4575,0.4798,0.5010,0.5219,0.5421,0.5634
0.5831,0.6030,0.6231,0.6429,0.6634,0.6829,0.7030,0.7223,0.7418,0.7613
0.7797,0.7977,0.8148,0.8314,0.8485,0.8638,0.8776,0.8913,0.9032,0.9141
0.9240,0.9326,0.9406,0.9472,0.9534,0.9582,0.9626,0.9668,0.9705,0.9738
0.9767,0.9792,0.9814,0.9835,0.9852,0.9868,0.9882,0.9895,0.9904,0.9914
0.9921,0.9930,0.9938,0.9944,0.9950,0.9954,0.9958,0.9963,0.9966,0.9970
0.9972,0.9975,0.9977,0.9980,0.9982,0.9983,0.9985,0.9987,0.9988,0.9990
0.9990,0.9991,0.9992,0.9993,0.9994,0.9995,0.9996,0.9997,0.9997,0.9998
0.9998,0.9999,0.9999,0.9999,0.9999,0.9999,0.9999,1.0000,1.0000,1.0000
1.0000,1.0000,1.0000,1.0000,1.0000,1.0000,1.0000,1.0000,1.0000,1.0000
hwc2u1fract=0.0000,0.0000,0.0000,0.0000,0.0001,0.0001,0.0001,0.0001
0.0001,0.0001,0.0001,0.0001,0.0001,0.0002,0.0002,0.0004,0.0008,0.0015
0.0030,0.0064,0.0132,0.0233,0.0371,0.0547,0.0744,0.0961,0.1180,0.1405
0.1640,0.1879,0.2117,0.2343,0.2577,0.2815,0.3049,0.3284,0.3509,0.3727
0.3946,0.4160,0.4373,0.4589,0.4802,0.5012,0.5226,0.5432,0.5629,0.5831
0.6037,0.6242,0.6447,0.6643,0.6843,0.7034,0.7220,0.7411,0.7602,0.7784
0.7959,0.8140,0.8312,0.8479,0.8630,0.8766,0.8895,0.9018,0.9128,0.9220
0.9302,0.9380,0.9447,0.9504,0.9555,0.9601,0.9646,0.9687,0.9721,0.9751
0.9777,0.9804,0.9825,0.9843,0.9860,0.9876,0.9888,0.9899,0.9909,0.9915
0.9924,0.9930,0.9936,0.9941,0.9946,0.9950,0.9954,0.9958,0.9961,0.9964
0.9968,0.9970,0.9974,0.9975,0.9978,0.9980,0.9981,0.9983,0.9985,0.9986
0.9988,0.9990,0.9991,0.9992,0.9993,0.9994,0.9995,0.9995,0.9996,0.9997
0.9997,0.9998,0.9998,0.9998,0.9999,0.9999,0.9999,0.9999,1.0000,1.0000
1.0000,1.0000,1.0000,1.0000,1.0000,1.0000,1.0000,1.0000,1.0000,1.0000
hwc2v1fract=0.0000,0.0000,0.0000,0.0000,0.0000,0.0000,0.0001,0.0001
0.0001,0.0001,0.0002,0.0003,0.0004,0.0004,0.0006,0.0006,0.0008,0.0014
0.0024,0.0049,0.0095,0.0171,0.0291,0.0444,0.0631,0.0836,0.1049,0.1265
0.1494,0.1723,0.1946,0.2183,0.2411,0.2643,0.2870,0.3098,0.3326,0.3552
0.3772,0.3994,0.4216,0.4437,0.4645,0.4853,0.5065,0.5276,0.5482,0.5678
0.5885,0.6079,0.6284,0.6485,0.6682,0.6878,0.7066,0.7250,0.7436,0.7618
0.7801,0.7978,0.8150,0.8315,0.8484,0.8632,0.8780,0.8911,0.9029,0.9130
0.9222,0.9304,0.9378,0.9448,0.9508,0.9560,0.9607,0.9648,0.9685,0.9716
0.9750,0.9776,0.9802,0.9824,0.9844,0.9858,0.9875,0.9888,0.9899,0.9908
0.9919,0.9924,0.9931,0.9935,0.9941,0.9947,0.9953,0.9957,0.9961,0.9964
0.9968,0.9972,0.9974,0.9977,0.9980,0.9982,0.9983,0.9986,0.9987,0.9988
0.9989,0.9991,0.9992,0.9993,0.9994,0.9995,0.9996,0.9997,0.9997,0.9998
0.9998,0.9998,0.9998,0.9999,0.9999,0.9999,0.9999,0.9999,1.0000,1.0000
1.0000,1.0000,1.0000,1.0000,1.0000,1.0000,1.0000,1.0000,1.0000,1.0000
hwc2y2fract=0.0000,0.0000,0.0001,0.0001,0.0001,0.0001,0.0001,0.0001
0.0001,0.0002,0.0002,0.0002,0.0003,0.0003,0.0005,0.0006,0.0010,0.0015
0.0026,0.0047,0.0084,0.0148,0.0245,0.0377,0.0541,0.0731,0.0930,0.1144
0.1371,0.1617,0.1850,0.2094,0.2335,0.2572,0.2799,0.3020,0.3250,0.3486
0.3714,0.3942,0.4158,0.4370,0.4587,0.4801,0.5014,0.5229,0.5434,0.5636
0.5843,0.6044,0.6236,0.6442,0.6639,0.6843,0.7035,0.7235,0.7429,0.7623
0.7815,0.7996,0.8170,0.8340,0.8503,0.8647,0.8791,0.8917,0.9033,0.9140
0.9241,0.9327,0.9403,0.9468,0.9526,0.9579,0.9626,0.9666,0.9704,0.9736
0.9768,0.9792,0.9819,0.9839,0.9858,0.9872,0.9886,0.9897,0.9907,0.9918
0.9927,0.9933,0.9939,0.9946,0.9951,0.9955,0.9959,0.9961,0.9965,0.9966
0.9969,0.9972,0.9976,0.9978,0.9980,0.9982,0.9983,0.9984,0.9986,0.9987
0.9988,0.9989,0.9990,0.9992,0.9993,0.9994,0.9994,0.9995,0.9996,0.9997
0.9998,0.9998,0.9998,0.9999,0.9999,0.9999,0.9999,1.0000,1.0000,1.0000
1.0000,1.0000,1.0000,1.0000,1.0000,1.0000,1.0000,1.0000,1.0000,1.0000
hwc2x2fract=0.0000,0.0001,0.0001,0.0001,0.0001,0.0002,0.0002,0.0003
0.0003,0.0004,0.0004,0.0005,0.0006,0.0008,0.0010,0.0012,0.0016,0.0022
0.0032,0.0047,0.0076,0.0119,0.0183,0.0273,0.0385,0.0515,0.0670,0.0839
0.1013,0.1193,0.1389,0.1584,0.1793,0.2009,0.2229,0.2449,0.2672,0.2894
0.3117,0.3338,0.3562,0.3789,0.4004,0.4219,0.4437,0.4661,0.4878,0.5101
0.5312,0.5528,0.5745,0.5968,0.6178,0.6394,0.6587,0.6791,0.6991,0.7197
0.7392,0.7584,0.7774,0.7964,0.8142,0.8311,0.8477,0.8627,0.8770,0.8904
0.9019,0.9123,0.9215,0.9302,0.9378,0.9450,0.9520,0.9579,0.9631,0.9680
0.9723,0.9762,0.9794,0.9822,0.9847,0.9869,0.9890,0.9905,0.9919,0.9929
0.9938,0.9945,0.9951,0.9957,0.9962,0.9966,0.9971,0.9973,0.9977,0.9980
0.9982,0.9983,0.9985,0.9987,0.9989,0.9990,0.9991,0.9993,0.9993,0.9994
0.9994,0.9995,0.9996,0.9997,0.9997,0.9998,0.9998,0.9998,0.9999,0.9999
0.9999,0.9999,0.9999,1.0000,1.0000,1.0000,1.0000,1.0000,1.0000,1.0000
1.0000,1.0000,1.0000,1.0000,1.0000,1.0000,1.0000,1.0000,1.0000,1.0000
