; Lookup table
;number of bins in Meek's time to distance lookup table
hdriftbins=138
;number of 1st bin in Meek's table in ns
hdrift1stbin=-24
;bin size in ns of Meek's table
hdriftbinsz=2
hwc1x1fract=0.0001,0.0003,0.0005,0.0007,0.0009,0.0011,0.0013,0.0015
0.0017,0.0019,0.0022,0.0025,0.0028,0.0031,0.0034,0.0040,0.0047,0.0058
0.0076,0.0104,0.0151,0.0217,0.0303,0.0409,0.0528,0.0660,0.0802,0.0953
0.1121,0.1300,0.1482,0.1675,0.1871,0.2072,0.2278,0.2489,0.2705,0.2924
0.3145,0.3371,0.3591,0.3816,0.4035,0.4254,0.4479,0.4699,0.4919,0.5135
0.5348,0.5563,0.5776,0.5988,0.6196,0.6401,0.6606,0.6801,0.6997,0.7188
0.7382,0.7564,0.7742,0.7913,0.8080,0.8235,0.8386,0.8526,0.8653,0.8777
0.8887,0.8989,0.9083,0.9172,0.9253,0.9328,0.9396,0.9460,0.9515,0.9567
0.9615,0.9655,0.9693,0.9723,0.9750,0.9772,0.9789,0.9807,0.9820,0.9831
0.9841,0.9850,0.9858,0.9864,0.9871,0.9876,0.9881,0.9886,0.9891,0.9895
0.9899,0.9903,0.9907,0.9911,0.9914,0.9917,0.9920,0.9924,0.9927,0.9930
0.9932,0.9935,0.9938,0.9940,0.9943,0.9946,0.9949,0.9952,0.9954,0.9957
0.9959,0.9961,0.9963,0.9966,0.9969,0.9971,0.9973,0.9976,0.9978,0.9981
0.9983,0.9985,0.9987,0.9988,0.9991,0.9993,0.9994,0.9996,0.9998,1.0000
hwc1y1fract=0.0002,0.0003,0.0005,0.0006,0.0008,0.0009,0.0012,0.0014
0.0016,0.0018,0.0021,0.0024,0.0027,0.0030,0.0035,0.0040,0.0046,0.0057
0.0073,0.0096,0.0137,0.0202,0.0294,0.0410,0.0558,0.0726,0.0912,0.1109
0.1316,0.1528,0.1748,0.1972,0.2199,0.2422,0.2646,0.2874,0.3095,0.3316
0.3540,0.3762,0.3979,0.4200,0.4414,0.4626,0.4837,0.5043,0.5249,0.5453
0.5654,0.5857,0.6054,0.6258,0.6454,0.6650,0.6843,0.7028,0.7215,0.7400
0.7580,0.7753,0.7920,0.8088,0.8244,0.8395,0.8532,0.8665,0.8787,0.8896
0.8998,0.9088,0.9170,0.9243,0.9309,0.9365,0.9420,0.9468,0.9514,0.9557
0.9594,0.9628,0.9660,0.9689,0.9712,0.9734,0.9754,0.9772,0.9788,0.9804
0.9817,0.9828,0.9838,0.9846,0.9854,0.9862,0.9869,0.9876,0.9881,0.9887
0.9892,0.9897,0.9901,0.9905,0.9910,0.9913,0.9916,0.9920,0.9923,0.9927
0.9930,0.9933,0.9937,0.9939,0.9942,0.9946,0.9949,0.9952,0.9954,0.9957
0.9959,0.9962,0.9965,0.9967,0.9969,0.9972,0.9974,0.9976,0.9978,0.9980
0.9982,0.9984,0.9987,0.9989,0.9990,0.9992,0.9994,0.9996,0.9998,1.0000
hwc1u1fract=0.0001,0.0002,0.0004,0.0005,0.0006,0.0007,0.0008,0.0010
0.0011,0.0013,0.0014,0.0015,0.0016,0.0018,0.0019,0.0021,0.0026,0.0034
0.0049,0.0081,0.0141,0.0230,0.0346,0.0482,0.0642,0.0810,0.0994,0.1186
0.1388,0.1595,0.1810,0.2024,0.2243,0.2464,0.2686,0.2906,0.3127,0.3345
0.3568,0.3785,0.3997,0.4210,0.4423,0.4633,0.4847,0.5053,0.5258,0.5466
0.5669,0.5870,0.6067,0.6265,0.6462,0.6652,0.6844,0.7033,0.7214,0.7402
0.7584,0.7756,0.7928,0.8089,0.8243,0.8390,0.8528,0.8651,0.8764,0.8872
0.8969,0.9057,0.9138,0.9210,0.9276,0.9336,0.9394,0.9447,0.9495,0.9540
0.9581,0.9620,0.9655,0.9684,0.9711,0.9734,0.9754,0.9772,0.9788,0.9802
0.9814,0.9825,0.9837,0.9846,0.9854,0.9862,0.9869,0.9875,0.9881,0.9886
0.9891,0.9897,0.9901,0.9906,0.9910,0.9913,0.9917,0.9921,0.9924,0.9927
0.9930,0.9934,0.9937,0.9940,0.9943,0.9946,0.9948,0.9951,0.9954,0.9956
0.9959,0.9961,0.9964,0.9966,0.9969,0.9971,0.9974,0.9976,0.9978,0.9980
0.9982,0.9984,0.9986,0.9988,0.9990,0.9992,0.9994,0.9996,0.9998,1.0000
hwc1v1fract=0.0001,0.0002,0.0003,0.0005,0.0006,0.0007,0.0008,0.0009
0.0011,0.0012,0.0014,0.0015,0.0017,0.0019,0.0021,0.0024,0.0029,0.0039
0.0058,0.0096,0.0157,0.0251,0.0371,0.0518,0.0682,0.0864,0.1056,0.1258
0.1467,0.1683,0.1904,0.2127,0.2353,0.2569,0.2794,0.3017,0.3232,0.3450
0.3671,0.3890,0.4112,0.4324,0.4534,0.4740,0.4948,0.5155,0.5359,0.5563
0.5764,0.5964,0.6157,0.6350,0.6546,0.6736,0.6926,0.7115,0.7294,0.7475
0.7652,0.7828,0.7995,0.8159,0.8313,0.8463,0.8601,0.8721,0.8833,0.8936
0.9028,0.9110,0.9185,0.9254,0.9317,0.9376,0.9430,0.9478,0.9523,0.9562
0.9599,0.9633,0.9666,0.9694,0.9720,0.9742,0.9761,0.9777,0.9792,0.9805
0.9817,0.9829,0.9838,0.9847,0.9855,0.9862,0.9868,0.9875,0.9881,0.9886
0.9891,0.9896,0.9901,0.9905,0.9909,0.9914,0.9917,0.9921,0.9924,0.9927
0.9930,0.9934,0.9936,0.9939,0.9942,0.9945,0.9948,0.9951,0.9953,0.9956
0.9959,0.9961,0.9964,0.9966,0.9969,0.9971,0.9974,0.9976,0.9978,0.9980
0.9982,0.9984,0.9986,0.9989,0.9991,0.9992,0.9994,0.9996,0.9998,1.0000
hwc1y2fract=0.0001,0.0003,0.0004,0.0005,0.0007,0.0008,0.0010,0.0011
0.0013,0.0015,0.0016,0.0018,0.0020,0.0022,0.0025,0.0029,0.0036,0.0046
0.0064,0.0092,0.0140,0.0216,0.0319,0.0450,0.0603,0.0774,0.0962,0.1157
0.1365,0.1577,0.1801,0.2021,0.2249,0.2475,0.2700,0.2932,0.3151,0.3373
0.3596,0.3818,0.4032,0.4243,0.4458,0.4671,0.4883,0.5085,0.5292,0.5496
0.5698,0.5900,0.6099,0.6293,0.6491,0.6682,0.6877,0.7066,0.7252,0.7433
0.7611,0.7788,0.7956,0.8114,0.8268,0.8411,0.8549,0.8677,0.8793,0.8900
0.8995,0.9083,0.9163,0.9235,0.9300,0.9359,0.9412,0.9461,0.9507,0.9550
0.9587,0.9625,0.9656,0.9682,0.9706,0.9728,0.9746,0.9762,0.9778,0.9793
0.9806,0.9817,0.9827,0.9837,0.9845,0.9854,0.9861,0.9867,0.9873,0.9879
0.9884,0.9889,0.9895,0.9899,0.9903,0.9907,0.9911,0.9915,0.9918,0.9922
0.9926,0.9929,0.9932,0.9936,0.9938,0.9941,0.9944,0.9946,0.9949,0.9952
0.9954,0.9957,0.9960,0.9962,0.9965,0.9968,0.9970,0.9973,0.9976,0.9978
0.9980,0.9983,0.9985,0.9987,0.9990,0.9992,0.9994,0.9997,0.9999,1.0000
hwc1x2fract=0.0002,0.0003,0.0005,0.0006,0.0007,0.0009,0.0011,0.0012
0.0014,0.0016,0.0018,0.0021,0.0023,0.0027,0.0033,0.0042,0.0058,0.0084
0.0126,0.0186,0.0262,0.0360,0.0475,0.0605,0.0746,0.0901,0.1064,0.1235
0.1417,0.1608,0.1807,0.2008,0.2215,0.2421,0.2636,0.2855,0.3077,0.3296
0.3523,0.3740,0.3961,0.4183,0.4397,0.4614,0.4834,0.5052,0.5269,0.5479
0.5687,0.5898,0.6111,0.6312,0.6516,0.6708,0.6901,0.7097,0.7284,0.7472
0.7652,0.7821,0.7991,0.8153,0.8305,0.8444,0.8582,0.8705,0.8820,0.8928
0.9023,0.9116,0.9202,0.9278,0.9349,0.9415,0.9473,0.9525,0.9573,0.9618
0.9656,0.9689,0.9720,0.9746,0.9765,0.9782,0.9799,0.9813,0.9824,0.9833
0.9842,0.9850,0.9858,0.9864,0.9869,0.9874,0.9878,0.9883,0.9887,0.9891
0.9894,0.9898,0.9901,0.9905,0.9908,0.9912,0.9915,0.9919,0.9922,0.9925
0.9928,0.9931,0.9934,0.9938,0.9940,0.9943,0.9945,0.9949,0.9951,0.9954
0.9957,0.9959,0.9962,0.9964,0.9967,0.9969,0.9972,0.9974,0.9976,0.9979
0.9981,0.9984,0.9986,0.9988,0.9990,0.9992,0.9994,0.9996,0.9998,1.0000
hwc2x1fract=0.0002,0.0004,0.0005,0.0007,0.0009,0.0011,0.0013,0.0016
0.0018,0.0021,0.0023,0.0026,0.0030,0.0036,0.0041,0.0049,0.0062,0.0082
0.0112,0.0157,0.0218,0.0304,0.0406,0.0528,0.0667,0.0819,0.0984,0.1159
0.1343,0.1534,0.1730,0.1932,0.2145,0.2358,0.2572,0.2793,0.3014,0.3235
0.3459,0.3682,0.3906,0.4128,0.4353,0.4572,0.4791,0.5008,0.5223,0.5437
0.5651,0.5856,0.6069,0.6279,0.6479,0.6680,0.6876,0.7069,0.7262,0.7450
0.7639,0.7821,0.7994,0.8162,0.8316,0.8466,0.8605,0.8730,0.8845,0.8951
0.9046,0.9135,0.9217,0.9289,0.9357,0.9420,0.9477,0.9529,0.9580,0.9621
0.9659,0.9693,0.9722,0.9747,0.9768,0.9787,0.9803,0.9817,0.9829,0.9840
0.9849,0.9857,0.9863,0.9870,0.9876,0.9881,0.9887,0.9892,0.9895,0.9899
0.9903,0.9907,0.9911,0.9914,0.9918,0.9922,0.9924,0.9928,0.9931,0.9934
0.9937,0.9939,0.9942,0.9945,0.9947,0.9949,0.9952,0.9954,0.9956,0.9958
0.9961,0.9963,0.9965,0.9967,0.9970,0.9972,0.9974,0.9977,0.9979,0.9981
0.9983,0.9985,0.9987,0.9989,0.9991,0.9993,0.9995,0.9996,0.9998,1.0000
hwc2y1fract=0.0001,0.0002,0.0003,0.0004,0.0005,0.0007,0.0008,0.0009
0.0011,0.0012,0.0014,0.0016,0.0018,0.0019,0.0022,0.0025,0.0030,0.0039
0.0051,0.0073,0.0116,0.0185,0.0282,0.0407,0.0563,0.0737,0.0931,0.1141
0.1359,0.1584,0.1809,0.2037,0.2267,0.2498,0.2727,0.2960,0.3188,0.3417
0.3642,0.3867,0.4087,0.4301,0.4513,0.4726,0.4935,0.5139,0.5345,0.5549
0.5754,0.5956,0.6157,0.6356,0.6554,0.6747,0.6938,0.7125,0.7313,0.7495
0.7671,0.7846,0.8017,0.8182,0.8337,0.8483,0.8620,0.8749,0.8869,0.8978
0.9074,0.9158,0.9232,0.9301,0.9364,0.9416,0.9466,0.9509,0.9550,0.9587
0.9623,0.9655,0.9683,0.9708,0.9730,0.9749,0.9766,0.9782,0.9796,0.9808
0.9819,0.9829,0.9838,0.9848,0.9856,0.9863,0.9870,0.9875,0.9881,0.9886
0.9890,0.9895,0.9900,0.9904,0.9908,0.9912,0.9915,0.9919,0.9922,0.9925
0.9929,0.9933,0.9936,0.9939,0.9942,0.9944,0.9948,0.9950,0.9952,0.9955
0.9957,0.9960,0.9962,0.9965,0.9967,0.9970,0.9972,0.9974,0.9976,0.9979
0.9981,0.9983,0.9985,0.9988,0.9990,0.9992,0.9994,0.9996,0.9998,1.0000
hwc2u1fract=0.0001,0.0002,0.0004,0.0005,0.0006,0.0007,0.0008,0.0010
0.0011,0.0012,0.0014,0.0015,0.0017,0.0019,0.0021,0.0024,0.0031,0.0044
0.0071,0.0124,0.0211,0.0338,0.0487,0.0661,0.0853,0.1055,0.1271,0.1490
0.1715,0.1946,0.2178,0.2408,0.2636,0.2860,0.3088,0.3309,0.3529,0.3745
0.3965,0.4177,0.4387,0.4596,0.4800,0.5005,0.5211,0.5413,0.5616,0.5817
0.6020,0.6212,0.6409,0.6601,0.6790,0.6979,0.7168,0.7353,0.7540,0.7718
0.7891,0.8055,0.8217,0.8372,0.8513,0.8650,0.8770,0.8881,0.8983,0.9073
0.9156,0.9228,0.9295,0.9352,0.9405,0.9454,0.9500,0.9539,0.9576,0.9611
0.9643,0.9670,0.9695,0.9719,0.9741,0.9759,0.9776,0.9791,0.9804,0.9815
0.9826,0.9835,0.9844,0.9852,0.9860,0.9866,0.9872,0.9878,0.9884,0.9888
0.9893,0.9897,0.9902,0.9906,0.9910,0.9914,0.9918,0.9922,0.9925,0.9929
0.9932,0.9936,0.9939,0.9941,0.9944,0.9947,0.9950,0.9952,0.9955,0.9957
0.9960,0.9962,0.9964,0.9967,0.9969,0.9971,0.9974,0.9976,0.9979,0.9981
0.9983,0.9984,0.9986,0.9989,0.9990,0.9993,0.9995,0.9996,0.9998,1.0000
hwc2v1fract=0.0001,0.0003,0.0004,0.0005,0.0007,0.0008,0.0009,0.0011
0.0012,0.0014,0.0016,0.0017,0.0019,0.0022,0.0024,0.0027,0.0031,0.0038
0.0052,0.0082,0.0139,0.0230,0.0353,0.0504,0.0676,0.0868,0.1072,0.1287
0.1508,0.1741,0.1965,0.2196,0.2424,0.2654,0.2877,0.3103,0.3331,0.3554
0.3773,0.3997,0.4211,0.4424,0.4635,0.4841,0.5049,0.5250,0.5455,0.5659
0.5856,0.6059,0.6252,0.6447,0.6636,0.6828,0.7016,0.7203,0.7387,0.7570
0.7747,0.7922,0.8088,0.8248,0.8401,0.8542,0.8673,0.8797,0.8907,0.9007
0.9096,0.9176,0.9245,0.9308,0.9363,0.9418,0.9467,0.9511,0.9552,0.9590
0.9626,0.9657,0.9684,0.9710,0.9733,0.9752,0.9768,0.9784,0.9799,0.9811
0.9822,0.9831,0.9840,0.9850,0.9857,0.9864,0.9871,0.9877,0.9882,0.9888
0.9893,0.9898,0.9902,0.9907,0.9911,0.9915,0.9919,0.9922,0.9925,0.9929
0.9933,0.9936,0.9939,0.9942,0.9945,0.9948,0.9951,0.9953,0.9955,0.9958
0.9961,0.9963,0.9965,0.9967,0.9970,0.9972,0.9974,0.9976,0.9979,0.9981
0.9983,0.9985,0.9987,0.9989,0.9990,0.9992,0.9994,0.9996,0.9998,1.0000
hwc2y2fract=0.0001,0.0003,0.0004,0.0005,0.0006,0.0008,0.0009,0.0012
0.0013,0.0015,0.0016,0.0018,0.0020,0.0022,0.0025,0.0029,0.0034,0.0043
0.0057,0.0080,0.0123,0.0192,0.0290,0.0419,0.0576,0.0755,0.0952,0.1162
0.1380,0.1605,0.1832,0.2060,0.2293,0.2526,0.2753,0.2980,0.3206,0.3433
0.3656,0.3878,0.4101,0.4316,0.4532,0.4746,0.4958,0.5162,0.5367,0.5571
0.5777,0.5980,0.6182,0.6379,0.6577,0.6772,0.6962,0.7150,0.7337,0.7522
0.7696,0.7874,0.8041,0.8203,0.8360,0.8504,0.8641,0.8765,0.8884,0.8988
0.9080,0.9164,0.9239,0.9307,0.9369,0.9422,0.9472,0.9518,0.9557,0.9596
0.9628,0.9658,0.9686,0.9709,0.9730,0.9751,0.9769,0.9785,0.9798,0.9810
0.9820,0.9831,0.9839,0.9848,0.9855,0.9862,0.9868,0.9873,0.9880,0.9885
0.9890,0.9895,0.9899,0.9904,0.9908,0.9912,0.9915,0.9919,0.9922,0.9926
0.9930,0.9933,0.9936,0.9939,0.9942,0.9945,0.9948,0.9951,0.9953,0.9956
0.9958,0.9961,0.9964,0.9966,0.9968,0.9971,0.9973,0.9975,0.9977,0.9979
0.9982,0.9984,0.9986,0.9988,0.9990,0.9992,0.9994,0.9996,0.9998,1.0000
hwc2x2fract=0.0001,0.0003,0.0004,0.0006,0.0007,0.0009,0.0011,0.0013
0.0015,0.0017,0.0020,0.0022,0.0025,0.0028,0.0032,0.0038,0.0046,0.0059
0.0081,0.0118,0.0181,0.0263,0.0367,0.0490,0.0627,0.0781,0.0947,0.1120
0.1306,0.1497,0.1698,0.1902,0.2115,0.2330,0.2552,0.2775,0.2992,0.3221
0.3444,0.3671,0.3892,0.4117,0.4336,0.4556,0.4775,0.4985,0.5194,0.5404
0.5615,0.5826,0.6032,0.6241,0.6439,0.6641,0.6836,0.7035,0.7227,0.7422
0.7611,0.7793,0.7961,0.8130,0.8285,0.8433,0.8572,0.8699,0.8819,0.8925
0.9023,0.9114,0.9194,0.9269,0.9338,0.9400,0.9457,0.9510,0.9559,0.9603
0.9643,0.9678,0.9709,0.9734,0.9755,0.9775,0.9793,0.9808,0.9820,0.9831
0.9840,0.9849,0.9857,0.9864,0.9870,0.9876,0.9881,0.9886,0.9891,0.9895
0.9899,0.9904,0.9908,0.9911,0.9915,0.9919,0.9921,0.9924,0.9928,0.9931
0.9933,0.9935,0.9938,0.9940,0.9943,0.9945,0.9948,0.9951,0.9953,0.9956
0.9958,0.9961,0.9963,0.9965,0.9968,0.9970,0.9973,0.9975,0.9977,0.9979
0.9982,0.9984,0.9986,0.9988,0.9990,0.9992,0.9994,0.9996,0.9998,1.0000
