; Lookup table
;number of bins in Meek's time to distance lookup table
hdriftbins=138
;number of 1st bin in Meek's table in ns
hdrift1stbin=-24
;bin size in ns of Meek's table
hdriftbinsz=2
hwc1x1fract=0.0001,0.0002,0.0003,0.0004,0.0005,0.0006,0.0008,0.0009
0.0011,0.0012,0.0015,0.0017,0.0020,0.0025,0.0032,0.0046,0.0065,0.0092
0.0128,0.0176,0.0243,0.0330,0.0440,0.0571,0.0723,0.0890,0.1073,0.1269
0.1475,0.1687,0.1905,0.2122,0.2349,0.2578,0.2805,0.3037,0.3272,0.3504
0.3733,0.3960,0.4189,0.4417,0.4642,0.4864,0.5085,0.5301,0.5514,0.5727
0.5937,0.6148,0.6355,0.6559,0.6762,0.6959,0.7150,0.7343,0.7532,0.7715
0.7896,0.8064,0.8230,0.8383,0.8528,0.8664,0.8787,0.8902,0.9006,0.9098
0.9186,0.9262,0.9333,0.9399,0.9459,0.9515,0.9566,0.9612,0.9654,0.9693
0.9728,0.9758,0.9786,0.9811,0.9833,0.9852,0.9869,0.9883,0.9895,0.9906
0.9914,0.9922,0.9929,0.9935,0.9940,0.9944,0.9948,0.9952,0.9955,0.9959
0.9961,0.9964,0.9966,0.9969,0.9971,0.9973,0.9975,0.9976,0.9978,0.9979
0.9980,0.9981,0.9982,0.9983,0.9985,0.9986,0.9986,0.9987,0.9988,0.9989
0.9990,0.9990,0.9991,0.9992,0.9992,0.9993,0.9993,0.9994,0.9995,0.9995
0.9996,0.9997,0.9997,0.9998,0.9998,0.9998,0.9999,0.9999,1.0000,1.0000
hwc1y1fract=0.0001,0.0002,0.0003,0.0004,0.0005,0.0006,0.0008,0.0010
0.0011,0.0014,0.0016,0.0019,0.0023,0.0027,0.0034,0.0044,0.0058,0.0078
0.0112,0.0165,0.0252,0.0374,0.0533,0.0720,0.0932,0.1162,0.1404,0.1653
0.1904,0.2154,0.2401,0.2647,0.2888,0.3125,0.3360,0.3592,0.3823,0.4046
0.4268,0.4486,0.4701,0.4911,0.5120,0.5327,0.5534,0.5737,0.5937,0.6138
0.6339,0.6536,0.6733,0.6930,0.7119,0.7305,0.7491,0.7670,0.7847,0.8023
0.8190,0.8352,0.8505,0.8652,0.8787,0.8912,0.9025,0.9123,0.9210,0.9289
0.9359,0.9419,0.9471,0.9520,0.9564,0.9603,0.9638,0.9670,0.9699,0.9726
0.9751,0.9773,0.9792,0.9810,0.9827,0.9841,0.9854,0.9865,0.9875,0.9885
0.9892,0.9900,0.9908,0.9915,0.9921,0.9926,0.9931,0.9936,0.9940,0.9944
0.9949,0.9952,0.9956,0.9958,0.9962,0.9964,0.9967,0.9969,0.9972,0.9973
0.9976,0.9978,0.9979,0.9981,0.9982,0.9984,0.9985,0.9987,0.9988,0.9989
0.9990,0.9991,0.9992,0.9992,0.9993,0.9994,0.9994,0.9995,0.9996,0.9996
0.9996,0.9997,0.9997,0.9998,0.9998,0.9999,0.9999,0.9999,1.0000,1.0000
hwc1u1fract=0.0000,0.0001,0.0001,0.0001,0.0002,0.0002,0.0003,0.0003
0.0004,0.0004,0.0005,0.0005,0.0006,0.0008,0.0012,0.0023,0.0042,0.0070
0.0106,0.0157,0.0231,0.0334,0.0470,0.0632,0.0817,0.1026,0.1245,0.1472
0.1705,0.1936,0.2171,0.2411,0.2646,0.2880,0.3114,0.3348,0.3574,0.3800
0.4027,0.4249,0.4468,0.4684,0.4899,0.5111,0.5317,0.5524,0.5730,0.5935
0.6140,0.6340,0.6538,0.6733,0.6925,0.7118,0.7305,0.7492,0.7677,0.7854
0.8025,0.8188,0.8346,0.8497,0.8635,0.8763,0.8882,0.8990,0.9083,0.9166
0.9242,0.9310,0.9370,0.9425,0.9476,0.9523,0.9566,0.9606,0.9643,0.9677
0.9708,0.9736,0.9762,0.9786,0.9806,0.9823,0.9839,0.9853,0.9865,0.9876
0.9886,0.9895,0.9902,0.9910,0.9916,0.9921,0.9927,0.9932,0.9937,0.9941
0.9945,0.9949,0.9953,0.9956,0.9959,0.9961,0.9965,0.9967,0.9969,0.9971
0.9973,0.9975,0.9977,0.9979,0.9981,0.9982,0.9984,0.9985,0.9986,0.9987
0.9989,0.9990,0.9990,0.9991,0.9992,0.9993,0.9994,0.9994,0.9995,0.9996
0.9996,0.9997,0.9997,0.9997,0.9998,0.9998,0.9999,0.9999,1.0000,1.0000
hwc1v1fract=0.0000,0.0001,0.0001,0.0001,0.0002,0.0002,0.0002,0.0003
0.0004,0.0005,0.0005,0.0006,0.0008,0.0009,0.0012,0.0016,0.0023,0.0036
0.0062,0.0111,0.0193,0.0313,0.0466,0.0651,0.0855,0.1080,0.1316,0.1557
0.1797,0.2037,0.2280,0.2517,0.2752,0.2988,0.3219,0.3448,0.3672,0.3893
0.4110,0.4327,0.4544,0.4756,0.4966,0.5175,0.5381,0.5585,0.5785,0.5986
0.6185,0.6384,0.6576,0.6771,0.6962,0.7151,0.7336,0.7522,0.7704,0.7885
0.8060,0.8230,0.8389,0.8541,0.8684,0.8816,0.8932,0.9038,0.9130,0.9215
0.9286,0.9349,0.9405,0.9457,0.9502,0.9545,0.9584,0.9621,0.9654,0.9686
0.9716,0.9741,0.9766,0.9788,0.9808,0.9825,0.9838,0.9852,0.9864,0.9874
0.9883,0.9892,0.9899,0.9906,0.9913,0.9919,0.9925,0.9930,0.9935,0.9939
0.9943,0.9946,0.9950,0.9953,0.9956,0.9959,0.9962,0.9965,0.9968,0.9970
0.9973,0.9975,0.9976,0.9978,0.9980,0.9982,0.9983,0.9985,0.9986,0.9987
0.9988,0.9989,0.9990,0.9991,0.9992,0.9993,0.9994,0.9994,0.9995,0.9995
0.9996,0.9997,0.9997,0.9998,0.9998,0.9999,0.9999,0.9999,1.0000,1.0000
hwc1y2fract=0.0001,0.0001,0.0002,0.0002,0.0003,0.0003,0.0004,0.0005
0.0006,0.0008,0.0009,0.0011,0.0013,0.0017,0.0022,0.0030,0.0045,0.0071
0.0114,0.0183,0.0284,0.0419,0.0584,0.0779,0.0996,0.1223,0.1465,0.1710
0.1958,0.2207,0.2456,0.2701,0.2943,0.3175,0.3407,0.3640,0.3867,0.4090
0.4311,0.4525,0.4741,0.4953,0.5160,0.5364,0.5567,0.5770,0.5965,0.6167
0.6369,0.6565,0.6761,0.6952,0.7142,0.7324,0.7505,0.7682,0.7859,0.8026
0.8193,0.8348,0.8496,0.8635,0.8762,0.8881,0.8987,0.9084,0.9171,0.9246
0.9316,0.9377,0.9432,0.9480,0.9524,0.9566,0.9602,0.9635,0.9667,0.9696
0.9721,0.9746,0.9767,0.9785,0.9802,0.9819,0.9833,0.9845,0.9856,0.9867
0.9877,0.9887,0.9894,0.9901,0.9909,0.9914,0.9920,0.9925,0.9930,0.9935
0.9939,0.9944,0.9948,0.9951,0.9955,0.9958,0.9961,0.9964,0.9967,0.9969
0.9972,0.9974,0.9976,0.9978,0.9980,0.9982,0.9983,0.9985,0.9986,0.9986
0.9988,0.9989,0.9990,0.9990,0.9992,0.9992,0.9993,0.9994,0.9995,0.9995
0.9996,0.9996,0.9997,0.9997,0.9998,0.9998,0.9999,0.9999,1.0000,1.0000
hwc1x2fract=0.0000,0.0001,0.0002,0.0002,0.0003,0.0004,0.0004,0.0005
0.0007,0.0008,0.0009,0.0011,0.0013,0.0017,0.0022,0.0030,0.0046,0.0071
0.0109,0.0167,0.0249,0.0355,0.0484,0.0637,0.0810,0.0995,0.1199,0.1410
0.1630,0.1855,0.2085,0.2321,0.2555,0.2788,0.3025,0.3260,0.3489,0.3720
0.3949,0.4176,0.4399,0.4623,0.4842,0.5057,0.5269,0.5478,0.5691,0.5903
0.6109,0.6312,0.6513,0.6713,0.6908,0.7104,0.7295,0.7485,0.7670,0.7848
0.8019,0.8184,0.8342,0.8488,0.8627,0.8752,0.8870,0.8975,0.9068,0.9155
0.9232,0.9304,0.9371,0.9431,0.9488,0.9540,0.9590,0.9630,0.9669,0.9705
0.9738,0.9768,0.9795,0.9817,0.9836,0.9852,0.9867,0.9880,0.9892,0.9901
0.9910,0.9917,0.9924,0.9930,0.9936,0.9940,0.9945,0.9949,0.9952,0.9956
0.9958,0.9961,0.9964,0.9966,0.9968,0.9970,0.9973,0.9974,0.9976,0.9978
0.9979,0.9980,0.9982,0.9983,0.9984,0.9985,0.9986,0.9987,0.9988,0.9989
0.9990,0.9990,0.9991,0.9992,0.9992,0.9993,0.9994,0.9994,0.9995,0.9995
0.9996,0.9997,0.9997,0.9998,0.9998,0.9999,0.9999,0.9999,1.0000,1.0000
hwc2x1fract=0.0001,0.0002,0.0003,0.0004,0.0005,0.0006,0.0007,0.0009
0.0011,0.0013,0.0015,0.0018,0.0021,0.0025,0.0029,0.0037,0.0048,0.0068
0.0103,0.0151,0.0220,0.0309,0.0422,0.0553,0.0706,0.0876,0.1059,0.1253
0.1455,0.1667,0.1883,0.2101,0.2326,0.2553,0.2781,0.3010,0.3235,0.3467
0.3694,0.3926,0.4150,0.4377,0.4600,0.4825,0.5048,0.5267,0.5485,0.5703
0.5915,0.6129,0.6336,0.6543,0.6752,0.6957,0.7157,0.7355,0.7551,0.7737
0.7919,0.8096,0.8264,0.8428,0.8578,0.8714,0.8840,0.8955,0.9059,0.9150
0.9234,0.9312,0.9380,0.9442,0.9499,0.9551,0.9600,0.9644,0.9686,0.9722
0.9755,0.9784,0.9811,0.9834,0.9853,0.9869,0.9883,0.9894,0.9904,0.9914
0.9921,0.9928,0.9934,0.9940,0.9944,0.9948,0.9953,0.9956,0.9959,0.9962
0.9964,0.9966,0.9969,0.9971,0.9973,0.9975,0.9976,0.9978,0.9979,0.9981
0.9982,0.9983,0.9984,0.9985,0.9986,0.9987,0.9988,0.9989,0.9989,0.9990
0.9991,0.9991,0.9992,0.9993,0.9993,0.9994,0.9994,0.9995,0.9996,0.9996
0.9996,0.9997,0.9997,0.9998,0.9998,0.9999,0.9999,0.9999,1.0000,1.0000
hwc2y1fract=0.0000,0.0001,0.0002,0.0002,0.0003,0.0004,0.0004,0.0005
0.0007,0.0007,0.0009,0.0010,0.0012,0.0014,0.0018,0.0024,0.0033,0.0048
0.0078,0.0131,0.0214,0.0335,0.0492,0.0683,0.0898,0.1133,0.1381,0.1636
0.1889,0.2144,0.2395,0.2646,0.2888,0.3127,0.3361,0.3593,0.3821,0.4045
0.4267,0.4489,0.4704,0.4916,0.5129,0.5339,0.5543,0.5748,0.5953,0.6157
0.6358,0.6559,0.6757,0.6951,0.7146,0.7335,0.7523,0.7706,0.7889,0.8065
0.8237,0.8401,0.8558,0.8704,0.8839,0.8963,0.9075,0.9176,0.9265,0.9344
0.9412,0.9471,0.9523,0.9567,0.9608,0.9644,0.9678,0.9708,0.9734,0.9760
0.9784,0.9804,0.9822,0.9837,0.9852,0.9864,0.9875,0.9885,0.9893,0.9900
0.9907,0.9913,0.9919,0.9924,0.9929,0.9933,0.9937,0.9941,0.9944,0.9948
0.9951,0.9953,0.9956,0.9959,0.9961,0.9963,0.9966,0.9968,0.9970,0.9972
0.9974,0.9976,0.9978,0.9980,0.9981,0.9982,0.9984,0.9985,0.9986,0.9988
0.9989,0.9990,0.9991,0.9992,0.9993,0.9993,0.9994,0.9995,0.9995,0.9996
0.9996,0.9997,0.9997,0.9998,0.9998,0.9999,0.9999,0.9999,1.0000,1.0000
hwc2u1fract=0.0000,0.0001,0.0001,0.0001,0.0001,0.0002,0.0002,0.0003
0.0003,0.0004,0.0005,0.0005,0.0006,0.0007,0.0008,0.0010,0.0013,0.0020
0.0033,0.0067,0.0133,0.0241,0.0391,0.0580,0.0796,0.1032,0.1278,0.1532
0.1789,0.2041,0.2290,0.2535,0.2777,0.3017,0.3252,0.3482,0.3709,0.3933
0.4153,0.4373,0.4593,0.4801,0.5012,0.5221,0.5426,0.5633,0.5835,0.6034
0.6233,0.6434,0.6630,0.6823,0.7017,0.7206,0.7394,0.7578,0.7760,0.7937
0.8111,0.8283,0.8446,0.8598,0.8740,0.8874,0.8995,0.9103,0.9198,0.9281
0.9355,0.9418,0.9473,0.9522,0.9565,0.9606,0.9641,0.9675,0.9705,0.9733
0.9758,0.9782,0.9801,0.9819,0.9834,0.9848,0.9860,0.9871,0.9880,0.9889
0.9896,0.9903,0.9909,0.9915,0.9920,0.9925,0.9930,0.9934,0.9938,0.9941
0.9945,0.9947,0.9950,0.9953,0.9956,0.9959,0.9962,0.9964,0.9967,0.9969
0.9971,0.9974,0.9976,0.9978,0.9980,0.9981,0.9983,0.9984,0.9986,0.9987
0.9988,0.9989,0.9990,0.9991,0.9992,0.9993,0.9993,0.9994,0.9995,0.9995
0.9996,0.9997,0.9997,0.9998,0.9998,0.9999,0.9999,0.9999,1.0000,1.0000
hwc2v1fract=0.0000,0.0001,0.0001,0.0001,0.0002,0.0002,0.0003,0.0004
0.0004,0.0005,0.0006,0.0007,0.0008,0.0010,0.0012,0.0016,0.0022,0.0033
0.0057,0.0108,0.0196,0.0327,0.0491,0.0692,0.0915,0.1157,0.1403,0.1655
0.1906,0.2159,0.2405,0.2651,0.2891,0.3130,0.3365,0.3594,0.3820,0.4045
0.4264,0.4482,0.4695,0.4907,0.5114,0.5322,0.5526,0.5729,0.5933,0.6137
0.6334,0.6534,0.6731,0.6924,0.7114,0.7303,0.7487,0.7674,0.7851,0.8029
0.8201,0.8367,0.8522,0.8674,0.8812,0.8941,0.9056,0.9157,0.9244,0.9320
0.9387,0.9444,0.9495,0.9541,0.9580,0.9617,0.9653,0.9684,0.9712,0.9739
0.9763,0.9786,0.9805,0.9823,0.9837,0.9851,0.9862,0.9873,0.9882,0.9890
0.9897,0.9903,0.9910,0.9916,0.9921,0.9926,0.9930,0.9934,0.9938,0.9941
0.9944,0.9948,0.9951,0.9955,0.9957,0.9960,0.9963,0.9966,0.9968,0.9971
0.9973,0.9975,0.9977,0.9979,0.9981,0.9982,0.9984,0.9986,0.9987,0.9988
0.9989,0.9990,0.9991,0.9991,0.9992,0.9993,0.9994,0.9995,0.9995,0.9996
0.9996,0.9997,0.9997,0.9998,0.9998,0.9999,0.9999,0.9999,1.0000,1.0000
hwc2y2fract=0.0001,0.0001,0.0002,0.0002,0.0003,0.0004,0.0005,0.0006
0.0008,0.0009,0.0010,0.0012,0.0015,0.0018,0.0023,0.0030,0.0042,0.0061
0.0095,0.0153,0.0243,0.0369,0.0529,0.0724,0.0944,0.1181,0.1426,0.1680
0.1937,0.2189,0.2442,0.2690,0.2935,0.3178,0.3414,0.3646,0.3876,0.4099
0.4320,0.4537,0.4753,0.4967,0.5178,0.5386,0.5591,0.5798,0.5998,0.6203
0.6404,0.6603,0.6803,0.6996,0.7187,0.7379,0.7567,0.7748,0.7928,0.8102
0.8270,0.8427,0.8580,0.8723,0.8856,0.8980,0.9087,0.9187,0.9273,0.9350
0.9418,0.9477,0.9528,0.9573,0.9613,0.9649,0.9681,0.9711,0.9739,0.9764
0.9785,0.9805,0.9822,0.9837,0.9850,0.9862,0.9873,0.9882,0.9891,0.9900
0.9907,0.9913,0.9919,0.9924,0.9929,0.9934,0.9938,0.9942,0.9945,0.9948
0.9951,0.9955,0.9958,0.9960,0.9963,0.9965,0.9967,0.9969,0.9971,0.9973
0.9975,0.9977,0.9979,0.9980,0.9982,0.9983,0.9985,0.9986,0.9988,0.9989
0.9990,0.9991,0.9992,0.9992,0.9993,0.9994,0.9995,0.9995,0.9996,0.9996
0.9997,0.9997,0.9997,0.9998,0.9998,0.9999,0.9999,0.9999,1.0000,1.0000
hwc2x2fract=0.0001,0.0001,0.0002,0.0003,0.0003,0.0004,0.0005,0.0006
0.0008,0.0009,0.0011,0.0013,0.0016,0.0019,0.0024,0.0031,0.0044,0.0067
0.0103,0.0158,0.0231,0.0327,0.0449,0.0593,0.0756,0.0936,0.1131,0.1339
0.1556,0.1780,0.2005,0.2237,0.2468,0.2701,0.2932,0.3160,0.3394,0.3629
0.3860,0.4089,0.4314,0.4536,0.4758,0.4979,0.5198,0.5417,0.5633,0.5843
0.6051,0.6259,0.6466,0.6673,0.6874,0.7070,0.7267,0.7461,0.7650,0.7832
0.8011,0.8182,0.8349,0.8505,0.8648,0.8782,0.8900,0.9006,0.9106,0.9196
0.9275,0.9347,0.9411,0.9470,0.9524,0.9572,0.9616,0.9656,0.9695,0.9729
0.9760,0.9788,0.9813,0.9833,0.9851,0.9867,0.9881,0.9893,0.9903,0.9912
0.9919,0.9926,0.9932,0.9937,0.9942,0.9947,0.9951,0.9955,0.9958,0.9961
0.9963,0.9966,0.9969,0.9971,0.9973,0.9975,0.9977,0.9978,0.9980,0.9981
0.9982,0.9983,0.9984,0.9985,0.9986,0.9987,0.9988,0.9989,0.9990,0.9990
0.9991,0.9992,0.9993,0.9993,0.9994,0.9995,0.9995,0.9995,0.9996,0.9996
0.9997,0.9997,0.9998,0.9998,0.9998,0.9999,0.9999,0.9999,1.0000,1.0000
