; Lookup table
;number of bins in Meek's time to distance lookup table
hdriftbins=138
;number of 1st bin in Meek's table in ns
hdrift1stbin=-24
;bin size in ns of Meek's table
hdriftbinsz=2
hwc1x1fract=0.0001,0.0002,0.0003,0.0003,0.0005,0.0006,0.0007,0.0008
0.0009,0.0010,0.0011,0.0013,0.0015,0.0017,0.0019,0.0023,0.0027,0.0035
0.0046,0.0061,0.0087,0.0130,0.0200,0.0288,0.0396,0.0519,0.0656,0.0805
0.0965,0.1135,0.1322,0.1510,0.1705,0.1907,0.2117,0.2333,0.2548,0.2757
0.2978,0.3198,0.3426,0.3646,0.3871,0.4095,0.4322,0.4538,0.4759,0.4984
0.5201,0.5420,0.5634,0.5843,0.6059,0.6278,0.6491,0.6695,0.6892,0.7094
0.7290,0.7485,0.7675,0.7859,0.8038,0.8206,0.8374,0.8533,0.8675,0.8807
0.8934,0.9051,0.9155,0.9255,0.9347,0.9426,0.9496,0.9556,0.9611,0.9663
0.9711,0.9753,0.9792,0.9822,0.9848,0.9871,0.9891,0.9906,0.9918,0.9927
0.9934,0.9942,0.9947,0.9951,0.9956,0.9959,0.9962,0.9964,0.9967,0.9969
0.9970,0.9972,0.9974,0.9976,0.9978,0.9980,0.9981,0.9982,0.9983,0.9984
0.9986,0.9987,0.9987,0.9988,0.9989,0.9989,0.9990,0.9991,0.9992,0.9992
0.9993,0.9993,0.9994,0.9994,0.9994,0.9995,0.9995,0.9995,0.9996,0.9996
0.9996,0.9997,0.9997,0.9998,0.9998,0.9999,0.9999,1.0000,1.0000,1.0000
hwc1y1fract=0.0001,0.0001,0.0002,0.0002,0.0004,0.0004,0.0006,0.0006
0.0008,0.0009,0.0010,0.0011,0.0013,0.0014,0.0017,0.0020,0.0025,0.0034
0.0049,0.0075,0.0121,0.0200,0.0312,0.0451,0.0619,0.0809,0.1010,0.1228
0.1451,0.1676,0.1898,0.2130,0.2365,0.2595,0.2831,0.3057,0.3286,0.3516
0.3747,0.3964,0.4179,0.4401,0.4620,0.4839,0.5046,0.5250,0.5452,0.5653
0.5856,0.6053,0.6254,0.6447,0.6648,0.6844,0.7035,0.7227,0.7418,0.7600
0.7790,0.7963,0.8134,0.8292,0.8454,0.8601,0.8743,0.8874,0.8999,0.9108
0.9205,0.9295,0.9369,0.9438,0.9497,0.9555,0.9605,0.9650,0.9689,0.9724
0.9752,0.9779,0.9802,0.9823,0.9843,0.9860,0.9876,0.9887,0.9900,0.9910
0.9921,0.9929,0.9936,0.9941,0.9946,0.9950,0.9955,0.9957,0.9960,0.9963
0.9966,0.9968,0.9971,0.9973,0.9975,0.9976,0.9979,0.9980,0.9981,0.9983
0.9984,0.9985,0.9986,0.9987,0.9987,0.9988,0.9989,0.9990,0.9991,0.9992
0.9992,0.9992,0.9993,0.9993,0.9994,0.9995,0.9995,0.9995,0.9995,0.9996
0.9996,0.9997,0.9998,0.9998,0.9998,0.9999,0.9999,0.9999,1.0000,1.0000
hwc1u1fract=0.0000,0.0000,0.0001,0.0001,0.0002,0.0002,0.0002,0.0003
0.0003,0.0003,0.0004,0.0004,0.0005,0.0005,0.0006,0.0007,0.0010,0.0014
0.0022,0.0039,0.0077,0.0144,0.0240,0.0368,0.0524,0.0691,0.0883,0.1085
0.1293,0.1515,0.1731,0.1952,0.2174,0.2400,0.2627,0.2852,0.3074,0.3302
0.3520,0.3741,0.3968,0.4191,0.4406,0.4614,0.4826,0.5035,0.5241,0.5443
0.5642,0.5836,0.6046,0.6244,0.6443,0.6642,0.6836,0.7028,0.7219,0.7408
0.7591,0.7772,0.7950,0.8125,0.8290,0.8449,0.8595,0.8729,0.8860,0.8977
0.9080,0.9176,0.9260,0.9337,0.9407,0.9471,0.9531,0.9583,0.9629,0.9670
0.9707,0.9741,0.9773,0.9798,0.9820,0.9841,0.9856,0.9871,0.9884,0.9895
0.9905,0.9914,0.9923,0.9929,0.9935,0.9939,0.9945,0.9948,0.9952,0.9955
0.9958,0.9962,0.9965,0.9968,0.9970,0.9972,0.9975,0.9977,0.9978,0.9980
0.9980,0.9982,0.9983,0.9985,0.9985,0.9986,0.9988,0.9988,0.9989,0.9990
0.9991,0.9992,0.9992,0.9993,0.9994,0.9994,0.9995,0.9995,0.9996,0.9996
0.9996,0.9997,0.9997,0.9998,0.9999,0.9999,0.9999,1.0000,1.0000,1.0000
hwc1v1fract=0.0000,0.0000,0.0001,0.0001,0.0001,0.0002,0.0002,0.0003
0.0003,0.0004,0.0004,0.0006,0.0007,0.0008,0.0011,0.0015,0.0023,0.0037
0.0067,0.0124,0.0208,0.0317,0.0460,0.0625,0.0802,0.0988,0.1185,0.1386
0.1587,0.1801,0.2021,0.2250,0.2472,0.2680,0.2890,0.3110,0.3326,0.3544
0.3755,0.3974,0.4184,0.4399,0.4613,0.4828,0.5032,0.5242,0.5448,0.5663
0.5870,0.6077,0.6278,0.6480,0.6680,0.6874,0.7070,0.7265,0.7459,0.7646
0.7831,0.8011,0.8181,0.8353,0.8518,0.8666,0.8801,0.8926,0.9044,0.9151
0.9244,0.9319,0.9386,0.9448,0.9508,0.9565,0.9611,0.9655,0.9699,0.9733
0.9765,0.9794,0.9817,0.9842,0.9860,0.9877,0.9890,0.9903,0.9912,0.9920
0.9927,0.9933,0.9938,0.9942,0.9948,0.9952,0.9955,0.9959,0.9962,0.9965
0.9968,0.9971,0.9974,0.9976,0.9977,0.9978,0.9980,0.9982,0.9983,0.9984
0.9985,0.9987,0.9988,0.9989,0.9989,0.9990,0.9991,0.9991,0.9992,0.9992
0.9993,0.9994,0.9994,0.9994,0.9994,0.9995,0.9995,0.9996,0.9996,0.9997
0.9997,0.9998,0.9998,0.9998,0.9998,0.9999,0.9999,1.0000,1.0000,1.0000
hwc1y2fract=0.0000,0.0001,0.0002,0.0002,0.0003,0.0003,0.0004,0.0004
0.0005,0.0005,0.0006,0.0006,0.0007,0.0007,0.0008,0.0010,0.0014,0.0019
0.0030,0.0054,0.0094,0.0156,0.0247,0.0374,0.0523,0.0698,0.0889,0.1101
0.1315,0.1529,0.1754,0.1985,0.2219,0.2440,0.2667,0.2894,0.3128,0.3355
0.3574,0.3794,0.4008,0.4226,0.4441,0.4653,0.4864,0.5084,0.5292,0.5498
0.5701,0.5904,0.6103,0.6310,0.6514,0.6717,0.6912,0.7107,0.7291,0.7476
0.7661,0.7834,0.8010,0.8170,0.8325,0.8482,0.8626,0.8766,0.8896,0.9009
0.9112,0.9200,0.9285,0.9361,0.9427,0.9486,0.9539,0.9590,0.9636,0.9675
0.9709,0.9742,0.9769,0.9791,0.9813,0.9832,0.9850,0.9862,0.9874,0.9886
0.9898,0.9907,0.9916,0.9925,0.9931,0.9937,0.9942,0.9947,0.9951,0.9954
0.9957,0.9960,0.9963,0.9965,0.9967,0.9970,0.9972,0.9974,0.9976,0.9978
0.9980,0.9981,0.9983,0.9984,0.9986,0.9987,0.9988,0.9988,0.9989,0.9989
0.9990,0.9991,0.9991,0.9993,0.9993,0.9994,0.9994,0.9995,0.9995,0.9996
0.9996,0.9997,0.9997,0.9997,0.9998,0.9998,0.9998,0.9999,0.9999,1.0000
hwc1x2fract=0.0000,0.0001,0.0001,0.0002,0.0002,0.0003,0.0004,0.0005
0.0006,0.0007,0.0008,0.0009,0.0010,0.0012,0.0015,0.0022,0.0031,0.0051
0.0078,0.0125,0.0195,0.0284,0.0391,0.0521,0.0669,0.0827,0.1001,0.1180
0.1367,0.1560,0.1758,0.1965,0.2173,0.2382,0.2599,0.2831,0.3052,0.3268
0.3494,0.3726,0.3950,0.4178,0.4392,0.4612,0.4831,0.5045,0.5264,0.5484
0.5695,0.5906,0.6115,0.6327,0.6530,0.6734,0.6934,0.7137,0.7329,0.7520
0.7702,0.7882,0.8059,0.8224,0.8382,0.8529,0.8681,0.8814,0.8939,0.9053
0.9159,0.9253,0.9338,0.9417,0.9487,0.9551,0.9605,0.9654,0.9699,0.9741
0.9780,0.9812,0.9839,0.9862,0.9883,0.9899,0.9911,0.9919,0.9928,0.9934
0.9941,0.9946,0.9950,0.9953,0.9957,0.9961,0.9963,0.9965,0.9967,0.9969
0.9971,0.9973,0.9975,0.9977,0.9978,0.9979,0.9981,0.9982,0.9983,0.9984
0.9985,0.9986,0.9987,0.9988,0.9989,0.9990,0.9991,0.9991,0.9992,0.9993
0.9993,0.9994,0.9994,0.9995,0.9995,0.9995,0.9996,0.9997,0.9997,0.9997
0.9998,0.9998,0.9998,0.9999,0.9999,0.9999,0.9999,1.0000,1.0000,1.0000
hwc2x1fract=0.0001,0.0001,0.0002,0.0003,0.0004,0.0005,0.0006,0.0007
0.0008,0.0009,0.0010,0.0012,0.0014,0.0018,0.0020,0.0024,0.0028,0.0038
0.0056,0.0089,0.0135,0.0196,0.0275,0.0380,0.0501,0.0648,0.0799,0.0964
0.1141,0.1328,0.1519,0.1723,0.1931,0.2143,0.2356,0.2578,0.2797,0.3013
0.3231,0.3459,0.3677,0.3904,0.4131,0.4354,0.4574,0.4792,0.5011,0.5228
0.5446,0.5663,0.5878,0.6099,0.6310,0.6526,0.6737,0.6950,0.7149,0.7352
0.7541,0.7728,0.7916,0.8091,0.8269,0.8435,0.8589,0.8733,0.8867,0.8987
0.9101,0.9211,0.9299,0.9381,0.9458,0.9527,0.9586,0.9642,0.9689,0.9729
0.9768,0.9800,0.9831,0.9855,0.9876,0.9894,0.9908,0.9917,0.9927,0.9934
0.9941,0.9948,0.9952,0.9955,0.9959,0.9962,0.9965,0.9967,0.9970,0.9972
0.9974,0.9976,0.9977,0.9979,0.9981,0.9982,0.9983,0.9985,0.9986,0.9987
0.9988,0.9989,0.9989,0.9990,0.9991,0.9992,0.9992,0.9993,0.9993,0.9994
0.9995,0.9995,0.9995,0.9996,0.9996,0.9996,0.9996,0.9996,0.9997,0.9997
0.9998,0.9998,0.9998,0.9998,0.9998,0.9999,0.9999,0.9999,0.9999,1.0000
hwc2y1fract=0.0000,0.0001,0.0001,0.0001,0.0001,0.0001,0.0002,0.0002
0.0002,0.0003,0.0003,0.0003,0.0004,0.0005,0.0006,0.0007,0.0010,0.0015
0.0026,0.0048,0.0096,0.0177,0.0291,0.0439,0.0605,0.0794,0.1005,0.1229
0.1468,0.1706,0.1950,0.2191,0.2428,0.2660,0.2898,0.3132,0.3355,0.3578
0.3811,0.4036,0.4253,0.4477,0.4693,0.4906,0.5112,0.5327,0.5534,0.5737
0.5943,0.6140,0.6341,0.6534,0.6732,0.6929,0.7126,0.7319,0.7519,0.7704
0.7887,0.8069,0.8235,0.8396,0.8555,0.8701,0.8841,0.8969,0.9093,0.9198
0.9291,0.9373,0.9443,0.9509,0.9567,0.9610,0.9651,0.9694,0.9731,0.9762
0.9786,0.9809,0.9830,0.9848,0.9863,0.9877,0.9889,0.9899,0.9908,0.9915
0.9922,0.9929,0.9934,0.9939,0.9945,0.9948,0.9953,0.9956,0.9960,0.9962
0.9965,0.9967,0.9969,0.9971,0.9973,0.9975,0.9977,0.9979,0.9980,0.9982
0.9983,0.9985,0.9986,0.9987,0.9988,0.9988,0.9989,0.9990,0.9991,0.9992
0.9992,0.9993,0.9993,0.9994,0.9994,0.9995,0.9996,0.9996,0.9996,0.9997
0.9997,0.9997,0.9997,0.9998,0.9998,0.9999,0.9999,0.9999,1.0000,1.0000
hwc2u1fract=0.0000,0.0000,0.0000,0.0001,0.0001,0.0002,0.0002,0.0003
0.0003,0.0004,0.0004,0.0004,0.0005,0.0006,0.0007,0.0010,0.0013,0.0019
0.0033,0.0065,0.0129,0.0231,0.0370,0.0532,0.0733,0.0945,0.1169,0.1401
0.1634,0.1867,0.2105,0.2331,0.2570,0.2806,0.3033,0.3256,0.3477,0.3701
0.3921,0.4138,0.4356,0.4570,0.4781,0.4991,0.5198,0.5407,0.5605,0.5807
0.6010,0.6211,0.6404,0.6600,0.6800,0.6990,0.7185,0.7371,0.7560,0.7740
0.7915,0.8090,0.8260,0.8426,0.8588,0.8737,0.8871,0.8998,0.9110,0.9220
0.9305,0.9380,0.9445,0.9505,0.9561,0.9607,0.9654,0.9690,0.9721,0.9752
0.9778,0.9803,0.9821,0.9840,0.9857,0.9869,0.9883,0.9895,0.9904,0.9912
0.9919,0.9924,0.9930,0.9934,0.9939,0.9945,0.9948,0.9951,0.9955,0.9959
0.9962,0.9964,0.9966,0.9969,0.9971,0.9973,0.9975,0.9978,0.9980,0.9982
0.9984,0.9985,0.9986,0.9987,0.9988,0.9989,0.9990,0.9990,0.9991,0.9992
0.9992,0.9993,0.9994,0.9994,0.9995,0.9995,0.9995,0.9996,0.9996,0.9997
0.9997,0.9998,0.9998,0.9998,0.9998,0.9999,0.9999,0.9999,1.0000,1.0000
hwc2v1fract=0.0000,0.0000,0.0000,0.0001,0.0001,0.0001,0.0002,0.0002
0.0003,0.0003,0.0004,0.0004,0.0006,0.0008,0.0009,0.0012,0.0017,0.0028
0.0047,0.0089,0.0165,0.0279,0.0427,0.0602,0.0804,0.1035,0.1257,0.1487
0.1720,0.1956,0.2198,0.2428,0.2649,0.2879,0.3111,0.3341,0.3573,0.3795
0.4011,0.4223,0.4440,0.4651,0.4863,0.5074,0.5276,0.5480,0.5680,0.5886
0.6091,0.6294,0.6492,0.6683,0.6875,0.7066,0.7255,0.7441,0.7626,0.7810
0.7992,0.8162,0.8332,0.8499,0.8652,0.8793,0.8927,0.9048,0.9158,0.9254
0.9336,0.9411,0.9475,0.9533,0.9585,0.9628,0.9668,0.9703,0.9738,0.9765
0.9791,0.9815,0.9833,0.9852,0.9869,0.9883,0.9895,0.9905,0.9914,0.9922
0.9928,0.9934,0.9938,0.9943,0.9947,0.9952,0.9956,0.9958,0.9960,0.9963
0.9965,0.9968,0.9970,0.9972,0.9974,0.9976,0.9977,0.9979,0.9980,0.9982
0.9983,0.9985,0.9986,0.9987,0.9988,0.9990,0.9991,0.9991,0.9991,0.9992
0.9993,0.9994,0.9994,0.9995,0.9995,0.9995,0.9996,0.9996,0.9997,0.9997
0.9998,0.9998,0.9998,0.9998,0.9999,0.9999,0.9999,0.9999,1.0000,1.0000
hwc2y2fract=0.0000,0.0000,0.0001,0.0001,0.0001,0.0002,0.0002,0.0002
0.0003,0.0003,0.0004,0.0004,0.0005,0.0005,0.0006,0.0008,0.0012,0.0019
0.0034,0.0062,0.0115,0.0201,0.0318,0.0469,0.0649,0.0857,0.1072,0.1302
0.1541,0.1780,0.2018,0.2262,0.2501,0.2737,0.2969,0.3207,0.3437,0.3669
0.3895,0.4126,0.4338,0.4559,0.4768,0.4978,0.5187,0.5395,0.5600,0.5808
0.6005,0.6202,0.6411,0.6611,0.6805,0.7007,0.7196,0.7384,0.7575,0.7765
0.7942,0.8120,0.8291,0.8447,0.8600,0.8738,0.8872,0.8998,0.9111,0.9211
0.9300,0.9376,0.9450,0.9513,0.9570,0.9620,0.9660,0.9697,0.9730,0.9760
0.9789,0.9813,0.9834,0.9851,0.9866,0.9880,0.9891,0.9901,0.9910,0.9918
0.9925,0.9931,0.9938,0.9944,0.9948,0.9951,0.9955,0.9958,0.9960,0.9963
0.9965,0.9968,0.9970,0.9971,0.9972,0.9974,0.9975,0.9977,0.9979,0.9980
0.9982,0.9984,0.9985,0.9986,0.9987,0.9988,0.9989,0.9990,0.9990,0.9991
0.9992,0.9992,0.9993,0.9994,0.9995,0.9995,0.9996,0.9996,0.9997,0.9997
0.9997,0.9997,0.9998,0.9998,0.9999,0.9999,0.9999,0.9999,1.0000,1.0000
hwc2x2fract=0.0001,0.0001,0.0002,0.0002,0.0003,0.0003,0.0004,0.0005
0.0006,0.0007,0.0009,0.0010,0.0011,0.0013,0.0015,0.0017,0.0022,0.0029
0.0039,0.0057,0.0091,0.0150,0.0230,0.0337,0.0466,0.0608,0.0770,0.0940
0.1126,0.1311,0.1513,0.1720,0.1933,0.2156,0.2371,0.2598,0.2828,0.3048
0.3275,0.3500,0.3726,0.3949,0.4180,0.4409,0.4635,0.4863,0.5077,0.5295
0.5511,0.5719,0.5928,0.6138,0.6347,0.6552,0.6746,0.6941,0.7134,0.7334
0.7525,0.7714,0.7891,0.8074,0.8244,0.8411,0.8562,0.8706,0.8843,0.8959
0.9073,0.9176,0.9269,0.9352,0.9429,0.9497,0.9557,0.9613,0.9662,0.9706
0.9745,0.9778,0.9807,0.9831,0.9855,0.9875,0.9891,0.9904,0.9915,0.9924
0.9933,0.9939,0.9945,0.9950,0.9954,0.9958,0.9960,0.9963,0.9965,0.9968
0.9971,0.9973,0.9975,0.9976,0.9978,0.9980,0.9982,0.9983,0.9984,0.9985
0.9987,0.9987,0.9989,0.9989,0.9990,0.9991,0.9992,0.9993,0.9993,0.9993
0.9994,0.9994,0.9995,0.9995,0.9995,0.9996,0.9996,0.9997,0.9997,0.9997
0.9997,0.9998,0.9998,0.9998,0.9998,0.9999,0.9999,1.0000,1.0000,1.0000
