; Lookup table
;number of bins in Meek's time to distance lookup table
hdriftbins=138
;number of 1st bin in Meek's table in ns
hdrift1stbin=-24
;bin size in ns of Meek's table
hdriftbinsz=2
hwc1x1fract=0.0002,0.0004,0.0007,0.0009,0.0012,0.0014,0.0016,0.0019
0.0023,0.0026,0.0030,0.0034,0.0038,0.0044,0.0052,0.0064,0.0081,0.0106
0.0137,0.0174,0.0226,0.0291,0.0372,0.0465,0.0577,0.0699,0.0832,0.0972
0.1123,0.1285,0.1453,0.1631,0.1817,0.2006,0.2197,0.2397,0.2603,0.2807
0.3019,0.3232,0.3449,0.3667,0.3886,0.4104,0.4327,0.4548,0.4766,0.4984
0.5207,0.5423,0.5642,0.5862,0.6080,0.6288,0.6501,0.6708,0.6914,0.7115
0.7310,0.7502,0.7687,0.7860,0.8033,0.8196,0.8345,0.8494,0.8632,0.8762
0.8878,0.8987,0.9087,0.9175,0.9258,0.9332,0.9400,0.9461,0.9517,0.9564
0.9607,0.9644,0.9676,0.9703,0.9728,0.9747,0.9765,0.9779,0.9791,0.9802
0.9811,0.9820,0.9828,0.9835,0.9841,0.9846,0.9852,0.9857,0.9862,0.9867
0.9872,0.9877,0.9882,0.9887,0.9891,0.9894,0.9898,0.9902,0.9906,0.9910
0.9914,0.9918,0.9921,0.9924,0.9927,0.9931,0.9933,0.9937,0.9939,0.9943
0.9946,0.9949,0.9952,0.9956,0.9959,0.9962,0.9965,0.9968,0.9971,0.9974
0.9977,0.9980,0.9983,0.9986,0.9988,0.9990,0.9993,0.9995,0.9998,1.0000
hwc1y1fract=0.0002,0.0004,0.0007,0.0009,0.0011,0.0014,0.0017,0.0021
0.0024,0.0028,0.0032,0.0036,0.0041,0.0046,0.0053,0.0062,0.0074,0.0091
0.0114,0.0150,0.0209,0.0292,0.0400,0.0534,0.0687,0.0858,0.1046,0.1243
0.1449,0.1661,0.1877,0.2099,0.2316,0.2538,0.2762,0.2985,0.3206,0.3432
0.3652,0.3868,0.4086,0.4303,0.4514,0.4725,0.4929,0.5135,0.5340,0.5543
0.5748,0.5950,0.6151,0.6350,0.6550,0.6745,0.6937,0.7123,0.7314,0.7496
0.7674,0.7851,0.8022,0.8185,0.8341,0.8490,0.8629,0.8756,0.8873,0.8979
0.9078,0.9163,0.9239,0.9310,0.9372,0.9426,0.9476,0.9520,0.9559,0.9594
0.9626,0.9655,0.9681,0.9703,0.9723,0.9742,0.9758,0.9772,0.9785,0.9797
0.9806,0.9816,0.9825,0.9833,0.9840,0.9847,0.9855,0.9861,0.9867,0.9872
0.9878,0.9884,0.9889,0.9894,0.9898,0.9903,0.9907,0.9912,0.9915,0.9919
0.9923,0.9927,0.9930,0.9933,0.9936,0.9939,0.9942,0.9945,0.9947,0.9950
0.9953,0.9956,0.9958,0.9961,0.9963,0.9966,0.9969,0.9971,0.9974,0.9977
0.9979,0.9981,0.9984,0.9986,0.9989,0.9991,0.9993,0.9995,0.9998,1.0000
hwc1u1fract=0.0002,0.0003,0.0005,0.0007,0.0009,0.0011,0.0013,0.0014
0.0016,0.0018,0.0021,0.0023,0.0026,0.0029,0.0034,0.0043,0.0058,0.0081
0.0113,0.0152,0.0205,0.0280,0.0378,0.0496,0.0635,0.0784,0.0947,0.1125
0.1309,0.1501,0.1696,0.1901,0.2110,0.2325,0.2536,0.2753,0.2972,0.3188
0.3406,0.3622,0.3838,0.4056,0.4269,0.4482,0.4691,0.4905,0.5115,0.5324
0.5533,0.5742,0.5947,0.6150,0.6350,0.6553,0.6755,0.6953,0.7147,0.7339
0.7523,0.7706,0.7883,0.8054,0.8215,0.8367,0.8512,0.8644,0.8769,0.8882
0.8985,0.9076,0.9161,0.9238,0.9307,0.9370,0.9426,0.9479,0.9524,0.9565
0.9603,0.9635,0.9663,0.9690,0.9712,0.9733,0.9750,0.9765,0.9779,0.9792
0.9803,0.9813,0.9822,0.9831,0.9838,0.9846,0.9853,0.9859,0.9866,0.9872
0.9878,0.9884,0.9889,0.9893,0.9897,0.9901,0.9906,0.9909,0.9913,0.9917
0.9921,0.9925,0.9928,0.9931,0.9935,0.9938,0.9941,0.9944,0.9947,0.9950
0.9953,0.9957,0.9959,0.9962,0.9965,0.9967,0.9970,0.9972,0.9974,0.9977
0.9980,0.9982,0.9984,0.9987,0.9989,0.9991,0.9994,0.9996,0.9998,1.0000
hwc1v1fract=0.0001,0.0003,0.0005,0.0006,0.0009,0.0011,0.0013,0.0015
0.0017,0.0019,0.0021,0.0024,0.0027,0.0030,0.0033,0.0038,0.0044,0.0055
0.0073,0.0108,0.0165,0.0248,0.0357,0.0492,0.0645,0.0814,0.0999,0.1190
0.1391,0.1598,0.1810,0.2027,0.2242,0.2458,0.2677,0.2896,0.3109,0.3324
0.3546,0.3758,0.3969,0.4185,0.4403,0.4614,0.4821,0.5033,0.5239,0.5444
0.5652,0.5857,0.6058,0.6259,0.6455,0.6652,0.6845,0.7040,0.7231,0.7420
0.7607,0.7786,0.7957,0.8124,0.8287,0.8442,0.8582,0.8715,0.8837,0.8945
0.9041,0.9130,0.9210,0.9281,0.9345,0.9403,0.9454,0.9501,0.9543,0.9582
0.9617,0.9648,0.9676,0.9700,0.9723,0.9741,0.9758,0.9772,0.9785,0.9795
0.9807,0.9816,0.9825,0.9834,0.9842,0.9848,0.9854,0.9861,0.9867,0.9872
0.9877,0.9883,0.9887,0.9893,0.9897,0.9901,0.9905,0.9910,0.9914,0.9917
0.9921,0.9925,0.9928,0.9931,0.9935,0.9937,0.9941,0.9943,0.9946,0.9949
0.9952,0.9955,0.9958,0.9960,0.9963,0.9966,0.9969,0.9971,0.9973,0.9976
0.9979,0.9981,0.9984,0.9986,0.9988,0.9991,0.9993,0.9996,0.9998,1.0000
hwc1y2fract=0.0001,0.0003,0.0005,0.0008,0.0010,0.0013,0.0015,0.0018
0.0020,0.0023,0.0026,0.0029,0.0033,0.0036,0.0040,0.0046,0.0054,0.0065
0.0084,0.0113,0.0160,0.0227,0.0320,0.0435,0.0574,0.0733,0.0905,0.1090
0.1288,0.1494,0.1703,0.1916,0.2134,0.2355,0.2576,0.2798,0.3020,0.3238
0.3455,0.3672,0.3885,0.4101,0.4316,0.4529,0.4738,0.4952,0.5159,0.5363
0.5569,0.5777,0.5978,0.6180,0.6380,0.6580,0.6776,0.6971,0.7162,0.7346
0.7526,0.7705,0.7877,0.8044,0.8205,0.8359,0.8503,0.8633,0.8759,0.8873
0.8975,0.9067,0.9151,0.9227,0.9294,0.9355,0.9410,0.9458,0.9503,0.9544
0.9581,0.9614,0.9644,0.9671,0.9694,0.9714,0.9734,0.9751,0.9766,0.9780
0.9791,0.9802,0.9812,0.9821,0.9830,0.9837,0.9845,0.9852,0.9858,0.9864
0.9870,0.9875,0.9880,0.9886,0.9891,0.9895,0.9900,0.9904,0.9908,0.9912
0.9916,0.9920,0.9925,0.9929,0.9932,0.9935,0.9939,0.9942,0.9945,0.9948
0.9952,0.9955,0.9957,0.9960,0.9963,0.9966,0.9968,0.9971,0.9974,0.9976
0.9979,0.9981,0.9984,0.9986,0.9988,0.9991,0.9993,0.9996,0.9998,1.0000
hwc1x2fract=0.0002,0.0004,0.0006,0.0009,0.0011,0.0013,0.0016,0.0018
0.0020,0.0023,0.0026,0.0029,0.0033,0.0037,0.0043,0.0052,0.0063,0.0081
0.0109,0.0148,0.0204,0.0275,0.0369,0.0476,0.0596,0.0726,0.0873,0.1026
0.1188,0.1354,0.1534,0.1720,0.1915,0.2113,0.2312,0.2519,0.2733,0.2945
0.3162,0.3378,0.3598,0.3819,0.4042,0.4261,0.4484,0.4703,0.4923,0.5139
0.5354,0.5570,0.5784,0.5997,0.6207,0.6418,0.6628,0.6832,0.7035,0.7233
0.7427,0.7615,0.7797,0.7974,0.8140,0.8301,0.8449,0.8593,0.8726,0.8845
0.8956,0.9059,0.9153,0.9237,0.9315,0.9385,0.9445,0.9500,0.9550,0.9593
0.9632,0.9664,0.9693,0.9718,0.9740,0.9757,0.9772,0.9784,0.9796,0.9805
0.9814,0.9822,0.9830,0.9837,0.9844,0.9850,0.9855,0.9861,0.9866,0.9871
0.9876,0.9881,0.9886,0.9890,0.9894,0.9898,0.9902,0.9905,0.9909,0.9913
0.9917,0.9920,0.9924,0.9927,0.9930,0.9933,0.9936,0.9940,0.9943,0.9946
0.9949,0.9952,0.9955,0.9958,0.9961,0.9964,0.9967,0.9970,0.9972,0.9976
0.9978,0.9981,0.9983,0.9986,0.9988,0.9990,0.9993,0.9995,0.9998,1.0000
hwc2x1fract=0.0002,0.0004,0.0007,0.0009,0.0011,0.0013,0.0016,0.0019
0.0021,0.0024,0.0028,0.0032,0.0036,0.0041,0.0047,0.0054,0.0064,0.0081
0.0108,0.0148,0.0202,0.0269,0.0351,0.0449,0.0561,0.0686,0.0825,0.0974
0.1134,0.1299,0.1474,0.1654,0.1841,0.2034,0.2237,0.2438,0.2650,0.2863
0.3077,0.3296,0.3511,0.3731,0.3951,0.4170,0.4394,0.4613,0.4832,0.5051
0.5268,0.5488,0.5707,0.5917,0.6134,0.6343,0.6552,0.6760,0.6964,0.7165
0.7364,0.7557,0.7743,0.7925,0.8101,0.8268,0.8423,0.8567,0.8702,0.8824
0.8938,0.9042,0.9139,0.9227,0.9307,0.9377,0.9441,0.9499,0.9549,0.9593
0.9632,0.9664,0.9694,0.9719,0.9741,0.9761,0.9777,0.9791,0.9803,0.9813
0.9822,0.9830,0.9837,0.9843,0.9850,0.9856,0.9862,0.9867,0.9872,0.9876
0.9881,0.9885,0.9890,0.9894,0.9897,0.9902,0.9906,0.9910,0.9913,0.9916
0.9920,0.9924,0.9927,0.9929,0.9932,0.9936,0.9940,0.9943,0.9946,0.9949
0.9952,0.9954,0.9957,0.9959,0.9962,0.9965,0.9968,0.9970,0.9973,0.9975
0.9978,0.9980,0.9983,0.9986,0.9989,0.9991,0.9993,0.9995,0.9998,1.0000
hwc2y1fract=0.0002,0.0004,0.0006,0.0008,0.0010,0.0012,0.0014,0.0017
0.0020,0.0022,0.0024,0.0028,0.0030,0.0034,0.0039,0.0044,0.0052,0.0066
0.0086,0.0121,0.0175,0.0256,0.0367,0.0501,0.0661,0.0839,0.1033,0.1241
0.1460,0.1681,0.1906,0.2130,0.2352,0.2581,0.2806,0.3030,0.3253,0.3475
0.3696,0.3914,0.4131,0.4349,0.4565,0.4776,0.4985,0.5190,0.5394,0.5601
0.5808,0.6009,0.6213,0.6415,0.6615,0.6810,0.7003,0.7195,0.7383,0.7568
0.7749,0.7927,0.8097,0.8264,0.8421,0.8569,0.8708,0.8835,0.8948,0.9051
0.9144,0.9226,0.9301,0.9365,0.9421,0.9472,0.9518,0.9559,0.9597,0.9629
0.9658,0.9684,0.9707,0.9727,0.9744,0.9758,0.9772,0.9785,0.9795,0.9806
0.9815,0.9824,0.9832,0.9839,0.9846,0.9852,0.9858,0.9863,0.9868,0.9874
0.9879,0.9884,0.9889,0.9894,0.9898,0.9903,0.9907,0.9911,0.9915,0.9919
0.9923,0.9927,0.9930,0.9934,0.9937,0.9941,0.9944,0.9947,0.9950,0.9952
0.9955,0.9958,0.9961,0.9963,0.9965,0.9968,0.9971,0.9973,0.9976,0.9978
0.9980,0.9983,0.9985,0.9987,0.9989,0.9991,0.9993,0.9996,0.9998,1.0000
hwc2u1fract=0.0002,0.0004,0.0006,0.0007,0.0009,0.0011,0.0013,0.0015
0.0017,0.0019,0.0021,0.0023,0.0026,0.0029,0.0032,0.0036,0.0042,0.0053
0.0075,0.0120,0.0193,0.0300,0.0435,0.0595,0.0777,0.0971,0.1178,0.1388
0.1606,0.1833,0.2059,0.2283,0.2510,0.2735,0.2960,0.3183,0.3406,0.3628
0.3846,0.4061,0.4277,0.4482,0.4691,0.4897,0.5102,0.5304,0.5509,0.5711
0.5909,0.6108,0.6305,0.6502,0.6699,0.6890,0.7080,0.7268,0.7457,0.7639
0.7822,0.7997,0.8165,0.8328,0.8485,0.8630,0.8766,0.8887,0.8994,0.9089
0.9177,0.9256,0.9325,0.9385,0.9440,0.9486,0.9530,0.9567,0.9603,0.9633
0.9661,0.9686,0.9708,0.9727,0.9745,0.9760,0.9773,0.9785,0.9796,0.9805
0.9814,0.9823,0.9831,0.9838,0.9844,0.9850,0.9856,0.9862,0.9868,0.9873
0.9878,0.9883,0.9888,0.9893,0.9898,0.9903,0.9907,0.9911,0.9916,0.9920
0.9923,0.9926,0.9930,0.9933,0.9936,0.9939,0.9942,0.9945,0.9948,0.9952
0.9955,0.9958,0.9961,0.9963,0.9966,0.9969,0.9971,0.9973,0.9975,0.9977
0.9980,0.9982,0.9984,0.9987,0.9989,0.9992,0.9994,0.9996,0.9998,1.0000
hwc2v1fract=0.0002,0.0003,0.0005,0.0007,0.0009,0.0011,0.0012,0.0015
0.0017,0.0019,0.0022,0.0025,0.0027,0.0030,0.0033,0.0037,0.0042,0.0052
0.0068,0.0101,0.0159,0.0250,0.0369,0.0517,0.0686,0.0872,0.1071,0.1280
0.1491,0.1712,0.1931,0.2152,0.2383,0.2605,0.2829,0.3052,0.3274,0.3496
0.3714,0.3932,0.4143,0.4358,0.4570,0.4780,0.4985,0.5191,0.5392,0.5592
0.5794,0.5999,0.6197,0.6397,0.6591,0.6787,0.6981,0.7173,0.7362,0.7547
0.7725,0.7902,0.8070,0.8236,0.8394,0.8543,0.8681,0.8805,0.8922,0.9024
0.9116,0.9200,0.9274,0.9341,0.9401,0.9453,0.9500,0.9541,0.9579,0.9613
0.9643,0.9669,0.9692,0.9714,0.9732,0.9749,0.9764,0.9777,0.9788,0.9799
0.9808,0.9818,0.9826,0.9834,0.9842,0.9849,0.9855,0.9861,0.9866,0.9872
0.9876,0.9882,0.9887,0.9893,0.9898,0.9902,0.9906,0.9910,0.9913,0.9917
0.9921,0.9925,0.9929,0.9933,0.9936,0.9940,0.9943,0.9946,0.9949,0.9952
0.9955,0.9958,0.9961,0.9964,0.9966,0.9969,0.9972,0.9974,0.9976,0.9978
0.9981,0.9983,0.9986,0.9988,0.9990,0.9992,0.9994,0.9996,0.9998,1.0000
hwc2y2fract=0.0002,0.0004,0.0005,0.0008,0.0010,0.0013,0.0015,0.0018
0.0021,0.0024,0.0026,0.0030,0.0033,0.0037,0.0042,0.0049,0.0058,0.0073
0.0098,0.0135,0.0194,0.0282,0.0397,0.0536,0.0697,0.0879,0.1069,0.1279
0.1495,0.1718,0.1944,0.2169,0.2396,0.2624,0.2852,0.3078,0.3305,0.3530
0.3752,0.3969,0.4184,0.4398,0.4611,0.4822,0.5034,0.5237,0.5443,0.5649
0.5853,0.6053,0.6253,0.6452,0.6647,0.6842,0.7038,0.7228,0.7412,0.7592
0.7772,0.7949,0.8115,0.8278,0.8434,0.8579,0.8714,0.8837,0.8950,0.9053
0.9143,0.9226,0.9299,0.9363,0.9421,0.9473,0.9517,0.9558,0.9594,0.9625
0.9654,0.9678,0.9701,0.9721,0.9740,0.9756,0.9771,0.9784,0.9796,0.9806
0.9816,0.9824,0.9832,0.9839,0.9845,0.9851,0.9857,0.9862,0.9867,0.9872
0.9877,0.9882,0.9887,0.9891,0.9895,0.9900,0.9904,0.9909,0.9912,0.9916
0.9920,0.9923,0.9927,0.9930,0.9934,0.9937,0.9940,0.9943,0.9946,0.9949
0.9952,0.9955,0.9957,0.9960,0.9963,0.9965,0.9968,0.9971,0.9973,0.9976
0.9978,0.9980,0.9983,0.9986,0.9988,0.9990,0.9993,0.9995,0.9997,1.0000
hwc2x2fract=0.0002,0.0004,0.0006,0.0008,0.0011,0.0013,0.0015,0.0018
0.0020,0.0023,0.0026,0.0030,0.0033,0.0038,0.0042,0.0049,0.0059,0.0078
0.0107,0.0148,0.0200,0.0271,0.0358,0.0463,0.0580,0.0716,0.0862,0.1017
0.1183,0.1357,0.1541,0.1732,0.1926,0.2124,0.2328,0.2540,0.2754,0.2968
0.3187,0.3411,0.3629,0.3855,0.4075,0.4294,0.4516,0.4737,0.4953,0.5172
0.5390,0.5608,0.5823,0.6034,0.6244,0.6452,0.6658,0.6859,0.7060,0.7262
0.7459,0.7648,0.7830,0.8008,0.8178,0.8337,0.8487,0.8624,0.8754,0.8875
0.8985,0.9086,0.9174,0.9256,0.9330,0.9397,0.9456,0.9509,0.9557,0.9602
0.9640,0.9673,0.9702,0.9727,0.9748,0.9766,0.9781,0.9795,0.9807,0.9817
0.9825,0.9833,0.9840,0.9846,0.9853,0.9859,0.9864,0.9869,0.9873,0.9878
0.9883,0.9888,0.9892,0.9896,0.9899,0.9903,0.9907,0.9910,0.9913,0.9917
0.9920,0.9924,0.9927,0.9931,0.9934,0.9937,0.9939,0.9942,0.9946,0.9949
0.9952,0.9954,0.9957,0.9960,0.9962,0.9965,0.9968,0.9970,0.9973,0.9975
0.9978,0.9981,0.9983,0.9986,0.9988,0.9991,0.9993,0.9996,0.9998,1.0000
