; Lookup table
;number of bins in Meek's time to distance lookup table
hdriftbins=138
;number of 1st bin in Meek's table in ns
hdrift1stbin=-24
;bin size in ns of Meek's table
hdriftbinsz=2
hwc1x1fract=0.0000,0.0001,0.0001,0.0002,0.0002,0.0002,0.0003,0.0003
0.0004,0.0005,0.0006,0.0007,0.0008,0.0010,0.0012,0.0015,0.0019,0.0027
0.0037,0.0052,0.0072,0.0103,0.0146,0.0210,0.0290,0.0393,0.0511,0.0646
0.0790,0.0950,0.1115,0.1287,0.1468,0.1661,0.1862,0.2064,0.2270,0.2482
0.2705,0.2928,0.3150,0.3369,0.3591,0.3821,0.4048,0.4285,0.4511,0.4741
0.4967,0.5187,0.5410,0.5626,0.5850,0.6066,0.6284,0.6497,0.6704,0.6909
0.7114,0.7314,0.7516,0.7701,0.7882,0.8071,0.8244,0.8406,0.8555,0.8702
0.8834,0.8958,0.9065,0.9166,0.9260,0.9348,0.9429,0.9505,0.9572,0.9633
0.9685,0.9731,0.9776,0.9813,0.9843,0.9869,0.9891,0.9907,0.9924,0.9935
0.9946,0.9953,0.9960,0.9966,0.9971,0.9974,0.9977,0.9980,0.9982,0.9984
0.9986,0.9988,0.9989,0.9990,0.9991,0.9992,0.9993,0.9993,0.9994,0.9995
0.9995,0.9996,0.9997,0.9997,0.9998,0.9998,0.9998,0.9998,0.9998,0.9999
0.9999,0.9999,0.9999,0.9999,0.9999,0.9999,0.9999,0.9999,0.9999,1.0000
1.0000,1.0000,1.0000,1.0000,1.0000,1.0000,1.0000,1.0000,1.0000,1.0000
hwc1y1fract=0.0000,0.0000,0.0001,0.0001,0.0001,0.0002,0.0003,0.0003
0.0004,0.0004,0.0006,0.0006,0.0008,0.0010,0.0012,0.0015,0.0022,0.0031
0.0048,0.0074,0.0119,0.0192,0.0287,0.0411,0.0563,0.0733,0.0921,0.1123
0.1335,0.1556,0.1785,0.2018,0.2246,0.2480,0.2710,0.2941,0.3166,0.3394
0.3613,0.3836,0.4058,0.4271,0.4493,0.4715,0.4933,0.5143,0.5361,0.5565
0.5777,0.5986,0.6190,0.6396,0.6593,0.6795,0.6990,0.7185,0.7380,0.7567
0.7746,0.7920,0.8086,0.8252,0.8412,0.8566,0.8708,0.8840,0.8959,0.9072
0.9170,0.9261,0.9340,0.9414,0.9479,0.9536,0.9588,0.9636,0.9680,0.9720
0.9757,0.9787,0.9813,0.9839,0.9858,0.9876,0.9891,0.9904,0.9915,0.9925
0.9934,0.9941,0.9949,0.9953,0.9959,0.9963,0.9966,0.9970,0.9974,0.9976
0.9978,0.9981,0.9983,0.9986,0.9987,0.9988,0.9990,0.9991,0.9992,0.9993
0.9994,0.9995,0.9995,0.9996,0.9997,0.9997,0.9997,0.9998,0.9999,0.9999
0.9999,0.9999,0.9999,0.9999,0.9999,1.0000,1.0000,1.0000,1.0000,1.0000
1.0000,1.0000,1.0000,1.0000,1.0000,1.0000,1.0000,1.0000,1.0000,1.0000
hwc1u1fract=0.0000,0.0000,0.0000,0.0000,0.0000,0.0000,0.0000,0.0000
0.0001,0.0001,0.0001,0.0001,0.0001,0.0002,0.0003,0.0004,0.0007,0.0013
0.0023,0.0036,0.0059,0.0097,0.0156,0.0241,0.0355,0.0489,0.0646,0.0812
0.0997,0.1187,0.1394,0.1599,0.1816,0.2038,0.2262,0.2491,0.2720,0.2941
0.3174,0.3397,0.3621,0.3839,0.4061,0.4281,0.4499,0.4720,0.4933,0.5144
0.5353,0.5558,0.5765,0.5966,0.6174,0.6372,0.6576,0.6777,0.6974,0.7166
0.7354,0.7541,0.7724,0.7907,0.8078,0.8247,0.8406,0.8555,0.8693,0.8825
0.8938,0.9048,0.9147,0.9232,0.9312,0.9386,0.9455,0.9515,0.9569,0.9616
0.9662,0.9706,0.9744,0.9776,0.9803,0.9831,0.9851,0.9870,0.9886,0.9900
0.9913,0.9923,0.9932,0.9939,0.9945,0.9951,0.9957,0.9961,0.9964,0.9968
0.9971,0.9974,0.9976,0.9978,0.9980,0.9982,0.9984,0.9986,0.9988,0.9989
0.9990,0.9991,0.9992,0.9993,0.9994,0.9994,0.9995,0.9995,0.9996,0.9997
0.9997,0.9997,0.9998,0.9999,0.9999,0.9999,0.9999,0.9999,1.0000,1.0000
1.0000,1.0000,1.0000,1.0000,1.0000,1.0000,1.0000,1.0000,1.0000,1.0000
hwc1v1fract=0.0000,0.0000,0.0000,0.0000,0.0000,0.0000,0.0000,0.0000
0.0001,0.0001,0.0001,0.0002,0.0002,0.0003,0.0004,0.0008,0.0013,0.0025
0.0046,0.0083,0.0144,0.0238,0.0358,0.0506,0.0666,0.0837,0.1028,0.1225
0.1426,0.1635,0.1847,0.2071,0.2288,0.2506,0.2730,0.2953,0.3177,0.3401
0.3627,0.3848,0.4065,0.4281,0.4496,0.4716,0.4928,0.5145,0.5357,0.5565
0.5772,0.5976,0.6177,0.6384,0.6581,0.6772,0.6971,0.7174,0.7361,0.7547
0.7729,0.7915,0.8094,0.8263,0.8424,0.8582,0.8729,0.8857,0.8975,0.9085
0.9183,0.9268,0.9344,0.9417,0.9484,0.9541,0.9590,0.9637,0.9681,0.9722
0.9757,0.9789,0.9818,0.9843,0.9863,0.9881,0.9895,0.9909,0.9919,0.9929
0.9936,0.9944,0.9950,0.9954,0.9959,0.9963,0.9967,0.9969,0.9973,0.9975
0.9978,0.9980,0.9982,0.9983,0.9985,0.9987,0.9988,0.9990,0.9991,0.9992
0.9992,0.9993,0.9994,0.9995,0.9996,0.9996,0.9997,0.9998,0.9998,0.9998
0.9999,0.9999,0.9999,0.9999,0.9999,0.9999,0.9999,0.9999,0.9999,1.0000
1.0000,1.0000,1.0000,1.0000,1.0000,1.0000,1.0000,1.0000,1.0000,1.0000
hwc1y2fract=0.0000,0.0000,0.0000,0.0000,0.0000,0.0000,0.0001,0.0001
0.0001,0.0001,0.0002,0.0002,0.0002,0.0003,0.0004,0.0006,0.0009,0.0015
0.0025,0.0047,0.0080,0.0135,0.0211,0.0320,0.0450,0.0606,0.0782,0.0967
0.1168,0.1380,0.1595,0.1817,0.2043,0.2274,0.2504,0.2730,0.2967,0.3187
0.3410,0.3641,0.3868,0.4091,0.4307,0.4524,0.4740,0.4955,0.5165,0.5373
0.5581,0.5793,0.5996,0.6202,0.6405,0.6612,0.6812,0.7016,0.7208,0.7393
0.7573,0.7759,0.7937,0.8111,0.8278,0.8436,0.8582,0.8723,0.8849,0.8968
0.9073,0.9164,0.9249,0.9328,0.9401,0.9462,0.9520,0.9572,0.9620,0.9663
0.9704,0.9740,0.9770,0.9797,0.9821,0.9842,0.9860,0.9876,0.9892,0.9904
0.9916,0.9925,0.9934,0.9941,0.9948,0.9955,0.9960,0.9963,0.9966,0.9970
0.9973,0.9975,0.9978,0.9980,0.9982,0.9984,0.9986,0.9988,0.9989,0.9990
0.9991,0.9992,0.9993,0.9994,0.9994,0.9995,0.9995,0.9996,0.9997,0.9997
0.9997,0.9998,0.9998,0.9998,0.9998,0.9999,0.9999,0.9999,0.9999,0.9999
0.9999,0.9999,0.9999,0.9999,1.0000,1.0000,1.0000,1.0000,1.0000,1.0000
hwc1x2fract=0.0000,0.0001,0.0001,0.0001,0.0001,0.0001,0.0002,0.0002
0.0002,0.0003,0.0003,0.0004,0.0005,0.0006,0.0008,0.0011,0.0015,0.0022
0.0037,0.0062,0.0102,0.0159,0.0237,0.0337,0.0450,0.0579,0.0714,0.0866
0.1028,0.1201,0.1378,0.1570,0.1767,0.1970,0.2181,0.2391,0.2607,0.2830
0.3062,0.3287,0.3512,0.3739,0.3961,0.4182,0.4411,0.4635,0.4863,0.5084
0.5309,0.5535,0.5751,0.5966,0.6183,0.6395,0.6607,0.6816,0.7019,0.7222
0.7414,0.7606,0.7790,0.7974,0.8144,0.8310,0.8471,0.8618,0.8758,0.8885
0.9005,0.9116,0.9218,0.9313,0.9397,0.9466,0.9534,0.9596,0.9653,0.9704
0.9750,0.9789,0.9825,0.9852,0.9875,0.9896,0.9911,0.9923,0.9934,0.9945
0.9952,0.9959,0.9964,0.9968,0.9972,0.9975,0.9978,0.9980,0.9983,0.9984
0.9986,0.9987,0.9989,0.9990,0.9991,0.9992,0.9993,0.9994,0.9994,0.9995
0.9996,0.9996,0.9997,0.9997,0.9997,0.9998,0.9998,0.9998,0.9998,0.9999
0.9999,0.9999,0.9999,0.9999,0.9999,0.9999,0.9999,0.9999,0.9999,1.0000
1.0000,1.0000,1.0000,1.0000,1.0000,1.0000,1.0000,1.0000,1.0000,1.0000
hwc2x1fract=0.0000,0.0000,0.0001,0.0001,0.0002,0.0003,0.0003,0.0004
0.0004,0.0005,0.0005,0.0006,0.0007,0.0009,0.0010,0.0012,0.0015,0.0021
0.0029,0.0047,0.0076,0.0116,0.0170,0.0242,0.0334,0.0448,0.0575,0.0722
0.0874,0.1039,0.1211,0.1395,0.1584,0.1780,0.1983,0.2190,0.2404,0.2620
0.2840,0.3064,0.3289,0.3518,0.3744,0.3967,0.4190,0.4412,0.4637,0.4860
0.5087,0.5313,0.5537,0.5757,0.5973,0.6191,0.6407,0.6623,0.6835,0.7037
0.7248,0.7450,0.7645,0.7832,0.8015,0.8191,0.8351,0.8509,0.8653,0.8796
0.8925,0.9040,0.9148,0.9242,0.9334,0.9416,0.9490,0.9557,0.9615,0.9667
0.9721,0.9762,0.9800,0.9834,0.9860,0.9884,0.9903,0.9917,0.9929,0.9939
0.9946,0.9954,0.9959,0.9964,0.9967,0.9970,0.9973,0.9976,0.9978,0.9981
0.9982,0.9984,0.9986,0.9987,0.9988,0.9990,0.9990,0.9991,0.9992,0.9993
0.9994,0.9995,0.9995,0.9996,0.9996,0.9997,0.9997,0.9997,0.9997,0.9997
0.9998,0.9998,0.9998,0.9999,0.9999,0.9999,0.9999,0.9999,0.9999,0.9999
0.9999,1.0000,1.0000,1.0000,1.0000,1.0000,1.0000,1.0000,1.0000,1.0000
hwc2y1fract=0.0000,0.0000,0.0000,0.0000,0.0000,0.0001,0.0001,0.0001
0.0001,0.0002,0.0002,0.0002,0.0003,0.0003,0.0005,0.0007,0.0009,0.0016
0.0029,0.0052,0.0095,0.0159,0.0260,0.0388,0.0548,0.0731,0.0924,0.1143
0.1362,0.1589,0.1823,0.2062,0.2294,0.2536,0.2774,0.3005,0.3238,0.3468
0.3691,0.3916,0.4141,0.4361,0.4577,0.4795,0.5006,0.5217,0.5425,0.5635
0.5841,0.6045,0.6246,0.6447,0.6650,0.6850,0.7045,0.7244,0.7431,0.7621
0.7803,0.7983,0.8156,0.8325,0.8482,0.8636,0.8776,0.8905,0.9021,0.9127
0.9225,0.9310,0.9384,0.9451,0.9512,0.9567,0.9618,0.9665,0.9705,0.9740
0.9772,0.9798,0.9824,0.9844,0.9863,0.9877,0.9892,0.9903,0.9914,0.9924
0.9931,0.9938,0.9945,0.9951,0.9956,0.9961,0.9965,0.9969,0.9971,0.9974
0.9977,0.9980,0.9981,0.9983,0.9984,0.9986,0.9988,0.9989,0.9990,0.9991
0.9992,0.9993,0.9994,0.9995,0.9995,0.9996,0.9997,0.9997,0.9997,0.9998
0.9998,0.9998,0.9999,0.9999,0.9999,0.9999,0.9999,0.9999,0.9999,1.0000
1.0000,1.0000,1.0000,1.0000,1.0000,1.0000,1.0000,1.0000,1.0000,1.0000
hwc2u1fract=0.0000,0.0000,0.0000,0.0000,0.0000,0.0000,0.0000,0.0000
0.0000,0.0001,0.0001,0.0001,0.0001,0.0002,0.0002,0.0003,0.0005,0.0009
0.0019,0.0041,0.0086,0.0164,0.0273,0.0419,0.0591,0.0785,0.0985,0.1205
0.1421,0.1650,0.1876,0.2105,0.2339,0.2571,0.2801,0.3039,0.3266,0.3495
0.3714,0.3935,0.4156,0.4377,0.4594,0.4812,0.5026,0.5236,0.5441,0.5648
0.5852,0.6053,0.6255,0.6452,0.6642,0.6837,0.7028,0.7222,0.7411,0.7602
0.7782,0.7961,0.8135,0.8305,0.8468,0.8620,0.8763,0.8900,0.9022,0.9130
0.9224,0.9309,0.9382,0.9446,0.9506,0.9557,0.9605,0.9650,0.9690,0.9724
0.9758,0.9789,0.9814,0.9837,0.9856,0.9873,0.9887,0.9900,0.9910,0.9920
0.9927,0.9933,0.9940,0.9945,0.9950,0.9955,0.9959,0.9963,0.9967,0.9970
0.9973,0.9975,0.9977,0.9979,0.9982,0.9984,0.9985,0.9987,0.9988,0.9990
0.9991,0.9992,0.9993,0.9994,0.9994,0.9995,0.9996,0.9996,0.9997,0.9998
0.9998,0.9998,0.9998,0.9999,0.9999,0.9999,0.9999,0.9999,0.9999,0.9999
0.9999,1.0000,1.0000,1.0000,1.0000,1.0000,1.0000,1.0000,1.0000,1.0000
hwc2v1fract=0.0000,0.0000,0.0000,0.0000,0.0000,0.0000,0.0001,0.0001
0.0001,0.0001,0.0002,0.0002,0.0003,0.0004,0.0005,0.0007,0.0010,0.0017
0.0032,0.0063,0.0122,0.0214,0.0335,0.0484,0.0654,0.0851,0.1057,0.1276
0.1497,0.1734,0.1964,0.2195,0.2429,0.2669,0.2900,0.3133,0.3364,0.3594
0.3821,0.4042,0.4263,0.4475,0.4686,0.4900,0.5114,0.5317,0.5526,0.5727
0.5929,0.6135,0.6335,0.6537,0.6734,0.6930,0.7125,0.7318,0.7507,0.7693
0.7874,0.8048,0.8219,0.8386,0.8535,0.8684,0.8822,0.8950,0.9063,0.9163
0.9252,0.9330,0.9400,0.9465,0.9523,0.9577,0.9623,0.9666,0.9704,0.9740
0.9769,0.9797,0.9821,0.9843,0.9863,0.9879,0.9894,0.9906,0.9915,0.9924
0.9931,0.9937,0.9943,0.9948,0.9954,0.9958,0.9963,0.9966,0.9970,0.9973
0.9975,0.9978,0.9980,0.9982,0.9983,0.9985,0.9987,0.9989,0.9990,0.9991
0.9993,0.9993,0.9994,0.9995,0.9996,0.9997,0.9997,0.9998,0.9998,0.9998
0.9999,0.9999,0.9999,0.9999,0.9999,0.9999,0.9999,1.0000,1.0000,1.0000
1.0000,1.0000,1.0000,1.0000,1.0000,1.0000,1.0000,1.0000,1.0000,1.0000
hwc2y2fract=0.0000,0.0000,0.0000,0.0000,0.0000,0.0000,0.0001,0.0001
0.0001,0.0001,0.0002,0.0002,0.0003,0.0003,0.0004,0.0006,0.0008,0.0013
0.0021,0.0038,0.0061,0.0107,0.0180,0.0282,0.0411,0.0567,0.0753,0.0954
0.1175,0.1397,0.1626,0.1861,0.2094,0.2334,0.2566,0.2798,0.3037,0.3268
0.3505,0.3731,0.3950,0.4170,0.4386,0.4602,0.4821,0.5034,0.5247,0.5458
0.5669,0.5879,0.6088,0.6295,0.6495,0.6703,0.6903,0.7102,0.7295,0.7485
0.7676,0.7854,0.8029,0.8194,0.8356,0.8518,0.8668,0.8805,0.8934,0.9050
0.9156,0.9248,0.9334,0.9410,0.9479,0.9536,0.9587,0.9634,0.9677,0.9715
0.9749,0.9781,0.9806,0.9829,0.9849,0.9867,0.9883,0.9896,0.9907,0.9918
0.9926,0.9933,0.9940,0.9946,0.9951,0.9956,0.9961,0.9966,0.9969,0.9972
0.9975,0.9977,0.9980,0.9981,0.9983,0.9985,0.9987,0.9988,0.9989,0.9991
0.9992,0.9993,0.9994,0.9995,0.9996,0.9997,0.9997,0.9997,0.9998,0.9998
0.9998,0.9998,0.9999,0.9999,0.9999,0.9999,0.9999,0.9999,0.9999,1.0000
1.0000,1.0000,1.0000,1.0000,1.0000,1.0000,1.0000,1.0000,1.0000,1.0000
hwc2x2fract=0.0000,0.0000,0.0000,0.0001,0.0001,0.0001,0.0001,0.0002
0.0002,0.0003,0.0003,0.0004,0.0005,0.0006,0.0008,0.0009,0.0012,0.0017
0.0026,0.0040,0.0060,0.0097,0.0150,0.0226,0.0327,0.0441,0.0573,0.0719
0.0881,0.1048,0.1229,0.1421,0.1618,0.1825,0.2031,0.2248,0.2471,0.2697
0.2919,0.3150,0.3375,0.3604,0.3826,0.4062,0.4290,0.4516,0.4738,0.4965
0.5191,0.5404,0.5621,0.5837,0.6054,0.6264,0.6474,0.6681,0.6886,0.7087
0.7281,0.7481,0.7675,0.7864,0.8042,0.8215,0.8383,0.8539,0.8682,0.8818
0.8944,0.9058,0.9162,0.9256,0.9340,0.9422,0.9494,0.9560,0.9617,0.9667
0.9712,0.9755,0.9792,0.9824,0.9851,0.9875,0.9896,0.9910,0.9924,0.9935
0.9944,0.9951,0.9958,0.9963,0.9967,0.9971,0.9974,0.9977,0.9980,0.9981
0.9983,0.9984,0.9986,0.9988,0.9989,0.9990,0.9991,0.9992,0.9993,0.9994
0.9995,0.9996,0.9996,0.9997,0.9997,0.9998,0.9998,0.9998,0.9998,0.9999
0.9999,0.9999,0.9999,0.9999,0.9999,0.9999,0.9999,1.0000,1.0000,1.0000
1.0000,1.0000,1.0000,1.0000,1.0000,1.0000,1.0000,1.0000,1.0000,1.0000
