; Lookup table
;number of bins in Meek's time to distance lookup table
hdriftbins=138
;number of 1st bin in Meek's table in ns
hdrift1stbin=-24
;bin size in ns of Meek's table
hdriftbinsz=2
hwc1x1fract=0.0001,0.0001,0.0002,0.0003,0.0004,0.0006,0.0007,0.0008
0.0009,0.0010,0.0014,0.0016,0.0019,0.0024,0.0028,0.0036,0.0047,0.0064
0.0092,0.0135,0.0200,0.0288,0.0400,0.0530,0.0670,0.0816,0.0974,0.1145
0.1324,0.1519,0.1724,0.1930,0.2141,0.2356,0.2572,0.2793,0.3018,0.3247
0.3470,0.3692,0.3920,0.4147,0.4376,0.4597,0.4817,0.5047,0.5264,0.5482
0.5700,0.5914,0.6122,0.6328,0.6540,0.6746,0.6950,0.7146,0.7341,0.7536
0.7722,0.7907,0.8083,0.8251,0.8410,0.8561,0.8708,0.8839,0.8958,0.9068
0.9167,0.9260,0.9352,0.9428,0.9499,0.9566,0.9626,0.9681,0.9731,0.9773
0.9811,0.9843,0.9869,0.9892,0.9909,0.9923,0.9935,0.9944,0.9952,0.9958
0.9963,0.9969,0.9972,0.9975,0.9978,0.9980,0.9983,0.9984,0.9987,0.9988
0.9989,0.9990,0.9991,0.9992,0.9993,0.9994,0.9994,0.9995,0.9995,0.9996
0.9996,0.9997,0.9997,0.9997,0.9997,0.9998,0.9998,0.9998,0.9998,0.9998
0.9999,0.9999,0.9999,0.9999,0.9999,0.9999,0.9999,0.9999,0.9999,1.0000
1.0000,1.0000,1.0000,1.0000,1.0000,1.0000,1.0000,1.0000,1.0000,1.0000
hwc1y1fract=0.0000,0.0000,0.0001,0.0001,0.0001,0.0002,0.0002,0.0003
0.0004,0.0005,0.0006,0.0007,0.0009,0.0011,0.0014,0.0019,0.0024,0.0035
0.0052,0.0082,0.0133,0.0212,0.0321,0.0452,0.0620,0.0809,0.1004,0.1215
0.1440,0.1679,0.1911,0.2144,0.2373,0.2603,0.2838,0.3068,0.3295,0.3525
0.3757,0.3986,0.4203,0.4421,0.4627,0.4835,0.5039,0.5243,0.5451,0.5650
0.5856,0.6056,0.6251,0.6450,0.6650,0.6842,0.7042,0.7237,0.7425,0.7608
0.7787,0.7959,0.8126,0.8294,0.8450,0.8598,0.8737,0.8870,0.8989,0.9094
0.9190,0.9277,0.9356,0.9426,0.9488,0.9547,0.9600,0.9646,0.9684,0.9720
0.9752,0.9782,0.9807,0.9831,0.9852,0.9870,0.9885,0.9900,0.9912,0.9921
0.9931,0.9938,0.9944,0.9951,0.9956,0.9960,0.9965,0.9969,0.9972,0.9975
0.9977,0.9980,0.9981,0.9983,0.9985,0.9986,0.9987,0.9989,0.9990,0.9991
0.9991,0.9992,0.9993,0.9994,0.9994,0.9995,0.9996,0.9996,0.9997,0.9997
0.9998,0.9998,0.9998,0.9998,0.9999,0.9999,0.9999,0.9999,0.9999,0.9999
0.9999,0.9999,0.9999,1.0000,1.0000,1.0000,1.0000,1.0000,1.0000,1.0000
hwc1u1fract=0.0000,0.0000,0.0000,0.0000,0.0000,0.0000,0.0000,0.0001
0.0001,0.0001,0.0001,0.0002,0.0002,0.0002,0.0003,0.0005,0.0008,0.0015
0.0028,0.0066,0.0125,0.0217,0.0340,0.0485,0.0653,0.0847,0.1040,0.1249
0.1461,0.1680,0.1902,0.2124,0.2360,0.2589,0.2827,0.3051,0.3278,0.3508
0.3741,0.3966,0.4191,0.4406,0.4624,0.4837,0.5045,0.5249,0.5449,0.5656
0.5860,0.6056,0.6248,0.6446,0.6642,0.6833,0.7025,0.7207,0.7397,0.7588
0.7772,0.7948,0.8111,0.8279,0.8432,0.8580,0.8720,0.8848,0.8963,0.9071
0.9165,0.9250,0.9330,0.9399,0.9463,0.9522,0.9575,0.9620,0.9668,0.9707
0.9739,0.9773,0.9801,0.9826,0.9848,0.9867,0.9883,0.9896,0.9908,0.9917
0.9925,0.9932,0.9938,0.9944,0.9949,0.9953,0.9958,0.9962,0.9965,0.9968
0.9971,0.9973,0.9975,0.9978,0.9979,0.9982,0.9983,0.9985,0.9986,0.9988
0.9989,0.9991,0.9992,0.9993,0.9993,0.9994,0.9995,0.9995,0.9996,0.9997
0.9997,0.9997,0.9998,0.9998,0.9998,0.9998,0.9998,0.9999,0.9999,0.9999
0.9999,0.9999,0.9999,0.9999,0.9999,1.0000,1.0000,1.0000,1.0000,1.0000
hwc1v1fract=0.0000,0.0000,0.0000,0.0001,0.0001,0.0001,0.0001,0.0002
0.0003,0.0003,0.0004,0.0004,0.0005,0.0006,0.0008,0.0012,0.0020,0.0034
0.0057,0.0096,0.0164,0.0253,0.0382,0.0533,0.0697,0.0878,0.1068,0.1266
0.1470,0.1666,0.1869,0.2076,0.2287,0.2514,0.2727,0.2938,0.3155,0.3373
0.3585,0.3803,0.4019,0.4236,0.4460,0.4676,0.4888,0.5099,0.5306,0.5522
0.5731,0.5933,0.6150,0.6356,0.6560,0.6752,0.6946,0.7147,0.7341,0.7532
0.7730,0.7911,0.8091,0.8268,0.8432,0.8583,0.8723,0.8858,0.8978,0.9087
0.9180,0.9264,0.9346,0.9415,0.9479,0.9536,0.9590,0.9639,0.9685,0.9725
0.9761,0.9794,0.9825,0.9852,0.9874,0.9890,0.9905,0.9918,0.9928,0.9935
0.9943,0.9950,0.9955,0.9960,0.9964,0.9967,0.9971,0.9973,0.9976,0.9977
0.9980,0.9981,0.9983,0.9985,0.9987,0.9988,0.9989,0.9990,0.9991,0.9992
0.9994,0.9994,0.9995,0.9995,0.9996,0.9997,0.9997,0.9997,0.9997,0.9998
0.9998,0.9998,0.9999,0.9999,0.9999,0.9999,0.9999,0.9999,0.9999,0.9999
0.9999,0.9999,1.0000,1.0000,1.0000,1.0000,1.0000,1.0000,1.0000,1.0000
hwc1y2fract=0.0000,0.0000,0.0000,0.0000,0.0000,0.0000,0.0001,0.0001
0.0001,0.0001,0.0002,0.0002,0.0003,0.0003,0.0004,0.0006,0.0009,0.0016
0.0031,0.0057,0.0103,0.0171,0.0265,0.0391,0.0544,0.0712,0.0905,0.1108
0.1326,0.1549,0.1778,0.2009,0.2246,0.2480,0.2708,0.2932,0.3158,0.3384
0.3610,0.3829,0.4048,0.4268,0.4486,0.4705,0.4918,0.5124,0.5334,0.5534
0.5743,0.5946,0.6142,0.6340,0.6529,0.6724,0.6917,0.7105,0.7291,0.7471
0.7653,0.7837,0.8007,0.8173,0.8331,0.8481,0.8624,0.8758,0.8883,0.8996
0.9100,0.9194,0.9280,0.9352,0.9421,0.9480,0.9536,0.9587,0.9629,0.9671
0.9708,0.9740,0.9767,0.9793,0.9817,0.9834,0.9854,0.9870,0.9885,0.9898
0.9909,0.9918,0.9927,0.9936,0.9942,0.9948,0.9953,0.9956,0.9960,0.9965
0.9968,0.9971,0.9974,0.9976,0.9979,0.9981,0.9983,0.9985,0.9986,0.9988
0.9989,0.9990,0.9992,0.9992,0.9994,0.9994,0.9995,0.9996,0.9996,0.9997
0.9997,0.9997,0.9998,0.9998,0.9998,0.9998,0.9999,0.9999,0.9999,0.9999
0.9999,0.9999,1.0000,1.0000,1.0000,1.0000,1.0000,1.0000,1.0000,1.0000
hwc1x2fract=0.0000,0.0001,0.0001,0.0002,0.0002,0.0002,0.0003,0.0003
0.0004,0.0005,0.0006,0.0007,0.0008,0.0010,0.0012,0.0014,0.0020,0.0029
0.0047,0.0076,0.0123,0.0195,0.0288,0.0404,0.0536,0.0685,0.0843,0.1016
0.1193,0.1379,0.1572,0.1774,0.1983,0.2199,0.2415,0.2641,0.2866,0.3096
0.3321,0.3551,0.3779,0.4013,0.4234,0.4452,0.4675,0.4895,0.5114,0.5337
0.5544,0.5760,0.5976,0.6190,0.6393,0.6594,0.6791,0.6992,0.7185,0.7377
0.7569,0.7752,0.7937,0.8105,0.8273,0.8433,0.8583,0.8717,0.8853,0.8973
0.9082,0.9189,0.9282,0.9365,0.9445,0.9513,0.9575,0.9632,0.9683,0.9730
0.9773,0.9812,0.9842,0.9866,0.9889,0.9906,0.9919,0.9930,0.9938,0.9946
0.9953,0.9958,0.9962,0.9967,0.9971,0.9973,0.9975,0.9977,0.9979,0.9981
0.9983,0.9985,0.9986,0.9987,0.9988,0.9990,0.9991,0.9992,0.9992,0.9993
0.9994,0.9995,0.9995,0.9996,0.9996,0.9997,0.9997,0.9997,0.9998,0.9998
0.9998,0.9998,0.9998,0.9999,0.9999,0.9999,0.9999,0.9999,0.9999,0.9999
1.0000,1.0000,1.0000,1.0000,1.0000,1.0000,1.0000,1.0000,1.0000,1.0000
hwc2x1fract=0.0001,0.0001,0.0002,0.0002,0.0003,0.0004,0.0005,0.0006
0.0007,0.0009,0.0010,0.0012,0.0014,0.0017,0.0020,0.0025,0.0031,0.0041
0.0061,0.0093,0.0139,0.0204,0.0289,0.0394,0.0514,0.0651,0.0806,0.0975
0.1152,0.1338,0.1535,0.1739,0.1944,0.2151,0.2368,0.2591,0.2811,0.3036
0.3257,0.3488,0.3716,0.3944,0.4172,0.4394,0.4628,0.4853,0.5075,0.5293
0.5505,0.5727,0.5941,0.6154,0.6357,0.6568,0.6774,0.6982,0.7181,0.7381
0.7576,0.7766,0.7956,0.8133,0.8305,0.8463,0.8615,0.8758,0.8891,0.9011
0.9121,0.9223,0.9314,0.9395,0.9462,0.9528,0.9590,0.9645,0.9692,0.9736
0.9777,0.9812,0.9842,0.9868,0.9887,0.9904,0.9919,0.9931,0.9940,0.9949
0.9954,0.9960,0.9965,0.9969,0.9972,0.9975,0.9977,0.9980,0.9982,0.9983
0.9985,0.9987,0.9988,0.9989,0.9991,0.9992,0.9993,0.9994,0.9995,0.9995
0.9996,0.9996,0.9997,0.9997,0.9997,0.9998,0.9998,0.9999,0.9999,0.9999
0.9999,0.9999,0.9999,0.9999,0.9999,1.0000,1.0000,1.0000,1.0000,1.0000
1.0000,1.0000,1.0000,1.0000,1.0000,1.0000,1.0000,1.0000,1.0000,1.0000
hwc2y1fract=0.0000,0.0000,0.0000,0.0000,0.0001,0.0001,0.0001,0.0001
0.0001,0.0002,0.0002,0.0002,0.0003,0.0004,0.0005,0.0007,0.0012,0.0023
0.0048,0.0093,0.0170,0.0283,0.0429,0.0606,0.0806,0.1023,0.1260,0.1505
0.1750,0.1999,0.2247,0.2489,0.2735,0.2973,0.3213,0.3449,0.3672,0.3900
0.4121,0.4345,0.4562,0.4782,0.5001,0.5215,0.5421,0.5624,0.5818,0.6024
0.6226,0.6422,0.6626,0.6817,0.7012,0.7202,0.7397,0.7588,0.7776,0.7953
0.8131,0.8300,0.8467,0.8619,0.8761,0.8899,0.9021,0.9134,0.9236,0.9323
0.9407,0.9479,0.9542,0.9596,0.9646,0.9686,0.9726,0.9757,0.9782,0.9809
0.9832,0.9852,0.9874,0.9888,0.9901,0.9912,0.9921,0.9930,0.9937,0.9943
0.9950,0.9955,0.9959,0.9962,0.9967,0.9969,0.9971,0.9975,0.9977,0.9978
0.9980,0.9982,0.9983,0.9985,0.9986,0.9988,0.9989,0.9990,0.9991,0.9992
0.9993,0.9994,0.9994,0.9995,0.9996,0.9997,0.9997,0.9997,0.9998,0.9998
0.9998,0.9998,0.9999,0.9999,0.9999,0.9999,0.9999,0.9999,0.9999,0.9999
0.9999,0.9999,0.9999,1.0000,1.0000,1.0000,1.0000,1.0000,1.0000,1.0000
hwc2u1fract=0.0000,0.0000,0.0000,0.0001,0.0001,0.0001,0.0001,0.0001
0.0001,0.0001,0.0002,0.0002,0.0003,0.0003,0.0005,0.0006,0.0009,0.0017
0.0032,0.0065,0.0133,0.0237,0.0380,0.0553,0.0749,0.0966,0.1192,0.1420
0.1660,0.1898,0.2134,0.2370,0.2612,0.2850,0.3085,0.3316,0.3540,0.3765
0.3991,0.4206,0.4425,0.4637,0.4852,0.5054,0.5265,0.5473,0.5681,0.5886
0.6082,0.6291,0.6486,0.6683,0.6878,0.7070,0.7258,0.7451,0.7636,0.7816
0.7990,0.8163,0.8334,0.8499,0.8653,0.8794,0.8925,0.9047,0.9151,0.9250
0.9333,0.9410,0.9474,0.9532,0.9585,0.9630,0.9673,0.9709,0.9742,0.9773
0.9800,0.9828,0.9848,0.9866,0.9882,0.9897,0.9908,0.9918,0.9926,0.9933
0.9938,0.9943,0.9948,0.9952,0.9956,0.9960,0.9963,0.9966,0.9969,0.9971
0.9974,0.9976,0.9978,0.9980,0.9983,0.9985,0.9986,0.9988,0.9989,0.9990
0.9991,0.9992,0.9993,0.9994,0.9995,0.9996,0.9996,0.9997,0.9997,0.9998
0.9998,0.9998,0.9999,0.9999,0.9999,0.9999,0.9999,0.9999,0.9999,0.9999
1.0000,1.0000,1.0000,1.0000,1.0000,1.0000,1.0000,1.0000,1.0000,1.0000
hwc2v1fract=0.0000,0.0000,0.0001,0.0001,0.0001,0.0001,0.0001,0.0002
0.0002,0.0002,0.0003,0.0003,0.0004,0.0005,0.0006,0.0008,0.0011,0.0017
0.0029,0.0055,0.0106,0.0192,0.0310,0.0464,0.0641,0.0842,0.1064,0.1284
0.1522,0.1764,0.2005,0.2241,0.2478,0.2718,0.2952,0.3186,0.3413,0.3640
0.3867,0.4087,0.4309,0.4530,0.4740,0.4955,0.5163,0.5375,0.5573,0.5768
0.5973,0.6171,0.6369,0.6568,0.6759,0.6955,0.7146,0.7332,0.7517,0.7705
0.7889,0.8061,0.8234,0.8401,0.8560,0.8711,0.8847,0.8977,0.9093,0.9194
0.9284,0.9365,0.9439,0.9499,0.9550,0.9599,0.9646,0.9684,0.9721,0.9754
0.9781,0.9807,0.9830,0.9851,0.9867,0.9884,0.9898,0.9907,0.9917,0.9925
0.9932,0.9939,0.9944,0.9949,0.9954,0.9959,0.9963,0.9966,0.9969,0.9972
0.9974,0.9976,0.9979,0.9981,0.9983,0.9985,0.9986,0.9988,0.9989,0.9990
0.9991,0.9991,0.9993,0.9994,0.9995,0.9995,0.9996,0.9996,0.9997,0.9997
0.9998,0.9998,0.9998,0.9999,0.9999,0.9999,0.9999,0.9999,1.0000,1.0000
1.0000,1.0000,1.0000,1.0000,1.0000,1.0000,1.0000,1.0000,1.0000,1.0000
hwc2y2fract=0.0000,0.0000,0.0000,0.0000,0.0001,0.0001,0.0001,0.0001
0.0001,0.0001,0.0002,0.0002,0.0003,0.0004,0.0005,0.0008,0.0012,0.0021
0.0038,0.0073,0.0134,0.0225,0.0350,0.0503,0.0678,0.0885,0.1108,0.1341
0.1574,0.1818,0.2061,0.2300,0.2552,0.2795,0.3036,0.3268,0.3509,0.3737
0.3969,0.4183,0.4400,0.4616,0.4824,0.5036,0.5250,0.5467,0.5671,0.5875
0.6075,0.6275,0.6481,0.6680,0.6877,0.7067,0.7258,0.7453,0.7637,0.7825
0.8003,0.8181,0.8341,0.8501,0.8647,0.8791,0.8921,0.9038,0.9148,0.9246
0.9334,0.9412,0.9481,0.9536,0.9588,0.9637,0.9679,0.9713,0.9747,0.9777
0.9801,0.9824,0.9845,0.9863,0.9877,0.9890,0.9901,0.9914,0.9922,0.9931
0.9938,0.9944,0.9949,0.9954,0.9958,0.9962,0.9965,0.9967,0.9970,0.9973
0.9975,0.9977,0.9979,0.9981,0.9983,0.9984,0.9985,0.9987,0.9988,0.9990
0.9990,0.9992,0.9993,0.9994,0.9995,0.9996,0.9997,0.9997,0.9997,0.9998
0.9998,0.9998,0.9999,0.9999,0.9999,0.9999,0.9999,0.9999,1.0000,1.0000
1.0000,1.0000,1.0000,1.0000,1.0000,1.0000,1.0000,1.0000,1.0000,1.0000
hwc2x2fract=0.0000,0.0001,0.0001,0.0002,0.0003,0.0003,0.0003,0.0004
0.0005,0.0006,0.0007,0.0009,0.0011,0.0012,0.0015,0.0019,0.0026,0.0037
0.0052,0.0085,0.0143,0.0220,0.0322,0.0448,0.0592,0.0747,0.0921,0.1111
0.1301,0.1504,0.1710,0.1926,0.2145,0.2369,0.2595,0.2821,0.3055,0.3284
0.3514,0.3753,0.3978,0.4208,0.4428,0.4653,0.4877,0.5101,0.5324,0.5536
0.5751,0.5970,0.6176,0.6380,0.6590,0.6788,0.6983,0.7174,0.7374,0.7571
0.7758,0.7941,0.8120,0.8295,0.8456,0.8613,0.8748,0.8880,0.8999,0.9111
0.9217,0.9306,0.9384,0.9456,0.9519,0.9580,0.9634,0.9683,0.9726,0.9766
0.9798,0.9827,0.9851,0.9872,0.9891,0.9906,0.9919,0.9930,0.9939,0.9947
0.9953,0.9958,0.9963,0.9967,0.9971,0.9974,0.9977,0.9979,0.9981,0.9982
0.9984,0.9986,0.9987,0.9988,0.9990,0.9991,0.9992,0.9993,0.9994,0.9994
0.9995,0.9996,0.9996,0.9996,0.9997,0.9997,0.9998,0.9998,0.9998,0.9998
0.9998,0.9999,0.9999,0.9999,0.9999,0.9999,0.9999,1.0000,1.0000,1.0000
1.0000,1.0000,1.0000,1.0000,1.0000,1.0000,1.0000,1.0000,1.0000,1.0000
