; Lookup table
;number of bins in Meek's time to distance lookup table
hdriftbins=138
;number of 1st bin in Meek's table in ns
hdrift1stbin=-24
;bin size in ns of Meek's table
hdriftbinsz=2
hwc1x1fract=0.0000,0.0001,0.0002,0.0003,0.0004,0.0005,0.0006,0.0007
0.0009,0.0011,0.0013,0.0016,0.0018,0.0021,0.0025,0.0029,0.0035,0.0042
0.0054,0.0072,0.0100,0.0145,0.0214,0.0302,0.0411,0.0542,0.0686,0.0836
0.1005,0.1184,0.1366,0.1555,0.1754,0.1957,0.2165,0.2378,0.2598,0.2813
0.3040,0.3261,0.3484,0.3705,0.3933,0.4157,0.4380,0.4603,0.4823,0.5044
0.5264,0.5482,0.5699,0.5912,0.6129,0.6337,0.6549,0.6756,0.6958,0.7159
0.7357,0.7549,0.7739,0.7921,0.8100,0.8269,0.8432,0.8586,0.8732,0.8865
0.8986,0.9098,0.9203,0.9295,0.9379,0.9458,0.9527,0.9591,0.9647,0.9697
0.9742,0.9781,0.9815,0.9845,0.9870,0.9891,0.9908,0.9921,0.9932,0.9940
0.9947,0.9953,0.9958,0.9962,0.9966,0.9970,0.9972,0.9975,0.9977,0.9979
0.9981,0.9982,0.9984,0.9985,0.9987,0.9988,0.9989,0.9990,0.9991,0.9992
0.9993,0.9993,0.9994,0.9994,0.9995,0.9995,0.9996,0.9996,0.9996,0.9997
0.9997,0.9997,0.9998,0.9998,0.9998,0.9998,0.9998,0.9999,0.9999,0.9999
0.9999,0.9999,0.9999,0.9999,1.0000,1.0000,1.0000,1.0000,1.0000,1.0000
hwc1y1fract=0.0000,0.0001,0.0001,0.0002,0.0003,0.0004,0.0004,0.0005
0.0006,0.0007,0.0009,0.0010,0.0012,0.0015,0.0018,0.0023,0.0030,0.0041
0.0060,0.0092,0.0143,0.0220,0.0329,0.0465,0.0627,0.0815,0.1015,0.1238
0.1464,0.1696,0.1934,0.2170,0.2406,0.2639,0.2874,0.3107,0.3336,0.3566
0.3792,0.4013,0.4234,0.4454,0.4667,0.4879,0.5089,0.5296,0.5501,0.5707
0.5911,0.6113,0.6309,0.6508,0.6700,0.6894,0.7085,0.7272,0.7459,0.7642
0.7823,0.7994,0.8162,0.8328,0.8487,0.8634,0.8774,0.8897,0.9019,0.9131
0.9229,0.9316,0.9396,0.9465,0.9525,0.9580,0.9629,0.9672,0.9710,0.9744
0.9774,0.9801,0.9824,0.9845,0.9863,0.9878,0.9891,0.9903,0.9914,0.9923
0.9930,0.9937,0.9943,0.9949,0.9953,0.9958,0.9962,0.9965,0.9968,0.9971
0.9974,0.9976,0.9978,0.9980,0.9983,0.9984,0.9986,0.9987,0.9988,0.9989
0.9990,0.9991,0.9992,0.9993,0.9994,0.9994,0.9995,0.9995,0.9996,0.9996
0.9997,0.9997,0.9997,0.9997,0.9998,0.9998,0.9998,0.9998,0.9998,0.9999
0.9999,0.9999,0.9999,0.9999,0.9999,0.9999,1.0000,1.0000,1.0000,1.0000
hwc1u1fract=0.0000,0.0000,0.0000,0.0001,0.0001,0.0001,0.0001,0.0001
0.0002,0.0002,0.0002,0.0002,0.0003,0.0004,0.0004,0.0006,0.0008,0.0011
0.0018,0.0034,0.0064,0.0124,0.0213,0.0332,0.0482,0.0649,0.0838,0.1039
0.1249,0.1464,0.1693,0.1917,0.2147,0.2378,0.2607,0.2833,0.3065,0.3289
0.3515,0.3738,0.3961,0.4179,0.4398,0.4611,0.4823,0.5034,0.5243,0.5449
0.5650,0.5851,0.6054,0.6252,0.6449,0.6641,0.6840,0.7034,0.7223,0.7408
0.7592,0.7770,0.7945,0.8118,0.8281,0.8442,0.8596,0.8738,0.8869,0.8988
0.9096,0.9193,0.9281,0.9357,0.9424,0.9489,0.9546,0.9597,0.9644,0.9686
0.9724,0.9756,0.9787,0.9812,0.9835,0.9855,0.9872,0.9886,0.9898,0.9909
0.9918,0.9925,0.9931,0.9937,0.9942,0.9947,0.9951,0.9955,0.9959,0.9963
0.9966,0.9969,0.9972,0.9974,0.9976,0.9978,0.9980,0.9982,0.9985,0.9986
0.9987,0.9989,0.9990,0.9991,0.9992,0.9993,0.9993,0.9994,0.9995,0.9995
0.9996,0.9996,0.9996,0.9997,0.9997,0.9997,0.9998,0.9998,0.9998,0.9999
0.9999,0.9999,0.9999,0.9999,0.9999,1.0000,1.0000,1.0000,1.0000,1.0000
hwc1v1fract=0.0000,0.0000,0.0001,0.0001,0.0001,0.0002,0.0002,0.0003
0.0003,0.0004,0.0005,0.0006,0.0008,0.0011,0.0016,0.0026,0.0043,0.0073
0.0125,0.0203,0.0312,0.0449,0.0607,0.0780,0.0961,0.1152,0.1341,0.1538
0.1735,0.1932,0.2133,0.2344,0.2550,0.2761,0.2973,0.3185,0.3396,0.3609
0.3820,0.4038,0.4249,0.4463,0.4672,0.4888,0.5101,0.5314,0.5526,0.5738
0.5947,0.6157,0.6365,0.6573,0.6779,0.6981,0.7182,0.7381,0.7579,0.7771
0.7957,0.8140,0.8310,0.8481,0.8638,0.8782,0.8914,0.9035,0.9142,0.9238
0.9321,0.9397,0.9465,0.9528,0.9582,0.9635,0.9681,0.9722,0.9760,0.9793
0.9822,0.9849,0.9871,0.9890,0.9905,0.9918,0.9928,0.9937,0.9945,0.9951
0.9956,0.9961,0.9964,0.9967,0.9971,0.9973,0.9976,0.9978,0.9980,0.9982
0.9984,0.9985,0.9986,0.9988,0.9989,0.9990,0.9991,0.9992,0.9993,0.9993
0.9994,0.9994,0.9995,0.9995,0.9996,0.9996,0.9996,0.9997,0.9997,0.9997
0.9998,0.9998,0.9998,0.9998,0.9998,0.9998,0.9998,0.9998,0.9999,0.9999
0.9999,0.9999,0.9999,0.9999,0.9999,0.9999,1.0000,1.0000,1.0000,1.0000
hwc1y2fract=0.0000,0.0000,0.0000,0.0001,0.0001,0.0001,0.0001,0.0001
0.0002,0.0002,0.0002,0.0003,0.0003,0.0004,0.0005,0.0007,0.0010,0.0017
0.0029,0.0052,0.0094,0.0162,0.0257,0.0374,0.0522,0.0695,0.0886,0.1091
0.1311,0.1537,0.1766,0.1996,0.2228,0.2461,0.2693,0.2922,0.3153,0.3378
0.3604,0.3829,0.4050,0.4266,0.4484,0.4695,0.4905,0.5114,0.5320,0.5524
0.5727,0.5929,0.6133,0.6336,0.6533,0.6732,0.6924,0.7114,0.7303,0.7491
0.7676,0.7852,0.8025,0.8191,0.8351,0.8502,0.8646,0.8784,0.8909,0.9021
0.9124,0.9219,0.9302,0.9377,0.9443,0.9503,0.9556,0.9603,0.9647,0.9686
0.9721,0.9753,0.9783,0.9807,0.9828,0.9847,0.9863,0.9877,0.9890,0.9900
0.9910,0.9919,0.9927,0.9934,0.9940,0.9945,0.9950,0.9955,0.9959,0.9963
0.9966,0.9969,0.9972,0.9975,0.9977,0.9979,0.9980,0.9982,0.9984,0.9986
0.9987,0.9989,0.9990,0.9991,0.9992,0.9993,0.9994,0.9994,0.9995,0.9996
0.9996,0.9996,0.9997,0.9997,0.9997,0.9998,0.9998,0.9998,0.9998,0.9999
0.9999,0.9999,0.9999,0.9999,0.9999,1.0000,1.0000,1.0000,1.0000,1.0000
hwc1x2fract=0.0000,0.0001,0.0001,0.0002,0.0003,0.0003,0.0004,0.0005
0.0006,0.0007,0.0008,0.0009,0.0012,0.0014,0.0018,0.0024,0.0033,0.0049
0.0078,0.0126,0.0200,0.0298,0.0415,0.0546,0.0691,0.0853,0.1025,0.1206
0.1398,0.1596,0.1800,0.2009,0.2226,0.2443,0.2666,0.2890,0.3115,0.3339
0.3568,0.3795,0.4025,0.4248,0.4473,0.4702,0.4918,0.5138,0.5356,0.5571
0.5782,0.5989,0.6197,0.6398,0.6602,0.6805,0.7005,0.7203,0.7397,0.7587
0.7769,0.7950,0.8125,0.8293,0.8456,0.8608,0.8749,0.8878,0.9000,0.9107
0.9205,0.9296,0.9380,0.9457,0.9525,0.9588,0.9644,0.9693,0.9738,0.9777
0.9810,0.9839,0.9864,0.9883,0.9900,0.9914,0.9925,0.9934,0.9942,0.9948
0.9953,0.9958,0.9962,0.9965,0.9968,0.9970,0.9973,0.9975,0.9977,0.9979
0.9981,0.9982,0.9984,0.9985,0.9986,0.9987,0.9988,0.9989,0.9990,0.9991
0.9992,0.9993,0.9993,0.9994,0.9994,0.9995,0.9995,0.9996,0.9996,0.9997
0.9997,0.9997,0.9998,0.9998,0.9998,0.9998,0.9998,0.9998,0.9999,0.9999
0.9999,0.9999,0.9999,0.9999,1.0000,1.0000,1.0000,1.0000,1.0000,1.0000
hwc2x1fract=0.0001,0.0001,0.0002,0.0002,0.0003,0.0004,0.0005,0.0006
0.0007,0.0008,0.0010,0.0012,0.0014,0.0017,0.0020,0.0024,0.0029,0.0038
0.0053,0.0075,0.0109,0.0158,0.0230,0.0321,0.0434,0.0568,0.0719,0.0883
0.1055,0.1235,0.1427,0.1627,0.1834,0.2055,0.2275,0.2498,0.2720,0.2948
0.3173,0.3397,0.3624,0.3848,0.4074,0.4298,0.4523,0.4747,0.4967,0.5191
0.5406,0.5623,0.5841,0.6056,0.6265,0.6479,0.6684,0.6889,0.7095,0.7296
0.7492,0.7685,0.7871,0.8051,0.8225,0.8390,0.8551,0.8699,0.8839,0.8967
0.9081,0.9185,0.9282,0.9371,0.9448,0.9516,0.9579,0.9634,0.9685,0.9729
0.9768,0.9802,0.9832,0.9857,0.9877,0.9895,0.9910,0.9923,0.9932,0.9940
0.9947,0.9953,0.9958,0.9961,0.9965,0.9968,0.9971,0.9974,0.9976,0.9978
0.9980,0.9982,0.9984,0.9985,0.9986,0.9987,0.9989,0.9990,0.9991,0.9992
0.9993,0.9993,0.9994,0.9994,0.9995,0.9995,0.9996,0.9996,0.9996,0.9997
0.9997,0.9997,0.9998,0.9998,0.9998,0.9998,0.9999,0.9999,0.9999,0.9999
0.9999,0.9999,0.9999,0.9999,0.9999,1.0000,1.0000,1.0000,1.0000,1.0000
hwc2y1fract=0.0000,0.0000,0.0000,0.0000,0.0000,0.0001,0.0001,0.0001
0.0001,0.0001,0.0002,0.0002,0.0003,0.0003,0.0004,0.0005,0.0007,0.0011
0.0020,0.0041,0.0083,0.0156,0.0261,0.0402,0.0570,0.0768,0.0984,0.1217
0.1459,0.1705,0.1952,0.2197,0.2441,0.2683,0.2925,0.3163,0.3395,0.3626
0.3852,0.4075,0.4297,0.4517,0.4731,0.4945,0.5156,0.5362,0.5572,0.5777
0.5979,0.6182,0.6384,0.6585,0.6782,0.6978,0.7173,0.7366,0.7556,0.7742
0.7922,0.8100,0.8269,0.8434,0.8590,0.8738,0.8877,0.9006,0.9122,0.9226
0.9320,0.9402,0.9474,0.9538,0.9593,0.9642,0.9685,0.9723,0.9758,0.9788
0.9814,0.9836,0.9855,0.9872,0.9887,0.9900,0.9911,0.9921,0.9929,0.9937
0.9943,0.9949,0.9954,0.9958,0.9961,0.9964,0.9967,0.9969,0.9972,0.9974
0.9976,0.9978,0.9979,0.9981,0.9982,0.9984,0.9985,0.9986,0.9988,0.9989
0.9990,0.9991,0.9992,0.9993,0.9993,0.9994,0.9995,0.9995,0.9996,0.9996
0.9997,0.9997,0.9997,0.9997,0.9998,0.9998,0.9998,0.9998,0.9999,0.9999
0.9999,0.9999,0.9999,0.9999,0.9999,0.9999,1.0000,1.0000,1.0000,1.0000
hwc2u1fract=0.0000,0.0000,0.0000,0.0000,0.0000,0.0001,0.0001,0.0001
0.0001,0.0002,0.0002,0.0002,0.0003,0.0004,0.0004,0.0006,0.0009,0.0015
0.0029,0.0060,0.0122,0.0219,0.0355,0.0528,0.0722,0.0939,0.1169,0.1406
0.1643,0.1885,0.2127,0.2366,0.2603,0.2840,0.3073,0.3300,0.3525,0.3745
0.3967,0.4188,0.4403,0.4616,0.4829,0.5042,0.5253,0.5460,0.5665,0.5870
0.6075,0.6273,0.6469,0.6667,0.6860,0.7050,0.7240,0.7429,0.7620,0.7805
0.7986,0.8161,0.8332,0.8496,0.8653,0.8798,0.8933,0.9057,0.9169,0.9269
0.9357,0.9436,0.9501,0.9560,0.9612,0.9657,0.9697,0.9733,0.9766,0.9793
0.9819,0.9840,0.9858,0.9874,0.9889,0.9902,0.9913,0.9922,0.9930,0.9936
0.9942,0.9947,0.9951,0.9954,0.9958,0.9960,0.9963,0.9966,0.9969,0.9971
0.9974,0.9976,0.9978,0.9979,0.9981,0.9983,0.9984,0.9986,0.9987,0.9988
0.9990,0.9991,0.9991,0.9992,0.9993,0.9994,0.9995,0.9996,0.9996,0.9997
0.9997,0.9997,0.9998,0.9998,0.9998,0.9999,0.9999,0.9999,0.9999,0.9999
0.9999,0.9999,0.9999,1.0000,1.0000,1.0000,1.0000,1.0000,1.0000,1.0000
hwc2v1fract=0.0000,0.0000,0.0001,0.0001,0.0001,0.0001,0.0002,0.0002
0.0002,0.0003,0.0004,0.0004,0.0006,0.0008,0.0010,0.0013,0.0019,0.0031
0.0056,0.0109,0.0195,0.0320,0.0476,0.0658,0.0862,0.1086,0.1315,0.1551
0.1790,0.2034,0.2273,0.2507,0.2748,0.2980,0.3213,0.3445,0.3674,0.3896
0.4115,0.4332,0.4546,0.4759,0.4968,0.5181,0.5384,0.5590,0.5792,0.5996
0.6197,0.6394,0.6591,0.6787,0.6979,0.7168,0.7359,0.7544,0.7726,0.7909
0.8086,0.8261,0.8427,0.8585,0.8735,0.8876,0.9004,0.9119,0.9223,0.9315
0.9394,0.9465,0.9525,0.9579,0.9629,0.9672,0.9710,0.9745,0.9775,0.9801
0.9825,0.9846,0.9865,0.9880,0.9894,0.9906,0.9916,0.9925,0.9932,0.9938
0.9944,0.9948,0.9952,0.9956,0.9959,0.9962,0.9965,0.9967,0.9970,0.9972
0.9974,0.9976,0.9979,0.9981,0.9983,0.9984,0.9986,0.9987,0.9989,0.9990
0.9991,0.9992,0.9993,0.9994,0.9994,0.9995,0.9996,0.9996,0.9997,0.9997
0.9997,0.9998,0.9998,0.9998,0.9998,0.9999,0.9999,0.9999,0.9999,0.9999
0.9999,0.9999,0.9999,0.9999,1.0000,1.0000,1.0000,1.0000,1.0000,1.0000
hwc2y2fract=0.0000,0.0000,0.0000,0.0000,0.0001,0.0001,0.0001,0.0001
0.0002,0.0002,0.0002,0.0003,0.0004,0.0005,0.0006,0.0008,0.0013,0.0021
0.0038,0.0070,0.0123,0.0209,0.0328,0.0478,0.0657,0.0861,0.1082,0.1320
0.1559,0.1807,0.2054,0.2304,0.2549,0.2791,0.3026,0.3261,0.3491,0.3721
0.3947,0.4167,0.4389,0.4604,0.4819,0.5034,0.5244,0.5452,0.5658,0.5864
0.6069,0.6269,0.6467,0.6670,0.6867,0.7062,0.7256,0.7447,0.7634,0.7819
0.7995,0.8166,0.8333,0.8499,0.8649,0.8794,0.8930,0.9052,0.9164,0.9269
0.9357,0.9438,0.9508,0.9569,0.9619,0.9666,0.9707,0.9742,0.9773,0.9799
0.9821,0.9843,0.9861,0.9877,0.9890,0.9903,0.9913,0.9922,0.9929,0.9935
0.9942,0.9947,0.9951,0.9955,0.9959,0.9963,0.9965,0.9968,0.9971,0.9973
0.9975,0.9977,0.9978,0.9980,0.9982,0.9983,0.9985,0.9986,0.9987,0.9989
0.9990,0.9991,0.9992,0.9992,0.9993,0.9994,0.9994,0.9995,0.9996,0.9996
0.9997,0.9997,0.9998,0.9998,0.9998,0.9998,0.9998,0.9999,0.9999,0.9999
0.9999,0.9999,0.9999,1.0000,1.0000,1.0000,1.0000,1.0000,1.0000,1.0000
hwc2x2fract=0.0000,0.0001,0.0001,0.0002,0.0002,0.0003,0.0003,0.0004
0.0005,0.0006,0.0007,0.0009,0.0010,0.0012,0.0015,0.0018,0.0022,0.0027
0.0037,0.0053,0.0080,0.0125,0.0197,0.0293,0.0416,0.0559,0.0719,0.0890
0.1078,0.1273,0.1477,0.1690,0.1904,0.2126,0.2352,0.2579,0.2811,0.3043
0.3271,0.3501,0.3738,0.3964,0.4190,0.4416,0.4638,0.4857,0.5074,0.5293
0.5511,0.5725,0.5937,0.6144,0.6351,0.6557,0.6760,0.6957,0.7156,0.7348
0.7543,0.7730,0.7910,0.8089,0.8263,0.8425,0.8582,0.8727,0.8866,0.8991
0.9108,0.9209,0.9304,0.9386,0.9459,0.9526,0.9586,0.9638,0.9686,0.9729
0.9767,0.9801,0.9830,0.9855,0.9876,0.9893,0.9907,0.9920,0.9929,0.9938
0.9945,0.9951,0.9956,0.9960,0.9963,0.9966,0.9969,0.9972,0.9975,0.9977
0.9979,0.9981,0.9983,0.9984,0.9986,0.9987,0.9989,0.9990,0.9991,0.9992
0.9993,0.9993,0.9994,0.9995,0.9995,0.9995,0.9996,0.9996,0.9997,0.9997
0.9997,0.9998,0.9998,0.9998,0.9998,0.9999,0.9999,0.9999,0.9999,0.9999
0.9999,0.9999,0.9999,0.9999,1.0000,1.0000,1.0000,1.0000,1.0000,1.0000
