; Lookup table
;number of bins in Meek's time to distance lookup table
hdriftbins=138
;number of 1st bin in Meek's table in ns
hdrift1stbin=-24
;bin size in ns of Meek's table
hdriftbinsz=2
hwc1x1fract=0.0001,0.0001,0.0003,0.0003,0.0004,0.0005,0.0006,0.0007
0.0009,0.0011,0.0013,0.0016,0.0019,0.0022,0.0027,0.0036,0.0052,0.0074
0.0105,0.0144,0.0193,0.0266,0.0350,0.0465,0.0587,0.0734,0.0891,0.1061
0.1247,0.1432,0.1632,0.1832,0.2044,0.2264,0.2488,0.2718,0.2939,0.3167
0.3398,0.3624,0.3857,0.4096,0.4330,0.4565,0.4796,0.5025,0.5251,0.5473
0.5697,0.5906,0.6132,0.6348,0.6557,0.6769,0.6975,0.7175,0.7371,0.7558
0.7743,0.7918,0.8090,0.8252,0.8407,0.8552,0.8692,0.8816,0.8931,0.9041
0.9142,0.9225,0.9308,0.9390,0.9460,0.9521,0.9578,0.9625,0.9674,0.9717
0.9754,0.9786,0.9816,0.9838,0.9859,0.9877,0.9892,0.9905,0.9915,0.9924
0.9933,0.9940,0.9945,0.9948,0.9953,0.9958,0.9962,0.9965,0.9968,0.9970
0.9972,0.9973,0.9975,0.9977,0.9978,0.9980,0.9981,0.9982,0.9983,0.9985
0.9986,0.9987,0.9988,0.9988,0.9989,0.9990,0.9990,0.9991,0.9991,0.9992
0.9993,0.9993,0.9994,0.9994,0.9995,0.9996,0.9996,0.9996,0.9997,0.9997
0.9997,0.9998,0.9998,0.9998,0.9999,0.9999,0.9999,0.9999,1.0000,1.0000
hwc1y1fract=0.0000,0.0001,0.0002,0.0003,0.0003,0.0004,0.0006,0.0007
0.0009,0.0010,0.0012,0.0013,0.0016,0.0020,0.0025,0.0032,0.0043,0.0059
0.0082,0.0119,0.0180,0.0277,0.0405,0.0564,0.0750,0.0955,0.1185,0.1415
0.1649,0.1889,0.2140,0.2384,0.2622,0.2863,0.3096,0.3335,0.3565,0.3800
0.4030,0.4254,0.4471,0.4685,0.4890,0.5107,0.5319,0.5525,0.5732,0.5936
0.6144,0.6347,0.6543,0.6741,0.6947,0.7146,0.7348,0.7533,0.7725,0.7906
0.8078,0.8253,0.8412,0.8568,0.8715,0.8849,0.8969,0.9078,0.9176,0.9261
0.9334,0.9397,0.9459,0.9511,0.9560,0.9601,0.9640,0.9677,0.9708,0.9738
0.9763,0.9788,0.9811,0.9831,0.9849,0.9862,0.9874,0.9885,0.9896,0.9906
0.9914,0.9922,0.9929,0.9935,0.9940,0.9944,0.9949,0.9954,0.9958,0.9962
0.9965,0.9967,0.9970,0.9972,0.9975,0.9977,0.9978,0.9980,0.9981,0.9984
0.9985,0.9986,0.9987,0.9988,0.9989,0.9990,0.9990,0.9992,0.9992,0.9993
0.9994,0.9994,0.9995,0.9996,0.9996,0.9996,0.9997,0.9997,0.9997,0.9998
0.9998,0.9998,0.9998,0.9998,0.9999,0.9999,0.9999,1.0000,1.0000,1.0000
hwc1u1fract=0.0000,0.0000,0.0000,0.0001,0.0001,0.0001,0.0001,0.0002
0.0002,0.0002,0.0003,0.0003,0.0005,0.0007,0.0009,0.0019,0.0031,0.0054
0.0082,0.0123,0.0182,0.0260,0.0371,0.0508,0.0668,0.0847,0.1044,0.1258
0.1474,0.1694,0.1918,0.2153,0.2384,0.2618,0.2852,0.3087,0.3324,0.3553
0.3779,0.4001,0.4233,0.4461,0.4679,0.4900,0.5116,0.5326,0.5534,0.5743
0.5954,0.6159,0.6363,0.6564,0.6764,0.6964,0.7167,0.7351,0.7541,0.7728
0.7904,0.8075,0.8243,0.8394,0.8542,0.8677,0.8807,0.8928,0.9033,0.9126
0.9211,0.9287,0.9355,0.9419,0.9474,0.9521,0.9567,0.9613,0.9656,0.9694
0.9729,0.9759,0.9783,0.9805,0.9827,0.9847,0.9863,0.9876,0.9889,0.9899
0.9907,0.9915,0.9921,0.9929,0.9934,0.9940,0.9946,0.9951,0.9955,0.9959
0.9961,0.9964,0.9967,0.9970,0.9973,0.9975,0.9976,0.9978,0.9979,0.9980
0.9982,0.9984,0.9985,0.9986,0.9987,0.9988,0.9989,0.9990,0.9991,0.9991
0.9992,0.9993,0.9994,0.9995,0.9996,0.9996,0.9996,0.9997,0.9997,0.9998
0.9998,0.9998,0.9998,0.9999,0.9999,0.9999,0.9999,1.0000,1.0000,1.0000
hwc1v1fract=0.0000,0.0001,0.0001,0.0001,0.0002,0.0002,0.0002,0.0003
0.0004,0.0004,0.0004,0.0005,0.0006,0.0008,0.0009,0.0013,0.0019,0.0030
0.0049,0.0087,0.0156,0.0258,0.0393,0.0550,0.0738,0.0932,0.1142,0.1375
0.1609,0.1843,0.2077,0.2308,0.2543,0.2786,0.3020,0.3250,0.3480,0.3701
0.3920,0.4143,0.4368,0.4583,0.4790,0.4999,0.5215,0.5428,0.5634,0.5840
0.6040,0.6241,0.6439,0.6638,0.6836,0.7040,0.7225,0.7413,0.7605,0.7797
0.7976,0.8149,0.8316,0.8471,0.8618,0.8759,0.8888,0.9007,0.9107,0.9194
0.9274,0.9343,0.9406,0.9465,0.9516,0.9564,0.9609,0.9653,0.9687,0.9716
0.9746,0.9771,0.9797,0.9817,0.9834,0.9852,0.9865,0.9878,0.9889,0.9898
0.9904,0.9912,0.9919,0.9924,0.9931,0.9935,0.9940,0.9945,0.9949,0.9953
0.9956,0.9959,0.9962,0.9965,0.9968,0.9970,0.9972,0.9974,0.9977,0.9978
0.9981,0.9983,0.9984,0.9985,0.9986,0.9987,0.9988,0.9989,0.9990,0.9991
0.9992,0.9993,0.9994,0.9994,0.9995,0.9995,0.9995,0.9996,0.9996,0.9997
0.9997,0.9997,0.9998,0.9998,0.9999,0.9999,0.9999,1.0000,1.0000,1.0000
hwc1y2fract=0.0000,0.0001,0.0001,0.0001,0.0002,0.0002,0.0003,0.0004
0.0004,0.0004,0.0005,0.0006,0.0006,0.0008,0.0010,0.0014,0.0019,0.0030
0.0045,0.0074,0.0126,0.0202,0.0309,0.0448,0.0608,0.0801,0.1013,0.1226
0.1460,0.1700,0.1954,0.2197,0.2443,0.2688,0.2930,0.3162,0.3403,0.3635
0.3863,0.4088,0.4309,0.4521,0.4732,0.4949,0.5159,0.5370,0.5577,0.5774
0.5987,0.6183,0.6378,0.6582,0.6783,0.6982,0.7180,0.7368,0.7553,0.7728
0.7909,0.8081,0.8244,0.8399,0.8552,0.8692,0.8821,0.8938,0.9045,0.9138
0.9223,0.9294,0.9364,0.9424,0.9479,0.9527,0.9569,0.9609,0.9645,0.9681
0.9713,0.9740,0.9760,0.9783,0.9803,0.9822,0.9837,0.9850,0.9864,0.9875
0.9885,0.9894,0.9903,0.9911,0.9916,0.9923,0.9929,0.9934,0.9939,0.9944
0.9949,0.9954,0.9958,0.9961,0.9964,0.9967,0.9969,0.9972,0.9974,0.9976
0.9978,0.9980,0.9983,0.9984,0.9986,0.9987,0.9989,0.9990,0.9990,0.9991
0.9992,0.9993,0.9993,0.9994,0.9995,0.9995,0.9995,0.9996,0.9997,0.9997
0.9997,0.9998,0.9998,0.9998,0.9999,0.9999,0.9999,1.0000,1.0000,1.0000
hwc1x2fract=0.0000,0.0001,0.0001,0.0001,0.0002,0.0002,0.0003,0.0004
0.0004,0.0005,0.0006,0.0007,0.0008,0.0010,0.0011,0.0015,0.0021,0.0032
0.0051,0.0079,0.0124,0.0185,0.0271,0.0382,0.0511,0.0649,0.0814,0.0986
0.1169,0.1363,0.1566,0.1776,0.1995,0.2230,0.2455,0.2679,0.2913,0.3151
0.3382,0.3621,0.3857,0.4084,0.4317,0.4547,0.4776,0.4999,0.5212,0.5440
0.5652,0.5876,0.6090,0.6304,0.6508,0.6713,0.6915,0.7112,0.7316,0.7506
0.7698,0.7886,0.8064,0.8228,0.8378,0.8535,0.8672,0.8800,0.8916,0.9025
0.9121,0.9209,0.9292,0.9367,0.9434,0.9497,0.9551,0.9602,0.9654,0.9697
0.9736,0.9769,0.9798,0.9826,0.9846,0.9865,0.9881,0.9895,0.9907,0.9918
0.9926,0.9934,0.9940,0.9945,0.9949,0.9953,0.9956,0.9959,0.9962,0.9966
0.9968,0.9969,0.9971,0.9973,0.9975,0.9976,0.9979,0.9980,0.9982,0.9983
0.9984,0.9985,0.9985,0.9986,0.9987,0.9988,0.9990,0.9990,0.9990,0.9991
0.9992,0.9993,0.9993,0.9994,0.9994,0.9995,0.9995,0.9996,0.9996,0.9996
0.9997,0.9998,0.9998,0.9998,0.9999,0.9999,0.9999,0.9999,1.0000,1.0000
hwc2x1fract=0.0000,0.0001,0.0002,0.0003,0.0003,0.0004,0.0006,0.0008
0.0009,0.0010,0.0012,0.0015,0.0018,0.0022,0.0026,0.0032,0.0043,0.0059
0.0088,0.0127,0.0181,0.0257,0.0349,0.0462,0.0585,0.0724,0.0879,0.1049
0.1234,0.1429,0.1629,0.1845,0.2070,0.2285,0.2509,0.2737,0.2970,0.3198
0.3430,0.3661,0.3890,0.4122,0.4351,0.4575,0.4804,0.5023,0.5249,0.5467
0.5690,0.5911,0.6125,0.6338,0.6553,0.6764,0.6977,0.7179,0.7380,0.7569
0.7764,0.7955,0.8137,0.8309,0.8469,0.8628,0.8765,0.8888,0.9003,0.9115
0.9210,0.9294,0.9367,0.9433,0.9497,0.9553,0.9610,0.9656,0.9698,0.9737
0.9769,0.9799,0.9825,0.9849,0.9869,0.9882,0.9895,0.9908,0.9917,0.9927
0.9934,0.9940,0.9947,0.9951,0.9956,0.9959,0.9963,0.9966,0.9968,0.9971
0.9973,0.9975,0.9977,0.9979,0.9980,0.9982,0.9983,0.9984,0.9986,0.9987
0.9989,0.9990,0.9991,0.9991,0.9992,0.9993,0.9993,0.9994,0.9995,0.9995
0.9995,0.9996,0.9996,0.9996,0.9997,0.9997,0.9997,0.9998,0.9998,0.9998
0.9998,0.9999,0.9999,0.9999,0.9999,0.9999,0.9999,1.0000,1.0000,1.0000
hwc2y1fract=0.0001,0.0001,0.0001,0.0002,0.0002,0.0003,0.0004,0.0004
0.0005,0.0005,0.0006,0.0008,0.0009,0.0010,0.0014,0.0018,0.0026,0.0037
0.0060,0.0097,0.0162,0.0264,0.0396,0.0559,0.0748,0.0964,0.1194,0.1432
0.1679,0.1932,0.2199,0.2449,0.2695,0.2943,0.3191,0.3430,0.3657,0.3890
0.4115,0.4341,0.4552,0.4769,0.4984,0.5201,0.5416,0.5625,0.5832,0.6044
0.6245,0.6450,0.6653,0.6849,0.7051,0.7246,0.7428,0.7618,0.7798,0.7975
0.8146,0.8319,0.8481,0.8632,0.8773,0.8899,0.9025,0.9137,0.9234,0.9315
0.9390,0.9456,0.9511,0.9563,0.9612,0.9652,0.9687,0.9719,0.9750,0.9774
0.9794,0.9816,0.9836,0.9853,0.9869,0.9880,0.9891,0.9902,0.9910,0.9917
0.9923,0.9929,0.9936,0.9941,0.9946,0.9951,0.9954,0.9956,0.9959,0.9962
0.9966,0.9967,0.9970,0.9972,0.9973,0.9976,0.9978,0.9979,0.9981,0.9982
0.9984,0.9986,0.9987,0.9988,0.9989,0.9990,0.9992,0.9993,0.9994,0.9994
0.9994,0.9995,0.9995,0.9996,0.9996,0.9997,0.9997,0.9997,0.9997,0.9998
0.9998,0.9998,0.9999,0.9999,0.9999,0.9999,1.0000,1.0000,1.0000,1.0000
hwc2u1fract=0.0000,0.0001,0.0001,0.0001,0.0002,0.0002,0.0002,0.0002
0.0002,0.0003,0.0003,0.0003,0.0005,0.0005,0.0006,0.0008,0.0010,0.0015
0.0026,0.0052,0.0106,0.0191,0.0320,0.0473,0.0662,0.0875,0.1104,0.1347
0.1577,0.1831,0.2085,0.2326,0.2567,0.2813,0.3052,0.3288,0.3515,0.3755
0.3977,0.4202,0.4421,0.4642,0.4856,0.5075,0.5281,0.5491,0.5698,0.5897
0.6096,0.6298,0.6493,0.6695,0.6895,0.7085,0.7280,0.7476,0.7677,0.7861
0.8047,0.8219,0.8384,0.8543,0.8689,0.8821,0.8947,0.9069,0.9172,0.9260
0.9333,0.9405,0.9467,0.9520,0.9564,0.9605,0.9644,0.9679,0.9712,0.9743
0.9769,0.9792,0.9815,0.9831,0.9847,0.9861,0.9874,0.9884,0.9893,0.9901
0.9909,0.9915,0.9921,0.9927,0.9933,0.9938,0.9943,0.9946,0.9950,0.9953
0.9955,0.9958,0.9961,0.9963,0.9966,0.9970,0.9972,0.9975,0.9977,0.9978
0.9981,0.9982,0.9984,0.9985,0.9986,0.9988,0.9989,0.9990,0.9991,0.9992
0.9992,0.9993,0.9993,0.9994,0.9995,0.9995,0.9996,0.9996,0.9997,0.9997
0.9997,0.9998,0.9998,0.9998,0.9998,0.9999,0.9999,0.9999,1.0000,1.0000
hwc2v1fract=0.0000,0.0001,0.0001,0.0001,0.0002,0.0002,0.0002,0.0003
0.0004,0.0005,0.0006,0.0006,0.0008,0.0009,0.0011,0.0014,0.0020,0.0029
0.0048,0.0086,0.0157,0.0266,0.0403,0.0573,0.0769,0.0992,0.1220,0.1461
0.1710,0.1960,0.2206,0.2454,0.2691,0.2928,0.3167,0.3406,0.3635,0.3872
0.4103,0.4313,0.4537,0.4746,0.4963,0.5177,0.5383,0.5592,0.5796,0.6006
0.6206,0.6409,0.6614,0.6815,0.7020,0.7218,0.7403,0.7589,0.7780,0.7959
0.8127,0.8302,0.8463,0.8625,0.8771,0.8902,0.9025,0.9129,0.9220,0.9307
0.9380,0.9440,0.9498,0.9549,0.9594,0.9634,0.9670,0.9703,0.9734,0.9761
0.9786,0.9807,0.9828,0.9845,0.9858,0.9872,0.9882,0.9892,0.9901,0.9909
0.9915,0.9921,0.9926,0.9931,0.9935,0.9939,0.9943,0.9946,0.9949,0.9954
0.9957,0.9960,0.9963,0.9966,0.9968,0.9971,0.9973,0.9976,0.9977,0.9979
0.9981,0.9982,0.9983,0.9985,0.9987,0.9988,0.9990,0.9991,0.9992,0.9992
0.9993,0.9993,0.9994,0.9995,0.9996,0.9996,0.9996,0.9997,0.9997,0.9997
0.9998,0.9998,0.9998,0.9999,0.9999,0.9999,0.9999,1.0000,1.0000,1.0000
hwc2y2fract=0.0000,0.0000,0.0001,0.0001,0.0001,0.0002,0.0003,0.0003
0.0004,0.0006,0.0007,0.0008,0.0010,0.0012,0.0015,0.0020,0.0030,0.0045
0.0070,0.0113,0.0180,0.0286,0.0421,0.0585,0.0775,0.0986,0.1211,0.1449
0.1693,0.1934,0.2185,0.2440,0.2690,0.2931,0.3173,0.3410,0.3651,0.3881
0.4111,0.4339,0.4567,0.4790,0.5007,0.5213,0.5424,0.5633,0.5842,0.6041
0.6234,0.6432,0.6635,0.6839,0.7038,0.7238,0.7428,0.7615,0.7800,0.7989
0.8168,0.8335,0.8493,0.8641,0.8778,0.8913,0.9030,0.9132,0.9231,0.9315
0.9386,0.9447,0.9504,0.9559,0.9608,0.9647,0.9685,0.9718,0.9749,0.9774
0.9798,0.9819,0.9837,0.9852,0.9869,0.9881,0.9892,0.9902,0.9910,0.9918
0.9924,0.9930,0.9935,0.9938,0.9942,0.9946,0.9951,0.9954,0.9957,0.9960
0.9963,0.9965,0.9967,0.9969,0.9971,0.9973,0.9975,0.9977,0.9979,0.9981
0.9982,0.9984,0.9985,0.9987,0.9988,0.9989,0.9990,0.9991,0.9992,0.9992
0.9993,0.9994,0.9994,0.9995,0.9995,0.9996,0.9997,0.9997,0.9997,0.9998
0.9998,0.9998,0.9999,0.9999,0.9999,0.9999,0.9999,0.9999,1.0000,1.0000
hwc2x2fract=0.0001,0.0001,0.0002,0.0002,0.0004,0.0004,0.0005,0.0006
0.0007,0.0008,0.0010,0.0012,0.0013,0.0016,0.0019,0.0025,0.0035,0.0052
0.0083,0.0119,0.0176,0.0251,0.0348,0.0472,0.0614,0.0779,0.0951,0.1133
0.1330,0.1536,0.1750,0.1969,0.2193,0.2424,0.2653,0.2890,0.3123,0.3359
0.3596,0.3836,0.4074,0.4308,0.4539,0.4757,0.4976,0.5198,0.5418,0.5637
0.5858,0.6068,0.6279,0.6488,0.6698,0.6907,0.7108,0.7298,0.7499,0.7692
0.7879,0.8063,0.8242,0.8405,0.8556,0.8699,0.8830,0.8954,0.9068,0.9170
0.9258,0.9340,0.9412,0.9476,0.9541,0.9588,0.9635,0.9678,0.9717,0.9756
0.9788,0.9814,0.9837,0.9858,0.9876,0.9892,0.9904,0.9915,0.9925,0.9933
0.9939,0.9945,0.9950,0.9953,0.9957,0.9960,0.9962,0.9965,0.9968,0.9971
0.9974,0.9976,0.9977,0.9979,0.9980,0.9981,0.9982,0.9983,0.9984,0.9985
0.9986,0.9987,0.9988,0.9989,0.9989,0.9990,0.9990,0.9991,0.9992,0.9992
0.9992,0.9993,0.9993,0.9994,0.9995,0.9995,0.9996,0.9996,0.9996,0.9996
0.9997,0.9997,0.9997,0.9998,0.9998,0.9999,0.9999,0.9999,1.0000,1.0000
