; Lookup table
;number of bins in Meek's time to distance lookup table
hdriftbins=138
;number of 1st bin in Meek's table in ns
hdrift1stbin=-24
;bin size in ns of Meek's table
hdriftbinsz=2
hwc1x1fract=0.0000,0.0001,0.0001,0.0002,0.0002,0.0003,0.0004,0.0004
0.0005,0.0006,0.0008,0.0009,0.0012,0.0014,0.0017,0.0022,0.0029,0.0042
0.0062,0.0088,0.0124,0.0171,0.0238,0.0326,0.0433,0.0561,0.0700,0.0850
0.1016,0.1191,0.1369,0.1564,0.1761,0.1963,0.2170,0.2383,0.2599,0.2818
0.3038,0.3264,0.3486,0.3709,0.3932,0.4152,0.4376,0.4601,0.4821,0.5041
0.5255,0.5470,0.5682,0.5893,0.6109,0.6322,0.6529,0.6739,0.6938,0.7135
0.7331,0.7523,0.7711,0.7892,0.8069,0.8239,0.8394,0.8542,0.8683,0.8814
0.8934,0.9046,0.9144,0.9235,0.9320,0.9398,0.9469,0.9535,0.9595,0.9649
0.9695,0.9736,0.9775,0.9808,0.9837,0.9861,0.9881,0.9899,0.9913,0.9924
0.9934,0.9942,0.9948,0.9954,0.9959,0.9963,0.9966,0.9969,0.9972,0.9975
0.9978,0.9980,0.9982,0.9984,0.9985,0.9986,0.9988,0.9988,0.9989,0.9990
0.9991,0.9992,0.9993,0.9993,0.9994,0.9994,0.9995,0.9995,0.9996,0.9996
0.9996,0.9997,0.9997,0.9998,0.9998,0.9998,0.9998,0.9998,0.9999,0.9999
0.9999,0.9999,0.9999,0.9999,0.9999,1.0000,1.0000,1.0000,1.0000,1.0000
hwc1y1fract=0.0000,0.0001,0.0001,0.0002,0.0003,0.0004,0.0004,0.0005
0.0006,0.0007,0.0008,0.0009,0.0011,0.0013,0.0016,0.0020,0.0027,0.0038
0.0055,0.0082,0.0128,0.0199,0.0303,0.0435,0.0601,0.0785,0.0989,0.1204
0.1425,0.1656,0.1887,0.2119,0.2356,0.2586,0.2818,0.3045,0.3276,0.3500
0.3719,0.3939,0.4154,0.4369,0.4583,0.4794,0.5006,0.5212,0.5420,0.5622
0.5825,0.6024,0.6224,0.6422,0.6621,0.6819,0.7014,0.7203,0.7392,0.7574
0.7754,0.7928,0.8101,0.8266,0.8423,0.8572,0.8711,0.8845,0.8961,0.9072
0.9170,0.9258,0.9334,0.9405,0.9467,0.9523,0.9574,0.9619,0.9660,0.9697
0.9731,0.9762,0.9789,0.9812,0.9833,0.9852,0.9868,0.9881,0.9894,0.9905
0.9914,0.9923,0.9931,0.9937,0.9943,0.9949,0.9954,0.9957,0.9961,0.9965
0.9968,0.9971,0.9974,0.9976,0.9979,0.9981,0.9983,0.9984,0.9986,0.9987
0.9988,0.9989,0.9990,0.9991,0.9993,0.9993,0.9994,0.9995,0.9995,0.9996
0.9996,0.9997,0.9997,0.9997,0.9998,0.9998,0.9998,0.9998,0.9999,0.9999
0.9999,0.9999,0.9999,0.9999,0.9999,1.0000,1.0000,1.0000,1.0000,1.0000
hwc1u1fract=0.0000,0.0000,0.0000,0.0001,0.0001,0.0001,0.0001,0.0001
0.0001,0.0002,0.0002,0.0002,0.0002,0.0003,0.0004,0.0007,0.0014,0.0026
0.0046,0.0072,0.0108,0.0165,0.0252,0.0366,0.0505,0.0668,0.0843,0.1031
0.1229,0.1436,0.1651,0.1869,0.2089,0.2313,0.2535,0.2758,0.2978,0.3201
0.3426,0.3650,0.3868,0.4086,0.4302,0.4515,0.4729,0.4942,0.5152,0.5362
0.5572,0.5777,0.5978,0.6176,0.6375,0.6571,0.6769,0.6963,0.7156,0.7348
0.7536,0.7718,0.7896,0.8067,0.8227,0.8386,0.8534,0.8672,0.8799,0.8917
0.9025,0.9121,0.9208,0.9287,0.9356,0.9422,0.9482,0.9537,0.9584,0.9629
0.9669,0.9708,0.9742,0.9772,0.9798,0.9822,0.9842,0.9860,0.9875,0.9888
0.9899,0.9908,0.9918,0.9926,0.9932,0.9938,0.9944,0.9949,0.9953,0.9957
0.9961,0.9964,0.9967,0.9970,0.9972,0.9975,0.9977,0.9979,0.9982,0.9984
0.9985,0.9987,0.9988,0.9989,0.9990,0.9991,0.9992,0.9993,0.9994,0.9994
0.9995,0.9995,0.9996,0.9996,0.9997,0.9997,0.9998,0.9998,0.9998,0.9998
0.9999,0.9999,0.9999,0.9999,0.9999,0.9999,1.0000,1.0000,1.0000,1.0000
hwc1v1fract=0.0000,0.0000,0.0000,0.0001,0.0001,0.0001,0.0001,0.0002
0.0002,0.0002,0.0003,0.0003,0.0004,0.0005,0.0006,0.0008,0.0011,0.0018
0.0031,0.0057,0.0104,0.0180,0.0289,0.0425,0.0588,0.0771,0.0968,0.1173
0.1387,0.1600,0.1825,0.2042,0.2265,0.2490,0.2710,0.2932,0.3155,0.3376
0.3595,0.3810,0.4026,0.4239,0.4453,0.4662,0.4870,0.5078,0.5284,0.5489
0.5694,0.5894,0.6102,0.6299,0.6501,0.6697,0.6891,0.7086,0.7276,0.7466
0.7651,0.7834,0.8012,0.8182,0.8349,0.8507,0.8654,0.8791,0.8908,0.9021
0.9123,0.9215,0.9296,0.9365,0.9430,0.9488,0.9538,0.9585,0.9630,0.9671
0.9708,0.9742,0.9773,0.9800,0.9824,0.9843,0.9861,0.9876,0.9889,0.9901
0.9911,0.9920,0.9928,0.9934,0.9940,0.9945,0.9950,0.9954,0.9958,0.9961
0.9964,0.9968,0.9971,0.9973,0.9976,0.9978,0.9980,0.9982,0.9983,0.9985
0.9987,0.9988,0.9989,0.9990,0.9992,0.9992,0.9993,0.9994,0.9995,0.9995
0.9996,0.9996,0.9997,0.9997,0.9998,0.9998,0.9998,0.9998,0.9999,0.9999
0.9999,0.9999,0.9999,0.9999,1.0000,1.0000,1.0000,1.0000,1.0000,1.0000
hwc1y2fract=0.0000,0.0000,0.0001,0.0001,0.0001,0.0002,0.0002,0.0002
0.0003,0.0003,0.0004,0.0005,0.0006,0.0007,0.0010,0.0013,0.0019,0.0031
0.0051,0.0088,0.0146,0.0229,0.0347,0.0487,0.0656,0.0846,0.1046,0.1259
0.1479,0.1705,0.1930,0.2158,0.2388,0.2615,0.2843,0.3069,0.3293,0.3514
0.3735,0.3953,0.4170,0.4382,0.4594,0.4804,0.5010,0.5216,0.5423,0.5628
0.5832,0.6036,0.6238,0.6440,0.6636,0.6834,0.7027,0.7215,0.7402,0.7588
0.7766,0.7937,0.8105,0.8265,0.8422,0.8565,0.8704,0.8830,0.8947,0.9051
0.9149,0.9233,0.9312,0.9380,0.9441,0.9498,0.9550,0.9597,0.9639,0.9677
0.9711,0.9744,0.9773,0.9797,0.9817,0.9837,0.9853,0.9868,0.9881,0.9892
0.9903,0.9912,0.9920,0.9928,0.9934,0.9940,0.9945,0.9950,0.9953,0.9957
0.9961,0.9964,0.9968,0.9970,0.9973,0.9976,0.9978,0.9980,0.9982,0.9984
0.9985,0.9987,0.9988,0.9989,0.9990,0.9991,0.9992,0.9993,0.9994,0.9994
0.9995,0.9995,0.9996,0.9996,0.9996,0.9997,0.9997,0.9998,0.9998,0.9998
0.9998,0.9999,0.9999,0.9999,0.9999,0.9999,0.9999,1.0000,1.0000,1.0000
hwc1x2fract=0.0000,0.0000,0.0000,0.0001,0.0001,0.0001,0.0002,0.0002
0.0003,0.0004,0.0005,0.0006,0.0008,0.0009,0.0011,0.0015,0.0022,0.0034
0.0055,0.0089,0.0139,0.0210,0.0303,0.0418,0.0551,0.0698,0.0856,0.1024
0.1205,0.1393,0.1587,0.1789,0.1994,0.2204,0.2421,0.2639,0.2858,0.3079
0.3303,0.3526,0.3751,0.3975,0.4194,0.4414,0.4632,0.4848,0.5067,0.5283
0.5498,0.5715,0.5932,0.6139,0.6349,0.6553,0.6757,0.6959,0.7157,0.7354
0.7548,0.7732,0.7912,0.8088,0.8258,0.8413,0.8563,0.8702,0.8832,0.8951
0.9060,0.9160,0.9252,0.9337,0.9411,0.9479,0.9543,0.9601,0.9654,0.9699
0.9741,0.9777,0.9808,0.9835,0.9858,0.9878,0.9896,0.9909,0.9921,0.9930
0.9937,0.9944,0.9950,0.9956,0.9960,0.9964,0.9968,0.9970,0.9973,0.9975
0.9977,0.9979,0.9980,0.9982,0.9984,0.9985,0.9986,0.9987,0.9988,0.9989
0.9990,0.9991,0.9992,0.9992,0.9993,0.9993,0.9994,0.9995,0.9995,0.9996
0.9996,0.9996,0.9997,0.9997,0.9997,0.9998,0.9998,0.9998,0.9998,0.9998
0.9999,0.9999,0.9999,0.9999,0.9999,0.9999,1.0000,1.0000,1.0000,1.0000
hwc2x1fract=0.0000,0.0001,0.0001,0.0002,0.0003,0.0004,0.0004,0.0005
0.0006,0.0007,0.0009,0.0010,0.0012,0.0014,0.0017,0.0020,0.0025,0.0033
0.0048,0.0074,0.0116,0.0176,0.0251,0.0349,0.0466,0.0604,0.0756,0.0919
0.1092,0.1275,0.1464,0.1660,0.1863,0.2068,0.2281,0.2496,0.2714,0.2937
0.3160,0.3383,0.3608,0.3827,0.4047,0.4269,0.4497,0.4718,0.4939,0.5155
0.5376,0.5594,0.5815,0.6028,0.6238,0.6451,0.6659,0.6864,0.7073,0.7275
0.7468,0.7659,0.7846,0.8029,0.8202,0.8370,0.8529,0.8675,0.8810,0.8933
0.9046,0.9149,0.9243,0.9325,0.9402,0.9471,0.9533,0.9590,0.9642,0.9689
0.9732,0.9768,0.9801,0.9829,0.9851,0.9872,0.9890,0.9905,0.9917,0.9926
0.9934,0.9941,0.9948,0.9953,0.9958,0.9962,0.9966,0.9969,0.9972,0.9975
0.9977,0.9979,0.9981,0.9983,0.9984,0.9985,0.9987,0.9988,0.9989,0.9990
0.9991,0.9992,0.9992,0.9993,0.9993,0.9994,0.9995,0.9996,0.9996,0.9996
0.9997,0.9997,0.9998,0.9998,0.9998,0.9998,0.9998,0.9998,0.9999,0.9999
0.9999,0.9999,0.9999,0.9999,0.9999,0.9999,1.0000,1.0000,1.0000,1.0000
hwc2y1fract=0.0000,0.0000,0.0001,0.0001,0.0001,0.0001,0.0002,0.0002
0.0002,0.0003,0.0003,0.0004,0.0005,0.0006,0.0007,0.0010,0.0013,0.0019
0.0029,0.0051,0.0092,0.0160,0.0260,0.0396,0.0560,0.0750,0.0960,0.1187
0.1420,0.1658,0.1894,0.2131,0.2375,0.2613,0.2848,0.3082,0.3312,0.3546
0.3771,0.3992,0.4209,0.4428,0.4642,0.4854,0.5065,0.5274,0.5480,0.5684
0.5887,0.6090,0.6292,0.6492,0.6691,0.6890,0.7085,0.7278,0.7464,0.7651
0.7834,0.8012,0.8185,0.8355,0.8513,0.8658,0.8799,0.8931,0.9048,0.9156
0.9251,0.9335,0.9409,0.9472,0.9529,0.9581,0.9628,0.9667,0.9704,0.9736
0.9766,0.9793,0.9816,0.9836,0.9853,0.9868,0.9882,0.9894,0.9905,0.9914
0.9923,0.9930,0.9937,0.9943,0.9948,0.9952,0.9956,0.9960,0.9963,0.9966
0.9968,0.9971,0.9973,0.9975,0.9977,0.9979,0.9981,0.9982,0.9984,0.9985
0.9987,0.9988,0.9989,0.9990,0.9991,0.9992,0.9993,0.9994,0.9995,0.9995
0.9996,0.9996,0.9997,0.9997,0.9998,0.9998,0.9998,0.9998,0.9999,0.9999
0.9999,0.9999,0.9999,0.9999,0.9999,1.0000,1.0000,1.0000,1.0000,1.0000
hwc2u1fract=0.0000,0.0000,0.0000,0.0000,0.0001,0.0001,0.0001,0.0001
0.0002,0.0002,0.0002,0.0003,0.0003,0.0004,0.0005,0.0006,0.0009,0.0015
0.0029,0.0062,0.0124,0.0226,0.0366,0.0534,0.0729,0.0943,0.1165,0.1399
0.1638,0.1870,0.2105,0.2337,0.2573,0.2803,0.3030,0.3256,0.3479,0.3703
0.3924,0.4142,0.4356,0.4573,0.4786,0.4996,0.5204,0.5411,0.5612,0.5814
0.6013,0.6212,0.6409,0.6606,0.6797,0.6994,0.7186,0.7374,0.7559,0.7740
0.7919,0.8093,0.8263,0.8429,0.8585,0.8731,0.8865,0.8989,0.9099,0.9199
0.9285,0.9359,0.9427,0.9486,0.9540,0.9588,0.9630,0.9670,0.9705,0.9738
0.9766,0.9791,0.9813,0.9833,0.9851,0.9866,0.9879,0.9890,0.9900,0.9909
0.9916,0.9923,0.9929,0.9935,0.9940,0.9944,0.9949,0.9953,0.9956,0.9960
0.9963,0.9966,0.9969,0.9971,0.9974,0.9977,0.9979,0.9981,0.9983,0.9985
0.9987,0.9988,0.9989,0.9990,0.9992,0.9992,0.9993,0.9994,0.9995,0.9995
0.9996,0.9996,0.9997,0.9997,0.9998,0.9998,0.9998,0.9998,0.9999,0.9999
0.9999,0.9999,0.9999,0.9999,0.9999,1.0000,1.0000,1.0000,1.0000,1.0000
hwc2v1fract=0.0000,0.0000,0.0000,0.0001,0.0001,0.0001,0.0001,0.0001
0.0002,0.0002,0.0003,0.0003,0.0004,0.0005,0.0006,0.0007,0.0010,0.0015
0.0025,0.0046,0.0092,0.0173,0.0292,0.0447,0.0628,0.0829,0.1048,0.1273
0.1504,0.1739,0.1975,0.2207,0.2443,0.2676,0.2906,0.3135,0.3363,0.3582
0.3808,0.4029,0.4243,0.4454,0.4665,0.4873,0.5083,0.5287,0.5491,0.5695
0.5898,0.6099,0.6298,0.6497,0.6694,0.6887,0.7078,0.7268,0.7454,0.7641
0.7824,0.8002,0.8175,0.8340,0.8499,0.8649,0.8792,0.8917,0.9034,0.9138
0.9229,0.9307,0.9382,0.9447,0.9504,0.9553,0.9600,0.9641,0.9681,0.9714
0.9745,0.9772,0.9798,0.9820,0.9839,0.9857,0.9871,0.9884,0.9895,0.9905
0.9915,0.9922,0.9929,0.9935,0.9941,0.9946,0.9951,0.9955,0.9959,0.9962
0.9965,0.9968,0.9971,0.9974,0.9976,0.9978,0.9980,0.9982,0.9983,0.9985
0.9987,0.9988,0.9990,0.9991,0.9992,0.9993,0.9994,0.9995,0.9995,0.9996
0.9996,0.9997,0.9997,0.9997,0.9998,0.9998,0.9998,0.9998,0.9999,0.9999
0.9999,0.9999,0.9999,0.9999,0.9999,1.0000,1.0000,1.0000,1.0000,1.0000
hwc2y2fract=0.0000,0.0000,0.0001,0.0001,0.0001,0.0001,0.0002,0.0002
0.0003,0.0003,0.0004,0.0005,0.0006,0.0008,0.0009,0.0012,0.0017,0.0026
0.0041,0.0067,0.0116,0.0192,0.0300,0.0444,0.0615,0.0810,0.1021,0.1245
0.1479,0.1719,0.1957,0.2195,0.2432,0.2667,0.2901,0.3130,0.3358,0.3584
0.3810,0.4033,0.4253,0.4469,0.4683,0.4893,0.5104,0.5313,0.5519,0.5725
0.5930,0.6135,0.6337,0.6536,0.6738,0.6938,0.7131,0.7321,0.7513,0.7698
0.7880,0.8055,0.8224,0.8387,0.8543,0.8688,0.8825,0.8950,0.9065,0.9168
0.9260,0.9345,0.9415,0.9479,0.9534,0.9586,0.9632,0.9672,0.9709,0.9743
0.9771,0.9796,0.9818,0.9836,0.9853,0.9868,0.9882,0.9893,0.9902,0.9910
0.9918,0.9925,0.9932,0.9937,0.9943,0.9948,0.9952,0.9956,0.9959,0.9962
0.9965,0.9968,0.9970,0.9973,0.9975,0.9978,0.9980,0.9982,0.9983,0.9985
0.9986,0.9988,0.9989,0.9990,0.9992,0.9992,0.9993,0.9994,0.9995,0.9995
0.9996,0.9996,0.9997,0.9997,0.9998,0.9998,0.9998,0.9998,0.9998,0.9999
0.9999,0.9999,0.9999,0.9999,0.9999,1.0000,1.0000,1.0000,1.0000,1.0000
hwc2x2fract=0.0000,0.0000,0.0001,0.0001,0.0002,0.0002,0.0003,0.0003
0.0004,0.0005,0.0006,0.0007,0.0008,0.0010,0.0012,0.0015,0.0019,0.0028
0.0042,0.0068,0.0107,0.0164,0.0241,0.0341,0.0463,0.0608,0.0764,0.0935
0.1115,0.1303,0.1497,0.1702,0.1914,0.2130,0.2348,0.2568,0.2790,0.3015
0.3239,0.3465,0.3691,0.3914,0.4139,0.4359,0.4583,0.4806,0.5027,0.5242
0.5461,0.5673,0.5890,0.6101,0.6308,0.6517,0.6719,0.6920,0.7123,0.7320
0.7511,0.7700,0.7883,0.8061,0.8233,0.8395,0.8549,0.8693,0.8829,0.8950
0.9062,0.9164,0.9256,0.9338,0.9411,0.9481,0.9541,0.9597,0.9649,0.9694
0.9735,0.9772,0.9804,0.9831,0.9855,0.9875,0.9892,0.9907,0.9919,0.9929
0.9937,0.9944,0.9950,0.9955,0.9960,0.9964,0.9967,0.9971,0.9973,0.9976
0.9978,0.9980,0.9982,0.9984,0.9985,0.9986,0.9987,0.9989,0.9990,0.9991
0.9991,0.9992,0.9993,0.9993,0.9994,0.9995,0.9995,0.9995,0.9996,0.9996
0.9997,0.9997,0.9997,0.9998,0.9998,0.9998,0.9998,0.9998,0.9999,0.9999
0.9999,0.9999,0.9999,0.9999,0.9999,0.9999,1.0000,1.0000,1.0000,1.0000
