; Lookup table
;number of bins in Meek's time to distance lookup table
hdriftbins=138
;number of 1st bin in Meek's table in ns
hdrift1stbin=-24
;bin size in ns of Meek's table
hdriftbinsz=2
hwc1x1fract=0.0000,0.0001,0.0001,0.0002,0.0002,0.0003,0.0003,0.0005
0.0005,0.0006,0.0008,0.0010,0.0012,0.0014,0.0017,0.0021,0.0026,0.0034
0.0044,0.0061,0.0086,0.0134,0.0200,0.0294,0.0414,0.0541,0.0693,0.0853
0.1022,0.1214,0.1409,0.1613,0.1828,0.2041,0.2261,0.2490,0.2730,0.2962
0.3197,0.3440,0.3678,0.3915,0.4149,0.4382,0.4611,0.4834,0.5057,0.5273
0.5498,0.5713,0.5924,0.6142,0.6350,0.6561,0.6774,0.6977,0.7180,0.7372
0.7566,0.7754,0.7936,0.8105,0.8274,0.8434,0.8589,0.8727,0.8860,0.8978
0.9083,0.9179,0.9265,0.9348,0.9420,0.9485,0.9548,0.9602,0.9649,0.9695
0.9736,0.9773,0.9804,0.9833,0.9856,0.9875,0.9891,0.9905,0.9916,0.9925
0.9937,0.9943,0.9947,0.9952,0.9959,0.9963,0.9966,0.9969,0.9974,0.9977
0.9979,0.9980,0.9983,0.9985,0.9987,0.9988,0.9989,0.9990,0.9991,0.9992
0.9993,0.9994,0.9995,0.9995,0.9995,0.9996,0.9996,0.9997,0.9997,0.9998
0.9998,0.9998,0.9999,0.9999,0.9999,0.9999,0.9999,0.9999,0.9999,0.9999
0.9999,1.0000,1.0000,1.0000,1.0000,1.0000,1.0000,1.0000,1.0000,1.0000
hwc1y1fract=0.0000,0.0001,0.0001,0.0002,0.0002,0.0003,0.0004,0.0005
0.0006,0.0008,0.0009,0.0010,0.0012,0.0015,0.0017,0.0021,0.0029,0.0040
0.0058,0.0089,0.0136,0.0216,0.0328,0.0473,0.0648,0.0843,0.1061,0.1295
0.1528,0.1775,0.2022,0.2271,0.2521,0.2765,0.3006,0.3251,0.3485,0.3718
0.3950,0.4175,0.4401,0.4638,0.4853,0.5065,0.5270,0.5483,0.5688,0.5889
0.6092,0.6302,0.6507,0.6713,0.6914,0.7099,0.7289,0.7479,0.7662,0.7847
0.8023,0.8182,0.8353,0.8507,0.8658,0.8794,0.8923,0.9033,0.9138,0.9231
0.9315,0.9388,0.9455,0.9509,0.9564,0.9612,0.9651,0.9688,0.9724,0.9755
0.9781,0.9802,0.9824,0.9842,0.9860,0.9875,0.9888,0.9898,0.9908,0.9917
0.9925,0.9932,0.9939,0.9945,0.9950,0.9955,0.9960,0.9964,0.9968,0.9970
0.9972,0.9975,0.9979,0.9981,0.9982,0.9984,0.9986,0.9988,0.9989,0.9990
0.9991,0.9992,0.9993,0.9994,0.9995,0.9996,0.9997,0.9997,0.9998,0.9999
0.9999,0.9999,0.9999,0.9999,1.0000,1.0000,1.0000,1.0000,1.0000,1.0000
1.0000,1.0000,1.0000,1.0000,1.0000,1.0000,1.0000,1.0000,1.0000,1.0000
hwc1u1fract=0.0000,0.0000,0.0000,0.0000,0.0000,0.0000,0.0000,0.0000
0.0000,0.0000,0.0001,0.0001,0.0001,0.0002,0.0003,0.0005,0.0009,0.0014
0.0022,0.0042,0.0078,0.0141,0.0237,0.0356,0.0509,0.0686,0.0882,0.1090
0.1313,0.1532,0.1769,0.2008,0.2247,0.2492,0.2741,0.2982,0.3223,0.3462
0.3686,0.3907,0.4134,0.4358,0.4582,0.4794,0.5019,0.5229,0.5448,0.5658
0.5864,0.6071,0.6267,0.6471,0.6674,0.6876,0.7073,0.7266,0.7441,0.7620
0.7805,0.7986,0.8163,0.8325,0.8483,0.8631,0.8763,0.8884,0.8998,0.9100
0.9188,0.9267,0.9336,0.9404,0.9463,0.9513,0.9558,0.9602,0.9642,0.9682
0.9718,0.9749,0.9780,0.9804,0.9823,0.9842,0.9859,0.9875,0.9886,0.9896
0.9908,0.9917,0.9926,0.9933,0.9938,0.9943,0.9950,0.9954,0.9957,0.9961
0.9966,0.9968,0.9970,0.9973,0.9974,0.9977,0.9979,0.9981,0.9982,0.9983
0.9985,0.9986,0.9987,0.9989,0.9991,0.9991,0.9993,0.9994,0.9995,0.9995
0.9996,0.9997,0.9997,0.9998,0.9998,0.9998,0.9999,0.9999,0.9999,0.9999
0.9999,0.9999,0.9999,0.9999,1.0000,1.0000,1.0000,1.0000,1.0000,1.0000
hwc1v1fract=0.0000,0.0000,0.0000,0.0000,0.0001,0.0001,0.0001,0.0002
0.0002,0.0003,0.0003,0.0003,0.0004,0.0006,0.0007,0.0013,0.0020,0.0034
0.0065,0.0121,0.0199,0.0310,0.0446,0.0612,0.0797,0.0996,0.1200,0.1399
0.1628,0.1849,0.2068,0.2290,0.2515,0.2743,0.2967,0.3199,0.3415,0.3641
0.3856,0.4077,0.4305,0.4517,0.4738,0.4950,0.5157,0.5370,0.5575,0.5784
0.5994,0.6206,0.6426,0.6631,0.6841,0.7046,0.7240,0.7438,0.7634,0.7821
0.8015,0.8190,0.8362,0.8530,0.8683,0.8824,0.8948,0.9053,0.9151,0.9240
0.9317,0.9385,0.9449,0.9509,0.9565,0.9610,0.9654,0.9694,0.9729,0.9760
0.9785,0.9812,0.9836,0.9855,0.9873,0.9886,0.9900,0.9909,0.9917,0.9927
0.9935,0.9940,0.9945,0.9951,0.9957,0.9961,0.9965,0.9968,0.9972,0.9974
0.9977,0.9979,0.9980,0.9982,0.9984,0.9986,0.9987,0.9989,0.9990,0.9991
0.9992,0.9993,0.9993,0.9994,0.9995,0.9995,0.9996,0.9996,0.9997,0.9998
0.9998,0.9998,0.9999,0.9999,0.9999,0.9999,0.9999,0.9999,0.9999,0.9999
1.0000,1.0000,1.0000,1.0000,1.0000,1.0000,1.0000,1.0000,1.0000,1.0000
hwc1y2fract=0.0000,0.0000,0.0000,0.0000,0.0000,0.0001,0.0001,0.0002
0.0002,0.0002,0.0002,0.0003,0.0003,0.0004,0.0005,0.0007,0.0011,0.0018
0.0030,0.0055,0.0095,0.0159,0.0260,0.0391,0.0545,0.0725,0.0929,0.1139
0.1379,0.1615,0.1846,0.2092,0.2339,0.2590,0.2817,0.3058,0.3289,0.3525
0.3754,0.3992,0.4224,0.4445,0.4671,0.4888,0.5105,0.5324,0.5534,0.5742
0.5952,0.6148,0.6360,0.6553,0.6761,0.6962,0.7161,0.7350,0.7543,0.7719
0.7890,0.8057,0.8226,0.8385,0.8530,0.8674,0.8803,0.8923,0.9030,0.9132
0.9219,0.9300,0.9370,0.9432,0.9491,0.9542,0.9586,0.9630,0.9665,0.9700
0.9732,0.9758,0.9779,0.9799,0.9820,0.9838,0.9854,0.9869,0.9878,0.9888
0.9899,0.9908,0.9917,0.9924,0.9930,0.9936,0.9943,0.9947,0.9952,0.9957
0.9961,0.9964,0.9967,0.9970,0.9973,0.9976,0.9978,0.9979,0.9982,0.9983
0.9986,0.9988,0.9989,0.9991,0.9992,0.9993,0.9993,0.9994,0.9995,0.9996
0.9997,0.9997,0.9997,0.9997,0.9998,0.9998,0.9998,0.9998,0.9999,0.9999
0.9999,0.9999,1.0000,1.0000,1.0000,1.0000,1.0000,1.0000,1.0000,1.0000
hwc1x2fract=0.0000,0.0001,0.0001,0.0001,0.0002,0.0003,0.0004,0.0004
0.0005,0.0006,0.0007,0.0008,0.0011,0.0013,0.0016,0.0022,0.0032,0.0049
0.0079,0.0125,0.0196,0.0290,0.0405,0.0539,0.0696,0.0867,0.1045,0.1240
0.1454,0.1664,0.1882,0.2105,0.2334,0.2564,0.2803,0.3037,0.3262,0.3492
0.3723,0.3959,0.4189,0.4419,0.4644,0.4876,0.5102,0.5323,0.5538,0.5751
0.5970,0.6186,0.6401,0.6604,0.6810,0.7015,0.7216,0.7405,0.7596,0.7781
0.7955,0.8123,0.8288,0.8455,0.8605,0.8735,0.8865,0.8981,0.9090,0.9186
0.9275,0.9349,0.9422,0.9487,0.9548,0.9603,0.9655,0.9696,0.9737,0.9773
0.9802,0.9827,0.9850,0.9872,0.9888,0.9902,0.9914,0.9924,0.9932,0.9940
0.9947,0.9952,0.9957,0.9961,0.9967,0.9970,0.9972,0.9975,0.9979,0.9981
0.9982,0.9984,0.9986,0.9987,0.9988,0.9988,0.9990,0.9991,0.9992,0.9992
0.9993,0.9994,0.9994,0.9994,0.9994,0.9995,0.9996,0.9996,0.9996,0.9997
0.9997,0.9997,0.9998,0.9998,0.9998,0.9999,0.9999,0.9999,0.9999,1.0000
1.0000,1.0000,1.0000,1.0000,1.0000,1.0000,1.0000,1.0000,1.0000,1.0000
hwc2x1fract=0.0000,0.0000,0.0001,0.0001,0.0002,0.0003,0.0004,0.0005
0.0006,0.0007,0.0009,0.0011,0.0014,0.0017,0.0021,0.0025,0.0032,0.0041
0.0059,0.0088,0.0129,0.0187,0.0268,0.0372,0.0492,0.0636,0.0792,0.0963
0.1149,0.1345,0.1549,0.1763,0.1987,0.2212,0.2439,0.2674,0.2906,0.3142
0.3379,0.3619,0.3856,0.4091,0.4322,0.4552,0.4777,0.5008,0.5231,0.5459
0.5672,0.5894,0.6106,0.6316,0.6523,0.6737,0.6955,0.7164,0.7363,0.7558
0.7755,0.7948,0.8122,0.8289,0.8461,0.8613,0.8755,0.8882,0.9002,0.9113
0.9208,0.9299,0.9376,0.9446,0.9511,0.9566,0.9618,0.9662,0.9703,0.9742
0.9777,0.9809,0.9835,0.9856,0.9876,0.9890,0.9903,0.9915,0.9924,0.9932
0.9940,0.9947,0.9952,0.9957,0.9961,0.9964,0.9967,0.9971,0.9974,0.9976
0.9979,0.9981,0.9983,0.9985,0.9987,0.9988,0.9989,0.9990,0.9991,0.9991
0.9992,0.9993,0.9993,0.9994,0.9995,0.9996,0.9996,0.9997,0.9997,0.9998
0.9998,0.9998,0.9999,0.9999,0.9999,0.9999,0.9999,0.9999,1.0000,1.0000
1.0000,1.0000,1.0000,1.0000,1.0000,1.0000,1.0000,1.0000,1.0000,1.0000
hwc2y1fract=0.0000,0.0000,0.0000,0.0000,0.0001,0.0001,0.0001,0.0001
0.0001,0.0002,0.0002,0.0002,0.0003,0.0004,0.0005,0.0006,0.0010,0.0016
0.0028,0.0053,0.0097,0.0175,0.0287,0.0436,0.0609,0.0806,0.1024,0.1260
0.1508,0.1766,0.2025,0.2280,0.2539,0.2798,0.3045,0.3293,0.3534,0.3779
0.4011,0.4246,0.4470,0.4685,0.4911,0.5126,0.5336,0.5551,0.5761,0.5973
0.6181,0.6387,0.6595,0.6799,0.6996,0.7196,0.7394,0.7580,0.7768,0.7954
0.8133,0.8300,0.8464,0.8620,0.8772,0.8905,0.9036,0.9147,0.9251,0.9336
0.9413,0.9484,0.9546,0.9598,0.9643,0.9681,0.9718,0.9748,0.9776,0.9800
0.9821,0.9841,0.9858,0.9872,0.9884,0.9896,0.9906,0.9914,0.9922,0.9929
0.9935,0.9940,0.9946,0.9949,0.9954,0.9957,0.9960,0.9964,0.9966,0.9969
0.9971,0.9974,0.9975,0.9978,0.9981,0.9982,0.9984,0.9985,0.9987,0.9988
0.9989,0.9990,0.9991,0.9992,0.9993,0.9994,0.9995,0.9996,0.9997,0.9997
0.9998,0.9998,0.9998,0.9998,0.9998,0.9998,0.9999,0.9999,0.9999,0.9999
0.9999,0.9999,1.0000,1.0000,1.0000,1.0000,1.0000,1.0000,1.0000,1.0000
hwc2u1fract=0.0000,0.0000,0.0000,0.0000,0.0001,0.0001,0.0001,0.0001
0.0001,0.0001,0.0002,0.0002,0.0002,0.0003,0.0004,0.0005,0.0007,0.0013
0.0024,0.0053,0.0109,0.0207,0.0341,0.0509,0.0703,0.0926,0.1154,0.1390
0.1632,0.1888,0.2129,0.2369,0.2616,0.2862,0.3099,0.3344,0.3569,0.3793
0.4014,0.4236,0.4458,0.4679,0.4895,0.5105,0.5317,0.5529,0.5744,0.5947
0.6151,0.6349,0.6550,0.6752,0.6947,0.7143,0.7334,0.7526,0.7712,0.7887
0.8061,0.8234,0.8402,0.8561,0.8713,0.8847,0.8974,0.9087,0.9184,0.9271
0.9347,0.9416,0.9474,0.9525,0.9572,0.9612,0.9650,0.9680,0.9709,0.9734
0.9757,0.9774,0.9793,0.9810,0.9825,0.9836,0.9847,0.9856,0.9864,0.9869
0.9875,0.9880,0.9886,0.9889,0.9893,0.9897,0.9901,0.9905,0.9909,0.9912
0.9916,0.9919,0.9922,0.9924,0.9927,0.9930,0.9933,0.9936,0.9939,0.9941
0.9943,0.9945,0.9946,0.9948,0.9949,0.9950,0.9951,0.9953,0.9954,0.9956
0.9957,0.9960,0.9962,0.9966,0.9969,0.9970,0.9972,0.9975,0.9977,0.9979
0.9982,0.9985,0.9987,0.9989,0.9991,0.9993,0.9995,0.9996,0.9999,1.0000
hwc2v1fract=0.0000,0.0000,0.0000,0.0000,0.0001,0.0001,0.0001,0.0002
0.0002,0.0002,0.0003,0.0004,0.0005,0.0006,0.0009,0.0012,0.0017,0.0028
0.0047,0.0085,0.0161,0.0271,0.0416,0.0596,0.0795,0.1018,0.1251,0.1502
0.1747,0.1997,0.2241,0.2495,0.2741,0.2980,0.3217,0.3461,0.3692,0.3927
0.4141,0.4363,0.4581,0.4808,0.5025,0.5239,0.5453,0.5664,0.5870,0.6074
0.6278,0.6485,0.6686,0.6885,0.7079,0.7277,0.7476,0.7664,0.7851,0.8033
0.8204,0.8374,0.8535,0.8685,0.8828,0.8961,0.9075,0.9177,0.9268,0.9348
0.9422,0.9484,0.9541,0.9590,0.9637,0.9674,0.9707,0.9738,0.9763,0.9790
0.9812,0.9832,0.9849,0.9865,0.9880,0.9894,0.9904,0.9913,0.9920,0.9926
0.9931,0.9936,0.9940,0.9945,0.9949,0.9953,0.9956,0.9960,0.9963,0.9966
0.9968,0.9971,0.9974,0.9976,0.9978,0.9980,0.9982,0.9984,0.9986,0.9987
0.9988,0.9990,0.9991,0.9993,0.9993,0.9994,0.9994,0.9995,0.9995,0.9997
0.9997,0.9998,0.9998,0.9998,0.9999,0.9999,0.9999,0.9999,1.0000,1.0000
1.0000,1.0000,1.0000,1.0000,1.0000,1.0000,1.0000,1.0000,1.0000,1.0000
hwc2y2fract=0.0000,0.0000,0.0000,0.0001,0.0001,0.0001,0.0001,0.0001
0.0001,0.0002,0.0003,0.0003,0.0004,0.0005,0.0007,0.0010,0.0016,0.0025
0.0042,0.0071,0.0123,0.0211,0.0330,0.0489,0.0665,0.0867,0.1100,0.1338
0.1586,0.1843,0.2093,0.2349,0.2602,0.2841,0.3093,0.3332,0.3578,0.3809
0.4037,0.4264,0.4500,0.4731,0.4954,0.5178,0.5395,0.5606,0.5810,0.6015
0.6230,0.6440,0.6643,0.6853,0.7043,0.7238,0.7427,0.7617,0.7812,0.7992
0.8173,0.8341,0.8511,0.8663,0.8805,0.8943,0.9066,0.9174,0.9272,0.9352
0.9427,0.9495,0.9553,0.9605,0.9650,0.9688,0.9721,0.9757,0.9785,0.9808
0.9828,0.9845,0.9862,0.9877,0.9890,0.9900,0.9910,0.9918,0.9924,0.9930
0.9937,0.9942,0.9946,0.9950,0.9954,0.9959,0.9962,0.9964,0.9967,0.9970
0.9972,0.9973,0.9976,0.9978,0.9979,0.9981,0.9983,0.9984,0.9986,0.9988
0.9990,0.9991,0.9992,0.9992,0.9993,0.9994,0.9995,0.9995,0.9996,0.9997
0.9998,0.9998,0.9998,0.9999,0.9999,0.9999,0.9999,0.9999,0.9999,1.0000
1.0000,1.0000,1.0000,1.0000,1.0000,1.0000,1.0000,1.0000,1.0000,1.0000
hwc2x2fract=0.0000,0.0001,0.0002,0.0002,0.0003,0.0004,0.0004,0.0005
0.0006,0.0007,0.0008,0.0010,0.0011,0.0014,0.0017,0.0021,0.0026,0.0034
0.0048,0.0069,0.0101,0.0157,0.0236,0.0340,0.0470,0.0625,0.0793,0.0981
0.1176,0.1386,0.1618,0.1838,0.2069,0.2312,0.2551,0.2788,0.3032,0.3264
0.3507,0.3746,0.3973,0.4196,0.4418,0.4643,0.4866,0.5087,0.5307,0.5519
0.5742,0.5951,0.6168,0.6377,0.6583,0.6794,0.6997,0.7198,0.7399,0.7588
0.7779,0.7962,0.8142,0.8315,0.8477,0.8635,0.8771,0.8897,0.9012,0.9123
0.9220,0.9306,0.9384,0.9452,0.9518,0.9576,0.9621,0.9665,0.9705,0.9743
0.9780,0.9809,0.9833,0.9854,0.9871,0.9887,0.9900,0.9912,0.9920,0.9930
0.9938,0.9943,0.9949,0.9954,0.9959,0.9964,0.9966,0.9970,0.9972,0.9975
0.9977,0.9980,0.9981,0.9983,0.9985,0.9987,0.9988,0.9990,0.9991,0.9992
0.9993,0.9993,0.9994,0.9995,0.9995,0.9996,0.9997,0.9997,0.9997,0.9998
0.9998,0.9998,0.9998,0.9999,0.9999,0.9999,0.9999,0.9999,1.0000,1.0000
1.0000,1.0000,1.0000,1.0000,1.0000,1.0000,1.0000,1.0000,1.0000,1.0000
