; Lookup table
;number of bins in Meek's time to distance lookup table
hdriftbins=138
;number of 1st bin in Meek's table in ns
hdrift1stbin=-24
;bin size in ns of Meek's table
hdriftbinsz=2
hwc1x1fract=0.0000,0.0001,0.0001,0.0002,0.0002,0.0003,0.0004,0.0005
0.0006,0.0007,0.0008,0.0009,0.0011,0.0013,0.0016,0.0020,0.0026,0.0036
0.0051,0.0071,0.0099,0.0139,0.0198,0.0277,0.0375,0.0492,0.0618,0.0762
0.0918,0.1081,0.1256,0.1435,0.1625,0.1824,0.2026,0.2231,0.2442,0.2658
0.2875,0.3095,0.3315,0.3540,0.3764,0.3992,0.4212,0.4434,0.4658,0.4879
0.5099,0.5319,0.5537,0.5755,0.5970,0.6184,0.6394,0.6604,0.6810,0.7015
0.7217,0.7418,0.7610,0.7795,0.7972,0.8148,0.8315,0.8474,0.8621,0.8758
0.8889,0.9010,0.9121,0.9223,0.9314,0.9397,0.9471,0.9539,0.9602,0.9656
0.9705,0.9749,0.9787,0.9821,0.9849,0.9872,0.9892,0.9908,0.9922,0.9932
0.9941,0.9948,0.9954,0.9960,0.9964,0.9968,0.9971,0.9974,0.9977,0.9979
0.9981,0.9983,0.9984,0.9986,0.9988,0.9989,0.9990,0.9991,0.9992,0.9993
0.9993,0.9994,0.9995,0.9995,0.9996,0.9996,0.9996,0.9997,0.9997,0.9997
0.9998,0.9998,0.9998,0.9998,0.9999,0.9999,0.9999,0.9999,0.9999,0.9999
1.0000,1.0000,1.0000,1.0000,1.0000,1.0000,1.0000,1.0000,1.0000,1.0000
hwc1y1fract=0.0000,0.0001,0.0001,0.0002,0.0002,0.0003,0.0003,0.0004
0.0005,0.0006,0.0006,0.0008,0.0009,0.0011,0.0013,0.0018,0.0023,0.0031
0.0044,0.0067,0.0104,0.0167,0.0258,0.0380,0.0529,0.0701,0.0892,0.1096
0.1313,0.1537,0.1764,0.1993,0.2220,0.2449,0.2682,0.2913,0.3139,0.3367
0.3590,0.3814,0.4035,0.4253,0.4468,0.4682,0.4895,0.5106,0.5312,0.5516
0.5721,0.5929,0.6131,0.6334,0.6534,0.6732,0.6930,0.7123,0.7315,0.7502
0.7688,0.7868,0.8045,0.8214,0.8376,0.8535,0.8683,0.8821,0.8948,0.9060
0.9167,0.9257,0.9339,0.9413,0.9479,0.9537,0.9590,0.9636,0.9678,0.9716
0.9749,0.9779,0.9805,0.9828,0.9848,0.9867,0.9881,0.9895,0.9907,0.9917
0.9926,0.9934,0.9941,0.9947,0.9953,0.9957,0.9961,0.9965,0.9968,0.9971
0.9974,0.9976,0.9979,0.9981,0.9983,0.9984,0.9986,0.9987,0.9989,0.9990
0.9991,0.9992,0.9993,0.9994,0.9995,0.9996,0.9996,0.9997,0.9997,0.9997
0.9998,0.9998,0.9998,0.9998,0.9999,0.9999,0.9999,0.9999,0.9999,0.9999
0.9999,0.9999,0.9999,1.0000,1.0000,1.0000,1.0000,1.0000,1.0000,1.0000
hwc1u1fract=0.0000,0.0000,0.0000,0.0000,0.0000,0.0000,0.0000,0.0001
0.0001,0.0001,0.0001,0.0001,0.0002,0.0002,0.0003,0.0006,0.0010,0.0019
0.0033,0.0052,0.0083,0.0132,0.0208,0.0313,0.0445,0.0597,0.0766,0.0947
0.1137,0.1338,0.1546,0.1762,0.1976,0.2195,0.2417,0.2639,0.2864,0.3088
0.3311,0.3533,0.3752,0.3972,0.4191,0.4411,0.4627,0.4843,0.5056,0.5268
0.5475,0.5684,0.5891,0.6099,0.6306,0.6508,0.6710,0.6907,0.7101,0.7292
0.7481,0.7666,0.7846,0.8021,0.8188,0.8348,0.8503,0.8647,0.8784,0.8908
0.9022,0.9124,0.9216,0.9298,0.9373,0.9442,0.9503,0.9558,0.9608,0.9652
0.9694,0.9731,0.9765,0.9793,0.9820,0.9841,0.9860,0.9875,0.9890,0.9902
0.9913,0.9922,0.9930,0.9938,0.9944,0.9949,0.9954,0.9958,0.9962,0.9965
0.9969,0.9972,0.9974,0.9977,0.9979,0.9981,0.9983,0.9985,0.9987,0.9989
0.9990,0.9991,0.9992,0.9993,0.9994,0.9994,0.9995,0.9996,0.9996,0.9996
0.9997,0.9998,0.9998,0.9998,0.9998,0.9999,0.9999,0.9999,0.9999,0.9999
1.0000,1.0000,1.0000,1.0000,1.0000,1.0000,1.0000,1.0000,1.0000,1.0000
hwc1v1fract=0.0000,0.0000,0.0000,0.0000,0.0001,0.0001,0.0001,0.0001
0.0002,0.0002,0.0002,0.0003,0.0004,0.0004,0.0006,0.0008,0.0012,0.0019
0.0033,0.0061,0.0109,0.0185,0.0291,0.0424,0.0585,0.0760,0.0950,0.1144
0.1355,0.1564,0.1777,0.1996,0.2214,0.2430,0.2652,0.2870,0.3091,0.3308
0.3527,0.3746,0.3961,0.4180,0.4396,0.4612,0.4826,0.5040,0.5248,0.5455
0.5660,0.5868,0.6071,0.6272,0.6469,0.6668,0.6867,0.7063,0.7260,0.7450
0.7642,0.7825,0.8006,0.8182,0.8351,0.8509,0.8658,0.8799,0.8927,0.9042
0.9147,0.9236,0.9318,0.9392,0.9458,0.9517,0.9572,0.9619,0.9663,0.9703
0.9739,0.9770,0.9799,0.9824,0.9847,0.9864,0.9880,0.9893,0.9906,0.9915
0.9924,0.9932,0.9938,0.9944,0.9949,0.9954,0.9958,0.9962,0.9965,0.9968
0.9971,0.9974,0.9976,0.9978,0.9980,0.9982,0.9984,0.9986,0.9987,0.9988
0.9990,0.9991,0.9992,0.9993,0.9994,0.9994,0.9995,0.9996,0.9996,0.9997
0.9997,0.9997,0.9998,0.9998,0.9998,0.9998,0.9999,0.9999,0.9999,0.9999
0.9999,0.9999,1.0000,1.0000,1.0000,1.0000,1.0000,1.0000,1.0000,1.0000
hwc1y2fract=0.0000,0.0000,0.0000,0.0001,0.0001,0.0001,0.0001,0.0002
0.0002,0.0003,0.0003,0.0004,0.0004,0.0005,0.0007,0.0010,0.0015,0.0024
0.0040,0.0069,0.0119,0.0193,0.0297,0.0426,0.0580,0.0756,0.0948,0.1153
0.1364,0.1582,0.1801,0.2028,0.2253,0.2481,0.2708,0.2931,0.3158,0.3381
0.3608,0.3830,0.4050,0.4267,0.4482,0.4695,0.4907,0.5119,0.5326,0.5532
0.5742,0.5947,0.6149,0.6349,0.6551,0.6751,0.6948,0.7142,0.7337,0.7525
0.7707,0.7883,0.8057,0.8222,0.8383,0.8534,0.8677,0.8810,0.8931,0.9043
0.9144,0.9235,0.9315,0.9389,0.9455,0.9516,0.9569,0.9617,0.9661,0.9698
0.9733,0.9764,0.9792,0.9817,0.9837,0.9855,0.9871,0.9885,0.9897,0.9908
0.9917,0.9927,0.9935,0.9941,0.9947,0.9951,0.9956,0.9960,0.9964,0.9968
0.9971,0.9974,0.9977,0.9979,0.9981,0.9983,0.9984,0.9986,0.9987,0.9989
0.9990,0.9991,0.9992,0.9993,0.9994,0.9995,0.9995,0.9996,0.9997,0.9997
0.9997,0.9998,0.9998,0.9998,0.9998,0.9999,0.9999,0.9999,0.9999,0.9999
0.9999,0.9999,0.9999,0.9999,1.0000,1.0000,1.0000,1.0000,1.0000,1.0000
hwc1x2fract=0.0000,0.0000,0.0000,0.0001,0.0001,0.0001,0.0002,0.0002
0.0003,0.0003,0.0004,0.0005,0.0006,0.0007,0.0009,0.0013,0.0019,0.0030
0.0049,0.0081,0.0130,0.0199,0.0288,0.0393,0.0518,0.0658,0.0811,0.0976
0.1149,0.1332,0.1523,0.1719,0.1921,0.2133,0.2345,0.2563,0.2780,0.3003
0.3227,0.3451,0.3674,0.3900,0.4125,0.4348,0.4566,0.4791,0.5012,0.5231
0.5451,0.5671,0.5887,0.6101,0.6314,0.6520,0.6729,0.6932,0.7132,0.7331
0.7523,0.7711,0.7896,0.8074,0.8241,0.8403,0.8556,0.8700,0.8833,0.8958
0.9070,0.9173,0.9268,0.9355,0.9434,0.9506,0.9568,0.9626,0.9678,0.9725
0.9767,0.9804,0.9835,0.9860,0.9882,0.9900,0.9914,0.9926,0.9935,0.9944
0.9950,0.9957,0.9962,0.9966,0.9969,0.9972,0.9975,0.9978,0.9980,0.9982
0.9984,0.9985,0.9986,0.9988,0.9989,0.9990,0.9991,0.9992,0.9992,0.9993
0.9994,0.9994,0.9994,0.9995,0.9996,0.9996,0.9997,0.9997,0.9997,0.9998
0.9998,0.9998,0.9998,0.9998,0.9999,0.9999,0.9999,0.9999,0.9999,0.9999
0.9999,0.9999,0.9999,1.0000,1.0000,1.0000,1.0000,1.0000,1.0000,1.0000
hwc2x1fract=0.0000,0.0001,0.0001,0.0002,0.0002,0.0003,0.0004,0.0004
0.0005,0.0006,0.0008,0.0009,0.0011,0.0013,0.0015,0.0018,0.0022,0.0029
0.0041,0.0062,0.0099,0.0149,0.0220,0.0309,0.0418,0.0544,0.0686,0.0842
0.1005,0.1179,0.1364,0.1555,0.1752,0.1953,0.2164,0.2376,0.2593,0.2814
0.3037,0.3261,0.3488,0.3713,0.3939,0.4160,0.4386,0.4609,0.4828,0.5049
0.5267,0.5486,0.5705,0.5921,0.6137,0.6349,0.6562,0.6769,0.6976,0.7182
0.7384,0.7581,0.7774,0.7964,0.8143,0.8315,0.8480,0.8631,0.8772,0.8906
0.9027,0.9137,0.9238,0.9326,0.9410,0.9483,0.9549,0.9608,0.9662,0.9708
0.9751,0.9788,0.9819,0.9846,0.9869,0.9889,0.9905,0.9918,0.9929,0.9938
0.9946,0.9952,0.9958,0.9963,0.9967,0.9970,0.9973,0.9976,0.9978,0.9980
0.9982,0.9984,0.9985,0.9987,0.9988,0.9989,0.9990,0.9991,0.9992,0.9993
0.9994,0.9994,0.9995,0.9995,0.9996,0.9996,0.9997,0.9997,0.9997,0.9998
0.9998,0.9998,0.9999,0.9999,0.9999,0.9999,0.9999,0.9999,0.9999,0.9999
0.9999,0.9999,1.0000,1.0000,1.0000,1.0000,1.0000,1.0000,1.0000,1.0000
hwc2y1fract=0.0000,0.0000,0.0000,0.0000,0.0001,0.0001,0.0001,0.0001
0.0002,0.0002,0.0003,0.0003,0.0004,0.0004,0.0005,0.0007,0.0010,0.0014
0.0023,0.0040,0.0072,0.0128,0.0216,0.0337,0.0488,0.0667,0.0867,0.1082
0.1307,0.1540,0.1777,0.2016,0.2252,0.2493,0.2731,0.2967,0.3196,0.3429
0.3660,0.3883,0.4106,0.4325,0.4539,0.4754,0.4968,0.5180,0.5392,0.5600
0.5806,0.6013,0.6218,0.6423,0.6622,0.6821,0.7015,0.7209,0.7400,0.7591
0.7774,0.7955,0.8132,0.8301,0.8467,0.8624,0.8771,0.8906,0.9030,0.9142
0.9243,0.9332,0.9412,0.9482,0.9545,0.9600,0.9648,0.9690,0.9726,0.9759
0.9787,0.9813,0.9835,0.9854,0.9871,0.9886,0.9898,0.9909,0.9918,0.9927
0.9935,0.9941,0.9946,0.9952,0.9957,0.9960,0.9964,0.9967,0.9970,0.9973
0.9975,0.9977,0.9979,0.9981,0.9983,0.9984,0.9986,0.9987,0.9988,0.9989
0.9990,0.9992,0.9993,0.9994,0.9994,0.9995,0.9996,0.9996,0.9997,0.9997
0.9998,0.9998,0.9998,0.9998,0.9999,0.9999,0.9999,0.9999,0.9999,0.9999
0.9999,0.9999,0.9999,0.9999,1.0000,1.0000,1.0000,1.0000,1.0000,1.0000
hwc2u1fract=0.0000,0.0000,0.0000,0.0000,0.0001,0.0001,0.0001,0.0001
0.0001,0.0001,0.0002,0.0002,0.0002,0.0003,0.0004,0.0005,0.0008,0.0014
0.0027,0.0059,0.0121,0.0220,0.0355,0.0521,0.0711,0.0920,0.1143,0.1368
0.1600,0.1836,0.2075,0.2310,0.2544,0.2776,0.3006,0.3235,0.3464,0.3688
0.3908,0.4129,0.4347,0.4560,0.4770,0.4983,0.5192,0.5401,0.5609,0.5813
0.6016,0.6214,0.6414,0.6612,0.6806,0.6999,0.7190,0.7379,0.7568,0.7754
0.7934,0.8113,0.8284,0.8448,0.8605,0.8756,0.8893,0.9016,0.9129,0.9229
0.9318,0.9394,0.9463,0.9523,0.9576,0.9625,0.9667,0.9704,0.9737,0.9766
0.9793,0.9816,0.9837,0.9856,0.9872,0.9886,0.9899,0.9909,0.9917,0.9925
0.9931,0.9936,0.9941,0.9946,0.9950,0.9954,0.9958,0.9961,0.9964,0.9967
0.9970,0.9973,0.9975,0.9977,0.9980,0.9981,0.9983,0.9985,0.9987,0.9988
0.9990,0.9991,0.9992,0.9993,0.9994,0.9995,0.9996,0.9996,0.9997,0.9997
0.9998,0.9998,0.9998,0.9999,0.9999,0.9999,0.9999,0.9999,0.9999,0.9999
1.0000,1.0000,1.0000,1.0000,1.0000,1.0000,1.0000,1.0000,1.0000,1.0000
hwc2v1fract=0.0000,0.0000,0.0000,0.0000,0.0001,0.0001,0.0001,0.0001
0.0002,0.0002,0.0002,0.0003,0.0003,0.0004,0.0005,0.0007,0.0009,0.0015
0.0024,0.0044,0.0088,0.0163,0.0275,0.0419,0.0596,0.0795,0.1008,0.1230
0.1461,0.1694,0.1926,0.2157,0.2392,0.2621,0.2851,0.3079,0.3308,0.3532
0.3755,0.3974,0.4192,0.4406,0.4621,0.4833,0.5043,0.5255,0.5466,0.5666
0.5868,0.6072,0.6270,0.6467,0.6665,0.6862,0.7056,0.7248,0.7438,0.7626
0.7812,0.7990,0.8166,0.8337,0.8502,0.8654,0.8801,0.8933,0.9055,0.9162
0.9256,0.9338,0.9414,0.9483,0.9541,0.9591,0.9637,0.9679,0.9716,0.9749
0.9778,0.9802,0.9825,0.9846,0.9864,0.9879,0.9893,0.9903,0.9913,0.9922
0.9929,0.9936,0.9941,0.9945,0.9950,0.9955,0.9958,0.9962,0.9965,0.9969
0.9971,0.9973,0.9976,0.9978,0.9981,0.9983,0.9985,0.9986,0.9988,0.9989
0.9991,0.9992,0.9993,0.9994,0.9994,0.9995,0.9996,0.9996,0.9997,0.9997
0.9998,0.9998,0.9998,0.9999,0.9999,0.9999,0.9999,0.9999,0.9999,0.9999
0.9999,1.0000,1.0000,1.0000,1.0000,1.0000,1.0000,1.0000,1.0000,1.0000
hwc2y2fract=0.0000,0.0000,0.0000,0.0000,0.0001,0.0001,0.0001,0.0001
0.0002,0.0002,0.0003,0.0003,0.0004,0.0005,0.0007,0.0009,0.0013,0.0019
0.0030,0.0052,0.0091,0.0156,0.0253,0.0382,0.0542,0.0724,0.0927,0.1141
0.1370,0.1606,0.1843,0.2079,0.2318,0.2554,0.2790,0.3022,0.3255,0.3485
0.3708,0.3930,0.4153,0.4369,0.4585,0.4800,0.5011,0.5220,0.5431,0.5639
0.5848,0.6053,0.6255,0.6457,0.6658,0.6856,0.7054,0.7250,0.7442,0.7631
0.7815,0.7996,0.8170,0.8338,0.8499,0.8653,0.8799,0.8931,0.9053,0.9163
0.9260,0.9347,0.9424,0.9491,0.9549,0.9601,0.9648,0.9689,0.9726,0.9759
0.9788,0.9813,0.9836,0.9853,0.9870,0.9885,0.9897,0.9909,0.9917,0.9925
0.9933,0.9940,0.9945,0.9950,0.9954,0.9958,0.9962,0.9966,0.9969,0.9971
0.9973,0.9976,0.9978,0.9980,0.9982,0.9984,0.9986,0.9987,0.9988,0.9990
0.9991,0.9992,0.9992,0.9993,0.9994,0.9995,0.9996,0.9996,0.9997,0.9997
0.9997,0.9998,0.9998,0.9998,0.9999,0.9999,0.9999,0.9999,0.9999,0.9999
0.9999,0.9999,1.0000,1.0000,1.0000,1.0000,1.0000,1.0000,1.0000,1.0000
hwc2x2fract=0.0000,0.0000,0.0001,0.0001,0.0001,0.0002,0.0002,0.0003
0.0004,0.0004,0.0005,0.0006,0.0007,0.0008,0.0010,0.0013,0.0016,0.0023
0.0035,0.0056,0.0086,0.0130,0.0199,0.0290,0.0402,0.0531,0.0676,0.0839
0.1013,0.1196,0.1387,0.1587,0.1794,0.2003,0.2216,0.2437,0.2660,0.2883
0.3110,0.3338,0.3565,0.3789,0.4014,0.4239,0.4463,0.4686,0.4905,0.5129
0.5344,0.5560,0.5777,0.5992,0.6202,0.6413,0.6621,0.6828,0.7031,0.7233
0.7430,0.7625,0.7816,0.8001,0.8178,0.8347,0.8510,0.8659,0.8801,0.8930
0.9049,0.9155,0.9254,0.9338,0.9417,0.9488,0.9552,0.9608,0.9659,0.9706
0.9747,0.9783,0.9814,0.9841,0.9864,0.9884,0.9900,0.9914,0.9926,0.9936
0.9943,0.9950,0.9955,0.9960,0.9964,0.9968,0.9971,0.9974,0.9976,0.9978
0.9981,0.9982,0.9984,0.9986,0.9987,0.9988,0.9990,0.9991,0.9992,0.9993
0.9994,0.9994,0.9995,0.9996,0.9996,0.9997,0.9997,0.9998,0.9998,0.9998
0.9998,0.9999,0.9999,0.9999,0.9999,0.9999,0.9999,0.9999,0.9999,0.9999
1.0000,1.0000,1.0000,1.0000,1.0000,1.0000,1.0000,1.0000,1.0000,1.0000
