; Lookup table
;number of bins in Meek's time to distance lookup table
hdriftbins=138
;number of 1st bin in Meek's table in ns
hdrift1stbin=-24
;bin size in ns of Meek's table
hdriftbinsz=2
hwc1x1fract=0.0001,0.0002,0.0003,0.0004,0.0006,0.0007,0.0009,0.0010
0.0012,0.0014,0.0017,0.0020,0.0025,0.0031,0.0041,0.0058,0.0084,0.0119
0.0164,0.0222,0.0296,0.0389,0.0500,0.0627,0.0769,0.0924,0.1084,0.1260
0.1444,0.1637,0.1835,0.2041,0.2246,0.2458,0.2675,0.2898,0.3118,0.3343
0.3568,0.3795,0.4018,0.4242,0.4465,0.4686,0.4908,0.5130,0.5348,0.5565
0.5780,0.5992,0.6203,0.6411,0.6622,0.6823,0.7023,0.7219,0.7410,0.7595
0.7776,0.7949,0.8115,0.8275,0.8425,0.8564,0.8696,0.8818,0.8933,0.9037
0.9135,0.9223,0.9304,0.9379,0.9447,0.9510,0.9567,0.9617,0.9663,0.9706
0.9743,0.9774,0.9801,0.9824,0.9843,0.9860,0.9875,0.9886,0.9896,0.9903
0.9910,0.9916,0.9921,0.9926,0.9930,0.9933,0.9936,0.9939,0.9942,0.9945
0.9947,0.9949,0.9951,0.9953,0.9955,0.9957,0.9959,0.9961,0.9963,0.9964
0.9966,0.9968,0.9970,0.9971,0.9972,0.9974,0.9975,0.9976,0.9977,0.9978
0.9979,0.9980,0.9982,0.9983,0.9984,0.9985,0.9987,0.9987,0.9989,0.9990
0.9991,0.9993,0.9994,0.9995,0.9996,0.9997,0.9998,0.9998,0.9999,1.0000
hwc1y1fract=0.0001,0.0002,0.0003,0.0004,0.0005,0.0006,0.0008,0.0009
0.0011,0.0013,0.0016,0.0018,0.0022,0.0026,0.0031,0.0039,0.0050,0.0066
0.0091,0.0132,0.0197,0.0294,0.0420,0.0576,0.0753,0.0947,0.1160,0.1379
0.1605,0.1836,0.2069,0.2302,0.2539,0.2771,0.3003,0.3231,0.3452,0.3674
0.3899,0.4121,0.4338,0.4551,0.4764,0.4976,0.5184,0.5387,0.5588,0.5789
0.5988,0.6191,0.6386,0.6582,0.6776,0.6968,0.7154,0.7343,0.7526,0.7707
0.7882,0.8053,0.8216,0.8375,0.8521,0.8660,0.8787,0.8906,0.9014,0.9112
0.9198,0.9275,0.9345,0.9408,0.9463,0.9512,0.9558,0.9601,0.9639,0.9674
0.9705,0.9732,0.9758,0.9779,0.9798,0.9815,0.9830,0.9845,0.9858,0.9868
0.9878,0.9887,0.9895,0.9902,0.9909,0.9915,0.9922,0.9927,0.9932,0.9936
0.9940,0.9943,0.9947,0.9950,0.9952,0.9954,0.9957,0.9959,0.9961,0.9963
0.9966,0.9967,0.9969,0.9971,0.9972,0.9974,0.9976,0.9977,0.9978,0.9980
0.9981,0.9982,0.9983,0.9985,0.9986,0.9987,0.9988,0.9989,0.9990,0.9991
0.9992,0.9993,0.9994,0.9995,0.9996,0.9996,0.9997,0.9998,0.9999,1.0000
hwc1u1fract=0.0001,0.0001,0.0002,0.0002,0.0003,0.0004,0.0004,0.0005
0.0006,0.0007,0.0008,0.0009,0.0011,0.0015,0.0024,0.0040,0.0067,0.0102
0.0148,0.0211,0.0298,0.0410,0.0547,0.0704,0.0873,0.1059,0.1257,0.1462
0.1673,0.1886,0.2106,0.2326,0.2551,0.2772,0.2996,0.3223,0.3448,0.3667
0.3890,0.4110,0.4330,0.4548,0.4764,0.4980,0.5188,0.5398,0.5605,0.5811
0.6018,0.6221,0.6425,0.6618,0.6812,0.7006,0.7199,0.7387,0.7573,0.7751
0.7924,0.8092,0.8251,0.8402,0.8540,0.8671,0.8793,0.8904,0.9005,0.9097
0.9181,0.9257,0.9325,0.9390,0.9449,0.9502,0.9550,0.9594,0.9637,0.9673
0.9707,0.9736,0.9763,0.9786,0.9807,0.9824,0.9840,0.9854,0.9866,0.9877
0.9885,0.9894,0.9900,0.9906,0.9912,0.9918,0.9923,0.9928,0.9932,0.9936
0.9939,0.9942,0.9945,0.9948,0.9951,0.9953,0.9956,0.9958,0.9960,0.9962
0.9964,0.9966,0.9968,0.9970,0.9971,0.9973,0.9974,0.9976,0.9977,0.9979
0.9980,0.9982,0.9983,0.9985,0.9986,0.9987,0.9988,0.9989,0.9990,0.9991
0.9992,0.9993,0.9994,0.9995,0.9996,0.9997,0.9997,0.9998,0.9999,1.0000
hwc1v1fract=0.0001,0.0002,0.0002,0.0003,0.0004,0.0004,0.0005,0.0006
0.0007,0.0008,0.0009,0.0010,0.0011,0.0012,0.0014,0.0017,0.0022,0.0031
0.0050,0.0087,0.0150,0.0241,0.0363,0.0517,0.0690,0.0885,0.1088,0.1300
0.1520,0.1747,0.1974,0.2206,0.2432,0.2662,0.2890,0.3121,0.3347,0.3567
0.3788,0.4010,0.4222,0.4435,0.4647,0.4860,0.5069,0.5277,0.5481,0.5683
0.5881,0.6080,0.6277,0.6472,0.6664,0.6858,0.7048,0.7237,0.7420,0.7604
0.7780,0.7953,0.8121,0.8283,0.8438,0.8582,0.8716,0.8841,0.8950,0.9049
0.9139,0.9220,0.9291,0.9358,0.9416,0.9471,0.9519,0.9565,0.9606,0.9645
0.9680,0.9713,0.9742,0.9767,0.9789,0.9808,0.9825,0.9841,0.9854,0.9865
0.9876,0.9884,0.9893,0.9900,0.9907,0.9912,0.9917,0.9922,0.9927,0.9931
0.9935,0.9939,0.9942,0.9946,0.9948,0.9951,0.9954,0.9956,0.9959,0.9962
0.9964,0.9966,0.9968,0.9970,0.9972,0.9973,0.9975,0.9976,0.9977,0.9979
0.9980,0.9981,0.9982,0.9984,0.9985,0.9986,0.9987,0.9989,0.9990,0.9991
0.9992,0.9993,0.9994,0.9995,0.9996,0.9996,0.9997,0.9998,0.9999,1.0000
hwc1y2fract=0.0001,0.0002,0.0002,0.0004,0.0005,0.0006,0.0007,0.0008
0.0009,0.0011,0.0012,0.0014,0.0016,0.0018,0.0023,0.0029,0.0039,0.0058
0.0088,0.0138,0.0213,0.0317,0.0449,0.0609,0.0791,0.0990,0.1201,0.1422
0.1647,0.1872,0.2101,0.2336,0.2568,0.2800,0.3030,0.3256,0.3481,0.3702
0.3921,0.4142,0.4356,0.4572,0.4778,0.4990,0.5200,0.5403,0.5607,0.5807
0.6007,0.6207,0.6410,0.6608,0.6801,0.6991,0.7182,0.7366,0.7550,0.7725
0.7899,0.8062,0.8221,0.8373,0.8517,0.8652,0.8779,0.8893,0.8996,0.9089
0.9174,0.9251,0.9318,0.9382,0.9436,0.9488,0.9533,0.9575,0.9613,0.9649
0.9682,0.9711,0.9737,0.9760,0.9782,0.9802,0.9817,0.9832,0.9844,0.9856
0.9867,0.9877,0.9885,0.9894,0.9901,0.9907,0.9913,0.9918,0.9924,0.9928
0.9932,0.9935,0.9939,0.9942,0.9945,0.9948,0.9951,0.9954,0.9957,0.9959
0.9961,0.9964,0.9966,0.9968,0.9970,0.9972,0.9973,0.9975,0.9976,0.9978
0.9980,0.9981,0.9982,0.9983,0.9985,0.9986,0.9987,0.9988,0.9989,0.9990
0.9991,0.9992,0.9994,0.9995,0.9995,0.9996,0.9997,0.9998,0.9999,1.0000
hwc1x2fract=0.0001,0.0002,0.0003,0.0004,0.0005,0.0005,0.0006,0.0007
0.0008,0.0010,0.0011,0.0013,0.0015,0.0017,0.0021,0.0027,0.0038,0.0056
0.0084,0.0126,0.0188,0.0269,0.0370,0.0491,0.0629,0.0779,0.0945,0.1117
0.1304,0.1495,0.1694,0.1901,0.2111,0.2326,0.2549,0.2773,0.2997,0.3216
0.3443,0.3669,0.3896,0.4121,0.4346,0.4572,0.4795,0.5013,0.5235,0.5454
0.5667,0.5880,0.6092,0.6299,0.6504,0.6706,0.6908,0.7106,0.7299,0.7484
0.7668,0.7845,0.8017,0.8185,0.8345,0.8491,0.8631,0.8760,0.8878,0.8986
0.9087,0.9179,0.9262,0.9338,0.9409,0.9475,0.9535,0.9589,0.9638,0.9682
0.9721,0.9754,0.9782,0.9806,0.9828,0.9845,0.9860,0.9871,0.9883,0.9892
0.9900,0.9906,0.9912,0.9917,0.9922,0.9926,0.9930,0.9933,0.9937,0.9940
0.9942,0.9946,0.9948,0.9951,0.9953,0.9955,0.9957,0.9959,0.9961,0.9962
0.9964,0.9966,0.9968,0.9969,0.9971,0.9973,0.9974,0.9976,0.9977,0.9979
0.9980,0.9981,0.9982,0.9983,0.9984,0.9986,0.9987,0.9988,0.9989,0.9990
0.9991,0.9992,0.9993,0.9995,0.9996,0.9997,0.9998,0.9998,0.9999,1.0000
hwc2x1fract=0.0001,0.0002,0.0003,0.0004,0.0006,0.0007,0.0009,0.0011
0.0013,0.0015,0.0018,0.0021,0.0025,0.0031,0.0039,0.0054,0.0081,0.0121
0.0178,0.0250,0.0342,0.0450,0.0576,0.0719,0.0874,0.1037,0.1214,0.1399
0.1590,0.1787,0.1993,0.2205,0.2420,0.2637,0.2856,0.3080,0.3302,0.3531
0.3759,0.3980,0.4204,0.4430,0.4653,0.4873,0.5093,0.5312,0.5528,0.5741
0.5955,0.6166,0.6379,0.6587,0.6791,0.6993,0.7190,0.7385,0.7573,0.7761
0.7943,0.8114,0.8276,0.8432,0.8576,0.8709,0.8836,0.8950,0.9055,0.9151
0.9239,0.9317,0.9389,0.9454,0.9514,0.9569,0.9620,0.9664,0.9703,0.9739
0.9771,0.9798,0.9821,0.9840,0.9856,0.9871,0.9883,0.9892,0.9900,0.9907
0.9913,0.9920,0.9924,0.9928,0.9932,0.9936,0.9939,0.9942,0.9944,0.9947
0.9950,0.9952,0.9954,0.9957,0.9958,0.9960,0.9962,0.9964,0.9965,0.9967
0.9968,0.9969,0.9971,0.9973,0.9974,0.9975,0.9976,0.9978,0.9979,0.9980
0.9981,0.9982,0.9984,0.9985,0.9986,0.9987,0.9988,0.9989,0.9990,0.9991
0.9992,0.9993,0.9994,0.9995,0.9996,0.9997,0.9998,0.9998,0.9999,1.0000
hwc2y1fract=0.0001,0.0001,0.0002,0.0003,0.0004,0.0004,0.0005,0.0006
0.0008,0.0009,0.0010,0.0011,0.0013,0.0015,0.0018,0.0022,0.0029,0.0041
0.0063,0.0101,0.0167,0.0265,0.0396,0.0555,0.0738,0.0939,0.1160,0.1390
0.1625,0.1864,0.2103,0.2341,0.2581,0.2814,0.3046,0.3272,0.3499,0.3725
0.3947,0.4167,0.4386,0.4602,0.4814,0.5023,0.5228,0.5433,0.5641,0.5844
0.6046,0.6245,0.6443,0.6641,0.6836,0.7027,0.7219,0.7404,0.7590,0.7769
0.7946,0.8114,0.8277,0.8434,0.8582,0.8722,0.8848,0.8964,0.9069,0.9161
0.9244,0.9317,0.9382,0.9442,0.9494,0.9542,0.9585,0.9623,0.9658,0.9692
0.9721,0.9746,0.9770,0.9789,0.9807,0.9824,0.9837,0.9850,0.9862,0.9871
0.9879,0.9888,0.9895,0.9902,0.9908,0.9913,0.9918,0.9923,0.9927,0.9931
0.9935,0.9938,0.9941,0.9945,0.9948,0.9950,0.9953,0.9956,0.9958,0.9960
0.9963,0.9965,0.9967,0.9968,0.9970,0.9972,0.9974,0.9976,0.9978,0.9979
0.9981,0.9982,0.9983,0.9984,0.9985,0.9986,0.9987,0.9988,0.9989,0.9991
0.9992,0.9993,0.9994,0.9995,0.9995,0.9996,0.9997,0.9998,0.9999,1.0000
hwc2u1fract=0.0001,0.0002,0.0002,0.0003,0.0003,0.0004,0.0005,0.0005
0.0006,0.0007,0.0008,0.0009,0.0010,0.0011,0.0012,0.0015,0.0020,0.0031
0.0054,0.0103,0.0189,0.0310,0.0469,0.0652,0.0859,0.1077,0.1303,0.1535
0.1770,0.2007,0.2243,0.2480,0.2716,0.2950,0.3178,0.3403,0.3627,0.3849
0.4069,0.4284,0.4495,0.4703,0.4910,0.5117,0.5324,0.5527,0.5726,0.5927
0.6124,0.6325,0.6521,0.6712,0.6905,0.7092,0.7282,0.7469,0.7650,0.7828
0.8003,0.8172,0.8337,0.8488,0.8634,0.8773,0.8895,0.9006,0.9107,0.9194
0.9274,0.9342,0.9403,0.9458,0.9508,0.9552,0.9595,0.9634,0.9669,0.9700
0.9728,0.9753,0.9776,0.9796,0.9813,0.9829,0.9843,0.9855,0.9865,0.9874
0.9883,0.9891,0.9897,0.9903,0.9909,0.9914,0.9919,0.9923,0.9928,0.9932
0.9935,0.9938,0.9942,0.9946,0.9948,0.9951,0.9954,0.9957,0.9959,0.9962
0.9964,0.9966,0.9968,0.9970,0.9972,0.9973,0.9975,0.9976,0.9978,0.9979
0.9980,0.9982,0.9983,0.9984,0.9986,0.9987,0.9988,0.9989,0.9990,0.9991
0.9992,0.9993,0.9994,0.9995,0.9996,0.9997,0.9998,0.9999,0.9999,1.0000
hwc2v1fract=0.0001,0.0001,0.0002,0.0002,0.0003,0.0004,0.0004,0.0005
0.0006,0.0007,0.0008,0.0010,0.0011,0.0013,0.0015,0.0017,0.0022,0.0030
0.0048,0.0084,0.0150,0.0256,0.0395,0.0567,0.0762,0.0975,0.1195,0.1425
0.1656,0.1890,0.2124,0.2361,0.2591,0.2828,0.3059,0.3288,0.3511,0.3740
0.3958,0.4177,0.4390,0.4606,0.4816,0.5024,0.5227,0.5434,0.5636,0.5834
0.6030,0.6229,0.6420,0.6617,0.6811,0.7003,0.7192,0.7379,0.7560,0.7743
0.7912,0.8084,0.8249,0.8410,0.8560,0.8701,0.8832,0.8949,0.9053,0.9147
0.9231,0.9306,0.9370,0.9428,0.9482,0.9531,0.9573,0.9613,0.9649,0.9682
0.9711,0.9739,0.9763,0.9784,0.9803,0.9820,0.9835,0.9848,0.9859,0.9869
0.9878,0.9886,0.9893,0.9900,0.9906,0.9912,0.9917,0.9921,0.9926,0.9930
0.9934,0.9938,0.9942,0.9945,0.9948,0.9951,0.9953,0.9956,0.9959,0.9961
0.9963,0.9965,0.9967,0.9970,0.9972,0.9973,0.9975,0.9977,0.9978,0.9979
0.9981,0.9982,0.9984,0.9985,0.9986,0.9987,0.9988,0.9990,0.9991,0.9992
0.9993,0.9993,0.9994,0.9995,0.9996,0.9997,0.9998,0.9999,0.9999,1.0000
hwc2y2fract=0.0001,0.0002,0.0002,0.0003,0.0004,0.0005,0.0006,0.0007
0.0008,0.0009,0.0011,0.0013,0.0015,0.0018,0.0022,0.0027,0.0037,0.0052
0.0078,0.0120,0.0191,0.0291,0.0425,0.0588,0.0777,0.0985,0.1205,0.1434
0.1673,0.1911,0.2152,0.2391,0.2628,0.2866,0.3103,0.3331,0.3559,0.3784
0.4007,0.4227,0.4444,0.4660,0.4871,0.5079,0.5287,0.5488,0.5692,0.5894
0.6095,0.6294,0.6490,0.6689,0.6883,0.7074,0.7264,0.7452,0.7632,0.7811
0.7983,0.8149,0.8309,0.8460,0.8607,0.8745,0.8870,0.8985,0.9087,0.9178
0.9262,0.9334,0.9399,0.9455,0.9506,0.9551,0.9594,0.9633,0.9667,0.9699
0.9726,0.9751,0.9773,0.9793,0.9810,0.9825,0.9839,0.9851,0.9862,0.9872
0.9881,0.9890,0.9897,0.9902,0.9908,0.9914,0.9919,0.9924,0.9928,0.9932
0.9935,0.9939,0.9942,0.9945,0.9948,0.9951,0.9954,0.9956,0.9959,0.9961
0.9963,0.9965,0.9967,0.9969,0.9971,0.9973,0.9974,0.9976,0.9978,0.9979
0.9980,0.9982,0.9983,0.9984,0.9985,0.9986,0.9988,0.9988,0.9990,0.9990
0.9991,0.9992,0.9993,0.9994,0.9995,0.9996,0.9997,0.9998,0.9999,1.0000
hwc2x2fract=0.0001,0.0002,0.0003,0.0004,0.0005,0.0006,0.0007,0.0009
0.0010,0.0012,0.0014,0.0016,0.0019,0.0023,0.0028,0.0039,0.0059,0.0091
0.0135,0.0197,0.0275,0.0378,0.0499,0.0637,0.0791,0.0958,0.1132,0.1320
0.1516,0.1716,0.1920,0.2130,0.2348,0.2570,0.2794,0.3018,0.3240,0.3470
0.3699,0.3928,0.4156,0.4378,0.4600,0.4820,0.5037,0.5258,0.5473,0.5688
0.5901,0.6109,0.6319,0.6527,0.6731,0.6933,0.7133,0.7328,0.7521,0.7707
0.7888,0.8065,0.8230,0.8389,0.8539,0.8678,0.8806,0.8923,0.9028,0.9125
0.9212,0.9293,0.9365,0.9433,0.9495,0.9550,0.9601,0.9648,0.9690,0.9728
0.9760,0.9788,0.9812,0.9832,0.9849,0.9864,0.9876,0.9886,0.9896,0.9904
0.9911,0.9917,0.9922,0.9927,0.9931,0.9934,0.9938,0.9940,0.9943,0.9946
0.9948,0.9951,0.9953,0.9955,0.9957,0.9959,0.9961,0.9963,0.9965,0.9966
0.9967,0.9969,0.9970,0.9971,0.9973,0.9974,0.9975,0.9976,0.9978,0.9979
0.9980,0.9981,0.9983,0.9984,0.9985,0.9986,0.9987,0.9988,0.9989,0.9990
0.9991,0.9992,0.9993,0.9994,0.9995,0.9996,0.9997,0.9998,0.9999,1.0000
