; Lookup table
;number of bins in Meek's time to distance lookup table
hdriftbins=138
;number of 1st bin in Meek's table in ns
hdrift1stbin=-24
;bin size in ns of Meek's table
hdriftbinsz=2
hwc1x1fract=0.0003,0.0007,0.0010,0.0013,0.0016,0.0020,0.0023,0.0027
0.0031,0.0035,0.0040,0.0045,0.0050,0.0056,0.0063,0.0071,0.0083,0.0098
0.0119,0.0151,0.0197,0.0262,0.0344,0.0446,0.0565,0.0703,0.0848,0.1000
0.1165,0.1335,0.1518,0.1702,0.1897,0.2089,0.2289,0.2495,0.2701,0.2912
0.3121,0.3337,0.3551,0.3765,0.3979,0.4193,0.4404,0.4620,0.4833,0.5042
0.5255,0.5461,0.5667,0.5874,0.6076,0.6278,0.6479,0.6677,0.6873,0.7064
0.7253,0.7437,0.7615,0.7790,0.7958,0.8118,0.8270,0.8410,0.8539,0.8662
0.8772,0.8873,0.8966,0.9051,0.9130,0.9201,0.9263,0.9323,0.9377,0.9427
0.9471,0.9510,0.9544,0.9575,0.9600,0.9622,0.9643,0.9660,0.9675,0.9689
0.9702,0.9714,0.9724,0.9734,0.9743,0.9752,0.9761,0.9770,0.9778,0.9786
0.9793,0.9800,0.9807,0.9813,0.9820,0.9826,0.9833,0.9839,0.9845,0.9851
0.9857,0.9863,0.9868,0.9874,0.9879,0.9885,0.9890,0.9895,0.9900,0.9906
0.9911,0.9917,0.9922,0.9927,0.9932,0.9936,0.9942,0.9946,0.9951,0.9956
0.9961,0.9966,0.9971,0.9975,0.9980,0.9984,0.9988,0.9992,0.9996,1.0000
hwc1y1fract=0.0003,0.0006,0.0010,0.0013,0.0016,0.0020,0.0024,0.0029
0.0034,0.0039,0.0045,0.0050,0.0056,0.0064,0.0074,0.0086,0.0102,0.0123
0.0153,0.0200,0.0274,0.0376,0.0506,0.0665,0.0844,0.1036,0.1244,0.1455
0.1674,0.1894,0.2115,0.2333,0.2552,0.2772,0.2993,0.3208,0.3423,0.3638
0.3851,0.4062,0.4267,0.4476,0.4677,0.4878,0.5078,0.5278,0.5476,0.5678
0.5875,0.6071,0.6263,0.6452,0.6640,0.6830,0.7019,0.7204,0.7386,0.7561
0.7732,0.7899,0.8061,0.8217,0.8365,0.8503,0.8631,0.8748,0.8856,0.8952
0.9038,0.9115,0.9184,0.9248,0.9303,0.9353,0.9397,0.9436,0.9473,0.9506
0.9535,0.9561,0.9586,0.9608,0.9628,0.9647,0.9664,0.9680,0.9693,0.9706
0.9719,0.9731,0.9741,0.9751,0.9761,0.9770,0.9778,0.9786,0.9794,0.9801
0.9809,0.9815,0.9822,0.9829,0.9836,0.9842,0.9847,0.9853,0.9858,0.9864
0.9871,0.9876,0.9882,0.9887,0.9892,0.9898,0.9903,0.9908,0.9913,0.9918
0.9923,0.9927,0.9932,0.9936,0.9941,0.9945,0.9949,0.9953,0.9957,0.9961
0.9965,0.9969,0.9973,0.9978,0.9981,0.9985,0.9989,0.9994,0.9996,1.0000
hwc1u1fract=0.0002,0.0005,0.0008,0.0010,0.0012,0.0015,0.0018,0.0020
0.0023,0.0026,0.0029,0.0031,0.0034,0.0037,0.0042,0.0050,0.0064,0.0083
0.0109,0.0143,0.0192,0.0268,0.0366,0.0491,0.0635,0.0794,0.0968,0.1148
0.1341,0.1539,0.1743,0.1949,0.2155,0.2365,0.2576,0.2789,0.3002,0.3217
0.3428,0.3638,0.3849,0.4059,0.4267,0.4476,0.4683,0.4886,0.5089,0.5292
0.5490,0.5691,0.5889,0.6087,0.6280,0.6476,0.6669,0.6862,0.7049,0.7236
0.7416,0.7593,0.7763,0.7931,0.8091,0.8242,0.8382,0.8515,0.8636,0.8747
0.8846,0.8936,0.9018,0.9093,0.9160,0.9223,0.9279,0.9328,0.9375,0.9419
0.9460,0.9494,0.9525,0.9554,0.9580,0.9603,0.9624,0.9643,0.9659,0.9675
0.9689,0.9702,0.9714,0.9725,0.9736,0.9745,0.9755,0.9764,0.9773,0.9781
0.9789,0.9797,0.9804,0.9812,0.9819,0.9826,0.9832,0.9838,0.9844,0.9851
0.9858,0.9864,0.9869,0.9875,0.9881,0.9887,0.9892,0.9897,0.9902,0.9908
0.9913,0.9918,0.9924,0.9928,0.9934,0.9939,0.9943,0.9948,0.9953,0.9958
0.9962,0.9966,0.9970,0.9975,0.9979,0.9983,0.9988,0.9992,0.9996,1.0000
hwc1v1fract=0.0003,0.0005,0.0007,0.0009,0.0012,0.0015,0.0018,0.0020
0.0024,0.0026,0.0029,0.0032,0.0035,0.0038,0.0042,0.0047,0.0053,0.0061
0.0075,0.0098,0.0135,0.0199,0.0293,0.0419,0.0570,0.0745,0.0934,0.1133
0.1337,0.1553,0.1771,0.1989,0.2206,0.2423,0.2643,0.2861,0.3078,0.3294
0.3508,0.3717,0.3929,0.4134,0.4339,0.4542,0.4744,0.4945,0.5144,0.5343
0.5537,0.5731,0.5925,0.6119,0.6310,0.6500,0.6687,0.6873,0.7061,0.7243
0.7422,0.7598,0.7768,0.7935,0.8097,0.8251,0.8392,0.8527,0.8651,0.8765
0.8865,0.8953,0.9036,0.9107,0.9170,0.9227,0.9280,0.9329,0.9373,0.9414
0.9452,0.9487,0.9519,0.9547,0.9572,0.9594,0.9614,0.9634,0.9653,0.9668
0.9682,0.9695,0.9708,0.9719,0.9729,0.9739,0.9748,0.9758,0.9766,0.9774
0.9782,0.9791,0.9799,0.9806,0.9814,0.9821,0.9829,0.9835,0.9842,0.9849
0.9855,0.9861,0.9867,0.9873,0.9879,0.9885,0.9890,0.9896,0.9902,0.9907
0.9912,0.9917,0.9922,0.9928,0.9932,0.9937,0.9942,0.9947,0.9952,0.9956
0.9961,0.9966,0.9971,0.9975,0.9979,0.9984,0.9988,0.9992,0.9996,1.0000
hwc1y2fract=0.0003,0.0005,0.0008,0.0011,0.0014,0.0017,0.0020,0.0024
0.0028,0.0031,0.0034,0.0039,0.0044,0.0049,0.0055,0.0061,0.0072,0.0086
0.0107,0.0141,0.0197,0.0278,0.0387,0.0523,0.0682,0.0864,0.1060,0.1267
0.1480,0.1696,0.1915,0.2134,0.2351,0.2574,0.2793,0.3008,0.3223,0.3440
0.3651,0.3864,0.4074,0.4280,0.4486,0.4691,0.4897,0.5093,0.5292,0.5490
0.5685,0.5884,0.6080,0.6271,0.6465,0.6657,0.6845,0.7029,0.7214,0.7393
0.7572,0.7740,0.7906,0.8064,0.8216,0.8361,0.8497,0.8622,0.8734,0.8838
0.8932,0.9016,0.9091,0.9159,0.9219,0.9273,0.9322,0.9368,0.9410,0.9447
0.9481,0.9511,0.9539,0.9564,0.9588,0.9608,0.9626,0.9642,0.9658,0.9673
0.9686,0.9699,0.9711,0.9723,0.9734,0.9744,0.9753,0.9762,0.9771,0.9778
0.9786,0.9795,0.9803,0.9811,0.9818,0.9825,0.9832,0.9838,0.9845,0.9852
0.9858,0.9864,0.9871,0.9877,0.9882,0.9888,0.9894,0.9899,0.9905,0.9909
0.9914,0.9919,0.9924,0.9929,0.9934,0.9939,0.9943,0.9948,0.9952,0.9957
0.9961,0.9965,0.9970,0.9975,0.9980,0.9984,0.9988,0.9992,0.9996,1.0000
hwc1x2fract=0.0003,0.0005,0.0008,0.0011,0.0014,0.0017,0.0020,0.0023
0.0026,0.0029,0.0033,0.0037,0.0041,0.0046,0.0051,0.0058,0.0067,0.0083
0.0105,0.0141,0.0196,0.0271,0.0369,0.0482,0.0612,0.0753,0.0905,0.1065
0.1236,0.1411,0.1596,0.1784,0.1982,0.2183,0.2385,0.2592,0.2803,0.3015
0.3233,0.3445,0.3664,0.3878,0.4095,0.4307,0.4519,0.4729,0.4944,0.5152
0.5365,0.5571,0.5780,0.5983,0.6186,0.6383,0.6583,0.6776,0.6970,0.7162
0.7350,0.7530,0.7707,0.7876,0.8038,0.8191,0.8339,0.8479,0.8606,0.8722
0.8829,0.8928,0.9012,0.9094,0.9166,0.9234,0.9294,0.9351,0.9400,0.9445
0.9486,0.9522,0.9556,0.9585,0.9610,0.9631,0.9649,0.9665,0.9679,0.9692
0.9705,0.9717,0.9726,0.9735,0.9744,0.9752,0.9761,0.9768,0.9775,0.9782
0.9789,0.9796,0.9803,0.9809,0.9815,0.9822,0.9829,0.9836,0.9842,0.9848
0.9853,0.9859,0.9863,0.9869,0.9875,0.9881,0.9887,0.9892,0.9897,0.9904
0.9909,0.9915,0.9920,0.9925,0.9930,0.9935,0.9940,0.9945,0.9950,0.9954
0.9959,0.9964,0.9969,0.9974,0.9979,0.9982,0.9986,0.9991,0.9996,1.0000
hwc2x1fract=0.0003,0.0006,0.0009,0.0012,0.0015,0.0018,0.0022,0.0026
0.0029,0.0034,0.0039,0.0044,0.0049,0.0054,0.0060,0.0068,0.0076,0.0088
0.0105,0.0128,0.0160,0.0204,0.0268,0.0351,0.0455,0.0576,0.0711,0.0858
0.1016,0.1185,0.1364,0.1548,0.1740,0.1938,0.2140,0.2342,0.2551,0.2764
0.2979,0.3193,0.3406,0.3618,0.3832,0.4045,0.4259,0.4470,0.4685,0.4899
0.5110,0.5316,0.5524,0.5726,0.5932,0.6135,0.6333,0.6536,0.6735,0.6928
0.7116,0.7306,0.7488,0.7662,0.7837,0.8001,0.8161,0.8312,0.8454,0.8582
0.8703,0.8813,0.8913,0.9004,0.9089,0.9164,0.9235,0.9295,0.9352,0.9404
0.9450,0.9492,0.9529,0.9562,0.9590,0.9615,0.9637,0.9657,0.9675,0.9690
0.9704,0.9716,0.9727,0.9738,0.9747,0.9756,0.9765,0.9773,0.9781,0.9789
0.9796,0.9803,0.9811,0.9818,0.9824,0.9830,0.9837,0.9843,0.9849,0.9854
0.9860,0.9867,0.9872,0.9878,0.9883,0.9889,0.9894,0.9900,0.9905,0.9910
0.9915,0.9920,0.9925,0.9930,0.9935,0.9940,0.9945,0.9950,0.9954,0.9959
0.9964,0.9968,0.9973,0.9977,0.9981,0.9984,0.9989,0.9992,0.9996,1.0000
hwc2y1fract=0.0003,0.0005,0.0008,0.0011,0.0014,0.0017,0.0021,0.0024
0.0027,0.0031,0.0035,0.0039,0.0044,0.0049,0.0056,0.0063,0.0073,0.0088
0.0112,0.0153,0.0220,0.0317,0.0449,0.0604,0.0783,0.0980,0.1186,0.1406
0.1630,0.1857,0.2082,0.2302,0.2527,0.2754,0.2979,0.3197,0.3414,0.3631
0.3844,0.4054,0.4263,0.4469,0.4672,0.4875,0.5074,0.5270,0.5474,0.5668
0.5867,0.6062,0.6258,0.6448,0.6642,0.6830,0.7014,0.7199,0.7384,0.7562
0.7736,0.7904,0.8070,0.8222,0.8370,0.8509,0.8638,0.8758,0.8867,0.8965
0.9051,0.9127,0.9198,0.9260,0.9315,0.9363,0.9406,0.9445,0.9481,0.9513
0.9543,0.9569,0.9593,0.9616,0.9635,0.9651,0.9668,0.9682,0.9694,0.9707
0.9718,0.9729,0.9739,0.9749,0.9757,0.9765,0.9773,0.9781,0.9789,0.9797
0.9804,0.9811,0.9817,0.9824,0.9830,0.9837,0.9843,0.9849,0.9855,0.9861
0.9867,0.9872,0.9877,0.9883,0.9888,0.9893,0.9898,0.9904,0.9908,0.9913
0.9918,0.9923,0.9928,0.9933,0.9938,0.9942,0.9946,0.9951,0.9956,0.9960
0.9964,0.9968,0.9972,0.9977,0.9981,0.9985,0.9989,0.9993,0.9996,1.0000
hwc2u1fract=0.0003,0.0005,0.0008,0.0011,0.0013,0.0015,0.0018,0.0021
0.0023,0.0026,0.0028,0.0031,0.0034,0.0038,0.0041,0.0045,0.0050,0.0056
0.0067,0.0088,0.0130,0.0204,0.0312,0.0451,0.0616,0.0804,0.1003,0.1212
0.1426,0.1645,0.1868,0.2093,0.2313,0.2535,0.2757,0.2976,0.3190,0.3407
0.3618,0.3828,0.4040,0.4246,0.4450,0.4652,0.4854,0.5056,0.5255,0.5453
0.5646,0.5841,0.6033,0.6224,0.6412,0.6604,0.6787,0.6971,0.7154,0.7338
0.7518,0.7691,0.7860,0.8024,0.8182,0.8333,0.8476,0.8607,0.8726,0.8837
0.8935,0.9023,0.9097,0.9167,0.9229,0.9284,0.9333,0.9378,0.9419,0.9456
0.9490,0.9520,0.9548,0.9573,0.9595,0.9615,0.9634,0.9651,0.9667,0.9681
0.9695,0.9706,0.9716,0.9727,0.9737,0.9746,0.9755,0.9764,0.9772,0.9782
0.9790,0.9798,0.9806,0.9813,0.9820,0.9828,0.9834,0.9841,0.9848,0.9854
0.9860,0.9867,0.9873,0.9879,0.9884,0.9890,0.9895,0.9901,0.9906,0.9911
0.9917,0.9921,0.9926,0.9930,0.9935,0.9940,0.9945,0.9950,0.9955,0.9959
0.9963,0.9968,0.9972,0.9977,0.9981,0.9984,0.9988,0.9992,0.9996,1.0000
hwc2v1fract=0.0002,0.0005,0.0008,0.0011,0.0013,0.0016,0.0019,0.0023
0.0026,0.0029,0.0032,0.0035,0.0038,0.0042,0.0046,0.0052,0.0058,0.0069
0.0086,0.0120,0.0179,0.0274,0.0400,0.0558,0.0735,0.0934,0.1139,0.1358
0.1576,0.1800,0.2023,0.2251,0.2473,0.2697,0.2915,0.3134,0.3343,0.3560
0.3771,0.3982,0.4191,0.4396,0.4594,0.4797,0.4992,0.5193,0.5388,0.5587
0.5780,0.5977,0.6163,0.6352,0.6536,0.6728,0.6914,0.7101,0.7278,0.7459
0.7633,0.7806,0.7968,0.8132,0.8282,0.8430,0.8561,0.8687,0.8799,0.8901
0.8986,0.9067,0.9138,0.9201,0.9257,0.9307,0.9352,0.9396,0.9434,0.9468
0.9499,0.9529,0.9557,0.9581,0.9603,0.9623,0.9640,0.9657,0.9671,0.9685
0.9697,0.9709,0.9720,0.9731,0.9741,0.9750,0.9760,0.9768,0.9776,0.9784
0.9792,0.9800,0.9807,0.9814,0.9821,0.9828,0.9835,0.9841,0.9848,0.9855
0.9860,0.9867,0.9872,0.9879,0.9884,0.9889,0.9895,0.9900,0.9906,0.9910
0.9915,0.9920,0.9925,0.9930,0.9934,0.9939,0.9944,0.9949,0.9953,0.9958
0.9963,0.9967,0.9972,0.9976,0.9980,0.9984,0.9988,0.9992,0.9996,1.0000
hwc2y2fract=0.0003,0.0006,0.0009,0.0012,0.0015,0.0018,0.0022,0.0025
0.0028,0.0032,0.0036,0.0041,0.0046,0.0052,0.0059,0.0068,0.0080,0.0097
0.0124,0.0167,0.0235,0.0337,0.0468,0.0625,0.0803,0.1002,0.1208,0.1423
0.1644,0.1869,0.2094,0.2318,0.2543,0.2768,0.2987,0.3209,0.3423,0.3640
0.3853,0.4067,0.4276,0.4483,0.4686,0.4886,0.5085,0.5287,0.5483,0.5676
0.5873,0.6072,0.6268,0.6464,0.6656,0.6843,0.7029,0.7210,0.7387,0.7562
0.7737,0.7907,0.8068,0.8223,0.8372,0.8513,0.8643,0.8760,0.8866,0.8963
0.9050,0.9126,0.9191,0.9253,0.9309,0.9357,0.9400,0.9439,0.9477,0.9509
0.9540,0.9566,0.9589,0.9610,0.9629,0.9646,0.9662,0.9676,0.9690,0.9703
0.9714,0.9725,0.9735,0.9743,0.9753,0.9762,0.9770,0.9778,0.9785,0.9792
0.9799,0.9806,0.9812,0.9819,0.9825,0.9831,0.9838,0.9845,0.9852,0.9857
0.9863,0.9869,0.9875,0.9881,0.9887,0.9892,0.9897,0.9903,0.9908,0.9913
0.9918,0.9922,0.9928,0.9932,0.9937,0.9941,0.9946,0.9951,0.9955,0.9959
0.9964,0.9968,0.9972,0.9976,0.9981,0.9985,0.9989,0.9993,0.9996,1.0000
hwc2x2fract=0.0003,0.0006,0.0008,0.0011,0.0015,0.0018,0.0021,0.0024
0.0028,0.0032,0.0036,0.0040,0.0044,0.0049,0.0054,0.0061,0.0070,0.0085
0.0108,0.0139,0.0181,0.0240,0.0318,0.0417,0.0536,0.0672,0.0821,0.0987
0.1161,0.1339,0.1525,0.1718,0.1915,0.2118,0.2328,0.2537,0.2746,0.2956
0.3176,0.3392,0.3611,0.3824,0.4038,0.4253,0.4470,0.4680,0.4888,0.5098
0.5303,0.5510,0.5714,0.5919,0.6118,0.6315,0.6511,0.6709,0.6902,0.7092
0.7282,0.7464,0.7644,0.7818,0.7983,0.8143,0.8293,0.8435,0.8565,0.8687
0.8799,0.8902,0.8994,0.9077,0.9152,0.9220,0.9284,0.9340,0.9390,0.9435
0.9479,0.9518,0.9551,0.9581,0.9607,0.9631,0.9651,0.9669,0.9685,0.9698
0.9710,0.9722,0.9733,0.9743,0.9752,0.9761,0.9769,0.9778,0.9785,0.9792
0.9800,0.9806,0.9813,0.9819,0.9825,0.9831,0.9837,0.9843,0.9849,0.9855
0.9860,0.9866,0.9871,0.9877,0.9882,0.9887,0.9892,0.9898,0.9903,0.9908
0.9913,0.9918,0.9923,0.9928,0.9933,0.9938,0.9943,0.9948,0.9952,0.9957
0.9962,0.9966,0.9970,0.9975,0.9979,0.9983,0.9988,0.9992,0.9996,1.0000
