; Lookup table
;number of bins in Meek's time to distance lookup table
hdriftbins=138
;number of 1st bin in Meek's table in ns
hdrift1stbin=-24
;bin size in ns of Meek's table
hdriftbinsz=2
hwc1x1fract=0.0001,0.0002,0.0003,0.0004,0.0005,0.0006,0.0008,0.0009
0.0010,0.0011,0.0013,0.0015,0.0017,0.0019,0.0021,0.0025,0.0030,0.0039
0.0051,0.0070,0.0100,0.0146,0.0215,0.0305,0.0416,0.0543,0.0687,0.0844
0.1017,0.1199,0.1387,0.1590,0.1800,0.2015,0.2234,0.2456,0.2680,0.2915
0.3145,0.3378,0.3610,0.3841,0.4077,0.4307,0.4529,0.4758,0.4983,0.5204
0.5425,0.5643,0.5857,0.6072,0.6283,0.6485,0.6688,0.6887,0.7087,0.7285
0.7480,0.7667,0.7849,0.8025,0.8191,0.8348,0.8497,0.8638,0.8766,0.8888
0.8997,0.9097,0.9189,0.9272,0.9349,0.9417,0.9479,0.9538,0.9593,0.9643
0.9685,0.9724,0.9758,0.9787,0.9812,0.9833,0.9852,0.9867,0.9881,0.9891
0.9901,0.9909,0.9916,0.9922,0.9928,0.9933,0.9937,0.9941,0.9945,0.9948
0.9951,0.9954,0.9957,0.9959,0.9962,0.9964,0.9966,0.9968,0.9969,0.9971
0.9972,0.9974,0.9975,0.9977,0.9978,0.9980,0.9981,0.9982,0.9983,0.9984
0.9985,0.9986,0.9987,0.9988,0.9989,0.9989,0.9990,0.9991,0.9992,0.9993
0.9994,0.9995,0.9996,0.9996,0.9997,0.9998,0.9998,0.9999,0.9999,1.0000
hwc1y1fract=0.0001,0.0002,0.0002,0.0003,0.0004,0.0005,0.0006,0.0008
0.0009,0.0011,0.0012,0.0014,0.0017,0.0019,0.0023,0.0028,0.0035,0.0046
0.0062,0.0092,0.0144,0.0223,0.0333,0.0472,0.0637,0.0831,0.1044,0.1266
0.1499,0.1738,0.1983,0.2229,0.2474,0.2714,0.2955,0.3191,0.3428,0.3663
0.3893,0.4119,0.4343,0.4559,0.4774,0.4991,0.5203,0.5416,0.5621,0.5826
0.6027,0.6224,0.6426,0.6622,0.6822,0.7016,0.7209,0.7396,0.7586,0.7765
0.7941,0.8110,0.8275,0.8431,0.8580,0.8717,0.8846,0.8962,0.9069,0.9160
0.9243,0.9318,0.9383,0.9443,0.9498,0.9546,0.9589,0.9628,0.9662,0.9694
0.9725,0.9751,0.9774,0.9794,0.9811,0.9828,0.9842,0.9855,0.9866,0.9877
0.9886,0.9895,0.9902,0.9909,0.9915,0.9921,0.9927,0.9931,0.9936,0.9940
0.9944,0.9948,0.9952,0.9955,0.9957,0.9960,0.9962,0.9964,0.9966,0.9968
0.9970,0.9972,0.9974,0.9975,0.9977,0.9978,0.9980,0.9981,0.9982,0.9983
0.9984,0.9986,0.9987,0.9988,0.9989,0.9990,0.9990,0.9991,0.9992,0.9993
0.9994,0.9994,0.9995,0.9996,0.9997,0.9997,0.9998,0.9999,1.0000,1.0000
hwc1u1fract=0.0000,0.0001,0.0001,0.0001,0.0002,0.0002,0.0003,0.0003
0.0004,0.0004,0.0004,0.0005,0.0006,0.0007,0.0008,0.0010,0.0014,0.0020
0.0030,0.0048,0.0084,0.0150,0.0244,0.0368,0.0519,0.0691,0.0879,0.1085
0.1303,0.1527,0.1758,0.1992,0.2230,0.2466,0.2700,0.2935,0.3165,0.3401
0.3630,0.3859,0.4085,0.4310,0.4529,0.4746,0.4959,0.5170,0.5385,0.5592
0.5799,0.6003,0.6202,0.6399,0.6602,0.6799,0.6994,0.7189,0.7374,0.7563
0.7749,0.7925,0.8091,0.8253,0.8409,0.8557,0.8695,0.8820,0.8934,0.9037
0.9126,0.9205,0.9278,0.9341,0.9400,0.9456,0.9505,0.9552,0.9593,0.9633
0.9669,0.9700,0.9730,0.9756,0.9779,0.9799,0.9817,0.9832,0.9846,0.9859
0.9871,0.9879,0.9889,0.9897,0.9904,0.9911,0.9917,0.9922,0.9927,0.9932
0.9936,0.9940,0.9944,0.9948,0.9951,0.9954,0.9957,0.9960,0.9962,0.9964
0.9966,0.9969,0.9971,0.9973,0.9975,0.9976,0.9978,0.9979,0.9981,0.9982
0.9983,0.9984,0.9986,0.9987,0.9988,0.9989,0.9990,0.9991,0.9992,0.9993
0.9994,0.9995,0.9995,0.9996,0.9996,0.9997,0.9998,0.9999,0.9999,1.0000
hwc1v1fract=0.0001,0.0001,0.0002,0.0002,0.0003,0.0003,0.0004,0.0004
0.0005,0.0006,0.0006,0.0007,0.0009,0.0010,0.0012,0.0016,0.0022,0.0034
0.0058,0.0103,0.0173,0.0276,0.0407,0.0568,0.0741,0.0934,0.1135,0.1347
0.1569,0.1794,0.2027,0.2255,0.2483,0.2716,0.2939,0.3170,0.3396,0.3621
0.3843,0.4066,0.4287,0.4504,0.4722,0.4935,0.5152,0.5364,0.5573,0.5778
0.5979,0.6178,0.6379,0.6584,0.6783,0.6979,0.7171,0.7363,0.7554,0.7738
0.7916,0.8091,0.8259,0.8421,0.8572,0.8713,0.8834,0.8948,0.9052,0.9142
0.9221,0.9292,0.9357,0.9415,0.9467,0.9517,0.9563,0.9605,0.9644,0.9681
0.9713,0.9745,0.9771,0.9793,0.9811,0.9829,0.9844,0.9858,0.9868,0.9878
0.9887,0.9895,0.9902,0.9909,0.9915,0.9921,0.9925,0.9930,0.9934,0.9938
0.9942,0.9945,0.9949,0.9951,0.9954,0.9957,0.9959,0.9962,0.9964,0.9966
0.9968,0.9970,0.9972,0.9974,0.9975,0.9977,0.9978,0.9980,0.9981,0.9982
0.9983,0.9985,0.9986,0.9987,0.9988,0.9989,0.9990,0.9991,0.9992,0.9993
0.9994,0.9994,0.9995,0.9996,0.9997,0.9997,0.9998,0.9999,1.0000,1.0000
hwc1y2fract=0.0000,0.0001,0.0002,0.0002,0.0003,0.0004,0.0004,0.0005
0.0005,0.0006,0.0007,0.0008,0.0009,0.0010,0.0011,0.0013,0.0017,0.0024
0.0036,0.0058,0.0097,0.0162,0.0253,0.0375,0.0526,0.0700,0.0894,0.1106
0.1329,0.1562,0.1800,0.2038,0.2279,0.2518,0.2756,0.2997,0.3231,0.3460
0.3690,0.3917,0.4143,0.4364,0.4584,0.4799,0.5011,0.5219,0.5428,0.5635
0.5838,0.6042,0.6247,0.6452,0.6651,0.6852,0.7041,0.7235,0.7423,0.7609
0.7788,0.7956,0.8127,0.8284,0.8435,0.8577,0.8711,0.8834,0.8947,0.9049
0.9139,0.9221,0.9291,0.9354,0.9411,0.9462,0.9509,0.9555,0.9596,0.9633
0.9666,0.9697,0.9724,0.9749,0.9770,0.9789,0.9807,0.9822,0.9835,0.9848
0.9860,0.9870,0.9879,0.9887,0.9895,0.9903,0.9909,0.9915,0.9920,0.9925
0.9929,0.9934,0.9938,0.9942,0.9946,0.9949,0.9952,0.9955,0.9958,0.9961
0.9963,0.9965,0.9967,0.9970,0.9972,0.9974,0.9975,0.9977,0.9979,0.9980
0.9981,0.9983,0.9984,0.9985,0.9987,0.9988,0.9989,0.9990,0.9991,0.9992
0.9993,0.9994,0.9994,0.9995,0.9996,0.9997,0.9998,0.9999,0.9999,1.0000
hwc1x2fract=0.0001,0.0001,0.0002,0.0003,0.0004,0.0004,0.0005,0.0006
0.0007,0.0008,0.0009,0.0010,0.0012,0.0013,0.0016,0.0019,0.0025,0.0035
0.0051,0.0082,0.0129,0.0198,0.0288,0.0404,0.0536,0.0681,0.0840,0.1019
0.1206,0.1399,0.1602,0.1816,0.2031,0.2255,0.2481,0.2708,0.2938,0.3173
0.3403,0.3639,0.3869,0.4096,0.4321,0.4545,0.4771,0.4999,0.5217,0.5435
0.5649,0.5863,0.6072,0.6278,0.6486,0.6691,0.6895,0.7095,0.7287,0.7477
0.7668,0.7850,0.8026,0.8192,0.8352,0.8502,0.8638,0.8766,0.8883,0.8989
0.9088,0.9178,0.9260,0.9336,0.9406,0.9468,0.9526,0.9580,0.9628,0.9670
0.9706,0.9740,0.9771,0.9798,0.9821,0.9841,0.9857,0.9871,0.9883,0.9893
0.9902,0.9909,0.9917,0.9923,0.9929,0.9933,0.9937,0.9940,0.9944,0.9947
0.9951,0.9953,0.9956,0.9958,0.9960,0.9962,0.9964,0.9965,0.9967,0.9969
0.9970,0.9972,0.9974,0.9975,0.9977,0.9978,0.9979,0.9981,0.9982,0.9983
0.9984,0.9985,0.9986,0.9987,0.9988,0.9989,0.9990,0.9991,0.9991,0.9992
0.9993,0.9994,0.9994,0.9995,0.9996,0.9997,0.9998,0.9999,0.9999,1.0000
hwc2x1fract=0.0001,0.0002,0.0003,0.0003,0.0004,0.0005,0.0006,0.0008
0.0010,0.0011,0.0013,0.0016,0.0018,0.0020,0.0024,0.0028,0.0034,0.0043
0.0059,0.0086,0.0125,0.0181,0.0258,0.0356,0.0475,0.0612,0.0764,0.0927
0.1107,0.1298,0.1494,0.1701,0.1914,0.2136,0.2358,0.2590,0.2825,0.3052
0.3288,0.3521,0.3753,0.3987,0.4220,0.4451,0.4672,0.4893,0.5115,0.5338
0.5555,0.5774,0.5993,0.6209,0.6421,0.6627,0.6836,0.7040,0.7239,0.7436
0.7628,0.7812,0.7994,0.8168,0.8335,0.8493,0.8638,0.8771,0.8893,0.9003
0.9103,0.9194,0.9278,0.9352,0.9423,0.9484,0.9539,0.9591,0.9639,0.9683
0.9719,0.9753,0.9781,0.9807,0.9828,0.9846,0.9862,0.9875,0.9887,0.9897
0.9905,0.9913,0.9918,0.9925,0.9930,0.9934,0.9939,0.9943,0.9946,0.9949
0.9952,0.9954,0.9957,0.9959,0.9962,0.9964,0.9965,0.9967,0.9969,0.9971
0.9972,0.9974,0.9975,0.9977,0.9978,0.9980,0.9981,0.9982,0.9983,0.9984
0.9985,0.9986,0.9987,0.9988,0.9989,0.9990,0.9991,0.9992,0.9992,0.9993
0.9994,0.9995,0.9995,0.9996,0.9997,0.9997,0.9998,0.9999,1.0000,1.0000
hwc2y1fract=0.0000,0.0001,0.0001,0.0002,0.0002,0.0003,0.0003,0.0004
0.0004,0.0005,0.0006,0.0006,0.0007,0.0008,0.0010,0.0012,0.0016,0.0023
0.0036,0.0060,0.0108,0.0181,0.0292,0.0436,0.0611,0.0812,0.1027,0.1255
0.1496,0.1744,0.1994,0.2241,0.2490,0.2742,0.2989,0.3229,0.3468,0.3703
0.3934,0.4161,0.4385,0.4604,0.4822,0.5041,0.5250,0.5456,0.5662,0.5867
0.6072,0.6277,0.6481,0.6682,0.6878,0.7076,0.7271,0.7460,0.7649,0.7830
0.8008,0.8179,0.8345,0.8502,0.8651,0.8790,0.8916,0.9031,0.9131,0.9224
0.9305,0.9374,0.9436,0.9492,0.9543,0.9587,0.9628,0.9663,0.9696,0.9724
0.9750,0.9773,0.9793,0.9810,0.9826,0.9841,0.9853,0.9865,0.9876,0.9885
0.9893,0.9900,0.9906,0.9912,0.9918,0.9923,0.9927,0.9931,0.9935,0.9939
0.9942,0.9946,0.9949,0.9952,0.9955,0.9957,0.9960,0.9962,0.9964,0.9966
0.9968,0.9970,0.9972,0.9974,0.9976,0.9977,0.9979,0.9980,0.9982,0.9983
0.9985,0.9986,0.9987,0.9988,0.9989,0.9989,0.9990,0.9991,0.9992,0.9993
0.9993,0.9994,0.9995,0.9996,0.9996,0.9997,0.9998,0.9998,0.9999,1.0000
hwc2u1fract=0.0000,0.0001,0.0001,0.0001,0.0002,0.0002,0.0003,0.0003
0.0004,0.0005,0.0005,0.0006,0.0007,0.0008,0.0009,0.0010,0.0013,0.0019
0.0031,0.0059,0.0117,0.0210,0.0336,0.0500,0.0691,0.0902,0.1125,0.1359
0.1598,0.1845,0.2089,0.2333,0.2576,0.2820,0.3058,0.3298,0.3529,0.3756
0.3978,0.4204,0.4426,0.4643,0.4856,0.5068,0.5281,0.5489,0.5693,0.5897
0.6097,0.6299,0.6499,0.6695,0.6890,0.7083,0.7276,0.7466,0.7651,0.7833
0.8011,0.8182,0.8351,0.8510,0.8661,0.8798,0.8926,0.9039,0.9141,0.9228
0.9307,0.9375,0.9435,0.9488,0.9536,0.9578,0.9616,0.9652,0.9684,0.9714
0.9741,0.9765,0.9787,0.9806,0.9823,0.9838,0.9850,0.9861,0.9872,0.9881
0.9889,0.9896,0.9903,0.9908,0.9914,0.9918,0.9923,0.9928,0.9931,0.9935
0.9939,0.9942,0.9946,0.9949,0.9953,0.9955,0.9958,0.9960,0.9962,0.9965
0.9967,0.9969,0.9972,0.9973,0.9975,0.9977,0.9978,0.9980,0.9981,0.9982
0.9984,0.9985,0.9986,0.9987,0.9988,0.9990,0.9991,0.9991,0.9992,0.9993
0.9994,0.9995,0.9995,0.9996,0.9997,0.9998,0.9998,0.9999,1.0000,1.0000
hwc2v1fract=0.0001,0.0001,0.0002,0.0002,0.0003,0.0003,0.0004,0.0005
0.0005,0.0006,0.0007,0.0007,0.0009,0.0010,0.0012,0.0015,0.0019,0.0030
0.0047,0.0082,0.0149,0.0252,0.0390,0.0561,0.0757,0.0969,0.1199,0.1436
0.1679,0.1929,0.2175,0.2421,0.2663,0.2902,0.3141,0.3375,0.3600,0.3830
0.4051,0.4268,0.4489,0.4711,0.4925,0.5140,0.5348,0.5556,0.5762,0.5969
0.6172,0.6368,0.6564,0.6761,0.6956,0.7150,0.7335,0.7524,0.7704,0.7886
0.8063,0.8234,0.8399,0.8556,0.8698,0.8835,0.8951,0.9062,0.9158,0.9242
0.9314,0.9380,0.9438,0.9491,0.9540,0.9582,0.9621,0.9657,0.9689,0.9719
0.9746,0.9770,0.9791,0.9810,0.9825,0.9840,0.9852,0.9863,0.9873,0.9882
0.9891,0.9897,0.9904,0.9910,0.9915,0.9920,0.9925,0.9930,0.9934,0.9938
0.9942,0.9946,0.9949,0.9952,0.9955,0.9957,0.9960,0.9963,0.9965,0.9968
0.9970,0.9972,0.9974,0.9975,0.9977,0.9979,0.9980,0.9981,0.9982,0.9984
0.9985,0.9986,0.9987,0.9988,0.9989,0.9990,0.9991,0.9992,0.9992,0.9993
0.9994,0.9995,0.9995,0.9996,0.9997,0.9997,0.9998,0.9998,0.9999,1.0000
hwc2y2fract=0.0001,0.0001,0.0001,0.0002,0.0002,0.0003,0.0004,0.0005
0.0005,0.0006,0.0007,0.0008,0.0009,0.0010,0.0013,0.0015,0.0020,0.0030
0.0045,0.0074,0.0126,0.0209,0.0322,0.0474,0.0648,0.0850,0.1069,0.1303
0.1545,0.1792,0.2038,0.2287,0.2539,0.2790,0.3033,0.3273,0.3508,0.3742
0.3975,0.4196,0.4419,0.4636,0.4852,0.5064,0.5275,0.5485,0.5693,0.5898
0.6103,0.6307,0.6509,0.6712,0.6911,0.7110,0.7300,0.7492,0.7678,0.7856
0.8034,0.8206,0.8371,0.8525,0.8669,0.8807,0.8928,0.9043,0.9146,0.9237
0.9312,0.9382,0.9445,0.9499,0.9548,0.9591,0.9632,0.9668,0.9697,0.9726
0.9753,0.9775,0.9795,0.9812,0.9826,0.9839,0.9851,0.9862,0.9873,0.9882
0.9890,0.9897,0.9904,0.9910,0.9915,0.9921,0.9926,0.9930,0.9934,0.9937
0.9941,0.9944,0.9948,0.9951,0.9954,0.9957,0.9959,0.9961,0.9964,0.9966
0.9968,0.9971,0.9973,0.9975,0.9977,0.9978,0.9980,0.9981,0.9982,0.9983
0.9985,0.9986,0.9987,0.9988,0.9989,0.9990,0.9991,0.9992,0.9993,0.9994
0.9994,0.9995,0.9996,0.9996,0.9997,0.9997,0.9998,0.9999,0.9999,1.0000
hwc2x2fract=0.0001,0.0001,0.0002,0.0003,0.0004,0.0004,0.0005,0.0006
0.0007,0.0009,0.0010,0.0012,0.0015,0.0017,0.0019,0.0022,0.0027,0.0035
0.0047,0.0068,0.0104,0.0160,0.0240,0.0346,0.0475,0.0620,0.0786,0.0962
0.1156,0.1359,0.1568,0.1787,0.2013,0.2241,0.2473,0.2708,0.2945,0.3180
0.3414,0.3646,0.3878,0.4109,0.4340,0.4564,0.4789,0.5015,0.5231,0.5448
0.5664,0.5876,0.6086,0.6295,0.6500,0.6703,0.6906,0.7105,0.7302,0.7494
0.7683,0.7866,0.8045,0.8212,0.8376,0.8529,0.8672,0.8801,0.8919,0.9026
0.9124,0.9213,0.9293,0.9363,0.9427,0.9487,0.9539,0.9588,0.9636,0.9676
0.9714,0.9746,0.9775,0.9800,0.9824,0.9842,0.9857,0.9871,0.9883,0.9893
0.9901,0.9908,0.9914,0.9920,0.9926,0.9931,0.9936,0.9940,0.9944,0.9947
0.9950,0.9952,0.9955,0.9958,0.9960,0.9962,0.9964,0.9966,0.9968,0.9970
0.9971,0.9973,0.9975,0.9976,0.9977,0.9979,0.9980,0.9982,0.9983,0.9984
0.9985,0.9986,0.9987,0.9988,0.9989,0.9990,0.9991,0.9991,0.9992,0.9993
0.9994,0.9995,0.9995,0.9996,0.9997,0.9997,0.9998,0.9999,0.9999,1.0000
