; Lookup table
;number of bins in Meek's time to distance lookup table
hdriftbins=138
;number of 1st bin in Meek's table in ns
hdrift1stbin=-24
;bin size in ns of Meek's table
hdriftbinsz=2
hwc1x1fract=0.0002,0.0004,0.0006,0.0009,0.0011,0.0014,0.0017,0.0020
0.0023,0.0026,0.0029,0.0033,0.0037,0.0043,0.0049,0.0058,0.0073,0.0092
0.0123,0.0161,0.0211,0.0271,0.0354,0.0452,0.0568,0.0699,0.0840,0.0992
0.1152,0.1324,0.1504,0.1693,0.1891,0.2086,0.2291,0.2502,0.2716,0.2935
0.3146,0.3362,0.3586,0.3803,0.4028,0.4254,0.4480,0.4704,0.4922,0.5134
0.5353,0.5564,0.5780,0.5996,0.6206,0.6410,0.6616,0.6823,0.7021,0.7215
0.7410,0.7601,0.7781,0.7953,0.8128,0.8289,0.8444,0.8586,0.8724,0.8846
0.8958,0.9063,0.9155,0.9242,0.9319,0.9392,0.9459,0.9517,0.9570,0.9615
0.9657,0.9691,0.9724,0.9750,0.9773,0.9792,0.9807,0.9820,0.9832,0.9842
0.9851,0.9859,0.9865,0.9872,0.9877,0.9882,0.9888,0.9893,0.9897,0.9902
0.9906,0.9909,0.9913,0.9917,0.9920,0.9923,0.9926,0.9928,0.9931,0.9935
0.9938,0.9940,0.9943,0.9946,0.9949,0.9952,0.9954,0.9956,0.9958,0.9960
0.9962,0.9964,0.9967,0.9969,0.9971,0.9973,0.9975,0.9977,0.9979,0.9981
0.9983,0.9986,0.9988,0.9990,0.9992,0.9993,0.9995,0.9997,0.9998,1.0000
hwc1y1fract=0.0002,0.0004,0.0006,0.0008,0.0010,0.0013,0.0015,0.0018
0.0021,0.0025,0.0028,0.0032,0.0036,0.0042,0.0048,0.0056,0.0069,0.0084
0.0111,0.0151,0.0214,0.0302,0.0421,0.0566,0.0732,0.0916,0.1113,0.1319
0.1539,0.1764,0.1988,0.2209,0.2441,0.2664,0.2890,0.3113,0.3333,0.3548
0.3765,0.3984,0.4199,0.4412,0.4622,0.4827,0.5041,0.5246,0.5447,0.5656
0.5857,0.6054,0.6249,0.6447,0.6646,0.6843,0.7031,0.7222,0.7414,0.7601
0.7785,0.7957,0.8125,0.8288,0.8445,0.8590,0.8723,0.8849,0.8960,0.9065
0.9157,0.9237,0.9307,0.9372,0.9430,0.9486,0.9531,0.9574,0.9611,0.9642
0.9672,0.9697,0.9719,0.9738,0.9756,0.9772,0.9787,0.9800,0.9812,0.9824
0.9834,0.9843,0.9850,0.9859,0.9866,0.9871,0.9877,0.9882,0.9888,0.9893
0.9898,0.9903,0.9908,0.9912,0.9916,0.9920,0.9924,0.9927,0.9931,0.9935
0.9938,0.9940,0.9944,0.9946,0.9949,0.9951,0.9953,0.9955,0.9957,0.9960
0.9962,0.9965,0.9967,0.9970,0.9972,0.9974,0.9976,0.9978,0.9980,0.9982
0.9984,0.9987,0.9988,0.9990,0.9991,0.9994,0.9995,0.9997,0.9998,1.0000
hwc1u1fract=0.0002,0.0004,0.0006,0.0007,0.0009,0.0010,0.0012,0.0015
0.0016,0.0018,0.0020,0.0022,0.0024,0.0027,0.0032,0.0041,0.0056,0.0075
0.0105,0.0144,0.0199,0.0283,0.0389,0.0517,0.0669,0.0839,0.1015,0.1208
0.1404,0.1604,0.1816,0.2029,0.2245,0.2460,0.2676,0.2902,0.3123,0.3331
0.3551,0.3764,0.3980,0.4192,0.4404,0.4623,0.4835,0.5048,0.5255,0.5464
0.5665,0.5861,0.6064,0.6268,0.6468,0.6669,0.6864,0.7054,0.7246,0.7435
0.7615,0.7797,0.7966,0.8133,0.8292,0.8442,0.8587,0.8720,0.8841,0.8950
0.9049,0.9139,0.9219,0.9293,0.9358,0.9416,0.9465,0.9515,0.9561,0.9600
0.9636,0.9666,0.9694,0.9719,0.9739,0.9759,0.9775,0.9791,0.9804,0.9815
0.9825,0.9834,0.9844,0.9850,0.9857,0.9863,0.9871,0.9877,0.9884,0.9889
0.9893,0.9898,0.9903,0.9907,0.9911,0.9915,0.9919,0.9922,0.9926,0.9930
0.9934,0.9938,0.9942,0.9944,0.9947,0.9949,0.9952,0.9955,0.9957,0.9960
0.9962,0.9964,0.9967,0.9970,0.9972,0.9974,0.9976,0.9978,0.9980,0.9982
0.9984,0.9986,0.9987,0.9990,0.9992,0.9994,0.9995,0.9997,0.9998,1.0000
hwc1v1fract=0.0002,0.0003,0.0005,0.0007,0.0009,0.0011,0.0013,0.0015
0.0017,0.0019,0.0021,0.0022,0.0025,0.0029,0.0031,0.0036,0.0044,0.0057
0.0082,0.0124,0.0193,0.0289,0.0411,0.0557,0.0728,0.0909,0.1098,0.1304
0.1512,0.1729,0.1947,0.2166,0.2392,0.2611,0.2834,0.3050,0.3271,0.3493
0.3710,0.3926,0.4145,0.4356,0.4574,0.4778,0.4990,0.5196,0.5395,0.5599
0.5802,0.6006,0.6207,0.6401,0.6597,0.6786,0.6978,0.7168,0.7356,0.7540
0.7718,0.7903,0.8077,0.8243,0.8401,0.8552,0.8689,0.8822,0.8934,0.9035
0.9126,0.9207,0.9282,0.9348,0.9408,0.9459,0.9506,0.9552,0.9589,0.9625
0.9656,0.9685,0.9712,0.9733,0.9751,0.9768,0.9783,0.9797,0.9809,0.9820
0.9830,0.9839,0.9846,0.9854,0.9860,0.9867,0.9873,0.9879,0.9884,0.9889
0.9894,0.9899,0.9904,0.9909,0.9914,0.9918,0.9922,0.9925,0.9929,0.9932
0.9935,0.9939,0.9942,0.9945,0.9948,0.9951,0.9954,0.9957,0.9959,0.9962
0.9964,0.9967,0.9969,0.9971,0.9973,0.9975,0.9977,0.9980,0.9982,0.9984
0.9986,0.9988,0.9990,0.9991,0.9993,0.9994,0.9995,0.9997,0.9999,1.0000
hwc1y2fract=0.0001,0.0003,0.0005,0.0007,0.0010,0.0012,0.0014,0.0016
0.0018,0.0020,0.0023,0.0026,0.0029,0.0032,0.0036,0.0041,0.0049,0.0059
0.0077,0.0105,0.0151,0.0222,0.0324,0.0449,0.0598,0.0774,0.0963,0.1162
0.1374,0.1590,0.1816,0.2040,0.2266,0.2492,0.2718,0.2944,0.3168,0.3388
0.3609,0.3827,0.4050,0.4270,0.4487,0.4697,0.4903,0.5106,0.5312,0.5516
0.5713,0.5918,0.6112,0.6313,0.6511,0.6706,0.6898,0.7085,0.7266,0.7452
0.7625,0.7802,0.7965,0.8133,0.8296,0.8450,0.8597,0.8728,0.8850,0.8958
0.9060,0.9145,0.9222,0.9292,0.9356,0.9414,0.9464,0.9510,0.9554,0.9591
0.9625,0.9654,0.9682,0.9706,0.9727,0.9746,0.9762,0.9778,0.9791,0.9804
0.9816,0.9825,0.9834,0.9842,0.9850,0.9857,0.9864,0.9871,0.9879,0.9884
0.9889,0.9894,0.9900,0.9904,0.9910,0.9914,0.9918,0.9922,0.9925,0.9928
0.9932,0.9936,0.9939,0.9942,0.9945,0.9947,0.9950,0.9952,0.9954,0.9957
0.9959,0.9962,0.9964,0.9967,0.9969,0.9971,0.9973,0.9976,0.9977,0.9980
0.9983,0.9985,0.9987,0.9989,0.9991,0.9992,0.9994,0.9996,0.9998,1.0000
hwc1x2fract=0.0002,0.0004,0.0006,0.0008,0.0010,0.0013,0.0015,0.0018
0.0021,0.0024,0.0026,0.0029,0.0033,0.0037,0.0043,0.0051,0.0063,0.0084
0.0113,0.0158,0.0219,0.0303,0.0402,0.0521,0.0656,0.0802,0.0964,0.1127
0.1308,0.1495,0.1684,0.1887,0.2092,0.2300,0.2511,0.2722,0.2945,0.3170
0.3396,0.3619,0.3838,0.4057,0.4275,0.4486,0.4707,0.4934,0.5154,0.5368
0.5581,0.5798,0.6007,0.6215,0.6419,0.6631,0.6830,0.7038,0.7229,0.7418
0.7608,0.7794,0.7974,0.8144,0.8304,0.8462,0.8602,0.8729,0.8856,0.8962
0.9066,0.9160,0.9248,0.9323,0.9392,0.9455,0.9514,0.9565,0.9609,0.9651
0.9687,0.9717,0.9742,0.9767,0.9785,0.9801,0.9815,0.9827,0.9837,0.9845
0.9853,0.9859,0.9866,0.9871,0.9877,0.9882,0.9887,0.9892,0.9896,0.9900
0.9904,0.9908,0.9911,0.9915,0.9918,0.9922,0.9924,0.9928,0.9931,0.9933
0.9936,0.9939,0.9941,0.9944,0.9946,0.9949,0.9952,0.9954,0.9957,0.9959
0.9962,0.9964,0.9967,0.9969,0.9971,0.9974,0.9976,0.9978,0.9980,0.9981
0.9983,0.9985,0.9987,0.9989,0.9991,0.9993,0.9995,0.9997,0.9998,1.0000
hwc2x1fract=0.0002,0.0004,0.0005,0.0007,0.0009,0.0012,0.0015,0.0018
0.0021,0.0024,0.0028,0.0032,0.0036,0.0041,0.0047,0.0054,0.0064,0.0080
0.0108,0.0150,0.0204,0.0277,0.0369,0.0480,0.0604,0.0744,0.0894,0.1057
0.1231,0.1410,0.1600,0.1794,0.1995,0.2200,0.2413,0.2620,0.2837,0.3056
0.3280,0.3502,0.3721,0.3943,0.4164,0.4385,0.4598,0.4829,0.5048,0.5269
0.5487,0.5695,0.5913,0.6122,0.6337,0.6548,0.6756,0.6964,0.7161,0.7358
0.7553,0.7745,0.7929,0.8103,0.8278,0.8437,0.8584,0.8726,0.8850,0.8966
0.9071,0.9168,0.9253,0.9328,0.9396,0.9456,0.9514,0.9563,0.9607,0.9650
0.9685,0.9715,0.9739,0.9761,0.9780,0.9797,0.9811,0.9824,0.9834,0.9844
0.9852,0.9860,0.9868,0.9874,0.9879,0.9884,0.9889,0.9893,0.9897,0.9901
0.9905,0.9909,0.9912,0.9915,0.9918,0.9920,0.9924,0.9927,0.9930,0.9933
0.9935,0.9938,0.9940,0.9944,0.9947,0.9949,0.9951,0.9954,0.9957,0.9959
0.9961,0.9964,0.9966,0.9968,0.9971,0.9973,0.9975,0.9977,0.9980,0.9982
0.9984,0.9986,0.9988,0.9990,0.9992,0.9993,0.9995,0.9997,0.9998,1.0000
hwc2y1fract=0.0002,0.0004,0.0006,0.0008,0.0010,0.0012,0.0014,0.0016
0.0018,0.0021,0.0024,0.0027,0.0031,0.0035,0.0039,0.0043,0.0051,0.0064
0.0088,0.0127,0.0190,0.0285,0.0408,0.0562,0.0733,0.0929,0.1139,0.1366
0.1594,0.1834,0.2068,0.2300,0.2529,0.2767,0.3000,0.3230,0.3455,0.3687
0.3917,0.4135,0.4351,0.4570,0.4781,0.4992,0.5197,0.5398,0.5603,0.5809
0.6005,0.6207,0.6415,0.6612,0.6809,0.7010,0.7204,0.7389,0.7578,0.7759
0.7937,0.8111,0.8280,0.8435,0.8589,0.8732,0.8863,0.8979,0.9087,0.9182
0.9265,0.9337,0.9403,0.9458,0.9507,0.9553,0.9591,0.9624,0.9655,0.9683
0.9708,0.9729,0.9750,0.9766,0.9779,0.9792,0.9804,0.9814,0.9822,0.9831
0.9839,0.9847,0.9854,0.9861,0.9867,0.9873,0.9878,0.9883,0.9888,0.9893
0.9897,0.9901,0.9905,0.9908,0.9912,0.9917,0.9920,0.9924,0.9928,0.9931
0.9934,0.9937,0.9941,0.9943,0.9946,0.9949,0.9952,0.9955,0.9958,0.9960
0.9962,0.9965,0.9967,0.9969,0.9971,0.9972,0.9975,0.9977,0.9978,0.9981
0.9983,0.9985,0.9987,0.9989,0.9990,0.9992,0.9994,0.9996,0.9998,1.0000
hwc2u1fract=0.0002,0.0004,0.0005,0.0006,0.0008,0.0009,0.0011,0.0013
0.0015,0.0017,0.0019,0.0021,0.0023,0.0026,0.0029,0.0032,0.0039,0.0053
0.0083,0.0140,0.0234,0.0354,0.0510,0.0692,0.0891,0.1105,0.1321,0.1551
0.1784,0.2013,0.2247,0.2474,0.2702,0.2927,0.3161,0.3378,0.3594,0.3808
0.4028,0.4234,0.4440,0.4648,0.4856,0.5065,0.5267,0.5469,0.5669,0.5865
0.6064,0.6262,0.6451,0.6640,0.6837,0.7024,0.7214,0.7396,0.7580,0.7761
0.7935,0.8105,0.8268,0.8422,0.8567,0.8699,0.8822,0.8936,0.9032,0.9118
0.9198,0.9266,0.9328,0.9381,0.9428,0.9472,0.9512,0.9545,0.9576,0.9605
0.9632,0.9655,0.9676,0.9696,0.9714,0.9731,0.9745,0.9758,0.9768,0.9779
0.9790,0.9799,0.9808,0.9816,0.9824,0.9832,0.9840,0.9848,0.9856,0.9863
0.9871,0.9876,0.9882,0.9889,0.9895,0.9900,0.9905,0.9911,0.9916,0.9921
0.9926,0.9930,0.9933,0.9937,0.9941,0.9945,0.9948,0.9951,0.9955,0.9957
0.9959,0.9962,0.9964,0.9967,0.9969,0.9971,0.9974,0.9976,0.9979,0.9981
0.9983,0.9985,0.9987,0.9989,0.9991,0.9993,0.9995,0.9996,0.9998,1.0000
hwc2v1fract=0.0001,0.0003,0.0005,0.0006,0.0009,0.0011,0.0013,0.0015
0.0017,0.0019,0.0022,0.0024,0.0027,0.0029,0.0033,0.0037,0.0044,0.0055
0.0078,0.0119,0.0192,0.0303,0.0443,0.0611,0.0805,0.1011,0.1228,0.1456
0.1682,0.1919,0.2155,0.2387,0.2614,0.2845,0.3070,0.3294,0.3511,0.3724
0.3939,0.4155,0.4363,0.4577,0.4786,0.4994,0.5202,0.5405,0.5613,0.5810
0.6013,0.6214,0.6412,0.6610,0.6799,0.6997,0.7189,0.7379,0.7562,0.7748
0.7927,0.8102,0.8271,0.8428,0.8584,0.8725,0.8854,0.8966,0.9071,0.9167
0.9246,0.9319,0.9387,0.9441,0.9489,0.9533,0.9574,0.9609,0.9642,0.9669
0.9695,0.9718,0.9738,0.9759,0.9773,0.9788,0.9800,0.9811,0.9820,0.9830
0.9838,0.9846,0.9853,0.9859,0.9866,0.9871,0.9877,0.9883,0.9888,0.9893
0.9897,0.9901,0.9906,0.9910,0.9914,0.9918,0.9922,0.9927,0.9931,0.9934
0.9936,0.9940,0.9943,0.9946,0.9948,0.9951,0.9953,0.9956,0.9958,0.9961
0.9963,0.9965,0.9967,0.9969,0.9972,0.9974,0.9977,0.9979,0.9980,0.9983
0.9984,0.9986,0.9988,0.9990,0.9991,0.9993,0.9995,0.9997,0.9998,1.0000
hwc2y2fract=0.0002,0.0003,0.0005,0.0007,0.0010,0.0012,0.0014,0.0017
0.0019,0.0022,0.0025,0.0027,0.0031,0.0035,0.0040,0.0047,0.0057,0.0074
0.0099,0.0143,0.0209,0.0308,0.0438,0.0594,0.0768,0.0972,0.1188,0.1410
0.1639,0.1882,0.2120,0.2357,0.2590,0.2828,0.3059,0.3282,0.3501,0.3722
0.3944,0.4160,0.4378,0.4597,0.4810,0.5023,0.5239,0.5442,0.5655,0.5862
0.6067,0.6265,0.6467,0.6667,0.6859,0.7052,0.7241,0.7430,0.7608,0.7791
0.7965,0.8138,0.8301,0.8458,0.8605,0.8749,0.8876,0.8993,0.9102,0.9195
0.9279,0.9352,0.9414,0.9471,0.9518,0.9560,0.9600,0.9634,0.9666,0.9692
0.9716,0.9736,0.9755,0.9772,0.9785,0.9797,0.9807,0.9818,0.9828,0.9838
0.9846,0.9853,0.9861,0.9866,0.9872,0.9877,0.9881,0.9885,0.9889,0.9894
0.9898,0.9902,0.9905,0.9909,0.9913,0.9916,0.9920,0.9923,0.9927,0.9930
0.9934,0.9937,0.9940,0.9943,0.9946,0.9949,0.9951,0.9954,0.9957,0.9959
0.9962,0.9965,0.9967,0.9969,0.9971,0.9973,0.9975,0.9978,0.9980,0.9982
0.9984,0.9985,0.9987,0.9989,0.9991,0.9993,0.9994,0.9996,0.9998,1.0000
hwc2x2fract=0.0001,0.0004,0.0006,0.0008,0.0011,0.0013,0.0015,0.0017
0.0020,0.0023,0.0025,0.0028,0.0032,0.0037,0.0041,0.0048,0.0059,0.0076
0.0104,0.0143,0.0196,0.0272,0.0369,0.0485,0.0621,0.0771,0.0928,0.1103
0.1283,0.1471,0.1662,0.1864,0.2070,0.2285,0.2501,0.2716,0.2932,0.3151
0.3380,0.3605,0.3832,0.4055,0.4281,0.4495,0.4715,0.4942,0.5166,0.5390
0.5609,0.5817,0.6034,0.6242,0.6451,0.6658,0.6870,0.7071,0.7275,0.7465
0.7662,0.7846,0.8028,0.8199,0.8358,0.8510,0.8655,0.8783,0.8906,0.9016
0.9111,0.9199,0.9277,0.9347,0.9419,0.9479,0.9530,0.9577,0.9620,0.9658
0.9690,0.9719,0.9745,0.9767,0.9784,0.9799,0.9813,0.9824,0.9835,0.9843
0.9852,0.9859,0.9865,0.9871,0.9876,0.9881,0.9886,0.9891,0.9895,0.9899
0.9904,0.9908,0.9913,0.9916,0.9919,0.9922,0.9926,0.9928,0.9931,0.9934
0.9936,0.9938,0.9941,0.9943,0.9947,0.9949,0.9953,0.9955,0.9957,0.9960
0.9962,0.9964,0.9967,0.9970,0.9972,0.9973,0.9976,0.9978,0.9980,0.9982
0.9984,0.9986,0.9988,0.9990,0.9992,0.9994,0.9995,0.9997,0.9998,1.0000
