; Lookup table
;number of bins in Meek's time to distance lookup table
hdriftbins=138
;number of 1st bin in Meek's table in ns
hdrift1stbin=-24
;bin size in ns of Meek's table
hdriftbinsz=2
hwc1x1fract=0.0001,0.0002,0.0002,0.0003,0.0004,0.0005,0.0006,0.0007
0.0008,0.0009,0.0011,0.0013,0.0016,0.0019,0.0024,0.0032,0.0045,0.0064
0.0088,0.0120,0.0164,0.0221,0.0294,0.0383,0.0485,0.0595,0.0716,0.0857
0.0998,0.1155,0.1323,0.1494,0.1678,0.1862,0.2058,0.2261,0.2471,0.2685
0.2904,0.3127,0.3353,0.3578,0.3809,0.4036,0.4263,0.4491,0.4716,0.4947
0.5177,0.5401,0.5630,0.5848,0.6068,0.6287,0.6507,0.6723,0.6928,0.7135
0.7335,0.7535,0.7725,0.7907,0.8080,0.8246,0.8403,0.8543,0.8683,0.8814
0.8936,0.9047,0.9150,0.9251,0.9343,0.9425,0.9501,0.9567,0.9628,0.9683
0.9731,0.9771,0.9805,0.9832,0.9856,0.9876,0.9893,0.9906,0.9916,0.9924
0.9932,0.9938,0.9943,0.9948,0.9952,0.9955,0.9958,0.9961,0.9964,0.9965
0.9968,0.9970,0.9971,0.9973,0.9974,0.9976,0.9977,0.9978,0.9980,0.9981
0.9982,0.9983,0.9984,0.9985,0.9986,0.9986,0.9987,0.9988,0.9989,0.9990
0.9990,0.9991,0.9992,0.9992,0.9993,0.9993,0.9994,0.9994,0.9994,0.9995
0.9996,0.9996,0.9996,0.9997,0.9998,0.9998,0.9999,0.9999,1.0000,1.0000
hwc1y1fract=0.0001,0.0001,0.0002,0.0003,0.0004,0.0005,0.0006,0.0008
0.0009,0.0010,0.0011,0.0013,0.0016,0.0018,0.0021,0.0027,0.0036,0.0049
0.0070,0.0105,0.0158,0.0228,0.0323,0.0437,0.0571,0.0722,0.0890,0.1068
0.1258,0.1455,0.1662,0.1874,0.2092,0.2319,0.2543,0.2770,0.3003,0.3233
0.3469,0.3704,0.3938,0.4168,0.4398,0.4621,0.4846,0.5067,0.5288,0.5503
0.5723,0.5940,0.6150,0.6362,0.6567,0.6770,0.6973,0.7171,0.7366,0.7556
0.7744,0.7922,0.8093,0.8259,0.8409,0.8552,0.8690,0.8816,0.8933,0.9037
0.9132,0.9218,0.9301,0.9374,0.9438,0.9499,0.9553,0.9603,0.9647,0.9685
0.9721,0.9752,0.9781,0.9804,0.9825,0.9845,0.9862,0.9877,0.9888,0.9900
0.9909,0.9917,0.9925,0.9931,0.9937,0.9942,0.9946,0.9951,0.9955,0.9958
0.9961,0.9964,0.9967,0.9969,0.9972,0.9973,0.9975,0.9977,0.9979,0.9980
0.9982,0.9983,0.9984,0.9985,0.9986,0.9986,0.9988,0.9989,0.9990,0.9990
0.9991,0.9992,0.9993,0.9993,0.9994,0.9994,0.9994,0.9995,0.9995,0.9996
0.9997,0.9997,0.9998,0.9998,0.9998,0.9999,0.9999,0.9999,1.0000,1.0000
hwc1u1fract=0.0001,0.0001,0.0002,0.0002,0.0002,0.0002,0.0003,0.0004
0.0004,0.0005,0.0005,0.0006,0.0007,0.0009,0.0013,0.0020,0.0031,0.0048
0.0071,0.0102,0.0151,0.0215,0.0299,0.0399,0.0521,0.0652,0.0801,0.0963
0.1133,0.1310,0.1500,0.1701,0.1909,0.2122,0.2337,0.2555,0.2776,0.2996
0.3220,0.3450,0.3675,0.3905,0.4131,0.4353,0.4577,0.4797,0.5022,0.5241
0.5457,0.5673,0.5885,0.6103,0.6313,0.6528,0.6739,0.6941,0.7141,0.7337
0.7530,0.7716,0.7887,0.8057,0.8220,0.8372,0.8518,0.8651,0.8779,0.8893
0.8999,0.9099,0.9189,0.9272,0.9351,0.9422,0.9489,0.9549,0.9599,0.9644
0.9686,0.9725,0.9758,0.9788,0.9812,0.9833,0.9849,0.9865,0.9879,0.9890
0.9900,0.9909,0.9916,0.9924,0.9930,0.9935,0.9940,0.9945,0.9949,0.9953
0.9956,0.9960,0.9963,0.9966,0.9968,0.9971,0.9973,0.9975,0.9977,0.9979
0.9980,0.9981,0.9982,0.9983,0.9985,0.9986,0.9987,0.9987,0.9989,0.9990
0.9990,0.9991,0.9992,0.9992,0.9993,0.9993,0.9994,0.9994,0.9995,0.9996
0.9996,0.9997,0.9997,0.9998,0.9998,0.9998,0.9999,0.9999,1.0000,1.0000
hwc1v1fract=0.0000,0.0001,0.0001,0.0002,0.0002,0.0003,0.0003,0.0004
0.0005,0.0005,0.0006,0.0007,0.0007,0.0008,0.0009,0.0011,0.0015,0.0022
0.0035,0.0058,0.0097,0.0153,0.0233,0.0333,0.0452,0.0591,0.0748,0.0910
0.1082,0.1266,0.1459,0.1658,0.1865,0.2074,0.2287,0.2509,0.2733,0.2963
0.3188,0.3408,0.3635,0.3861,0.4088,0.4312,0.4533,0.4755,0.4977,0.5199
0.5420,0.5635,0.5846,0.6060,0.6273,0.6481,0.6687,0.6886,0.7089,0.7288
0.7479,0.7669,0.7849,0.8023,0.8189,0.8347,0.8497,0.8635,0.8764,0.8879
0.8990,0.9086,0.9174,0.9253,0.9328,0.9398,0.9461,0.9521,0.9576,0.9625
0.9670,0.9708,0.9741,0.9772,0.9798,0.9821,0.9839,0.9855,0.9868,0.9881
0.9893,0.9902,0.9910,0.9917,0.9925,0.9931,0.9936,0.9942,0.9947,0.9951
0.9954,0.9957,0.9960,0.9963,0.9966,0.9968,0.9971,0.9973,0.9975,0.9977
0.9978,0.9980,0.9981,0.9983,0.9984,0.9986,0.9987,0.9987,0.9988,0.9989
0.9989,0.9990,0.9991,0.9991,0.9992,0.9993,0.9994,0.9994,0.9995,0.9996
0.9996,0.9997,0.9998,0.9998,0.9998,0.9999,0.9999,0.9999,1.0000,1.0000
hwc1y2fract=0.0000,0.0001,0.0001,0.0001,0.0003,0.0003,0.0004,0.0004
0.0005,0.0005,0.0006,0.0007,0.0008,0.0009,0.0012,0.0015,0.0021,0.0031
0.0047,0.0074,0.0118,0.0179,0.0259,0.0364,0.0486,0.0625,0.0779,0.0949
0.1131,0.1320,0.1518,0.1720,0.1930,0.2151,0.2370,0.2596,0.2827,0.3055
0.3290,0.3521,0.3744,0.3977,0.4204,0.4431,0.4651,0.4877,0.5093,0.5310
0.5530,0.5751,0.5968,0.6181,0.6395,0.6602,0.6809,0.7008,0.7207,0.7405
0.7596,0.7774,0.7947,0.8115,0.8273,0.8424,0.8566,0.8700,0.8824,0.8938
0.9039,0.9133,0.9220,0.9298,0.9368,0.9431,0.9489,0.9543,0.9596,0.9641
0.9679,0.9716,0.9746,0.9772,0.9797,0.9817,0.9836,0.9853,0.9866,0.9878
0.9889,0.9899,0.9908,0.9916,0.9922,0.9928,0.9934,0.9938,0.9944,0.9948
0.9952,0.9955,0.9958,0.9962,0.9964,0.9967,0.9970,0.9972,0.9975,0.9977
0.9978,0.9980,0.9981,0.9983,0.9984,0.9985,0.9987,0.9988,0.9988,0.9990
0.9991,0.9992,0.9993,0.9993,0.9994,0.9994,0.9995,0.9995,0.9996,0.9997
0.9997,0.9997,0.9998,0.9998,0.9998,0.9999,0.9999,1.0000,1.0000,1.0000
hwc1x2fract=0.0001,0.0001,0.0002,0.0002,0.0003,0.0003,0.0004,0.0005
0.0006,0.0007,0.0008,0.0009,0.0011,0.0013,0.0015,0.0019,0.0028,0.0041
0.0062,0.0090,0.0130,0.0183,0.0253,0.0339,0.0444,0.0558,0.0685,0.0820
0.0969,0.1130,0.1301,0.1472,0.1662,0.1859,0.2058,0.2260,0.2470,0.2681
0.2900,0.3125,0.3347,0.3576,0.3806,0.4035,0.4269,0.4498,0.4728,0.4955
0.5182,0.5412,0.5636,0.5855,0.6077,0.6295,0.6514,0.6726,0.6937,0.7142
0.7345,0.7541,0.7736,0.7917,0.8089,0.8253,0.8410,0.8557,0.8696,0.8827
0.8951,0.9064,0.9167,0.9263,0.9350,0.9430,0.9503,0.9567,0.9625,0.9678
0.9726,0.9766,0.9800,0.9825,0.9849,0.9868,0.9881,0.9895,0.9906,0.9915
0.9923,0.9930,0.9935,0.9941,0.9946,0.9949,0.9953,0.9956,0.9959,0.9961
0.9963,0.9966,0.9968,0.9970,0.9972,0.9974,0.9975,0.9976,0.9978,0.9979
0.9980,0.9981,0.9982,0.9983,0.9984,0.9985,0.9986,0.9986,0.9988,0.9988
0.9989,0.9990,0.9991,0.9992,0.9992,0.9993,0.9994,0.9994,0.9995,0.9995
0.9996,0.9997,0.9997,0.9997,0.9998,0.9998,0.9999,0.9999,1.0000,1.0000
hwc2x1fract=0.0001,0.0002,0.0002,0.0003,0.0004,0.0005,0.0007,0.0007
0.0008,0.0010,0.0011,0.0013,0.0016,0.0018,0.0021,0.0026,0.0035,0.0050
0.0075,0.0111,0.0159,0.0226,0.0306,0.0398,0.0510,0.0629,0.0758,0.0895
0.1050,0.1211,0.1376,0.1555,0.1743,0.1936,0.2140,0.2347,0.2561,0.2777
0.2997,0.3215,0.3451,0.3683,0.3915,0.4150,0.4385,0.4613,0.4844,0.5075
0.5302,0.5525,0.5752,0.5975,0.6193,0.6413,0.6634,0.6853,0.7068,0.7275
0.7478,0.7672,0.7863,0.8045,0.8219,0.8381,0.8530,0.8666,0.8797,0.8917
0.9026,0.9133,0.9228,0.9314,0.9393,0.9468,0.9536,0.9600,0.9656,0.9705
0.9747,0.9784,0.9815,0.9841,0.9862,0.9878,0.9893,0.9905,0.9914,0.9922
0.9929,0.9935,0.9941,0.9945,0.9949,0.9953,0.9956,0.9959,0.9961,0.9964
0.9966,0.9969,0.9971,0.9973,0.9975,0.9976,0.9977,0.9978,0.9980,0.9981
0.9982,0.9983,0.9984,0.9985,0.9986,0.9987,0.9988,0.9989,0.9990,0.9990
0.9991,0.9992,0.9992,0.9993,0.9994,0.9994,0.9995,0.9995,0.9996,0.9996
0.9996,0.9997,0.9997,0.9998,0.9998,0.9998,0.9999,0.9999,1.0000,1.0000
hwc2y1fract=0.0001,0.0001,0.0002,0.0002,0.0003,0.0003,0.0004,0.0005
0.0005,0.0006,0.0007,0.0008,0.0009,0.0010,0.0012,0.0015,0.0022,0.0030
0.0048,0.0080,0.0127,0.0197,0.0291,0.0403,0.0537,0.0688,0.0858,0.1044
0.1241,0.1449,0.1660,0.1874,0.2094,0.2322,0.2552,0.2784,0.3017,0.3247
0.3475,0.3708,0.3935,0.4161,0.4392,0.4618,0.4836,0.5061,0.5283,0.5509
0.5728,0.5939,0.6155,0.6366,0.6571,0.6773,0.6977,0.7180,0.7380,0.7569
0.7757,0.7939,0.8113,0.8280,0.8435,0.8577,0.8710,0.8838,0.8955,0.9060
0.9153,0.9239,0.9315,0.9388,0.9451,0.9509,0.9560,0.9609,0.9651,0.9690
0.9724,0.9754,0.9781,0.9803,0.9823,0.9840,0.9855,0.9868,0.9880,0.9891
0.9900,0.9909,0.9917,0.9924,0.9931,0.9937,0.9943,0.9947,0.9951,0.9955
0.9959,0.9962,0.9965,0.9967,0.9970,0.9972,0.9974,0.9976,0.9978,0.9980
0.9981,0.9983,0.9984,0.9985,0.9986,0.9987,0.9988,0.9989,0.9990,0.9991
0.9991,0.9992,0.9993,0.9993,0.9994,0.9994,0.9995,0.9996,0.9996,0.9996
0.9997,0.9997,0.9997,0.9998,0.9998,0.9999,0.9999,0.9999,1.0000,1.0000
hwc2u1fract=0.0000,0.0001,0.0001,0.0002,0.0002,0.0002,0.0003,0.0003
0.0003,0.0004,0.0004,0.0005,0.0005,0.0006,0.0007,0.0009,0.0012,0.0019
0.0032,0.0059,0.0105,0.0175,0.0270,0.0386,0.0521,0.0676,0.0843,0.1028
0.1227,0.1430,0.1641,0.1859,0.2080,0.2304,0.2528,0.2760,0.2986,0.3223
0.3456,0.3680,0.3908,0.4140,0.4357,0.4583,0.4801,0.5022,0.5242,0.5461
0.5675,0.5887,0.6099,0.6310,0.6515,0.6719,0.6923,0.7125,0.7321,0.7513
0.7699,0.7886,0.8060,0.8234,0.8394,0.8541,0.8679,0.8806,0.8922,0.9027
0.9120,0.9205,0.9281,0.9352,0.9418,0.9476,0.9530,0.9580,0.9626,0.9668
0.9706,0.9739,0.9769,0.9794,0.9815,0.9833,0.9849,0.9864,0.9877,0.9889
0.9899,0.9907,0.9915,0.9922,0.9928,0.9933,0.9938,0.9943,0.9948,0.9953
0.9956,0.9960,0.9963,0.9966,0.9968,0.9971,0.9973,0.9975,0.9977,0.9979
0.9980,0.9982,0.9983,0.9984,0.9985,0.9986,0.9987,0.9988,0.9989,0.9990
0.9991,0.9991,0.9992,0.9993,0.9993,0.9994,0.9994,0.9995,0.9996,0.9996
0.9996,0.9997,0.9997,0.9998,0.9998,0.9998,0.9999,0.9999,1.0000,1.0000
hwc2v1fract=0.0000,0.0001,0.0001,0.0002,0.0002,0.0003,0.0003,0.0003
0.0004,0.0004,0.0005,0.0005,0.0007,0.0008,0.0010,0.0012,0.0017,0.0026
0.0044,0.0079,0.0136,0.0215,0.0322,0.0448,0.0592,0.0745,0.0922,0.1104
0.1295,0.1502,0.1718,0.1933,0.2153,0.2377,0.2601,0.2831,0.3059,0.3293
0.3524,0.3753,0.3987,0.4211,0.4435,0.4660,0.4880,0.5093,0.5312,0.5527
0.5737,0.5952,0.6163,0.6375,0.6578,0.6782,0.6981,0.7181,0.7380,0.7569
0.7750,0.7930,0.8109,0.8272,0.8427,0.8572,0.8706,0.8827,0.8936,0.9040
0.9135,0.9218,0.9296,0.9365,0.9429,0.9489,0.9546,0.9597,0.9641,0.9681
0.9719,0.9750,0.9778,0.9801,0.9822,0.9839,0.9854,0.9869,0.9882,0.9892
0.9902,0.9911,0.9919,0.9926,0.9932,0.9937,0.9942,0.9947,0.9951,0.9955
0.9959,0.9962,0.9965,0.9968,0.9970,0.9972,0.9974,0.9976,0.9978,0.9979
0.9981,0.9982,0.9983,0.9985,0.9986,0.9987,0.9988,0.9989,0.9990,0.9991
0.9991,0.9992,0.9993,0.9993,0.9994,0.9995,0.9995,0.9996,0.9996,0.9997
0.9997,0.9998,0.9998,0.9998,0.9998,0.9999,0.9999,0.9999,1.0000,1.0000
hwc2y2fract=0.0000,0.0001,0.0002,0.0002,0.0003,0.0004,0.0005,0.0005
0.0006,0.0006,0.0007,0.0008,0.0009,0.0011,0.0013,0.0018,0.0027,0.0039
0.0060,0.0094,0.0146,0.0219,0.0317,0.0437,0.0574,0.0728,0.0902,0.1087
0.1281,0.1491,0.1704,0.1924,0.2152,0.2380,0.2613,0.2842,0.3071,0.3303
0.3537,0.3762,0.3992,0.4225,0.4453,0.4680,0.4904,0.5127,0.5345,0.5561
0.5775,0.5988,0.6202,0.6414,0.6621,0.6822,0.7027,0.7227,0.7424,0.7613
0.7798,0.7977,0.8150,0.8314,0.8464,0.8608,0.8743,0.8865,0.8978,0.9081
0.9171,0.9256,0.9332,0.9401,0.9463,0.9520,0.9572,0.9617,0.9660,0.9697
0.9731,0.9758,0.9785,0.9808,0.9828,0.9846,0.9861,0.9874,0.9886,0.9897
0.9906,0.9914,0.9921,0.9928,0.9934,0.9940,0.9945,0.9949,0.9953,0.9956
0.9960,0.9963,0.9966,0.9969,0.9971,0.9974,0.9976,0.9978,0.9980,0.9982
0.9983,0.9984,0.9985,0.9987,0.9988,0.9989,0.9989,0.9990,0.9991,0.9992
0.9993,0.9993,0.9994,0.9994,0.9995,0.9995,0.9996,0.9996,0.9997,0.9997
0.9997,0.9998,0.9998,0.9999,0.9999,0.9999,0.9999,0.9999,1.0000,1.0000
hwc2x2fract=0.0001,0.0001,0.0002,0.0002,0.0003,0.0004,0.0005,0.0006
0.0007,0.0008,0.0009,0.0010,0.0012,0.0014,0.0017,0.0022,0.0030,0.0045
0.0068,0.0099,0.0145,0.0204,0.0281,0.0370,0.0473,0.0590,0.0721,0.0863
0.1015,0.1177,0.1351,0.1535,0.1721,0.1916,0.2123,0.2330,0.2553,0.2775
0.3000,0.3226,0.3452,0.3680,0.3913,0.4144,0.4377,0.4607,0.4836,0.5074
0.5302,0.5531,0.5749,0.5973,0.6195,0.6413,0.6627,0.6841,0.7056,0.7267
0.7468,0.7655,0.7843,0.8025,0.8199,0.8368,0.8521,0.8666,0.8792,0.8914
0.9025,0.9130,0.9229,0.9315,0.9397,0.9473,0.9539,0.9602,0.9656,0.9708
0.9748,0.9786,0.9815,0.9840,0.9861,0.9879,0.9894,0.9905,0.9916,0.9924
0.9932,0.9938,0.9943,0.9947,0.9950,0.9954,0.9957,0.9961,0.9964,0.9967
0.9969,0.9970,0.9972,0.9974,0.9975,0.9976,0.9977,0.9979,0.9980,0.9981
0.9982,0.9983,0.9984,0.9985,0.9986,0.9987,0.9988,0.9989,0.9989,0.9990
0.9991,0.9992,0.9992,0.9993,0.9993,0.9994,0.9995,0.9995,0.9996,0.9996
0.9996,0.9997,0.9997,0.9998,0.9998,0.9999,0.9999,0.9999,1.0000,1.0000
