; Lookup table
;number of bins in Meek's time to distance lookup table
hdriftbins=138
;number of 1st bin in Meek's table in ns
hdrift1stbin=-24
;bin size in ns of Meek's table
hdriftbinsz=2
hwc1x1fract=0.0000,0.0001,0.0001,0.0002,0.0002,0.0003,0.0004,0.0005
0.0006,0.0007,0.0008,0.0010,0.0012,0.0015,0.0018,0.0023,0.0033,0.0049
0.0075,0.0105,0.0145,0.0198,0.0272,0.0364,0.0474,0.0601,0.0745,0.0899
0.1065,0.1240,0.1422,0.1615,0.1807,0.2014,0.2225,0.2435,0.2647,0.2867
0.3085,0.3307,0.3530,0.3761,0.3989,0.4216,0.4449,0.4677,0.4902,0.5126
0.5348,0.5575,0.5792,0.6006,0.6217,0.6428,0.6637,0.6840,0.7041,0.7237
0.7427,0.7626,0.7812,0.7989,0.8160,0.8325,0.8477,0.8629,0.8765,0.8891
0.9007,0.9115,0.9211,0.9301,0.9382,0.9460,0.9525,0.9588,0.9648,0.9697
0.9739,0.9777,0.9812,0.9841,0.9866,0.9887,0.9904,0.9917,0.9932,0.9941
0.9950,0.9955,0.9962,0.9967,0.9971,0.9974,0.9976,0.9978,0.9980,0.9982
0.9984,0.9986,0.9987,0.9988,0.9990,0.9991,0.9992,0.9993,0.9994,0.9995
0.9995,0.9996,0.9996,0.9997,0.9997,0.9997,0.9998,0.9998,0.9998,0.9998
0.9999,0.9999,0.9999,0.9999,0.9999,0.9999,0.9999,0.9999,0.9999,0.9999
1.0000,1.0000,1.0000,1.0000,1.0000,1.0000,1.0000,1.0000,1.0000,1.0000
hwc1y1fract=0.0000,0.0001,0.0002,0.0002,0.0003,0.0004,0.0004,0.0005
0.0006,0.0007,0.0008,0.0010,0.0012,0.0014,0.0019,0.0024,0.0032,0.0043
0.0060,0.0089,0.0136,0.0211,0.0320,0.0460,0.0625,0.0809,0.1016,0.1244
0.1467,0.1698,0.1927,0.2160,0.2393,0.2624,0.2860,0.3090,0.3325,0.3551
0.3765,0.3985,0.4199,0.4408,0.4624,0.4839,0.5055,0.5264,0.5474,0.5676
0.5881,0.6085,0.6286,0.6486,0.6681,0.6883,0.7074,0.7263,0.7447,0.7635
0.7810,0.7990,0.8162,0.8328,0.8486,0.8640,0.8782,0.8907,0.9027,0.9133
0.9234,0.9319,0.9398,0.9461,0.9523,0.9576,0.9624,0.9666,0.9704,0.9737
0.9768,0.9793,0.9818,0.9839,0.9858,0.9871,0.9887,0.9899,0.9910,0.9919
0.9928,0.9936,0.9942,0.9948,0.9953,0.9958,0.9962,0.9967,0.9970,0.9973
0.9976,0.9979,0.9980,0.9982,0.9984,0.9986,0.9988,0.9989,0.9990,0.9991
0.9992,0.9993,0.9994,0.9995,0.9996,0.9996,0.9997,0.9997,0.9998,0.9998
0.9998,0.9999,0.9999,0.9999,0.9999,1.0000,1.0000,1.0000,1.0000,1.0000
1.0000,1.0000,1.0000,1.0000,1.0000,1.0000,1.0000,1.0000,1.0000,1.0000
hwc1u1fract=0.0000,0.0000,0.0000,0.0000,0.0000,0.0000,0.0000,0.0000
0.0000,0.0001,0.0001,0.0001,0.0001,0.0002,0.0003,0.0007,0.0015,0.0030
0.0052,0.0084,0.0127,0.0192,0.0282,0.0406,0.0548,0.0714,0.0898,0.1089
0.1289,0.1499,0.1716,0.1937,0.2158,0.2386,0.2605,0.2837,0.3054,0.3275
0.3498,0.3725,0.3943,0.4162,0.4381,0.4599,0.4816,0.5028,0.5238,0.5447
0.5657,0.5861,0.6064,0.6268,0.6471,0.6663,0.6862,0.7059,0.7259,0.7454
0.7641,0.7824,0.8002,0.8175,0.8333,0.8493,0.8646,0.8778,0.8901,0.9015
0.9117,0.9205,0.9290,0.9369,0.9439,0.9502,0.9557,0.9605,0.9649,0.9692
0.9730,0.9762,0.9793,0.9818,0.9837,0.9858,0.9875,0.9887,0.9899,0.9910
0.9921,0.9929,0.9935,0.9941,0.9948,0.9953,0.9956,0.9960,0.9964,0.9967
0.9970,0.9973,0.9975,0.9978,0.9981,0.9983,0.9985,0.9987,0.9989,0.9990
0.9990,0.9992,0.9993,0.9993,0.9994,0.9995,0.9995,0.9996,0.9996,0.9997
0.9997,0.9998,0.9998,0.9999,0.9999,0.9999,0.9999,0.9999,0.9999,0.9999
1.0000,1.0000,1.0000,1.0000,1.0000,1.0000,1.0000,1.0000,1.0000,1.0000
hwc1v1fract=0.0000,0.0000,0.0001,0.0001,0.0001,0.0001,0.0001,0.0001
0.0002,0.0002,0.0003,0.0003,0.0003,0.0004,0.0006,0.0007,0.0011,0.0020
0.0035,0.0063,0.0121,0.0206,0.0328,0.0475,0.0649,0.0832,0.1031,0.1241
0.1457,0.1680,0.1901,0.2130,0.2353,0.2575,0.2795,0.3016,0.3242,0.3459
0.3681,0.3896,0.4107,0.4316,0.4537,0.4744,0.4954,0.5163,0.5367,0.5569
0.5771,0.5980,0.6183,0.6382,0.6583,0.6786,0.6979,0.7173,0.7367,0.7558
0.7747,0.7927,0.8103,0.8273,0.8440,0.8597,0.8737,0.8873,0.8998,0.9110
0.9209,0.9298,0.9370,0.9438,0.9497,0.9553,0.9605,0.9652,0.9693,0.9730
0.9763,0.9792,0.9817,0.9840,0.9859,0.9874,0.9890,0.9904,0.9916,0.9925
0.9931,0.9939,0.9946,0.9951,0.9956,0.9959,0.9963,0.9965,0.9969,0.9972
0.9975,0.9978,0.9980,0.9982,0.9984,0.9985,0.9987,0.9989,0.9990,0.9991
0.9992,0.9993,0.9994,0.9995,0.9995,0.9996,0.9997,0.9997,0.9998,0.9998
0.9998,0.9998,0.9998,0.9999,0.9999,0.9999,0.9999,0.9999,0.9999,0.9999
0.9999,1.0000,1.0000,1.0000,1.0000,1.0000,1.0000,1.0000,1.0000,1.0000
hwc1y2fract=0.0000,0.0001,0.0001,0.0001,0.0002,0.0002,0.0002,0.0003
0.0003,0.0004,0.0004,0.0005,0.0006,0.0008,0.0011,0.0015,0.0022,0.0034
0.0058,0.0101,0.0165,0.0255,0.0371,0.0518,0.0688,0.0880,0.1088,0.1303
0.1528,0.1752,0.1982,0.2214,0.2446,0.2674,0.2901,0.3125,0.3361,0.3583
0.3807,0.4025,0.4238,0.4457,0.4672,0.4884,0.5091,0.5294,0.5496,0.5704
0.5905,0.6113,0.6316,0.6513,0.6707,0.6895,0.7088,0.7270,0.7453,0.7635
0.7812,0.7994,0.8164,0.8329,0.8481,0.8623,0.8763,0.8891,0.9007,0.9109
0.9204,0.9285,0.9359,0.9425,0.9489,0.9545,0.9592,0.9635,0.9676,0.9711
0.9745,0.9773,0.9796,0.9818,0.9840,0.9856,0.9871,0.9885,0.9897,0.9905
0.9915,0.9922,0.9930,0.9936,0.9941,0.9948,0.9952,0.9956,0.9960,0.9964
0.9967,0.9969,0.9972,0.9975,0.9978,0.9979,0.9981,0.9983,0.9985,0.9987
0.9988,0.9990,0.9991,0.9992,0.9993,0.9993,0.9994,0.9995,0.9996,0.9996
0.9997,0.9998,0.9998,0.9998,0.9999,0.9999,0.9999,0.9999,0.9999,0.9999
0.9999,1.0000,1.0000,1.0000,1.0000,1.0000,1.0000,1.0000,1.0000,1.0000
hwc1x2fract=0.0000,0.0000,0.0000,0.0000,0.0001,0.0001,0.0002,0.0002
0.0002,0.0003,0.0004,0.0005,0.0007,0.0007,0.0010,0.0015,0.0023,0.0036
0.0058,0.0093,0.0143,0.0213,0.0307,0.0422,0.0552,0.0692,0.0853,0.1025
0.1202,0.1389,0.1593,0.1798,0.2009,0.2223,0.2444,0.2666,0.2888,0.3110
0.3338,0.3559,0.3786,0.4009,0.4228,0.4452,0.4676,0.4896,0.5120,0.5341
0.5558,0.5767,0.5983,0.6197,0.6404,0.6612,0.6821,0.7025,0.7220,0.7416
0.7611,0.7789,0.7973,0.8151,0.8314,0.8475,0.8623,0.8766,0.8893,0.9008
0.9121,0.9218,0.9306,0.9386,0.9462,0.9528,0.9591,0.9648,0.9698,0.9740
0.9776,0.9810,0.9837,0.9861,0.9882,0.9900,0.9915,0.9928,0.9938,0.9944
0.9949,0.9955,0.9960,0.9963,0.9968,0.9971,0.9974,0.9976,0.9977,0.9980
0.9982,0.9983,0.9985,0.9986,0.9987,0.9988,0.9990,0.9991,0.9992,0.9992
0.9993,0.9994,0.9995,0.9996,0.9996,0.9997,0.9997,0.9997,0.9997,0.9998
0.9998,0.9998,0.9998,0.9998,0.9998,0.9999,0.9999,0.9999,0.9999,0.9999
0.9999,1.0000,1.0000,1.0000,1.0000,1.0000,1.0000,1.0000,1.0000,1.0000
hwc2x1fract=0.0000,0.0001,0.0001,0.0002,0.0003,0.0003,0.0004,0.0005
0.0006,0.0008,0.0009,0.0011,0.0012,0.0014,0.0017,0.0022,0.0027,0.0037
0.0055,0.0087,0.0139,0.0212,0.0302,0.0410,0.0535,0.0669,0.0825,0.0991
0.1163,0.1348,0.1542,0.1741,0.1944,0.2153,0.2360,0.2577,0.2793,0.3014
0.3236,0.3461,0.3682,0.3911,0.4140,0.4359,0.4589,0.4816,0.5033,0.5253
0.5479,0.5697,0.5908,0.6126,0.6348,0.6557,0.6764,0.6966,0.7171,0.7369
0.7566,0.7759,0.7943,0.8125,0.8300,0.8469,0.8631,0.8775,0.8907,0.9027
0.9137,0.9235,0.9325,0.9404,0.9476,0.9543,0.9601,0.9653,0.9704,0.9744
0.9782,0.9817,0.9845,0.9869,0.9887,0.9904,0.9917,0.9930,0.9939,0.9947
0.9953,0.9959,0.9964,0.9967,0.9970,0.9973,0.9976,0.9977,0.9980,0.9982
0.9983,0.9984,0.9985,0.9987,0.9988,0.9989,0.9991,0.9992,0.9993,0.9994
0.9994,0.9995,0.9996,0.9996,0.9997,0.9997,0.9997,0.9998,0.9998,0.9998
0.9998,0.9999,0.9999,0.9999,0.9999,1.0000,1.0000,1.0000,1.0000,1.0000
1.0000,1.0000,1.0000,1.0000,1.0000,1.0000,1.0000,1.0000,1.0000,1.0000
hwc2y1fract=0.0000,0.0000,0.0000,0.0001,0.0001,0.0001,0.0001,0.0002
0.0002,0.0003,0.0003,0.0004,0.0005,0.0006,0.0008,0.0011,0.0015,0.0022
0.0034,0.0058,0.0103,0.0178,0.0287,0.0429,0.0605,0.0792,0.1007,0.1236
0.1476,0.1728,0.1975,0.2214,0.2458,0.2697,0.2936,0.3169,0.3403,0.3630
0.3854,0.4075,0.4295,0.4512,0.4721,0.4936,0.5148,0.5361,0.5568,0.5772
0.5976,0.6174,0.6380,0.6584,0.6783,0.6981,0.7177,0.7370,0.7555,0.7737
0.7922,0.8092,0.8262,0.8424,0.8585,0.8735,0.8880,0.9006,0.9121,0.9222
0.9316,0.9402,0.9473,0.9534,0.9588,0.9638,0.9680,0.9715,0.9750,0.9778
0.9806,0.9829,0.9850,0.9868,0.9883,0.9895,0.9906,0.9916,0.9924,0.9932
0.9938,0.9945,0.9949,0.9954,0.9959,0.9962,0.9964,0.9967,0.9969,0.9972
0.9974,0.9976,0.9979,0.9981,0.9983,0.9984,0.9986,0.9988,0.9989,0.9990
0.9992,0.9993,0.9994,0.9995,0.9995,0.9996,0.9997,0.9997,0.9997,0.9998
0.9998,0.9998,0.9998,0.9998,0.9999,0.9999,0.9999,0.9999,1.0000,1.0000
1.0000,1.0000,1.0000,1.0000,1.0000,1.0000,1.0000,1.0000,1.0000,1.0000
hwc2u1fract=0.0000,0.0000,0.0000,0.0000,0.0000,0.0000,0.0000,0.0000
0.0001,0.0001,0.0001,0.0001,0.0002,0.0002,0.0004,0.0005,0.0007,0.0012
0.0027,0.0064,0.0128,0.0238,0.0387,0.0563,0.0759,0.0979,0.1206,0.1443
0.1679,0.1925,0.2164,0.2406,0.2646,0.2886,0.3114,0.3342,0.3565,0.3783
0.4003,0.4216,0.4427,0.4646,0.4851,0.5058,0.5261,0.5464,0.5661,0.5871
0.6073,0.6276,0.6477,0.6682,0.6870,0.7063,0.7250,0.7443,0.7632,0.7818
0.8000,0.8178,0.8350,0.8518,0.8677,0.8822,0.8951,0.9070,0.9181,0.9276
0.9363,0.9435,0.9504,0.9559,0.9606,0.9652,0.9692,0.9726,0.9755,0.9783
0.9806,0.9828,0.9849,0.9867,0.9880,0.9895,0.9905,0.9913,0.9921,0.9928
0.9935,0.9941,0.9946,0.9951,0.9954,0.9958,0.9961,0.9964,0.9968,0.9970
0.9973,0.9975,0.9977,0.9979,0.9981,0.9983,0.9985,0.9986,0.9988,0.9989
0.9991,0.9992,0.9993,0.9994,0.9995,0.9996,0.9996,0.9997,0.9997,0.9997
0.9998,0.9998,0.9999,0.9999,0.9999,0.9999,0.9999,0.9999,0.9999,1.0000
1.0000,1.0000,1.0000,1.0000,1.0000,1.0000,1.0000,1.0000,1.0000,1.0000
hwc2v1fract=0.0000,0.0000,0.0001,0.0001,0.0001,0.0001,0.0001,0.0001
0.0001,0.0002,0.0002,0.0002,0.0003,0.0004,0.0006,0.0008,0.0012,0.0018
0.0029,0.0054,0.0105,0.0196,0.0318,0.0476,0.0668,0.0879,0.1105,0.1331
0.1564,0.1802,0.2044,0.2284,0.2520,0.2753,0.2983,0.3219,0.3443,0.3671
0.3893,0.4115,0.4333,0.4547,0.4764,0.4976,0.5185,0.5394,0.5602,0.5803
0.6006,0.6198,0.6398,0.6591,0.6791,0.6989,0.7183,0.7369,0.7565,0.7751
0.7932,0.8106,0.8284,0.8449,0.8606,0.8753,0.8891,0.9020,0.9132,0.9237
0.9323,0.9400,0.9466,0.9525,0.9580,0.9627,0.9674,0.9711,0.9744,0.9774
0.9799,0.9822,0.9841,0.9860,0.9877,0.9891,0.9903,0.9913,0.9922,0.9931
0.9937,0.9942,0.9947,0.9952,0.9955,0.9959,0.9961,0.9964,0.9966,0.9970
0.9973,0.9975,0.9978,0.9979,0.9982,0.9983,0.9985,0.9987,0.9989,0.9990
0.9991,0.9993,0.9994,0.9995,0.9996,0.9996,0.9997,0.9998,0.9998,0.9999
0.9999,0.9999,0.9999,1.0000,1.0000,1.0000,1.0000,1.0000,1.0000,1.0000
1.0000,1.0000,1.0000,1.0000,1.0000,1.0000,1.0000,1.0000,1.0000,1.0000
hwc2y2fract=0.0000,0.0000,0.0000,0.0000,0.0001,0.0001,0.0001,0.0001
0.0002,0.0003,0.0003,0.0004,0.0005,0.0006,0.0008,0.0010,0.0015,0.0025
0.0042,0.0072,0.0124,0.0202,0.0319,0.0464,0.0638,0.0837,0.1055,0.1283
0.1518,0.1759,0.2003,0.2235,0.2474,0.2716,0.2948,0.3187,0.3418,0.3650
0.3873,0.4097,0.4312,0.4528,0.4739,0.4955,0.5159,0.5365,0.5574,0.5781
0.5985,0.6189,0.6389,0.6593,0.6796,0.6991,0.7181,0.7372,0.7557,0.7747
0.7926,0.8103,0.8283,0.8447,0.8608,0.8764,0.8896,0.9025,0.9134,0.9239
0.9327,0.9405,0.9472,0.9533,0.9588,0.9636,0.9680,0.9719,0.9749,0.9778
0.9805,0.9829,0.9849,0.9865,0.9880,0.9892,0.9903,0.9914,0.9921,0.9929
0.9934,0.9941,0.9947,0.9951,0.9955,0.9959,0.9962,0.9965,0.9968,0.9972
0.9975,0.9977,0.9979,0.9980,0.9982,0.9984,0.9985,0.9987,0.9989,0.9990
0.9991,0.9992,0.9993,0.9994,0.9995,0.9995,0.9996,0.9996,0.9997,0.9998
0.9998,0.9998,0.9998,0.9999,0.9999,0.9999,0.9999,1.0000,1.0000,1.0000
1.0000,1.0000,1.0000,1.0000,1.0000,1.0000,1.0000,1.0000,1.0000,1.0000
hwc2x2fract=0.0000,0.0001,0.0001,0.0001,0.0002,0.0002,0.0003,0.0004
0.0004,0.0005,0.0005,0.0007,0.0008,0.0009,0.0011,0.0015,0.0020,0.0029
0.0050,0.0080,0.0123,0.0183,0.0270,0.0372,0.0500,0.0645,0.0807,0.0987
0.1168,0.1363,0.1554,0.1758,0.1969,0.2184,0.2402,0.2617,0.2843,0.3074
0.3300,0.3523,0.3745,0.3973,0.4198,0.4426,0.4648,0.4872,0.5088,0.5300
0.5520,0.5735,0.5950,0.6163,0.6373,0.6582,0.6783,0.6993,0.7198,0.7403
0.7610,0.7802,0.7986,0.8159,0.8332,0.8495,0.8647,0.8788,0.8921,0.9042
0.9150,0.9243,0.9328,0.9408,0.9483,0.9547,0.9604,0.9658,0.9707,0.9749
0.9782,0.9813,0.9841,0.9866,0.9887,0.9903,0.9916,0.9927,0.9936,0.9943
0.9951,0.9957,0.9962,0.9966,0.9970,0.9973,0.9975,0.9978,0.9980,0.9982
0.9984,0.9986,0.9987,0.9988,0.9989,0.9990,0.9991,0.9992,0.9993,0.9994
0.9995,0.9995,0.9996,0.9996,0.9997,0.9997,0.9998,0.9998,0.9999,0.9999
0.9999,0.9999,0.9999,0.9999,0.9999,0.9999,1.0000,1.0000,1.0000,1.0000
1.0000,1.0000,1.0000,1.0000,1.0000,1.0000,1.0000,1.0000,1.0000,1.0000
