; Lookup table
;number of bins in Meek's time to distance lookup table
hdriftbins=138
;number of 1st bin in Meek's table in ns
hdrift1stbin=-24
;bin size in ns of Meek's table
hdriftbinsz=2
hwc1x1fract=0.0001,0.0001,0.0002,0.0003,0.0005,0.0006,0.0008,0.0010
0.0012,0.0013,0.0016,0.0019,0.0023,0.0029,0.0038,0.0053,0.0074,0.0101
0.0137,0.0186,0.0250,0.0331,0.0432,0.0545,0.0672,0.0813,0.0961,0.1124
0.1294,0.1467,0.1647,0.1844,0.2035,0.2232,0.2439,0.2644,0.2857,0.3072
0.3291,0.3513,0.3733,0.3956,0.4180,0.4406,0.4629,0.4855,0.5078,0.5302
0.5518,0.5737,0.5951,0.6169,0.6384,0.6596,0.6807,0.7013,0.7212,0.7410
0.7602,0.7791,0.7968,0.8143,0.8309,0.8469,0.8618,0.8756,0.8880,0.9002
0.9111,0.9213,0.9304,0.9388,0.9462,0.9532,0.9590,0.9644,0.9690,0.9734
0.9772,0.9803,0.9829,0.9852,0.9871,0.9885,0.9898,0.9909,0.9918,0.9926
0.9932,0.9937,0.9941,0.9945,0.9949,0.9953,0.9956,0.9958,0.9960,0.9962
0.9964,0.9966,0.9968,0.9970,0.9972,0.9973,0.9975,0.9976,0.9977,0.9978
0.9980,0.9981,0.9982,0.9983,0.9984,0.9985,0.9985,0.9986,0.9986,0.9987
0.9988,0.9989,0.9990,0.9990,0.9991,0.9992,0.9992,0.9993,0.9994,0.9995
0.9996,0.9996,0.9997,0.9997,0.9998,0.9998,0.9999,0.9999,1.0000,1.0000
hwc1y1fract=0.0001,0.0002,0.0003,0.0004,0.0005,0.0006,0.0007,0.0009
0.0011,0.0013,0.0015,0.0018,0.0021,0.0025,0.0030,0.0037,0.0048,0.0064
0.0088,0.0128,0.0191,0.0283,0.0401,0.0545,0.0707,0.0887,0.1080,0.1285
0.1500,0.1716,0.1940,0.2163,0.2388,0.2611,0.2835,0.3057,0.3280,0.3501
0.3722,0.3945,0.4164,0.4377,0.4593,0.4806,0.5019,0.5224,0.5441,0.5649
0.5854,0.6064,0.6264,0.6468,0.6674,0.6867,0.7067,0.7260,0.7453,0.7639
0.7827,0.8005,0.8178,0.8342,0.8499,0.8646,0.8785,0.8914,0.9034,0.9139
0.9232,0.9317,0.9392,0.9456,0.9515,0.9567,0.9614,0.9656,0.9694,0.9726
0.9756,0.9782,0.9805,0.9825,0.9842,0.9857,0.9870,0.9880,0.9891,0.9900
0.9908,0.9915,0.9922,0.9927,0.9933,0.9938,0.9942,0.9946,0.9949,0.9953
0.9956,0.9959,0.9962,0.9964,0.9966,0.9968,0.9970,0.9972,0.9974,0.9976
0.9978,0.9979,0.9981,0.9982,0.9983,0.9984,0.9985,0.9986,0.9987,0.9988
0.9989,0.9990,0.9991,0.9991,0.9992,0.9993,0.9994,0.9994,0.9995,0.9995
0.9996,0.9996,0.9997,0.9998,0.9998,0.9998,0.9999,0.9999,1.0000,1.0000
hwc1u1fract=0.0001,0.0001,0.0002,0.0002,0.0003,0.0003,0.0004,0.0004
0.0005,0.0006,0.0007,0.0008,0.0010,0.0014,0.0021,0.0034,0.0055,0.0083
0.0122,0.0176,0.0253,0.0354,0.0475,0.0617,0.0772,0.0943,0.1123,0.1310
0.1504,0.1701,0.1907,0.2120,0.2329,0.2550,0.2773,0.2994,0.3216,0.3436
0.3659,0.3880,0.4101,0.4319,0.4532,0.4748,0.4965,0.5179,0.5393,0.5604
0.5809,0.6015,0.6221,0.6426,0.6631,0.6833,0.7031,0.7235,0.7424,0.7614
0.7798,0.7973,0.8147,0.8312,0.8467,0.8611,0.8748,0.8872,0.8986,0.9092
0.9188,0.9273,0.9349,0.9417,0.9479,0.9537,0.9587,0.9632,0.9671,0.9708
0.9741,0.9769,0.9793,0.9816,0.9834,0.9849,0.9863,0.9876,0.9887,0.9896
0.9905,0.9912,0.9919,0.9926,0.9931,0.9936,0.9941,0.9944,0.9948,0.9951
0.9954,0.9957,0.9960,0.9963,0.9966,0.9968,0.9969,0.9972,0.9973,0.9975
0.9976,0.9978,0.9979,0.9981,0.9982,0.9983,0.9984,0.9985,0.9986,0.9987
0.9988,0.9989,0.9990,0.9991,0.9992,0.9993,0.9993,0.9994,0.9995,0.9995
0.9996,0.9996,0.9997,0.9997,0.9997,0.9998,0.9999,0.9999,1.0000,1.0000
hwc1v1fract=0.0000,0.0001,0.0002,0.0002,0.0003,0.0003,0.0004,0.0005
0.0005,0.0006,0.0007,0.0008,0.0009,0.0011,0.0013,0.0016,0.0022,0.0032
0.0053,0.0090,0.0150,0.0244,0.0362,0.0504,0.0665,0.0839,0.1030,0.1231
0.1436,0.1642,0.1856,0.2071,0.2290,0.2508,0.2730,0.2950,0.3169,0.3390
0.3608,0.3827,0.4046,0.4264,0.4479,0.4693,0.4909,0.5118,0.5327,0.5537
0.5745,0.5949,0.6152,0.6355,0.6555,0.6756,0.6955,0.7150,0.7342,0.7532
0.7719,0.7897,0.8076,0.8247,0.8407,0.8565,0.8708,0.8841,0.8962,0.9070
0.9166,0.9252,0.9328,0.9400,0.9460,0.9518,0.9569,0.9614,0.9654,0.9692
0.9724,0.9754,0.9780,0.9804,0.9823,0.9841,0.9858,0.9871,0.9883,0.9892
0.9900,0.9908,0.9914,0.9920,0.9926,0.9931,0.9936,0.9940,0.9943,0.9946
0.9950,0.9954,0.9957,0.9959,0.9962,0.9965,0.9968,0.9971,0.9972,0.9974
0.9976,0.9978,0.9979,0.9980,0.9982,0.9984,0.9985,0.9986,0.9987,0.9988
0.9989,0.9990,0.9991,0.9991,0.9992,0.9993,0.9993,0.9994,0.9994,0.9995
0.9996,0.9996,0.9997,0.9997,0.9998,0.9998,0.9998,0.9999,0.9999,1.0000
hwc1y2fract=0.0001,0.0001,0.0002,0.0003,0.0004,0.0004,0.0005,0.0007
0.0008,0.0010,0.0011,0.0012,0.0014,0.0017,0.0022,0.0029,0.0040,0.0060
0.0092,0.0146,0.0224,0.0322,0.0448,0.0597,0.0761,0.0941,0.1143,0.1344
0.1554,0.1773,0.1990,0.2211,0.2437,0.2656,0.2882,0.3108,0.3328,0.3549
0.3771,0.3991,0.4211,0.4427,0.4640,0.4851,0.5062,0.5269,0.5478,0.5685
0.5889,0.6093,0.6293,0.6496,0.6696,0.6895,0.7090,0.7281,0.7471,0.7659
0.7838,0.8013,0.8183,0.8344,0.8499,0.8642,0.8773,0.8898,0.9010,0.9111
0.9203,0.9287,0.9359,0.9424,0.9482,0.9535,0.9585,0.9629,0.9669,0.9704
0.9735,0.9761,0.9784,0.9804,0.9823,0.9840,0.9854,0.9866,0.9877,0.9887
0.9896,0.9906,0.9913,0.9919,0.9924,0.9929,0.9934,0.9938,0.9942,0.9947
0.9950,0.9954,0.9957,0.9960,0.9963,0.9965,0.9967,0.9970,0.9971,0.9973
0.9976,0.9977,0.9979,0.9980,0.9982,0.9983,0.9984,0.9985,0.9987,0.9987
0.9988,0.9989,0.9990,0.9990,0.9991,0.9992,0.9992,0.9993,0.9994,0.9994
0.9995,0.9996,0.9996,0.9997,0.9998,0.9998,0.9998,0.9999,1.0000,1.0000
hwc1x2fract=0.0001,0.0001,0.0002,0.0003,0.0004,0.0005,0.0005,0.0006
0.0007,0.0009,0.0010,0.0011,0.0013,0.0016,0.0020,0.0027,0.0040,0.0059
0.0089,0.0132,0.0193,0.0272,0.0369,0.0479,0.0602,0.0745,0.0896,0.1056
0.1228,0.1405,0.1591,0.1782,0.1983,0.2184,0.2393,0.2607,0.2822,0.3039
0.3259,0.3480,0.3705,0.3929,0.4156,0.4380,0.4604,0.4828,0.5051,0.5268
0.5488,0.5709,0.5925,0.6141,0.6350,0.6559,0.6769,0.6977,0.7179,0.7380
0.7573,0.7767,0.7957,0.8133,0.8300,0.8459,0.8608,0.8751,0.8877,0.8997
0.9106,0.9204,0.9296,0.9375,0.9454,0.9523,0.9581,0.9633,0.9682,0.9725
0.9762,0.9795,0.9821,0.9844,0.9864,0.9881,0.9894,0.9904,0.9913,0.9921
0.9928,0.9933,0.9938,0.9941,0.9945,0.9949,0.9952,0.9955,0.9958,0.9960
0.9962,0.9965,0.9967,0.9968,0.9970,0.9971,0.9974,0.9975,0.9976,0.9978
0.9979,0.9980,0.9981,0.9982,0.9983,0.9984,0.9985,0.9986,0.9986,0.9987
0.9988,0.9989,0.9990,0.9990,0.9991,0.9992,0.9992,0.9993,0.9993,0.9994
0.9995,0.9996,0.9997,0.9997,0.9998,0.9998,0.9999,0.9999,1.0000,1.0000
hwc2x1fract=0.0001,0.0002,0.0002,0.0003,0.0004,0.0005,0.0007,0.0009
0.0010,0.0012,0.0014,0.0016,0.0018,0.0021,0.0025,0.0030,0.0039,0.0052
0.0079,0.0119,0.0175,0.0246,0.0336,0.0439,0.0559,0.0697,0.0841,0.0995
0.1159,0.1331,0.1516,0.1703,0.1901,0.2102,0.2309,0.2518,0.2731,0.2948
0.3168,0.3393,0.3617,0.3843,0.4068,0.4294,0.4516,0.4736,0.4961,0.5183
0.5404,0.5623,0.5846,0.6065,0.6279,0.6490,0.6706,0.6912,0.7119,0.7325
0.7522,0.7716,0.7910,0.8094,0.8273,0.8439,0.8594,0.8738,0.8871,0.8991
0.9105,0.9207,0.9296,0.9377,0.9452,0.9521,0.9581,0.9636,0.9684,0.9727
0.9764,0.9795,0.9821,0.9844,0.9864,0.9881,0.9894,0.9904,0.9913,0.9921
0.9928,0.9933,0.9938,0.9942,0.9946,0.9949,0.9953,0.9956,0.9959,0.9961
0.9964,0.9965,0.9967,0.9969,0.9971,0.9973,0.9974,0.9976,0.9977,0.9978
0.9980,0.9981,0.9982,0.9983,0.9984,0.9986,0.9986,0.9987,0.9988,0.9989
0.9989,0.9990,0.9991,0.9991,0.9992,0.9993,0.9993,0.9994,0.9994,0.9995
0.9995,0.9996,0.9996,0.9997,0.9998,0.9998,0.9999,0.9999,1.0000,1.0000
hwc2y1fract=0.0001,0.0001,0.0002,0.0003,0.0004,0.0004,0.0005,0.0006
0.0007,0.0008,0.0009,0.0010,0.0012,0.0013,0.0016,0.0020,0.0026,0.0037
0.0058,0.0096,0.0152,0.0240,0.0358,0.0507,0.0677,0.0866,0.1070,0.1281
0.1506,0.1734,0.1964,0.2189,0.2422,0.2654,0.2882,0.3109,0.3336,0.3566
0.3792,0.4016,0.4236,0.4452,0.4664,0.4876,0.5090,0.5302,0.5511,0.5721
0.5929,0.6136,0.6340,0.6544,0.6745,0.6943,0.7141,0.7337,0.7524,0.7709
0.7894,0.8075,0.8250,0.8418,0.8576,0.8725,0.8865,0.8992,0.9105,0.9205
0.9293,0.9375,0.9446,0.9508,0.9564,0.9613,0.9656,0.9693,0.9726,0.9756
0.9782,0.9805,0.9825,0.9841,0.9855,0.9868,0.9880,0.9891,0.9899,0.9907
0.9913,0.9920,0.9925,0.9930,0.9934,0.9939,0.9943,0.9946,0.9950,0.9953
0.9956,0.9959,0.9962,0.9964,0.9967,0.9969,0.9970,0.9973,0.9974,0.9976
0.9978,0.9979,0.9981,0.9982,0.9983,0.9984,0.9985,0.9986,0.9988,0.9988
0.9989,0.9990,0.9991,0.9992,0.9992,0.9993,0.9994,0.9994,0.9994,0.9995
0.9995,0.9996,0.9996,0.9997,0.9997,0.9998,0.9998,0.9999,0.9999,1.0000
hwc2u1fract=0.0001,0.0001,0.0002,0.0003,0.0003,0.0004,0.0004,0.0005
0.0006,0.0006,0.0007,0.0008,0.0009,0.0010,0.0012,0.0013,0.0015,0.0021
0.0032,0.0058,0.0108,0.0190,0.0302,0.0449,0.0617,0.0809,0.1014,0.1229
0.1448,0.1674,0.1901,0.2132,0.2364,0.2596,0.2818,0.3042,0.3266,0.3491
0.3711,0.3933,0.4154,0.4368,0.4580,0.4798,0.5013,0.5222,0.5428,0.5631
0.5832,0.6038,0.6240,0.6441,0.6637,0.6836,0.7033,0.7225,0.7419,0.7608
0.7790,0.7972,0.8148,0.8322,0.8486,0.8640,0.8782,0.8916,0.9036,0.9140
0.9232,0.9317,0.9393,0.9457,0.9514,0.9566,0.9612,0.9653,0.9690,0.9721
0.9751,0.9775,0.9798,0.9819,0.9836,0.9851,0.9863,0.9875,0.9884,0.9892
0.9900,0.9906,0.9912,0.9918,0.9923,0.9929,0.9934,0.9938,0.9942,0.9946
0.9949,0.9952,0.9956,0.9958,0.9961,0.9964,0.9967,0.9969,0.9972,0.9974
0.9976,0.9978,0.9979,0.9980,0.9982,0.9983,0.9985,0.9986,0.9987,0.9988
0.9989,0.9990,0.9991,0.9992,0.9992,0.9993,0.9993,0.9994,0.9994,0.9995
0.9996,0.9996,0.9997,0.9997,0.9998,0.9998,0.9999,0.9999,0.9999,1.0000
hwc2v1fract=0.0001,0.0001,0.0002,0.0002,0.0003,0.0004,0.0005,0.0006
0.0007,0.0008,0.0009,0.0010,0.0011,0.0013,0.0014,0.0017,0.0022,0.0030
0.0048,0.0084,0.0149,0.0249,0.0380,0.0535,0.0715,0.0911,0.1113,0.1329
0.1548,0.1769,0.1995,0.2221,0.2449,0.2681,0.2909,0.3135,0.3361,0.3586
0.3805,0.4028,0.4243,0.4457,0.4668,0.4881,0.5088,0.5298,0.5506,0.5715
0.5918,0.6124,0.6325,0.6527,0.6725,0.6920,0.7117,0.7309,0.7499,0.7691
0.7878,0.8058,0.8231,0.8398,0.8556,0.8706,0.8842,0.8968,0.9081,0.9182
0.9272,0.9351,0.9420,0.9482,0.9536,0.9584,0.9626,0.9667,0.9703,0.9734
0.9762,0.9788,0.9810,0.9828,0.9844,0.9858,0.9871,0.9883,0.9892,0.9900
0.9908,0.9914,0.9920,0.9926,0.9931,0.9936,0.9940,0.9944,0.9948,0.9951
0.9955,0.9958,0.9961,0.9963,0.9965,0.9968,0.9970,0.9972,0.9974,0.9976
0.9977,0.9979,0.9980,0.9982,0.9983,0.9985,0.9986,0.9987,0.9988,0.9989
0.9990,0.9991,0.9991,0.9992,0.9993,0.9993,0.9994,0.9994,0.9994,0.9995
0.9996,0.9996,0.9996,0.9997,0.9997,0.9998,0.9998,0.9999,0.9999,1.0000
hwc2y2fract=0.0001,0.0002,0.0002,0.0003,0.0004,0.0004,0.0005,0.0006
0.0007,0.0009,0.0011,0.0012,0.0014,0.0017,0.0020,0.0026,0.0034,0.0048
0.0072,0.0115,0.0183,0.0275,0.0401,0.0554,0.0727,0.0918,0.1125,0.1346
0.1571,0.1802,0.2032,0.2266,0.2494,0.2728,0.2959,0.3187,0.3418,0.3649
0.3868,0.4093,0.4310,0.4525,0.4738,0.4954,0.5163,0.5369,0.5572,0.5786
0.5993,0.6202,0.6402,0.6607,0.6804,0.7006,0.7202,0.7396,0.7589,0.7777
0.7960,0.8137,0.8310,0.8473,0.8621,0.8767,0.8899,0.9022,0.9134,0.9233
0.9318,0.9396,0.9465,0.9525,0.9579,0.9625,0.9667,0.9704,0.9737,0.9764
0.9787,0.9807,0.9827,0.9843,0.9858,0.9870,0.9881,0.9891,0.9899,0.9906
0.9913,0.9920,0.9925,0.9930,0.9935,0.9939,0.9943,0.9947,0.9950,0.9953
0.9957,0.9960,0.9962,0.9965,0.9967,0.9969,0.9971,0.9973,0.9975,0.9976
0.9978,0.9979,0.9981,0.9982,0.9984,0.9985,0.9986,0.9987,0.9988,0.9988
0.9989,0.9990,0.9991,0.9991,0.9992,0.9992,0.9993,0.9994,0.9994,0.9995
0.9995,0.9996,0.9997,0.9997,0.9998,0.9998,0.9998,0.9999,0.9999,1.0000
hwc2x2fract=0.0001,0.0001,0.0002,0.0003,0.0005,0.0005,0.0007,0.0008
0.0009,0.0011,0.0013,0.0015,0.0017,0.0020,0.0026,0.0035,0.0051,0.0079
0.0118,0.0169,0.0238,0.0333,0.0441,0.0569,0.0711,0.0864,0.1027,0.1201
0.1379,0.1568,0.1764,0.1963,0.2166,0.2378,0.2593,0.2817,0.3036,0.3258
0.3483,0.3708,0.3930,0.4155,0.4378,0.4602,0.4828,0.5051,0.5268,0.5489
0.5713,0.5932,0.6147,0.6356,0.6571,0.6783,0.6987,0.7192,0.7391,0.7593
0.7786,0.7976,0.8158,0.8326,0.8487,0.8642,0.8782,0.8913,0.9032,0.9139
0.9236,0.9322,0.9404,0.9476,0.9538,0.9596,0.9648,0.9694,0.9735,0.9770
0.9798,0.9824,0.9847,0.9865,0.9880,0.9893,0.9904,0.9913,0.9921,0.9927
0.9933,0.9939,0.9943,0.9947,0.9951,0.9954,0.9957,0.9960,0.9962,0.9965
0.9967,0.9969,0.9970,0.9972,0.9974,0.9976,0.9977,0.9978,0.9979,0.9980
0.9981,0.9982,0.9983,0.9984,0.9985,0.9986,0.9987,0.9987,0.9988,0.9989
0.9990,0.9991,0.9991,0.9992,0.9993,0.9993,0.9994,0.9995,0.9995,0.9996
0.9996,0.9996,0.9997,0.9997,0.9998,0.9998,0.9999,0.9999,1.0000,1.0000
