; Lookup table
;number of bins in Meek's time to distance lookup table
hdriftbins=138
;number of 1st bin in Meek's table in ns
hdrift1stbin=-24
;bin size in ns of Meek's table
hdriftbinsz=2
hwc1x1fract=0.0001,0.0001,0.0002,0.0002,0.0002,0.0003,0.0004,0.0004
0.0005,0.0006,0.0007,0.0009,0.0011,0.0014,0.0018,0.0025,0.0038,0.0054
0.0078,0.0112,0.0155,0.0214,0.0291,0.0383,0.0494,0.0615,0.0752,0.0898
0.1055,0.1218,0.1391,0.1572,0.1760,0.1951,0.2148,0.2353,0.2565,0.2775
0.2993,0.3211,0.3434,0.3656,0.3884,0.4110,0.4336,0.4560,0.4786,0.5006
0.5230,0.5453,0.5678,0.5900,0.6117,0.6332,0.6546,0.6758,0.6968,0.7173
0.7373,0.7570,0.7763,0.7951,0.8129,0.8299,0.8461,0.8614,0.8755,0.8893
0.9015,0.9128,0.9233,0.9326,0.9411,0.9487,0.9555,0.9617,0.9673,0.9722
0.9765,0.9803,0.9835,0.9863,0.9885,0.9903,0.9917,0.9929,0.9940,0.9947
0.9954,0.9959,0.9963,0.9967,0.9971,0.9974,0.9977,0.9979,0.9980,0.9982
0.9984,0.9985,0.9987,0.9988,0.9989,0.9990,0.9990,0.9991,0.9992,0.9993
0.9994,0.9994,0.9995,0.9995,0.9996,0.9996,0.9996,0.9997,0.9997,0.9997
0.9997,0.9998,0.9998,0.9998,0.9998,0.9999,0.9999,0.9999,0.9999,0.9999
0.9999,0.9999,0.9999,1.0000,1.0000,1.0000,1.0000,1.0000,1.0000,1.0000
hwc1y1fract=0.0000,0.0001,0.0001,0.0002,0.0002,0.0003,0.0004,0.0005
0.0006,0.0007,0.0008,0.0010,0.0012,0.0015,0.0019,0.0024,0.0033,0.0046
0.0067,0.0103,0.0162,0.0246,0.0357,0.0492,0.0655,0.0833,0.1031,0.1234
0.1443,0.1663,0.1887,0.2112,0.2338,0.2562,0.2793,0.3015,0.3242,0.3467
0.3694,0.3914,0.4131,0.4352,0.4566,0.4780,0.4993,0.5205,0.5412,0.5619
0.5825,0.6029,0.6238,0.6443,0.6646,0.6845,0.7042,0.7232,0.7427,0.7620
0.7806,0.7987,0.8159,0.8327,0.8492,0.8643,0.8785,0.8919,0.9042,0.9151
0.9248,0.9338,0.9417,0.9486,0.9546,0.9600,0.9645,0.9688,0.9726,0.9759
0.9788,0.9815,0.9837,0.9857,0.9873,0.9888,0.9901,0.9912,0.9921,0.9929
0.9936,0.9942,0.9948,0.9953,0.9958,0.9962,0.9966,0.9969,0.9972,0.9975
0.9978,0.9980,0.9982,0.9984,0.9986,0.9987,0.9989,0.9990,0.9991,0.9992
0.9993,0.9994,0.9995,0.9995,0.9996,0.9997,0.9997,0.9997,0.9998,0.9998
0.9998,0.9998,0.9998,0.9998,0.9999,0.9999,0.9999,0.9999,0.9999,0.9999
0.9999,0.9999,0.9999,1.0000,1.0000,1.0000,1.0000,1.0000,1.0000,1.0000
hwc1u1fract=0.0000,0.0000,0.0000,0.0000,0.0001,0.0001,0.0001,0.0001
0.0001,0.0001,0.0002,0.0002,0.0003,0.0003,0.0006,0.0012,0.0022,0.0040
0.0065,0.0098,0.0147,0.0218,0.0313,0.0431,0.0571,0.0732,0.0896,0.1078
0.1268,0.1462,0.1664,0.1871,0.2082,0.2298,0.2516,0.2736,0.2957,0.3178
0.3399,0.3624,0.3843,0.4062,0.4282,0.4503,0.4717,0.4934,0.5148,0.5360
0.5573,0.5785,0.5992,0.6199,0.6403,0.6609,0.6814,0.7015,0.7213,0.7411
0.7607,0.7792,0.7971,0.8148,0.8312,0.8469,0.8615,0.8759,0.8888,0.9007
0.9115,0.9212,0.9299,0.9378,0.9449,0.9512,0.9569,0.9622,0.9665,0.9707
0.9742,0.9775,0.9804,0.9828,0.9849,0.9867,0.9883,0.9896,0.9908,0.9917
0.9925,0.9933,0.9939,0.9945,0.9950,0.9955,0.9959,0.9963,0.9966,0.9970
0.9972,0.9975,0.9977,0.9979,0.9981,0.9983,0.9984,0.9986,0.9987,0.9989
0.9990,0.9991,0.9992,0.9993,0.9994,0.9994,0.9995,0.9996,0.9996,0.9996
0.9997,0.9997,0.9998,0.9998,0.9998,0.9998,0.9999,0.9999,0.9999,0.9999
0.9999,0.9999,0.9999,0.9999,1.0000,1.0000,1.0000,1.0000,1.0000,1.0000
hwc1v1fract=0.0000,0.0000,0.0000,0.0001,0.0001,0.0001,0.0001,0.0001
0.0002,0.0002,0.0002,0.0003,0.0004,0.0004,0.0005,0.0008,0.0013,0.0022
0.0042,0.0079,0.0138,0.0226,0.0343,0.0481,0.0638,0.0813,0.0997,0.1190
0.1391,0.1600,0.1813,0.2032,0.2251,0.2471,0.2696,0.2916,0.3141,0.3357
0.3579,0.3802,0.4019,0.4236,0.4452,0.4668,0.4885,0.5099,0.5307,0.5515
0.5721,0.5928,0.6131,0.6335,0.6534,0.6740,0.6937,0.7134,0.7327,0.7518
0.7710,0.7894,0.8072,0.8247,0.8413,0.8572,0.8717,0.8855,0.8980,0.9092
0.9194,0.9284,0.9365,0.9438,0.9501,0.9561,0.9611,0.9656,0.9700,0.9737
0.9769,0.9797,0.9821,0.9844,0.9863,0.9879,0.9893,0.9905,0.9914,0.9922
0.9930,0.9937,0.9942,0.9947,0.9951,0.9956,0.9960,0.9963,0.9966,0.9970
0.9973,0.9976,0.9978,0.9981,0.9982,0.9984,0.9986,0.9987,0.9989,0.9990
0.9991,0.9992,0.9993,0.9993,0.9994,0.9995,0.9996,0.9996,0.9997,0.9997
0.9998,0.9998,0.9998,0.9998,0.9998,0.9999,0.9999,0.9999,0.9999,0.9999
0.9999,0.9999,0.9999,1.0000,1.0000,1.0000,1.0000,1.0000,1.0000,1.0000
hwc1y2fract=0.0000,0.0000,0.0001,0.0001,0.0001,0.0001,0.0002,0.0002
0.0003,0.0003,0.0004,0.0005,0.0006,0.0007,0.0009,0.0013,0.0018,0.0028
0.0044,0.0071,0.0120,0.0189,0.0285,0.0407,0.0549,0.0712,0.0891,0.1079
0.1282,0.1493,0.1712,0.1934,0.2156,0.2381,0.2606,0.2825,0.3049,0.3274
0.3496,0.3716,0.3936,0.4160,0.4376,0.4591,0.4807,0.5020,0.5230,0.5437
0.5647,0.5858,0.6063,0.6270,0.6471,0.6677,0.6876,0.7073,0.7267,0.7459
0.7649,0.7833,0.8014,0.8186,0.8353,0.8510,0.8660,0.8797,0.8922,0.9037
0.9141,0.9236,0.9322,0.9396,0.9464,0.9526,0.9581,0.9628,0.9670,0.9707
0.9741,0.9771,0.9798,0.9821,0.9840,0.9857,0.9872,0.9886,0.9897,0.9907
0.9916,0.9925,0.9932,0.9939,0.9944,0.9949,0.9953,0.9958,0.9962,0.9965
0.9968,0.9971,0.9974,0.9977,0.9979,0.9981,0.9983,0.9984,0.9986,0.9987
0.9989,0.9991,0.9992,0.9993,0.9993,0.9994,0.9995,0.9996,0.9996,0.9997
0.9997,0.9997,0.9998,0.9998,0.9998,0.9998,0.9999,0.9999,0.9999,0.9999
0.9999,0.9999,0.9999,1.0000,1.0000,1.0000,1.0000,1.0000,1.0000,1.0000
hwc1x2fract=0.0000,0.0001,0.0001,0.0001,0.0001,0.0002,0.0002,0.0002
0.0003,0.0004,0.0005,0.0005,0.0007,0.0008,0.0012,0.0017,0.0027,0.0043
0.0069,0.0106,0.0164,0.0241,0.0335,0.0445,0.0571,0.0706,0.0852,0.1012
0.1180,0.1358,0.1544,0.1736,0.1934,0.2137,0.2343,0.2553,0.2771,0.2990
0.3209,0.3438,0.3663,0.3886,0.4109,0.4333,0.4556,0.4783,0.5014,0.5231
0.5451,0.5676,0.5893,0.6112,0.6329,0.6538,0.6750,0.6961,0.7163,0.7367
0.7566,0.7762,0.7949,0.8127,0.8300,0.8464,0.8623,0.8770,0.8906,0.9031
0.9142,0.9244,0.9336,0.9420,0.9498,0.9565,0.9623,0.9675,0.9725,0.9766
0.9802,0.9833,0.9859,0.9879,0.9898,0.9913,0.9924,0.9933,0.9942,0.9949
0.9955,0.9959,0.9964,0.9967,0.9970,0.9972,0.9975,0.9978,0.9980,0.9982
0.9983,0.9985,0.9986,0.9987,0.9988,0.9989,0.9990,0.9991,0.9991,0.9992
0.9993,0.9994,0.9994,0.9995,0.9995,0.9996,0.9996,0.9996,0.9997,0.9997
0.9997,0.9998,0.9998,0.9998,0.9998,0.9998,0.9998,0.9999,0.9999,0.9999
0.9999,0.9999,0.9999,0.9999,0.9999,1.0000,1.0000,1.0000,1.0000,1.0000
hwc2x1fract=0.0000,0.0001,0.0002,0.0002,0.0003,0.0004,0.0004,0.0005
0.0006,0.0007,0.0008,0.0010,0.0012,0.0015,0.0017,0.0021,0.0028,0.0039
0.0061,0.0096,0.0144,0.0209,0.0288,0.0387,0.0503,0.0631,0.0775,0.0926
0.1090,0.1258,0.1433,0.1613,0.1807,0.2006,0.2209,0.2419,0.2632,0.2854
0.3075,0.3297,0.3520,0.3743,0.3970,0.4197,0.4422,0.4653,0.4874,0.5097
0.5323,0.5546,0.5770,0.5994,0.6214,0.6424,0.6637,0.6848,0.7058,0.7266
0.7468,0.7669,0.7863,0.8051,0.8229,0.8398,0.8560,0.8709,0.8851,0.8977
0.9093,0.9199,0.9296,0.9384,0.9465,0.9538,0.9601,0.9655,0.9706,0.9749
0.9787,0.9818,0.9846,0.9869,0.9890,0.9907,0.9921,0.9931,0.9940,0.9948
0.9954,0.9959,0.9963,0.9967,0.9970,0.9973,0.9976,0.9978,0.9980,0.9982
0.9984,0.9986,0.9987,0.9988,0.9989,0.9990,0.9991,0.9992,0.9992,0.9993
0.9993,0.9994,0.9994,0.9995,0.9995,0.9996,0.9996,0.9997,0.9997,0.9997
0.9997,0.9998,0.9998,0.9998,0.9998,0.9998,0.9999,0.9999,0.9999,0.9999
0.9999,0.9999,0.9999,1.0000,1.0000,1.0000,1.0000,1.0000,1.0000,1.0000
hwc2y1fract=0.0000,0.0000,0.0000,0.0001,0.0001,0.0001,0.0001,0.0002
0.0002,0.0003,0.0003,0.0004,0.0005,0.0006,0.0008,0.0011,0.0016,0.0025
0.0041,0.0072,0.0125,0.0206,0.0317,0.0457,0.0618,0.0802,0.1003,0.1215
0.1433,0.1657,0.1881,0.2114,0.2347,0.2579,0.2811,0.3041,0.3272,0.3499
0.3726,0.3949,0.4169,0.4394,0.4609,0.4824,0.5036,0.5251,0.5459,0.5666
0.5874,0.6084,0.6292,0.6498,0.6701,0.6907,0.7107,0.7299,0.7493,0.7683
0.7870,0.8049,0.8224,0.8394,0.8554,0.8706,0.8849,0.8979,0.9095,0.9202
0.9300,0.9384,0.9459,0.9524,0.9583,0.9634,0.9679,0.9718,0.9752,0.9783
0.9811,0.9833,0.9852,0.9869,0.9883,0.9896,0.9907,0.9916,0.9924,0.9932
0.9938,0.9944,0.9950,0.9954,0.9958,0.9961,0.9965,0.9968,0.9971,0.9973
0.9975,0.9977,0.9979,0.9981,0.9982,0.9984,0.9986,0.9987,0.9989,0.9990
0.9991,0.9993,0.9994,0.9995,0.9995,0.9996,0.9996,0.9997,0.9997,0.9997
0.9998,0.9998,0.9998,0.9998,0.9999,0.9999,0.9999,0.9999,0.9999,0.9999
0.9999,0.9999,1.0000,1.0000,1.0000,1.0000,1.0000,1.0000,1.0000,1.0000
hwc2u1fract=0.0000,0.0000,0.0000,0.0000,0.0000,0.0001,0.0001,0.0001
0.0001,0.0001,0.0002,0.0002,0.0002,0.0003,0.0003,0.0004,0.0005,0.0010
0.0020,0.0044,0.0089,0.0168,0.0279,0.0421,0.0584,0.0769,0.0971,0.1183
0.1400,0.1625,0.1850,0.2083,0.2312,0.2541,0.2769,0.2998,0.3219,0.3445
0.3669,0.3891,0.4109,0.4326,0.4539,0.4752,0.4959,0.5172,0.5382,0.5587
0.5792,0.5994,0.6201,0.6409,0.6608,0.6809,0.7004,0.7200,0.7394,0.7584
0.7769,0.7952,0.8131,0.8301,0.8469,0.8630,0.8779,0.8916,0.9043,0.9156
0.9254,0.9342,0.9422,0.9488,0.9547,0.9598,0.9644,0.9684,0.9720,0.9755
0.9783,0.9808,0.9829,0.9849,0.9866,0.9881,0.9893,0.9904,0.9913,0.9921
0.9928,0.9934,0.9940,0.9944,0.9949,0.9953,0.9957,0.9961,0.9965,0.9968
0.9971,0.9974,0.9976,0.9978,0.9980,0.9983,0.9985,0.9986,0.9988,0.9989
0.9990,0.9991,0.9993,0.9993,0.9994,0.9995,0.9995,0.9996,0.9996,0.9997
0.9997,0.9997,0.9998,0.9998,0.9998,0.9999,0.9999,0.9999,0.9999,0.9999
0.9999,0.9999,0.9999,1.0000,1.0000,1.0000,1.0000,1.0000,1.0000,1.0000
hwc2v1fract=0.0000,0.0000,0.0000,0.0001,0.0001,0.0001,0.0001,0.0001
0.0002,0.0002,0.0002,0.0003,0.0004,0.0005,0.0006,0.0007,0.0011,0.0018
0.0033,0.0067,0.0124,0.0219,0.0344,0.0494,0.0668,0.0860,0.1061,0.1273
0.1491,0.1719,0.1944,0.2175,0.2405,0.2635,0.2862,0.3095,0.3321,0.3545
0.3764,0.3987,0.4201,0.4417,0.4633,0.4850,0.5055,0.5268,0.5474,0.5686
0.5886,0.6090,0.6292,0.6493,0.6689,0.6887,0.7080,0.7271,0.7458,0.7650
0.7834,0.8017,0.8197,0.8370,0.8533,0.8686,0.8827,0.8960,0.9079,0.9184
0.9281,0.9367,0.9440,0.9505,0.9559,0.9612,0.9657,0.9698,0.9733,0.9764
0.9791,0.9818,0.9840,0.9860,0.9875,0.9890,0.9901,0.9911,0.9920,0.9929
0.9935,0.9941,0.9946,0.9950,0.9955,0.9959,0.9963,0.9966,0.9969,0.9973
0.9975,0.9977,0.9980,0.9982,0.9984,0.9986,0.9987,0.9989,0.9990,0.9991
0.9992,0.9993,0.9994,0.9994,0.9995,0.9996,0.9996,0.9997,0.9997,0.9998
0.9998,0.9998,0.9999,0.9999,0.9999,0.9999,0.9999,0.9999,0.9999,0.9999
0.9999,0.9999,0.9999,0.9999,1.0000,1.0000,1.0000,1.0000,1.0000,1.0000
hwc2y2fract=0.0000,0.0001,0.0001,0.0001,0.0002,0.0002,0.0002,0.0002
0.0003,0.0003,0.0004,0.0005,0.0006,0.0007,0.0010,0.0014,0.0021,0.0032
0.0053,0.0089,0.0145,0.0231,0.0348,0.0493,0.0657,0.0845,0.1047,0.1260
0.1476,0.1702,0.1934,0.2168,0.2400,0.2632,0.2863,0.3091,0.3321,0.3545
0.3768,0.3992,0.4213,0.4433,0.4649,0.4864,0.5076,0.5289,0.5498,0.5712
0.5924,0.6135,0.6340,0.6544,0.6748,0.6950,0.7150,0.7348,0.7537,0.7724
0.7907,0.8089,0.8260,0.8432,0.8589,0.8738,0.8878,0.9005,0.9121,0.9228
0.9321,0.9402,0.9475,0.9538,0.9596,0.9646,0.9690,0.9727,0.9761,0.9790
0.9817,0.9839,0.9858,0.9874,0.9888,0.9900,0.9911,0.9921,0.9928,0.9935
0.9941,0.9946,0.9951,0.9955,0.9959,0.9962,0.9965,0.9968,0.9971,0.9973
0.9976,0.9979,0.9980,0.9982,0.9983,0.9985,0.9987,0.9988,0.9990,0.9991
0.9992,0.9993,0.9994,0.9995,0.9995,0.9996,0.9996,0.9996,0.9997,0.9997
0.9998,0.9998,0.9998,0.9998,0.9998,0.9998,0.9999,0.9999,0.9999,0.9999
0.9999,0.9999,0.9999,0.9999,1.0000,1.0000,1.0000,1.0000,1.0000,1.0000
hwc2x2fract=0.0000,0.0000,0.0001,0.0001,0.0001,0.0002,0.0003,0.0003
0.0004,0.0005,0.0005,0.0007,0.0008,0.0009,0.0012,0.0016,0.0023,0.0036
0.0059,0.0091,0.0141,0.0206,0.0289,0.0391,0.0510,0.0645,0.0792,0.0952
0.1120,0.1299,0.1485,0.1678,0.1879,0.2087,0.2301,0.2510,0.2722,0.2941
0.3166,0.3386,0.3614,0.3841,0.4066,0.4292,0.4519,0.4744,0.4966,0.5187
0.5413,0.5629,0.5853,0.6073,0.6290,0.6503,0.6712,0.6922,0.7129,0.7332
0.7528,0.7727,0.7915,0.8097,0.8275,0.8441,0.8600,0.8747,0.8884,0.9009
0.9124,0.9229,0.9322,0.9407,0.9482,0.9552,0.9613,0.9665,0.9713,0.9756
0.9793,0.9824,0.9852,0.9873,0.9891,0.9907,0.9921,0.9932,0.9940,0.9947
0.9953,0.9958,0.9962,0.9966,0.9969,0.9972,0.9974,0.9977,0.9980,0.9982
0.9984,0.9985,0.9987,0.9988,0.9989,0.9990,0.9991,0.9992,0.9993,0.9993
0.9994,0.9995,0.9995,0.9996,0.9996,0.9997,0.9997,0.9997,0.9997,0.9997
0.9998,0.9998,0.9998,0.9998,0.9998,0.9998,0.9999,0.9999,0.9999,0.9999
0.9999,0.9999,0.9999,1.0000,1.0000,1.0000,1.0000,1.0000,1.0000,1.0000
