; Lookup table
;number of bins in Meek's time to distance lookup table
hdriftbins=138
;number of 1st bin in Meek's table in ns
hdrift1stbin=-24
;bin size in ns of Meek's table
hdriftbinsz=2
hwc1x1fract=0.0001,0.0001,0.0002,0.0002,0.0003,0.0004,0.0005,0.0007
0.0008,0.0009,0.0012,0.0014,0.0016,0.0020,0.0026,0.0035,0.0051,0.0074
0.0106,0.0146,0.0204,0.0278,0.0375,0.0493,0.0627,0.0781,0.0950,0.1128
0.1321,0.1526,0.1737,0.1951,0.2173,0.2401,0.2630,0.2861,0.3094,0.3326
0.3563,0.3793,0.4022,0.4250,0.4477,0.4701,0.4923,0.5144,0.5364,0.5578
0.5791,0.6002,0.6215,0.6424,0.6630,0.6831,0.7032,0.7225,0.7415,0.7605
0.7788,0.7963,0.8132,0.8293,0.8445,0.8582,0.8715,0.8839,0.8952,0.9052
0.9144,0.9230,0.9309,0.9378,0.9443,0.9504,0.9558,0.9608,0.9654,0.9696
0.9733,0.9768,0.9798,0.9824,0.9847,0.9866,0.9882,0.9896,0.9908,0.9918
0.9927,0.9934,0.9940,0.9946,0.9951,0.9956,0.9960,0.9964,0.9967,0.9970
0.9972,0.9975,0.9977,0.9979,0.9981,0.9982,0.9983,0.9985,0.9986,0.9987
0.9988,0.9989,0.9989,0.9990,0.9991,0.9992,0.9993,0.9993,0.9994,0.9994
0.9995,0.9995,0.9995,0.9996,0.9996,0.9997,0.9997,0.9998,0.9998,0.9998
0.9998,0.9998,0.9999,0.9999,0.9999,0.9999,0.9999,1.0000,1.0000,1.0000
hwc1y1fract=0.0000,0.0001,0.0002,0.0003,0.0003,0.0004,0.0005,0.0007
0.0008,0.0010,0.0011,0.0013,0.0016,0.0020,0.0024,0.0031,0.0043,0.0059
0.0085,0.0131,0.0204,0.0310,0.0449,0.0620,0.0815,0.1030,0.1260,0.1500
0.1745,0.1990,0.2240,0.2485,0.2725,0.2966,0.3201,0.3437,0.3668,0.3895
0.4119,0.4344,0.4565,0.4781,0.4994,0.5203,0.5410,0.5614,0.5819,0.6025
0.6227,0.6426,0.6624,0.6821,0.7009,0.7201,0.7387,0.7566,0.7749,0.7924
0.8097,0.8262,0.8419,0.8568,0.8708,0.8837,0.8956,0.9061,0.9153,0.9238
0.9312,0.9378,0.9437,0.9489,0.9536,0.9580,0.9619,0.9655,0.9688,0.9717
0.9744,0.9769,0.9791,0.9810,0.9829,0.9845,0.9858,0.9871,0.9882,0.9892
0.9901,0.9910,0.9917,0.9924,0.9931,0.9936,0.9942,0.9946,0.9951,0.9955
0.9959,0.9963,0.9966,0.9969,0.9972,0.9974,0.9976,0.9979,0.9980,0.9982
0.9984,0.9986,0.9987,0.9988,0.9990,0.9991,0.9992,0.9993,0.9994,0.9994
0.9995,0.9995,0.9996,0.9996,0.9997,0.9997,0.9997,0.9998,0.9998,0.9998
0.9999,0.9999,0.9999,0.9999,0.9999,0.9999,1.0000,1.0000,1.0000,1.0000
hwc1u1fract=0.0000,0.0000,0.0000,0.0001,0.0001,0.0001,0.0001,0.0001
0.0002,0.0002,0.0002,0.0003,0.0004,0.0005,0.0009,0.0017,0.0033,0.0055
0.0086,0.0130,0.0195,0.0285,0.0402,0.0551,0.0720,0.0909,0.1114,0.1331
0.1557,0.1786,0.2018,0.2254,0.2487,0.2721,0.2954,0.3186,0.3418,0.3646
0.3873,0.4100,0.4324,0.4543,0.4760,0.4978,0.5191,0.5402,0.5610,0.5816
0.6022,0.6224,0.6421,0.6619,0.6816,0.7011,0.7201,0.7388,0.7576,0.7756
0.7935,0.8103,0.8264,0.8417,0.8561,0.8695,0.8819,0.8933,0.9035,0.9124
0.9203,0.9276,0.9341,0.9401,0.9456,0.9506,0.9553,0.9596,0.9634,0.9672
0.9706,0.9737,0.9764,0.9789,0.9810,0.9828,0.9844,0.9858,0.9871,0.9882
0.9892,0.9902,0.9910,0.9918,0.9925,0.9931,0.9936,0.9941,0.9945,0.9950
0.9954,0.9957,0.9961,0.9964,0.9967,0.9970,0.9972,0.9974,0.9977,0.9979
0.9981,0.9983,0.9984,0.9986,0.9987,0.9988,0.9989,0.9990,0.9991,0.9992
0.9993,0.9994,0.9994,0.9995,0.9995,0.9996,0.9996,0.9997,0.9997,0.9998
0.9998,0.9998,0.9999,0.9999,0.9999,0.9999,0.9999,1.0000,1.0000,1.0000
hwc1v1fract=0.0000,0.0000,0.0001,0.0001,0.0001,0.0001,0.0002,0.0002
0.0003,0.0003,0.0004,0.0004,0.0005,0.0007,0.0009,0.0012,0.0018,0.0029
0.0052,0.0095,0.0167,0.0270,0.0411,0.0580,0.0771,0.0983,0.1207,0.1435
0.1667,0.1907,0.2142,0.2382,0.2618,0.2854,0.3088,0.3315,0.3540,0.3765
0.3991,0.4210,0.4423,0.4637,0.4846,0.5058,0.5268,0.5473,0.5678,0.5880
0.6081,0.6285,0.6479,0.6675,0.6868,0.7062,0.7252,0.7443,0.7625,0.7805
0.7981,0.8154,0.8319,0.8474,0.8621,0.8756,0.8881,0.8991,0.9089,0.9177
0.9254,0.9323,0.9384,0.9439,0.9488,0.9534,0.9577,0.9616,0.9652,0.9687
0.9718,0.9747,0.9774,0.9796,0.9816,0.9834,0.9849,0.9863,0.9875,0.9886
0.9896,0.9905,0.9913,0.9920,0.9928,0.9933,0.9938,0.9943,0.9947,0.9952
0.9955,0.9959,0.9963,0.9966,0.9969,0.9971,0.9974,0.9976,0.9978,0.9980
0.9981,0.9983,0.9985,0.9986,0.9987,0.9988,0.9990,0.9990,0.9991,0.9992
0.9993,0.9993,0.9994,0.9994,0.9995,0.9996,0.9996,0.9996,0.9997,0.9997
0.9998,0.9998,0.9998,0.9999,0.9999,0.9999,0.9999,1.0000,1.0000,1.0000
hwc1y2fract=0.0000,0.0001,0.0001,0.0001,0.0002,0.0002,0.0003,0.0004
0.0004,0.0005,0.0006,0.0007,0.0009,0.0012,0.0016,0.0022,0.0032,0.0053
0.0089,0.0148,0.0235,0.0354,0.0505,0.0680,0.0879,0.1096,0.1329,0.1571
0.1810,0.2053,0.2297,0.2543,0.2783,0.3020,0.3254,0.3488,0.3720,0.3949
0.4169,0.4389,0.4608,0.4818,0.5030,0.5241,0.5450,0.5657,0.5863,0.6068
0.6268,0.6468,0.6666,0.6861,0.7054,0.7242,0.7427,0.7607,0.7784,0.7955
0.8121,0.8284,0.8435,0.8579,0.8710,0.8833,0.8944,0.9044,0.9134,0.9217
0.9287,0.9352,0.9411,0.9463,0.9509,0.9553,0.9594,0.9631,0.9666,0.9696
0.9724,0.9748,0.9770,0.9790,0.9808,0.9825,0.9840,0.9852,0.9865,0.9876
0.9886,0.9895,0.9904,0.9912,0.9919,0.9925,0.9931,0.9937,0.9942,0.9947
0.9951,0.9954,0.9958,0.9962,0.9965,0.9968,0.9970,0.9972,0.9975,0.9977
0.9979,0.9981,0.9983,0.9985,0.9987,0.9988,0.9989,0.9990,0.9991,0.9992
0.9993,0.9994,0.9994,0.9995,0.9996,0.9996,0.9997,0.9997,0.9998,0.9998
0.9998,0.9998,0.9999,0.9999,0.9999,0.9999,1.0000,1.0000,1.0000,1.0000
hwc1x2fract=0.0000,0.0001,0.0001,0.0001,0.0002,0.0002,0.0003,0.0003
0.0004,0.0005,0.0006,0.0008,0.0010,0.0012,0.0016,0.0023,0.0036,0.0056
0.0089,0.0138,0.0209,0.0303,0.0422,0.0561,0.0717,0.0889,0.1076,0.1273
0.1484,0.1701,0.1924,0.2145,0.2376,0.2606,0.2841,0.3073,0.3303,0.3539
0.3770,0.4000,0.4227,0.4456,0.4678,0.4900,0.5120,0.5338,0.5549,0.5762
0.5973,0.6179,0.6387,0.6591,0.6795,0.6993,0.7189,0.7384,0.7571,0.7752
0.7932,0.8099,0.8262,0.8417,0.8562,0.8694,0.8818,0.8928,0.9029,0.9124
0.9209,0.9284,0.9357,0.9420,0.9481,0.9536,0.9586,0.9634,0.9677,0.9716
0.9751,0.9782,0.9810,0.9833,0.9853,0.9869,0.9885,0.9898,0.9909,0.9917
0.9926,0.9933,0.9940,0.9945,0.9950,0.9954,0.9958,0.9962,0.9965,0.9968
0.9970,0.9973,0.9975,0.9977,0.9979,0.9981,0.9982,0.9984,0.9985,0.9986
0.9987,0.9988,0.9989,0.9990,0.9991,0.9991,0.9992,0.9993,0.9993,0.9994
0.9994,0.9995,0.9995,0.9996,0.9996,0.9997,0.9997,0.9997,0.9998,0.9998
0.9998,0.9998,0.9999,0.9999,0.9999,0.9999,0.9999,1.0000,1.0000,1.0000
hwc2x1fract=0.0001,0.0002,0.0002,0.0003,0.0004,0.0005,0.0006,0.0007
0.0008,0.0010,0.0012,0.0014,0.0016,0.0019,0.0023,0.0029,0.0038,0.0055
0.0084,0.0129,0.0189,0.0269,0.0366,0.0485,0.0624,0.0780,0.0951,0.1135
0.1332,0.1534,0.1742,0.1957,0.2177,0.2401,0.2630,0.2861,0.3091,0.3325
0.3559,0.3793,0.4022,0.4249,0.4479,0.4704,0.4927,0.5149,0.5369,0.5587
0.5805,0.6018,0.6231,0.6444,0.6654,0.6865,0.7068,0.7271,0.7465,0.7659
0.7847,0.8025,0.8198,0.8366,0.8519,0.8665,0.8797,0.8917,0.9025,0.9124
0.9213,0.9295,0.9368,0.9435,0.9496,0.9550,0.9602,0.9648,0.9691,0.9727
0.9761,0.9793,0.9819,0.9842,0.9861,0.9878,0.9893,0.9905,0.9916,0.9924
0.9932,0.9939,0.9945,0.9950,0.9955,0.9959,0.9962,0.9966,0.9969,0.9972
0.9974,0.9976,0.9978,0.9980,0.9982,0.9983,0.9984,0.9985,0.9986,0.9987
0.9988,0.9989,0.9990,0.9991,0.9992,0.9992,0.9993,0.9994,0.9994,0.9995
0.9995,0.9996,0.9996,0.9996,0.9997,0.9997,0.9997,0.9998,0.9998,0.9998
0.9998,0.9999,0.9999,0.9999,0.9999,0.9999,1.0000,1.0000,1.0000,1.0000
hwc2y1fract=0.0000,0.0000,0.0001,0.0001,0.0001,0.0002,0.0002,0.0002
0.0003,0.0004,0.0005,0.0006,0.0007,0.0009,0.0011,0.0016,0.0023,0.0035
0.0057,0.0098,0.0168,0.0271,0.0408,0.0578,0.0778,0.0996,0.1232,0.1477
0.1731,0.1983,0.2233,0.2486,0.2732,0.2972,0.3211,0.3452,0.3685,0.3914
0.4139,0.4364,0.4588,0.4803,0.5023,0.5234,0.5441,0.5649,0.5858,0.6062
0.6270,0.6473,0.6670,0.6871,0.7066,0.7257,0.7445,0.7633,0.7817,0.7994
0.8169,0.8334,0.8494,0.8643,0.8783,0.8910,0.9025,0.9127,0.9221,0.9303
0.9374,0.9438,0.9493,0.9542,0.9588,0.9628,0.9665,0.9698,0.9729,0.9758
0.9782,0.9803,0.9823,0.9840,0.9855,0.9867,0.9880,0.9890,0.9899,0.9907
0.9915,0.9921,0.9928,0.9934,0.9939,0.9943,0.9947,0.9951,0.9954,0.9957
0.9960,0.9963,0.9966,0.9968,0.9971,0.9973,0.9975,0.9977,0.9979,0.9981
0.9982,0.9984,0.9985,0.9987,0.9988,0.9989,0.9990,0.9991,0.9992,0.9993
0.9994,0.9995,0.9995,0.9996,0.9996,0.9997,0.9997,0.9997,0.9998,0.9998
0.9998,0.9999,0.9999,0.9999,0.9999,0.9999,1.0000,1.0000,1.0000,1.0000
hwc2u1fract=0.0000,0.0000,0.0000,0.0001,0.0001,0.0001,0.0001,0.0002
0.0002,0.0002,0.0002,0.0003,0.0003,0.0004,0.0005,0.0007,0.0009,0.0014
0.0025,0.0051,0.0109,0.0202,0.0334,0.0503,0.0699,0.0921,0.1153,0.1399
0.1651,0.1903,0.2151,0.2401,0.2645,0.2886,0.3124,0.3360,0.3592,0.3821
0.4045,0.4269,0.4487,0.4702,0.4914,0.5126,0.5334,0.5541,0.5746,0.5949
0.6148,0.6349,0.6544,0.6739,0.6933,0.7126,0.7316,0.7505,0.7690,0.7871
0.8050,0.8222,0.8387,0.8543,0.8690,0.8827,0.8954,0.9067,0.9168,0.9255
0.9331,0.9395,0.9454,0.9507,0.9553,0.9595,0.9633,0.9668,0.9701,0.9731
0.9759,0.9782,0.9804,0.9824,0.9841,0.9856,0.9868,0.9880,0.9890,0.9899
0.9907,0.9913,0.9920,0.9925,0.9930,0.9936,0.9940,0.9944,0.9948,0.9951
0.9955,0.9958,0.9961,0.9964,0.9966,0.9969,0.9972,0.9974,0.9976,0.9978
0.9980,0.9982,0.9984,0.9985,0.9987,0.9988,0.9989,0.9991,0.9992,0.9993
0.9993,0.9994,0.9995,0.9996,0.9996,0.9997,0.9997,0.9997,0.9998,0.9998
0.9998,0.9998,0.9999,0.9999,0.9999,0.9999,1.0000,1.0000,1.0000,1.0000
hwc2v1fract=0.0000,0.0000,0.0001,0.0001,0.0001,0.0001,0.0002,0.0002
0.0003,0.0003,0.0004,0.0004,0.0005,0.0007,0.0008,0.0010,0.0015,0.0024
0.0044,0.0085,0.0159,0.0273,0.0422,0.0605,0.0811,0.1034,0.1275,0.1521
0.1765,0.2014,0.2262,0.2510,0.2756,0.2997,0.3230,0.3464,0.3692,0.3923
0.4146,0.4366,0.4583,0.4802,0.5017,0.5228,0.5433,0.5640,0.5843,0.6047
0.6246,0.6446,0.6645,0.6840,0.7033,0.7220,0.7409,0.7596,0.7776,0.7958
0.8133,0.8301,0.8462,0.8614,0.8756,0.8889,0.9008,0.9115,0.9205,0.9288
0.9357,0.9420,0.9476,0.9526,0.9570,0.9611,0.9647,0.9681,0.9713,0.9740
0.9766,0.9790,0.9811,0.9830,0.9845,0.9859,0.9872,0.9884,0.9893,0.9901
0.9908,0.9915,0.9922,0.9928,0.9932,0.9937,0.9941,0.9946,0.9949,0.9953
0.9957,0.9960,0.9963,0.9966,0.9968,0.9971,0.9974,0.9976,0.9978,0.9980
0.9982,0.9984,0.9985,0.9987,0.9988,0.9989,0.9990,0.9991,0.9992,0.9993
0.9994,0.9994,0.9995,0.9996,0.9996,0.9997,0.9997,0.9997,0.9998,0.9998
0.9999,0.9999,0.9999,0.9999,0.9999,0.9999,1.0000,1.0000,1.0000,1.0000
hwc2y2fract=0.0000,0.0000,0.0001,0.0001,0.0001,0.0002,0.0003,0.0003
0.0004,0.0005,0.0006,0.0008,0.0009,0.0012,0.0015,0.0020,0.0029,0.0045
0.0074,0.0120,0.0193,0.0300,0.0441,0.0617,0.0825,0.1048,0.1287,0.1532
0.1785,0.2035,0.2286,0.2536,0.2783,0.3025,0.3266,0.3504,0.3735,0.3968
0.4196,0.4419,0.4640,0.4856,0.5071,0.5284,0.5492,0.5700,0.5903,0.6106
0.6310,0.6512,0.6713,0.6911,0.7105,0.7296,0.7485,0.7671,0.7853,0.8027
0.8197,0.8362,0.8520,0.8664,0.8803,0.8930,0.9045,0.9147,0.9238,0.9315
0.9386,0.9450,0.9504,0.9553,0.9596,0.9634,0.9669,0.9701,0.9731,0.9757
0.9782,0.9804,0.9823,0.9839,0.9854,0.9866,0.9877,0.9887,0.9897,0.9905
0.9912,0.9919,0.9925,0.9930,0.9936,0.9940,0.9944,0.9948,0.9952,0.9956
0.9959,0.9962,0.9965,0.9967,0.9970,0.9973,0.9974,0.9977,0.9978,0.9980
0.9982,0.9984,0.9985,0.9986,0.9988,0.9989,0.9990,0.9991,0.9992,0.9993
0.9994,0.9994,0.9995,0.9995,0.9996,0.9996,0.9997,0.9997,0.9997,0.9998
0.9998,0.9998,0.9999,0.9999,0.9999,0.9999,1.0000,1.0000,1.0000,1.0000
hwc2x2fract=0.0000,0.0001,0.0001,0.0002,0.0002,0.0003,0.0004,0.0005
0.0006,0.0007,0.0008,0.0010,0.0012,0.0015,0.0018,0.0023,0.0033,0.0051
0.0081,0.0124,0.0187,0.0272,0.0380,0.0509,0.0660,0.0826,0.1005,0.1200
0.1402,0.1615,0.1837,0.2062,0.2292,0.2522,0.2756,0.2994,0.3232,0.3466
0.3700,0.3930,0.4160,0.4387,0.4613,0.4838,0.5062,0.5281,0.5501,0.5717
0.5933,0.6142,0.6354,0.6560,0.6766,0.6965,0.7166,0.7365,0.7559,0.7747
0.7933,0.8108,0.8277,0.8435,0.8585,0.8725,0.8854,0.8969,0.9072,0.9165
0.9249,0.9325,0.9392,0.9453,0.9512,0.9564,0.9612,0.9656,0.9697,0.9733
0.9765,0.9793,0.9818,0.9840,0.9859,0.9876,0.9889,0.9901,0.9912,0.9921
0.9928,0.9935,0.9941,0.9947,0.9951,0.9956,0.9960,0.9963,0.9966,0.9969
0.9971,0.9974,0.9976,0.9978,0.9980,0.9982,0.9983,0.9985,0.9986,0.9987
0.9988,0.9989,0.9990,0.9991,0.9992,0.9992,0.9993,0.9994,0.9994,0.9995
0.9995,0.9996,0.9996,0.9996,0.9997,0.9997,0.9997,0.9998,0.9998,0.9998
0.9999,0.9999,0.9999,0.9999,0.9999,0.9999,1.0000,1.0000,1.0000,1.0000
