; Lookup table
;number of bins in Meek's time to distance lookup table
hdriftbins=138
;number of 1st bin in Meek's table in ns
hdrift1stbin=-24
;bin size in ns of Meek's table
hdriftbinsz=2
hwc1x1fract=0.0004,0.0008,0.0012,0.0015,0.0019,0.0023,0.0028,0.0032
0.0038,0.0045,0.0050,0.0057,0.0064,0.0075,0.0091,0.0113,0.0145,0.0186
0.0233,0.0294,0.0370,0.0464,0.0572,0.0694,0.0831,0.0979,0.1136,0.1303
0.1474,0.1657,0.1846,0.2041,0.2241,0.2448,0.2658,0.2871,0.3084,0.3300
0.3516,0.3734,0.3950,0.4163,0.4384,0.4603,0.4821,0.5033,0.5245,0.5455
0.5662,0.5870,0.6073,0.6280,0.6478,0.6675,0.6869,0.7058,0.7244,0.7424
0.7599,0.7767,0.7927,0.8080,0.8225,0.8357,0.8484,0.8604,0.8714,0.8814
0.8912,0.8999,0.9081,0.9155,0.9225,0.9287,0.9344,0.9397,0.9444,0.9486
0.9526,0.9558,0.9587,0.9611,0.9633,0.9652,0.9669,0.9683,0.9696,0.9708
0.9720,0.9730,0.9739,0.9748,0.9756,0.9763,0.9772,0.9779,0.9786,0.9792
0.9800,0.9806,0.9813,0.9819,0.9825,0.9831,0.9837,0.9842,0.9848,0.9854
0.9859,0.9865,0.9870,0.9875,0.9881,0.9887,0.9892,0.9896,0.9902,0.9907
0.9912,0.9917,0.9922,0.9928,0.9933,0.9938,0.9943,0.9948,0.9952,0.9957
0.9961,0.9966,0.9970,0.9975,0.9980,0.9984,0.9988,0.9992,0.9996,1.0000
hwc1y1fract=0.0004,0.0008,0.0012,0.0016,0.0021,0.0025,0.0030,0.0036
0.0041,0.0047,0.0052,0.0058,0.0066,0.0076,0.0087,0.0101,0.0119,0.0142
0.0176,0.0226,0.0297,0.0396,0.0522,0.0674,0.0849,0.1039,0.1238,0.1448
0.1664,0.1885,0.2107,0.2333,0.2560,0.2783,0.3004,0.3222,0.3440,0.3651
0.3862,0.4075,0.4288,0.4494,0.4700,0.4902,0.5105,0.5303,0.5499,0.5694
0.5894,0.6090,0.6280,0.6471,0.6658,0.6842,0.7025,0.7203,0.7377,0.7552
0.7719,0.7881,0.8040,0.8189,0.8332,0.8464,0.8589,0.8705,0.8809,0.8902
0.8986,0.9063,0.9133,0.9194,0.9249,0.9301,0.9346,0.9389,0.9427,0.9464
0.9498,0.9528,0.9555,0.9580,0.9602,0.9623,0.9642,0.9658,0.9675,0.9690
0.9704,0.9717,0.9730,0.9741,0.9751,0.9760,0.9770,0.9779,0.9788,0.9795
0.9802,0.9810,0.9817,0.9824,0.9830,0.9837,0.9844,0.9849,0.9855,0.9861
0.9867,0.9872,0.9878,0.9883,0.9888,0.9894,0.9899,0.9904,0.9910,0.9914
0.9919,0.9924,0.9928,0.9933,0.9938,0.9943,0.9947,0.9952,0.9957,0.9961
0.9965,0.9969,0.9973,0.9978,0.9981,0.9985,0.9989,0.9992,0.9996,1.0000
hwc1u1fract=0.0003,0.0006,0.0009,0.0012,0.0015,0.0017,0.0020,0.0023
0.0025,0.0029,0.0032,0.0036,0.0040,0.0046,0.0059,0.0078,0.0105,0.0143
0.0191,0.0257,0.0343,0.0451,0.0582,0.0734,0.0903,0.1082,0.1272,0.1470
0.1672,0.1880,0.2094,0.2309,0.2529,0.2746,0.2965,0.3179,0.3395,0.3611
0.3832,0.4046,0.4260,0.4466,0.4675,0.4881,0.5084,0.5289,0.5494,0.5694
0.5890,0.6082,0.6276,0.6468,0.6660,0.6847,0.7036,0.7217,0.7395,0.7569
0.7734,0.7896,0.8052,0.8201,0.8340,0.8468,0.8585,0.8693,0.8797,0.8889
0.8976,0.9052,0.9124,0.9188,0.9248,0.9301,0.9352,0.9400,0.9443,0.9483
0.9519,0.9550,0.9577,0.9603,0.9627,0.9648,0.9666,0.9683,0.9697,0.9710
0.9722,0.9734,0.9744,0.9753,0.9763,0.9771,0.9780,0.9788,0.9795,0.9803
0.9810,0.9818,0.9824,0.9831,0.9837,0.9842,0.9848,0.9854,0.9860,0.9866
0.9871,0.9876,0.9882,0.9887,0.9892,0.9898,0.9903,0.9908,0.9913,0.9918
0.9922,0.9928,0.9933,0.9937,0.9942,0.9946,0.9951,0.9955,0.9959,0.9963
0.9967,0.9970,0.9975,0.9978,0.9982,0.9986,0.9990,0.9993,0.9997,1.0000
hwc1v1fract=0.0003,0.0005,0.0008,0.0011,0.0014,0.0017,0.0020,0.0023
0.0026,0.0030,0.0033,0.0037,0.0041,0.0045,0.0050,0.0056,0.0066,0.0081
0.0106,0.0150,0.0221,0.0318,0.0446,0.0600,0.0773,0.0963,0.1159,0.1365
0.1579,0.1792,0.2009,0.2225,0.2446,0.2665,0.2881,0.3097,0.3313,0.3529
0.3743,0.3956,0.4166,0.4374,0.4581,0.4790,0.4996,0.5197,0.5397,0.5596
0.5792,0.5987,0.6181,0.6370,0.6560,0.6749,0.6934,0.7115,0.7297,0.7476
0.7651,0.7821,0.7988,0.8142,0.8291,0.8430,0.8558,0.8676,0.8782,0.8880
0.8965,0.9043,0.9113,0.9177,0.9237,0.9292,0.9340,0.9386,0.9428,0.9467
0.9503,0.9535,0.9566,0.9593,0.9617,0.9639,0.9658,0.9674,0.9689,0.9703
0.9717,0.9729,0.9740,0.9750,0.9759,0.9768,0.9777,0.9785,0.9793,0.9800
0.9807,0.9814,0.9821,0.9828,0.9834,0.9841,0.9846,0.9852,0.9858,0.9864
0.9870,0.9875,0.9881,0.9887,0.9892,0.9897,0.9902,0.9907,0.9913,0.9918
0.9922,0.9927,0.9932,0.9937,0.9941,0.9945,0.9949,0.9953,0.9957,0.9962
0.9966,0.9970,0.9974,0.9978,0.9981,0.9985,0.9989,0.9993,0.9996,1.0000
hwc1y2fract=0.0003,0.0006,0.0010,0.0013,0.0017,0.0020,0.0025,0.0028
0.0033,0.0038,0.0043,0.0049,0.0055,0.0063,0.0072,0.0084,0.0102,0.0129
0.0168,0.0228,0.0313,0.0420,0.0551,0.0709,0.0883,0.1073,0.1277,0.1484
0.1700,0.1918,0.2138,0.2361,0.2583,0.2804,0.3023,0.3240,0.3457,0.3671
0.3882,0.4092,0.4305,0.4512,0.4720,0.4921,0.5121,0.5318,0.5517,0.5713
0.5905,0.6100,0.6290,0.6480,0.6670,0.6854,0.7039,0.7216,0.7391,0.7562
0.7728,0.7886,0.8038,0.8187,0.8325,0.8451,0.8572,0.8682,0.8778,0.8870
0.8957,0.9032,0.9101,0.9163,0.9222,0.9273,0.9321,0.9366,0.9407,0.9444
0.9478,0.9509,0.9539,0.9565,0.9588,0.9610,0.9630,0.9648,0.9664,0.9678
0.9693,0.9705,0.9717,0.9728,0.9738,0.9749,0.9758,0.9767,0.9775,0.9784
0.9791,0.9799,0.9806,0.9814,0.9822,0.9829,0.9835,0.9842,0.9848,0.9855
0.9862,0.9867,0.9873,0.9879,0.9885,0.9890,0.9896,0.9902,0.9907,0.9911
0.9916,0.9922,0.9926,0.9931,0.9936,0.9941,0.9945,0.9949,0.9953,0.9958
0.9963,0.9967,0.9971,0.9976,0.9980,0.9984,0.9988,0.9992,0.9996,1.0000
hwc1x2fract=0.0003,0.0006,0.0010,0.0013,0.0017,0.0020,0.0024,0.0028
0.0032,0.0037,0.0041,0.0047,0.0053,0.0060,0.0069,0.0082,0.0101,0.0128
0.0165,0.0215,0.0283,0.0370,0.0475,0.0596,0.0730,0.0878,0.1040,0.1209
0.1387,0.1574,0.1767,0.1965,0.2170,0.2381,0.2594,0.2805,0.3025,0.3241
0.3461,0.3681,0.3898,0.4115,0.4334,0.4550,0.4768,0.4983,0.5195,0.5400
0.5603,0.5808,0.6016,0.6213,0.6413,0.6605,0.6801,0.6991,0.7178,0.7362
0.7542,0.7714,0.7878,0.8033,0.8179,0.8320,0.8453,0.8574,0.8688,0.8791
0.8885,0.8974,0.9055,0.9129,0.9201,0.9266,0.9324,0.9376,0.9425,0.9469
0.9508,0.9541,0.9571,0.9599,0.9622,0.9641,0.9659,0.9674,0.9687,0.9700
0.9711,0.9722,0.9732,0.9741,0.9749,0.9758,0.9767,0.9774,0.9781,0.9788
0.9795,0.9802,0.9808,0.9814,0.9820,0.9827,0.9834,0.9840,0.9846,0.9852
0.9858,0.9864,0.9869,0.9875,0.9881,0.9887,0.9892,0.9898,0.9903,0.9908
0.9914,0.9919,0.9924,0.9929,0.9934,0.9939,0.9944,0.9949,0.9954,0.9958
0.9962,0.9967,0.9972,0.9976,0.9981,0.9984,0.9988,0.9992,0.9996,1.0000
hwc2x1fract=0.0004,0.0007,0.0011,0.0015,0.0018,0.0022,0.0027,0.0031
0.0036,0.0042,0.0048,0.0056,0.0064,0.0075,0.0092,0.0116,0.0153,0.0205
0.0271,0.0355,0.0456,0.0573,0.0706,0.0849,0.1006,0.1172,0.1347,0.1529
0.1718,0.1913,0.2110,0.2316,0.2522,0.2730,0.2944,0.3160,0.3375,0.3593
0.3811,0.4026,0.4247,0.4462,0.4680,0.4896,0.5110,0.5323,0.5538,0.5748
0.5956,0.6163,0.6368,0.6570,0.6768,0.6961,0.7154,0.7343,0.7527,0.7701
0.7873,0.8035,0.8189,0.8334,0.8468,0.8590,0.8701,0.8807,0.8902,0.8993
0.9075,0.9152,0.9221,0.9284,0.9340,0.9392,0.9440,0.9484,0.9522,0.9557
0.9587,0.9613,0.9635,0.9656,0.9673,0.9688,0.9702,0.9714,0.9725,0.9736
0.9745,0.9753,0.9762,0.9770,0.9777,0.9785,0.9792,0.9798,0.9804,0.9810
0.9816,0.9822,0.9827,0.9833,0.9838,0.9844,0.9849,0.9855,0.9861,0.9866
0.9871,0.9877,0.9882,0.9887,0.9892,0.9896,0.9902,0.9907,0.9911,0.9916
0.9921,0.9926,0.9931,0.9935,0.9940,0.9945,0.9950,0.9954,0.9958,0.9962
0.9967,0.9971,0.9975,0.9978,0.9982,0.9985,0.9989,0.9993,0.9997,1.0000
hwc2y1fract=0.0003,0.0007,0.0009,0.0012,0.0015,0.0019,0.0022,0.0026
0.0030,0.0034,0.0038,0.0043,0.0047,0.0053,0.0060,0.0069,0.0081,0.0098
0.0126,0.0171,0.0239,0.0338,0.0467,0.0621,0.0798,0.0997,0.1208,0.1427
0.1652,0.1884,0.2112,0.2343,0.2572,0.2802,0.3024,0.3250,0.3472,0.3689
0.3902,0.4119,0.4329,0.4540,0.4746,0.4948,0.5149,0.5349,0.5548,0.5744
0.5938,0.6134,0.6326,0.6518,0.6711,0.6897,0.7083,0.7265,0.7444,0.7617
0.7787,0.7951,0.8107,0.8256,0.8397,0.8530,0.8652,0.8762,0.8864,0.8957
0.9038,0.9111,0.9178,0.9237,0.9291,0.9339,0.9383,0.9423,0.9460,0.9494
0.9524,0.9551,0.9576,0.9599,0.9620,0.9640,0.9657,0.9672,0.9687,0.9701
0.9713,0.9724,0.9735,0.9746,0.9756,0.9765,0.9773,0.9781,0.9789,0.9797
0.9804,0.9811,0.9818,0.9824,0.9830,0.9836,0.9843,0.9848,0.9854,0.9861
0.9867,0.9872,0.9878,0.9883,0.9889,0.9895,0.9900,0.9905,0.9911,0.9916
0.9921,0.9926,0.9931,0.9936,0.9941,0.9945,0.9949,0.9953,0.9958,0.9962
0.9966,0.9970,0.9974,0.9978,0.9982,0.9985,0.9989,0.9993,0.9997,1.0000
hwc2u1fract=0.0002,0.0005,0.0008,0.0010,0.0013,0.0016,0.0018,0.0021
0.0024,0.0027,0.0030,0.0033,0.0036,0.0039,0.0043,0.0049,0.0057,0.0070
0.0097,0.0149,0.0234,0.0352,0.0501,0.0679,0.0877,0.1087,0.1303,0.1529
0.1755,0.1982,0.2207,0.2437,0.2663,0.2887,0.3114,0.3338,0.3558,0.3775
0.3993,0.4205,0.4414,0.4621,0.4826,0.5029,0.5232,0.5428,0.5625,0.5818
0.6011,0.6203,0.6393,0.6585,0.6772,0.6956,0.7136,0.7314,0.7492,0.7665
0.7838,0.8005,0.8166,0.8316,0.8455,0.8587,0.8707,0.8815,0.8916,0.9002
0.9080,0.9149,0.9213,0.9270,0.9321,0.9367,0.9409,0.9448,0.9485,0.9519
0.9549,0.9575,0.9600,0.9622,0.9642,0.9660,0.9675,0.9690,0.9703,0.9716
0.9726,0.9736,0.9746,0.9756,0.9764,0.9773,0.9780,0.9788,0.9795,0.9802
0.9809,0.9816,0.9823,0.9830,0.9836,0.9843,0.9849,0.9855,0.9861,0.9867
0.9872,0.9878,0.9884,0.9889,0.9895,0.9900,0.9905,0.9910,0.9915,0.9920
0.9924,0.9929,0.9934,0.9939,0.9943,0.9946,0.9950,0.9954,0.9958,0.9962
0.9966,0.9970,0.9974,0.9977,0.9981,0.9985,0.9989,0.9993,0.9997,1.0000
hwc2v1fract=0.0003,0.0006,0.0009,0.0011,0.0014,0.0017,0.0020,0.0022
0.0025,0.0029,0.0033,0.0036,0.0039,0.0043,0.0048,0.0054,0.0062,0.0075
0.0100,0.0143,0.0218,0.0324,0.0465,0.0634,0.0826,0.1032,0.1242,0.1464
0.1687,0.1917,0.2142,0.2372,0.2597,0.2823,0.3049,0.3269,0.3487,0.3702
0.3914,0.4125,0.4329,0.4537,0.4740,0.4945,0.5147,0.5345,0.5541,0.5736
0.5930,0.6124,0.6314,0.6506,0.6690,0.6874,0.7057,0.7240,0.7419,0.7597
0.7766,0.7932,0.8093,0.8246,0.8390,0.8525,0.8649,0.8761,0.8863,0.8955
0.9036,0.9110,0.9176,0.9235,0.9289,0.9337,0.9382,0.9424,0.9460,0.9495
0.9527,0.9557,0.9584,0.9607,0.9629,0.9647,0.9665,0.9680,0.9694,0.9707
0.9720,0.9731,0.9740,0.9749,0.9759,0.9768,0.9777,0.9785,0.9792,0.9800
0.9807,0.9814,0.9821,0.9827,0.9834,0.9840,0.9846,0.9852,0.9858,0.9864
0.9869,0.9875,0.9881,0.9887,0.9892,0.9898,0.9903,0.9908,0.9913,0.9917
0.9922,0.9927,0.9931,0.9937,0.9942,0.9946,0.9950,0.9954,0.9959,0.9963
0.9967,0.9970,0.9974,0.9978,0.9982,0.9986,0.9989,0.9993,0.9997,1.0000
hwc2y2fract=0.0003,0.0006,0.0009,0.0012,0.0016,0.0020,0.0023,0.0027
0.0031,0.0035,0.0040,0.0045,0.0051,0.0059,0.0068,0.0078,0.0094,0.0114
0.0147,0.0198,0.0275,0.0382,0.0519,0.0681,0.0862,0.1060,0.1271,0.1493
0.1717,0.1947,0.2180,0.2411,0.2638,0.2867,0.3091,0.3314,0.3533,0.3749
0.3963,0.4175,0.4385,0.4595,0.4799,0.5003,0.5201,0.5402,0.5599,0.5792
0.5986,0.6181,0.6374,0.6564,0.6750,0.6936,0.7122,0.7300,0.7479,0.7650
0.7816,0.7981,0.8134,0.8283,0.8423,0.8552,0.8674,0.8783,0.8883,0.8972
0.9052,0.9125,0.9190,0.9247,0.9299,0.9346,0.9389,0.9427,0.9463,0.9496
0.9526,0.9554,0.9578,0.9600,0.9621,0.9640,0.9658,0.9674,0.9688,0.9701
0.9713,0.9725,0.9736,0.9746,0.9755,0.9765,0.9773,0.9781,0.9789,0.9796
0.9804,0.9811,0.9818,0.9825,0.9831,0.9838,0.9844,0.9849,0.9856,0.9861
0.9867,0.9873,0.9879,0.9885,0.9891,0.9896,0.9902,0.9907,0.9912,0.9917
0.9922,0.9927,0.9931,0.9935,0.9940,0.9945,0.9949,0.9953,0.9958,0.9962
0.9966,0.9970,0.9974,0.9977,0.9981,0.9985,0.9989,0.9993,0.9997,1.0000
hwc2x2fract=0.0003,0.0007,0.0009,0.0013,0.0016,0.0019,0.0023,0.0027
0.0031,0.0035,0.0040,0.0045,0.0051,0.0059,0.0068,0.0083,0.0107,0.0143
0.0193,0.0262,0.0347,0.0451,0.0569,0.0707,0.0861,0.1021,0.1192,0.1375
0.1563,0.1758,0.1960,0.2168,0.2378,0.2594,0.2808,0.3027,0.3245,0.3466
0.3686,0.3903,0.4125,0.4340,0.4561,0.4779,0.4993,0.5206,0.5419,0.5623
0.5833,0.6040,0.6245,0.6449,0.6649,0.6845,0.7035,0.7224,0.7408,0.7586
0.7757,0.7922,0.8080,0.8230,0.8373,0.8504,0.8625,0.8735,0.8839,0.8933
0.9020,0.9098,0.9172,0.9238,0.9299,0.9356,0.9407,0.9453,0.9496,0.9534
0.9568,0.9598,0.9624,0.9646,0.9664,0.9682,0.9697,0.9710,0.9722,0.9733
0.9743,0.9753,0.9762,0.9769,0.9777,0.9784,0.9791,0.9797,0.9803,0.9809
0.9815,0.9821,0.9827,0.9833,0.9838,0.9843,0.9848,0.9854,0.9859,0.9865
0.9871,0.9876,0.9881,0.9887,0.9892,0.9897,0.9901,0.9906,0.9911,0.9916
0.9920,0.9925,0.9930,0.9934,0.9939,0.9944,0.9948,0.9953,0.9957,0.9962
0.9966,0.9970,0.9974,0.9978,0.9981,0.9985,0.9990,0.9993,0.9997,1.0000
