; Lookup table
;number of bins in Meek's time to distance lookup table
hdriftbins=138
;number of 1st bin in Meek's table in ns
hdrift1stbin=-24
;bin size in ns of Meek's table
hdriftbinsz=2
hwc1x1fract=0.0000,0.0001,0.0001,0.0002,0.0002,0.0003,0.0003,0.0004
0.0005,0.0006,0.0007,0.0008,0.0010,0.0011,0.0013,0.0016,0.0021,0.0028
0.0040,0.0055,0.0078,0.0112,0.0162,0.0232,0.0324,0.0433,0.0560,0.0702
0.0855,0.1020,0.1194,0.1379,0.1572,0.1773,0.1976,0.2186,0.2401,0.2623
0.2847,0.3075,0.3301,0.3531,0.3754,0.3981,0.4212,0.4435,0.4656,0.4878
0.5096,0.5314,0.5530,0.5750,0.5963,0.6174,0.6384,0.6592,0.6799,0.7000
0.7196,0.7388,0.7577,0.7762,0.7937,0.8106,0.8269,0.8428,0.8573,0.8709
0.8834,0.8952,0.9061,0.9158,0.9250,0.9336,0.9414,0.9483,0.9549,0.9610
0.9664,0.9711,0.9757,0.9794,0.9826,0.9853,0.9878,0.9897,0.9912,0.9925
0.9936,0.9944,0.9951,0.9957,0.9962,0.9966,0.9969,0.9973,0.9975,0.9977
0.9980,0.9981,0.9983,0.9985,0.9986,0.9987,0.9988,0.9989,0.9990,0.9991
0.9992,0.9992,0.9993,0.9994,0.9994,0.9995,0.9995,0.9996,0.9996,0.9997
0.9997,0.9997,0.9998,0.9998,0.9998,0.9998,0.9998,0.9999,0.9999,0.9999
0.9999,0.9999,0.9999,0.9999,1.0000,1.0000,1.0000,1.0000,1.0000,1.0000
hwc1y1fract=0.0000,0.0001,0.0001,0.0002,0.0002,0.0003,0.0003,0.0004
0.0005,0.0006,0.0007,0.0008,0.0010,0.0012,0.0014,0.0018,0.0025,0.0034
0.0051,0.0080,0.0129,0.0209,0.0319,0.0457,0.0622,0.0807,0.1007,0.1221
0.1443,0.1672,0.1899,0.2135,0.2369,0.2607,0.2841,0.3071,0.3302,0.3528
0.3757,0.3981,0.4199,0.4415,0.4631,0.4842,0.5051,0.5258,0.5461,0.5666
0.5872,0.6077,0.6275,0.6474,0.6672,0.6867,0.7060,0.7250,0.7435,0.7617
0.7795,0.7966,0.8134,0.8295,0.8449,0.8594,0.8729,0.8852,0.8968,0.9075
0.9170,0.9256,0.9331,0.9399,0.9460,0.9516,0.9567,0.9612,0.9656,0.9694
0.9727,0.9759,0.9788,0.9812,0.9834,0.9854,0.9870,0.9884,0.9898,0.9910
0.9919,0.9928,0.9936,0.9943,0.9949,0.9954,0.9959,0.9963,0.9966,0.9970
0.9973,0.9975,0.9978,0.9980,0.9982,0.9984,0.9985,0.9986,0.9988,0.9989
0.9990,0.9991,0.9992,0.9993,0.9994,0.9994,0.9995,0.9995,0.9996,0.9996
0.9997,0.9997,0.9997,0.9997,0.9998,0.9998,0.9998,0.9998,0.9998,0.9998
0.9999,0.9999,0.9999,0.9999,0.9999,0.9999,1.0000,1.0000,1.0000,1.0000
hwc1u1fract=0.0000,0.0000,0.0001,0.0001,0.0001,0.0001,0.0001,0.0001
0.0001,0.0002,0.0002,0.0002,0.0002,0.0003,0.0004,0.0005,0.0008,0.0014
0.0024,0.0039,0.0061,0.0100,0.0168,0.0261,0.0385,0.0530,0.0695,0.0874
0.1069,0.1272,0.1484,0.1702,0.1923,0.2149,0.2375,0.2601,0.2828,0.3058
0.3281,0.3507,0.3729,0.3951,0.4167,0.4384,0.4599,0.4814,0.5027,0.5234
0.5446,0.5654,0.5859,0.6061,0.6263,0.6465,0.6658,0.6850,0.7045,0.7235
0.7423,0.7607,0.7786,0.7959,0.8126,0.8285,0.8440,0.8583,0.8718,0.8842
0.8953,0.9056,0.9147,0.9230,0.9303,0.9372,0.9434,0.9493,0.9548,0.9599
0.9644,0.9686,0.9724,0.9758,0.9789,0.9815,0.9837,0.9856,0.9873,0.9888
0.9901,0.9911,0.9921,0.9929,0.9936,0.9943,0.9948,0.9953,0.9957,0.9961
0.9965,0.9969,0.9972,0.9974,0.9976,0.9978,0.9980,0.9982,0.9983,0.9985
0.9987,0.9988,0.9989,0.9990,0.9991,0.9992,0.9993,0.9994,0.9994,0.9995
0.9995,0.9996,0.9996,0.9996,0.9997,0.9997,0.9997,0.9998,0.9998,0.9998
0.9998,0.9999,0.9999,0.9999,0.9999,0.9999,1.0000,1.0000,1.0000,1.0000
hwc1v1fract=0.0000,0.0000,0.0000,0.0001,0.0001,0.0001,0.0001,0.0002
0.0002,0.0002,0.0003,0.0003,0.0004,0.0005,0.0007,0.0010,0.0017,0.0029
0.0052,0.0096,0.0167,0.0269,0.0399,0.0551,0.0718,0.0906,0.1102,0.1310
0.1521,0.1740,0.1959,0.2182,0.2407,0.2631,0.2857,0.3080,0.3304,0.3527
0.3748,0.3968,0.4187,0.4405,0.4618,0.4830,0.5044,0.5253,0.5460,0.5666
0.5869,0.6072,0.6275,0.6475,0.6672,0.6870,0.7063,0.7254,0.7443,0.7627
0.7806,0.7986,0.8154,0.8319,0.8475,0.8621,0.8753,0.8877,0.8989,0.9090
0.9180,0.9261,0.9335,0.9401,0.9464,0.9521,0.9570,0.9617,0.9661,0.9699
0.9736,0.9770,0.9800,0.9826,0.9849,0.9868,0.9883,0.9897,0.9909,0.9919
0.9928,0.9935,0.9942,0.9948,0.9953,0.9957,0.9961,0.9965,0.9968,0.9971
0.9973,0.9976,0.9978,0.9980,0.9981,0.9983,0.9985,0.9986,0.9987,0.9989
0.9990,0.9991,0.9992,0.9993,0.9993,0.9994,0.9995,0.9995,0.9996,0.9996
0.9996,0.9997,0.9997,0.9998,0.9998,0.9998,0.9998,0.9999,0.9999,0.9999
0.9999,0.9999,0.9999,0.9999,0.9999,1.0000,1.0000,1.0000,1.0000,1.0000
hwc1y2fract=0.0000,0.0000,0.0001,0.0001,0.0001,0.0001,0.0001,0.0002
0.0002,0.0002,0.0003,0.0003,0.0004,0.0005,0.0006,0.0008,0.0011,0.0018
0.0030,0.0053,0.0095,0.0159,0.0249,0.0371,0.0513,0.0680,0.0866,0.1065
0.1283,0.1502,0.1730,0.1961,0.2189,0.2418,0.2647,0.2880,0.3110,0.3339
0.3564,0.3788,0.4009,0.4230,0.4443,0.4658,0.4868,0.5076,0.5282,0.5489
0.5694,0.5898,0.6100,0.6299,0.6495,0.6691,0.6889,0.7082,0.7270,0.7456
0.7634,0.7812,0.7984,0.8150,0.8309,0.8457,0.8599,0.8731,0.8853,0.8966
0.9066,0.9159,0.9242,0.9316,0.9384,0.9447,0.9503,0.9554,0.9600,0.9641
0.9681,0.9717,0.9748,0.9777,0.9802,0.9824,0.9844,0.9860,0.9875,0.9888
0.9899,0.9909,0.9919,0.9927,0.9934,0.9941,0.9946,0.9951,0.9956,0.9960
0.9963,0.9966,0.9970,0.9972,0.9975,0.9977,0.9979,0.9981,0.9983,0.9985
0.9986,0.9987,0.9988,0.9990,0.9990,0.9991,0.9992,0.9993,0.9994,0.9995
0.9995,0.9995,0.9996,0.9996,0.9996,0.9997,0.9997,0.9998,0.9998,0.9998
0.9998,0.9999,0.9999,0.9999,0.9999,0.9999,0.9999,1.0000,1.0000,1.0000
hwc1x2fract=0.0000,0.0000,0.0001,0.0001,0.0001,0.0002,0.0002,0.0003
0.0003,0.0004,0.0005,0.0005,0.0006,0.0008,0.0009,0.0012,0.0017,0.0025
0.0042,0.0070,0.0115,0.0180,0.0264,0.0369,0.0492,0.0630,0.0779,0.0944
0.1116,0.1297,0.1487,0.1686,0.1893,0.2105,0.2322,0.2542,0.2764,0.2988
0.3210,0.3438,0.3666,0.3893,0.4120,0.4346,0.4568,0.4792,0.5013,0.5234
0.5451,0.5668,0.5881,0.6092,0.6300,0.6508,0.6712,0.6915,0.7114,0.7311
0.7500,0.7686,0.7865,0.8040,0.8209,0.8367,0.8515,0.8655,0.8784,0.8907
0.9019,0.9122,0.9215,0.9303,0.9383,0.9454,0.9520,0.9580,0.9638,0.9689
0.9734,0.9773,0.9807,0.9837,0.9862,0.9883,0.9900,0.9914,0.9926,0.9936
0.9943,0.9950,0.9955,0.9960,0.9965,0.9968,0.9972,0.9974,0.9977,0.9979
0.9980,0.9982,0.9983,0.9985,0.9986,0.9987,0.9988,0.9989,0.9990,0.9991
0.9992,0.9992,0.9993,0.9994,0.9994,0.9995,0.9995,0.9995,0.9996,0.9996
0.9997,0.9997,0.9997,0.9997,0.9998,0.9998,0.9998,0.9998,0.9999,0.9999
0.9999,0.9999,0.9999,0.9999,0.9999,1.0000,1.0000,1.0000,1.0000,1.0000
hwc2x1fract=0.0000,0.0001,0.0001,0.0002,0.0002,0.0003,0.0004,0.0004
0.0005,0.0007,0.0008,0.0009,0.0011,0.0013,0.0014,0.0017,0.0020,0.0024
0.0033,0.0051,0.0081,0.0123,0.0182,0.0261,0.0361,0.0481,0.0616,0.0766
0.0928,0.1099,0.1280,0.1472,0.1670,0.1873,0.2088,0.2303,0.2518,0.2739
0.2966,0.3190,0.3421,0.3649,0.3876,0.4101,0.4330,0.4554,0.4779,0.5003
0.5225,0.5444,0.5659,0.5874,0.6089,0.6299,0.6509,0.6715,0.6922,0.7123
0.7321,0.7515,0.7705,0.7890,0.8068,0.8237,0.8400,0.8551,0.8688,0.8818
0.8941,0.9049,0.9151,0.9240,0.9323,0.9401,0.9473,0.9537,0.9595,0.9648
0.9694,0.9737,0.9776,0.9809,0.9838,0.9863,0.9883,0.9900,0.9915,0.9926
0.9937,0.9945,0.9952,0.9957,0.9962,0.9966,0.9970,0.9973,0.9975,0.9978
0.9980,0.9982,0.9983,0.9985,0.9986,0.9987,0.9988,0.9989,0.9990,0.9991
0.9992,0.9993,0.9994,0.9994,0.9995,0.9996,0.9996,0.9996,0.9997,0.9997
0.9997,0.9998,0.9998,0.9998,0.9998,0.9999,0.9999,0.9999,0.9999,0.9999
0.9999,0.9999,0.9999,1.0000,1.0000,1.0000,1.0000,1.0000,1.0000,1.0000
hwc2y1fract=0.0000,0.0000,0.0001,0.0001,0.0001,0.0001,0.0002,0.0002
0.0002,0.0003,0.0003,0.0004,0.0004,0.0005,0.0006,0.0007,0.0011,0.0017
0.0029,0.0054,0.0100,0.0175,0.0285,0.0425,0.0594,0.0785,0.0992,0.1216
0.1448,0.1687,0.1926,0.2165,0.2407,0.2647,0.2885,0.3119,0.3354,0.3582
0.3810,0.4034,0.4260,0.4478,0.4692,0.4903,0.5111,0.5320,0.5527,0.5733
0.5938,0.6141,0.6344,0.6542,0.6738,0.6935,0.7124,0.7315,0.7501,0.7679
0.7855,0.8028,0.8195,0.8357,0.8515,0.8658,0.8795,0.8922,0.9037,0.9140
0.9232,0.9313,0.9384,0.9446,0.9504,0.9557,0.9605,0.9647,0.9686,0.9720
0.9752,0.9779,0.9805,0.9827,0.9845,0.9860,0.9875,0.9888,0.9900,0.9910
0.9920,0.9927,0.9934,0.9941,0.9946,0.9951,0.9955,0.9959,0.9963,0.9967
0.9970,0.9972,0.9975,0.9977,0.9979,0.9981,0.9983,0.9984,0.9986,0.9987
0.9988,0.9989,0.9990,0.9991,0.9992,0.9993,0.9994,0.9994,0.9995,0.9995
0.9996,0.9996,0.9997,0.9997,0.9997,0.9998,0.9998,0.9998,0.9998,0.9998
0.9999,0.9999,0.9999,0.9999,0.9999,0.9999,1.0000,1.0000,1.0000,1.0000
hwc2u1fract=0.0000,0.0000,0.0001,0.0001,0.0001,0.0001,0.0001,0.0001
0.0002,0.0002,0.0002,0.0002,0.0003,0.0003,0.0004,0.0005,0.0007,0.0012
0.0023,0.0048,0.0101,0.0188,0.0312,0.0469,0.0652,0.0855,0.1073,0.1297
0.1530,0.1769,0.2007,0.2245,0.2484,0.2722,0.2955,0.3187,0.3414,0.3641
0.3863,0.4083,0.4299,0.4515,0.4730,0.4942,0.5152,0.5360,0.5562,0.5768
0.5966,0.6165,0.6364,0.6558,0.6755,0.6947,0.7135,0.7324,0.7506,0.7689
0.7866,0.8037,0.8209,0.8371,0.8526,0.8674,0.8807,0.8934,0.9046,0.9144
0.9232,0.9312,0.9382,0.9446,0.9503,0.9554,0.9602,0.9644,0.9684,0.9718
0.9751,0.9780,0.9805,0.9827,0.9847,0.9863,0.9878,0.9892,0.9903,0.9913
0.9923,0.9930,0.9936,0.9942,0.9947,0.9952,0.9956,0.9960,0.9963,0.9966
0.9969,0.9972,0.9974,0.9976,0.9979,0.9981,0.9982,0.9984,0.9986,0.9987
0.9989,0.9990,0.9991,0.9992,0.9993,0.9994,0.9994,0.9995,0.9995,0.9996
0.9997,0.9997,0.9997,0.9998,0.9998,0.9998,0.9998,0.9999,0.9999,0.9999
0.9999,0.9999,0.9999,1.0000,1.0000,1.0000,1.0000,1.0000,1.0000,1.0000
hwc2v1fract=0.0000,0.0000,0.0000,0.0001,0.0001,0.0001,0.0001,0.0002
0.0002,0.0002,0.0003,0.0003,0.0004,0.0005,0.0006,0.0008,0.0011,0.0019
0.0035,0.0069,0.0135,0.0238,0.0373,0.0539,0.0726,0.0936,0.1158,0.1386
0.1615,0.1850,0.2087,0.2326,0.2561,0.2798,0.3031,0.3264,0.3492,0.3724
0.3947,0.4166,0.4380,0.4595,0.4804,0.5012,0.5220,0.5429,0.5629,0.5831
0.6030,0.6231,0.6429,0.6622,0.6816,0.7011,0.7198,0.7384,0.7568,0.7753
0.7928,0.8101,0.8265,0.8426,0.8578,0.8719,0.8850,0.8968,0.9072,0.9170
0.9253,0.9327,0.9396,0.9457,0.9513,0.9563,0.9609,0.9650,0.9688,0.9722
0.9754,0.9783,0.9807,0.9831,0.9851,0.9867,0.9881,0.9894,0.9905,0.9915
0.9923,0.9930,0.9936,0.9942,0.9948,0.9953,0.9957,0.9961,0.9964,0.9968
0.9971,0.9973,0.9976,0.9978,0.9980,0.9982,0.9984,0.9985,0.9987,0.9988
0.9989,0.9991,0.9991,0.9992,0.9993,0.9994,0.9995,0.9995,0.9996,0.9997
0.9997,0.9997,0.9998,0.9998,0.9998,0.9998,0.9999,0.9999,0.9999,0.9999
0.9999,0.9999,0.9999,0.9999,0.9999,1.0000,1.0000,1.0000,1.0000,1.0000
hwc2y2fract=0.0000,0.0000,0.0000,0.0001,0.0001,0.0001,0.0001,0.0002
0.0002,0.0003,0.0003,0.0003,0.0004,0.0005,0.0006,0.0008,0.0010,0.0014
0.0023,0.0039,0.0069,0.0117,0.0200,0.0312,0.0457,0.0630,0.0826,0.1040
0.1267,0.1498,0.1738,0.1981,0.2219,0.2458,0.2695,0.2927,0.3164,0.3392
0.3620,0.3845,0.4067,0.4291,0.4506,0.4721,0.4936,0.5143,0.5349,0.5554
0.5757,0.5960,0.6163,0.6366,0.6566,0.6765,0.6961,0.7153,0.7344,0.7526
0.7710,0.7889,0.8062,0.8230,0.8392,0.8544,0.8687,0.8819,0.8941,0.9052
0.9150,0.9241,0.9319,0.9392,0.9455,0.9511,0.9562,0.9608,0.9650,0.9688
0.9723,0.9754,0.9782,0.9806,0.9828,0.9846,0.9863,0.9878,0.9891,0.9902
0.9911,0.9920,0.9928,0.9935,0.9941,0.9947,0.9952,0.9956,0.9961,0.9964
0.9968,0.9971,0.9973,0.9976,0.9978,0.9980,0.9981,0.9983,0.9985,0.9986
0.9988,0.9989,0.9990,0.9991,0.9992,0.9993,0.9994,0.9994,0.9995,0.9995
0.9996,0.9996,0.9997,0.9997,0.9997,0.9998,0.9998,0.9998,0.9998,0.9999
0.9999,0.9999,0.9999,0.9999,0.9999,0.9999,1.0000,1.0000,1.0000,1.0000
hwc2x2fract=0.0000,0.0000,0.0001,0.0001,0.0001,0.0002,0.0002,0.0003
0.0003,0.0004,0.0004,0.0005,0.0007,0.0008,0.0010,0.0012,0.0015,0.0019
0.0029,0.0044,0.0068,0.0106,0.0163,0.0246,0.0348,0.0474,0.0617,0.0777
0.0949,0.1130,0.1320,0.1517,0.1726,0.1940,0.2159,0.2382,0.2602,0.2827
0.3054,0.3281,0.3509,0.3736,0.3964,0.4190,0.4414,0.4637,0.4857,0.5076
0.5296,0.5509,0.5724,0.5935,0.6143,0.6350,0.6554,0.6759,0.6959,0.7159
0.7352,0.7546,0.7735,0.7912,0.8086,0.8253,0.8413,0.8564,0.8702,0.8831
0.8950,0.9059,0.9160,0.9251,0.9333,0.9408,0.9477,0.9539,0.9597,0.9650
0.9696,0.9737,0.9774,0.9807,0.9836,0.9860,0.9881,0.9898,0.9912,0.9924
0.9934,0.9942,0.9949,0.9955,0.9960,0.9964,0.9968,0.9972,0.9975,0.9977
0.9979,0.9981,0.9983,0.9984,0.9986,0.9987,0.9988,0.9989,0.9990,0.9991
0.9992,0.9993,0.9993,0.9994,0.9995,0.9995,0.9996,0.9996,0.9997,0.9997
0.9997,0.9997,0.9998,0.9998,0.9998,0.9998,0.9999,0.9999,0.9999,0.9999
0.9999,0.9999,0.9999,0.9999,1.0000,1.0000,1.0000,1.0000,1.0000,1.0000
