; Lookup table
;number of bins in Meek's time to distance lookup table
hdriftbins=138
;number of 1st bin in Meek's table in ns
hdrift1stbin=-24
;bin size in ns of Meek's table
hdriftbinsz=2
hwc1x1fract=0.0003,0.0005,0.0007,0.0010,0.0013,0.0016,0.0019,0.0022
0.0026,0.0031,0.0035,0.0041,0.0047,0.0055,0.0068,0.0087,0.0114,0.0148
0.0192,0.0247,0.0319,0.0408,0.0518,0.0640,0.0776,0.0926,0.1087,0.1258
0.1438,0.1623,0.1816,0.2016,0.2223,0.2435,0.2649,0.2869,0.3086,0.3308
0.3531,0.3752,0.3972,0.4194,0.4417,0.4639,0.4856,0.5076,0.5289,0.5500
0.5711,0.5923,0.6129,0.6335,0.6538,0.6741,0.6935,0.7129,0.7317,0.7502
0.7679,0.7853,0.8018,0.8173,0.8322,0.8462,0.8593,0.8713,0.8827,0.8931
0.9028,0.9118,0.9198,0.9274,0.9345,0.9409,0.9468,0.9520,0.9567,0.9610
0.9647,0.9680,0.9709,0.9733,0.9754,0.9772,0.9787,0.9799,0.9811,0.9821
0.9829,0.9837,0.9844,0.9851,0.9857,0.9862,0.9867,0.9872,0.9876,0.9881
0.9885,0.9889,0.9893,0.9897,0.9901,0.9905,0.9908,0.9912,0.9915,0.9918
0.9921,0.9925,0.9928,0.9931,0.9934,0.9937,0.9940,0.9944,0.9946,0.9949
0.9952,0.9954,0.9957,0.9961,0.9963,0.9966,0.9968,0.9971,0.9974,0.9976
0.9979,0.9981,0.9984,0.9986,0.9989,0.9991,0.9994,0.9996,0.9998,1.0000
hwc1y1fract=0.0003,0.0005,0.0008,0.0011,0.0014,0.0017,0.0021,0.0025
0.0029,0.0033,0.0037,0.0042,0.0048,0.0055,0.0063,0.0074,0.0088,0.0108
0.0137,0.0183,0.0251,0.0351,0.0478,0.0633,0.0809,0.1002,0.1207,0.1426
0.1648,0.1878,0.2105,0.2332,0.2559,0.2788,0.3013,0.3240,0.3467,0.3686
0.3902,0.4117,0.4336,0.4548,0.4759,0.4966,0.5169,0.5368,0.5568,0.5764
0.5961,0.6159,0.6358,0.6551,0.6740,0.6928,0.7114,0.7298,0.7475,0.7649
0.7816,0.7982,0.8142,0.8295,0.8439,0.8574,0.8702,0.8819,0.8924,0.9020
0.9106,0.9182,0.9253,0.9314,0.9370,0.9421,0.9467,0.9509,0.9547,0.9583
0.9616,0.9645,0.9671,0.9694,0.9714,0.9733,0.9751,0.9766,0.9780,0.9792
0.9803,0.9815,0.9824,0.9833,0.9842,0.9849,0.9856,0.9862,0.9868,0.9874
0.9879,0.9884,0.9889,0.9894,0.9898,0.9902,0.9907,0.9910,0.9914,0.9918
0.9922,0.9925,0.9929,0.9932,0.9935,0.9938,0.9941,0.9945,0.9948,0.9951
0.9954,0.9957,0.9960,0.9962,0.9965,0.9967,0.9969,0.9972,0.9974,0.9976
0.9979,0.9981,0.9984,0.9986,0.9988,0.9991,0.9993,0.9995,0.9998,1.0000
hwc1u1fract=0.0002,0.0003,0.0005,0.0006,0.0008,0.0010,0.0012,0.0013
0.0015,0.0017,0.0019,0.0021,0.0025,0.0030,0.0039,0.0057,0.0082,0.0114
0.0158,0.0217,0.0301,0.0410,0.0543,0.0698,0.0870,0.1052,0.1248,0.1451
0.1660,0.1874,0.2093,0.2316,0.2538,0.2762,0.2985,0.3205,0.3430,0.3649
0.3868,0.4085,0.4301,0.4515,0.4724,0.4938,0.5144,0.5347,0.5552,0.5756
0.5960,0.6159,0.6356,0.6552,0.6743,0.6935,0.7124,0.7307,0.7491,0.7669
0.7838,0.8001,0.8156,0.8305,0.8446,0.8577,0.8702,0.8813,0.8916,0.9010
0.9095,0.9172,0.9244,0.9308,0.9366,0.9419,0.9469,0.9514,0.9555,0.9593
0.9627,0.9657,0.9685,0.9710,0.9731,0.9750,0.9766,0.9780,0.9794,0.9805
0.9815,0.9824,0.9833,0.9841,0.9848,0.9855,0.9861,0.9868,0.9874,0.9879
0.9884,0.9888,0.9893,0.9897,0.9901,0.9905,0.9909,0.9913,0.9917,0.9921
0.9924,0.9928,0.9931,0.9934,0.9937,0.9940,0.9943,0.9947,0.9950,0.9953
0.9955,0.9958,0.9961,0.9963,0.9966,0.9969,0.9972,0.9974,0.9976,0.9978
0.9981,0.9983,0.9985,0.9988,0.9990,0.9992,0.9994,0.9996,0.9998,1.0000
hwc1v1fract=0.0002,0.0003,0.0005,0.0007,0.0008,0.0010,0.0012,0.0014
0.0016,0.0018,0.0020,0.0022,0.0025,0.0028,0.0032,0.0037,0.0045,0.0058
0.0081,0.0125,0.0195,0.0296,0.0425,0.0583,0.0757,0.0946,0.1145,0.1356
0.1573,0.1792,0.2014,0.2240,0.2461,0.2685,0.2905,0.3128,0.3349,0.3566
0.3784,0.4000,0.4214,0.4425,0.4640,0.4850,0.5056,0.5262,0.5463,0.5662
0.5859,0.6057,0.6254,0.6451,0.6641,0.6833,0.7023,0.7209,0.7392,0.7570
0.7747,0.7918,0.8081,0.8238,0.8391,0.8532,0.8666,0.8787,0.8896,0.8995
0.9081,0.9159,0.9230,0.9294,0.9351,0.9404,0.9453,0.9500,0.9542,0.9579
0.9614,0.9647,0.9676,0.9702,0.9724,0.9744,0.9760,0.9775,0.9788,0.9800
0.9811,0.9820,0.9829,0.9837,0.9844,0.9851,0.9858,0.9863,0.9869,0.9875
0.9881,0.9886,0.9891,0.9896,0.9900,0.9905,0.9909,0.9913,0.9917,0.9920
0.9924,0.9927,0.9931,0.9934,0.9937,0.9940,0.9943,0.9947,0.9950,0.9953
0.9955,0.9958,0.9961,0.9964,0.9967,0.9969,0.9972,0.9974,0.9977,0.9979
0.9981,0.9984,0.9986,0.9988,0.9990,0.9992,0.9994,0.9996,0.9998,1.0000
hwc1y2fract=0.0002,0.0004,0.0006,0.0008,0.0011,0.0014,0.0016,0.0019
0.0022,0.0025,0.0029,0.0032,0.0037,0.0043,0.0049,0.0059,0.0073,0.0097
0.0133,0.0190,0.0270,0.0379,0.0512,0.0671,0.0851,0.1046,0.1248,0.1467
0.1686,0.1912,0.2138,0.2365,0.2595,0.2818,0.3045,0.3271,0.3494,0.3715
0.3933,0.4150,0.4364,0.4577,0.4786,0.4994,0.5197,0.5397,0.5599,0.5799
0.5996,0.6194,0.6387,0.6577,0.6768,0.6957,0.7140,0.7320,0.7499,0.7667
0.7835,0.8001,0.8157,0.8306,0.8447,0.8578,0.8698,0.8811,0.8914,0.9006
0.9090,0.9166,0.9234,0.9296,0.9352,0.9403,0.9450,0.9494,0.9534,0.9572
0.9605,0.9634,0.9660,0.9684,0.9706,0.9725,0.9743,0.9759,0.9773,0.9786
0.9798,0.9809,0.9818,0.9828,0.9837,0.9845,0.9852,0.9859,0.9865,0.9871
0.9877,0.9882,0.9887,0.9892,0.9897,0.9901,0.9906,0.9910,0.9914,0.9918
0.9921,0.9925,0.9928,0.9932,0.9936,0.9939,0.9942,0.9945,0.9948,0.9951
0.9953,0.9956,0.9959,0.9961,0.9964,0.9967,0.9970,0.9972,0.9975,0.9978
0.9980,0.9983,0.9985,0.9987,0.9989,0.9991,0.9994,0.9996,0.9998,1.0000
hwc1x2fract=0.0002,0.0004,0.0006,0.0008,0.0010,0.0013,0.0015,0.0018
0.0021,0.0024,0.0027,0.0030,0.0034,0.0040,0.0048,0.0059,0.0075,0.0099
0.0134,0.0184,0.0251,0.0338,0.0445,0.0569,0.0712,0.0863,0.1027,0.1199
0.1380,0.1570,0.1768,0.1974,0.2182,0.2394,0.2616,0.2837,0.3059,0.3282
0.3504,0.3727,0.3950,0.4175,0.4395,0.4618,0.4833,0.5049,0.5264,0.5479
0.5690,0.5900,0.6106,0.6313,0.6515,0.6715,0.6912,0.7105,0.7295,0.7482
0.7664,0.7837,0.8001,0.8161,0.8314,0.8454,0.8587,0.8710,0.8822,0.8928
0.9023,0.9111,0.9193,0.9268,0.9337,0.9400,0.9459,0.9510,0.9558,0.9600
0.9638,0.9672,0.9702,0.9728,0.9751,0.9768,0.9783,0.9796,0.9807,0.9817
0.9826,0.9834,0.9840,0.9847,0.9854,0.9860,0.9865,0.9870,0.9874,0.9879
0.9883,0.9887,0.9891,0.9896,0.9899,0.9903,0.9906,0.9909,0.9913,0.9916
0.9920,0.9923,0.9927,0.9930,0.9932,0.9936,0.9939,0.9942,0.9945,0.9948
0.9951,0.9953,0.9956,0.9959,0.9962,0.9965,0.9968,0.9970,0.9973,0.9976
0.9978,0.9981,0.9983,0.9986,0.9988,0.9991,0.9993,0.9996,0.9998,1.0000
hwc2x1fract=0.0002,0.0005,0.0007,0.0010,0.0012,0.0015,0.0018,0.0021
0.0025,0.0029,0.0034,0.0040,0.0047,0.0057,0.0070,0.0091,0.0124,0.0173
0.0238,0.0319,0.0418,0.0531,0.0661,0.0806,0.0959,0.1128,0.1302,0.1489
0.1683,0.1884,0.2089,0.2296,0.2510,0.2725,0.2943,0.3164,0.3389,0.3609
0.3833,0.4055,0.4276,0.4499,0.4719,0.4939,0.5156,0.5370,0.5584,0.5795
0.6005,0.6216,0.6424,0.6626,0.6830,0.7029,0.7224,0.7417,0.7605,0.7788
0.7957,0.8123,0.8279,0.8428,0.8566,0.8693,0.8809,0.8916,0.9015,0.9108
0.9190,0.9267,0.9335,0.9398,0.9455,0.9508,0.9556,0.9600,0.9638,0.9674
0.9703,0.9729,0.9751,0.9769,0.9785,0.9800,0.9812,0.9822,0.9831,0.9840
0.9846,0.9853,0.9860,0.9865,0.9870,0.9875,0.9879,0.9884,0.9888,0.9892
0.9896,0.9899,0.9903,0.9907,0.9910,0.9913,0.9917,0.9920,0.9923,0.9926
0.9929,0.9932,0.9936,0.9938,0.9941,0.9944,0.9947,0.9949,0.9952,0.9955
0.9958,0.9960,0.9963,0.9965,0.9968,0.9971,0.9973,0.9975,0.9978,0.9980
0.9982,0.9984,0.9986,0.9988,0.9990,0.9992,0.9994,0.9996,0.9998,1.0000
hwc2y1fract=0.0002,0.0004,0.0005,0.0007,0.0009,0.0011,0.0013,0.0016
0.0018,0.0021,0.0024,0.0027,0.0031,0.0034,0.0040,0.0047,0.0057,0.0071
0.0096,0.0138,0.0204,0.0302,0.0434,0.0592,0.0774,0.0977,0.1197,0.1423
0.1654,0.1888,0.2125,0.2363,0.2596,0.2829,0.3057,0.3285,0.3511,0.3734
0.3953,0.4170,0.4389,0.4602,0.4809,0.5013,0.5220,0.5423,0.5621,0.5823
0.6022,0.6219,0.6414,0.6610,0.6802,0.6991,0.7181,0.7364,0.7547,0.7723
0.7893,0.8063,0.8219,0.8369,0.8516,0.8651,0.8775,0.8888,0.8992,0.9086
0.9167,0.9241,0.9305,0.9365,0.9417,0.9464,0.9508,0.9548,0.9584,0.9615
0.9643,0.9669,0.9693,0.9714,0.9733,0.9749,0.9764,0.9778,0.9791,0.9802
0.9812,0.9821,0.9830,0.9838,0.9846,0.9853,0.9860,0.9865,0.9871,0.9877
0.9882,0.9886,0.9891,0.9896,0.9900,0.9905,0.9909,0.9913,0.9917,0.9921
0.9924,0.9928,0.9932,0.9935,0.9938,0.9941,0.9944,0.9947,0.9950,0.9953
0.9956,0.9959,0.9961,0.9964,0.9966,0.9969,0.9971,0.9974,0.9976,0.9978
0.9981,0.9983,0.9985,0.9988,0.9990,0.9992,0.9994,0.9996,0.9998,1.0000
hwc2u1fract=0.0002,0.0003,0.0005,0.0006,0.0008,0.0009,0.0011,0.0013
0.0014,0.0016,0.0018,0.0020,0.0022,0.0024,0.0027,0.0031,0.0038,0.0050
0.0075,0.0127,0.0213,0.0336,0.0490,0.0673,0.0879,0.1094,0.1323,0.1553
0.1787,0.2021,0.2257,0.2493,0.2723,0.2952,0.3178,0.3402,0.3624,0.3843
0.4058,0.4270,0.4483,0.4693,0.4902,0.5106,0.5309,0.5507,0.5705,0.5900
0.6100,0.6295,0.6487,0.6678,0.6869,0.7054,0.7238,0.7422,0.7601,0.7777
0.7949,0.8116,0.8278,0.8432,0.8574,0.8708,0.8831,0.8942,0.9041,0.9127
0.9205,0.9273,0.9335,0.9389,0.9438,0.9484,0.9524,0.9563,0.9598,0.9629
0.9657,0.9683,0.9707,0.9726,0.9744,0.9759,0.9773,0.9787,0.9799,0.9809
0.9818,0.9826,0.9834,0.9842,0.9849,0.9855,0.9862,0.9868,0.9873,0.9879
0.9884,0.9889,0.9894,0.9898,0.9903,0.9908,0.9912,0.9916,0.9920,0.9924
0.9928,0.9931,0.9935,0.9938,0.9941,0.9944,0.9947,0.9950,0.9953,0.9956
0.9959,0.9962,0.9964,0.9967,0.9969,0.9971,0.9974,0.9976,0.9979,0.9981
0.9983,0.9985,0.9987,0.9989,0.9991,0.9993,0.9995,0.9996,0.9998,1.0000
hwc2v1fract=0.0001,0.0003,0.0005,0.0006,0.0008,0.0010,0.0011,0.0013
0.0015,0.0017,0.0019,0.0022,0.0024,0.0027,0.0031,0.0035,0.0043,0.0054
0.0076,0.0118,0.0191,0.0301,0.0442,0.0611,0.0801,0.1014,0.1236,0.1462
0.1691,0.1924,0.2157,0.2391,0.2620,0.2850,0.3073,0.3297,0.3519,0.3742
0.3961,0.4178,0.4391,0.4603,0.4812,0.5016,0.5218,0.5418,0.5618,0.5819
0.6013,0.6208,0.6399,0.6594,0.6779,0.6965,0.7151,0.7336,0.7518,0.7699
0.7870,0.8037,0.8198,0.8354,0.8498,0.8637,0.8763,0.8878,0.8981,0.9074
0.9155,0.9228,0.9294,0.9354,0.9406,0.9453,0.9496,0.9537,0.9573,0.9606
0.9637,0.9665,0.9690,0.9712,0.9732,0.9750,0.9765,0.9777,0.9790,0.9802
0.9812,0.9821,0.9829,0.9837,0.9845,0.9852,0.9858,0.9864,0.9870,0.9876
0.9881,0.9886,0.9891,0.9896,0.9901,0.9905,0.9910,0.9914,0.9917,0.9922
0.9925,0.9929,0.9932,0.9935,0.9939,0.9941,0.9945,0.9948,0.9951,0.9954
0.9957,0.9960,0.9963,0.9965,0.9967,0.9970,0.9972,0.9975,0.9977,0.9979
0.9981,0.9984,0.9986,0.9988,0.9990,0.9992,0.9994,0.9996,0.9998,1.0000
hwc2y2fract=0.0002,0.0004,0.0006,0.0008,0.0010,0.0012,0.0015,0.0018
0.0020,0.0023,0.0026,0.0030,0.0034,0.0039,0.0045,0.0053,0.0066,0.0084
0.0114,0.0161,0.0237,0.0340,0.0473,0.0636,0.0823,0.1026,0.1242,0.1465
0.1698,0.1931,0.2166,0.2403,0.2636,0.2871,0.3098,0.3324,0.3546,0.3767
0.3989,0.4208,0.4423,0.4633,0.4842,0.5047,0.5254,0.5456,0.5656,0.5854
0.6055,0.6254,0.6450,0.6642,0.6835,0.7025,0.7212,0.7393,0.7573,0.7749
0.7921,0.8089,0.8249,0.8397,0.8542,0.8676,0.8798,0.8911,0.9011,0.9101
0.9181,0.9253,0.9317,0.9376,0.9427,0.9474,0.9516,0.9554,0.9588,0.9619
0.9649,0.9675,0.9698,0.9718,0.9737,0.9753,0.9768,0.9780,0.9792,0.9803
0.9813,0.9821,0.9830,0.9838,0.9845,0.9852,0.9858,0.9865,0.9870,0.9876
0.9881,0.9886,0.9890,0.9895,0.9899,0.9904,0.9908,0.9912,0.9916,0.9920
0.9923,0.9927,0.9931,0.9934,0.9937,0.9940,0.9943,0.9946,0.9949,0.9952
0.9955,0.9958,0.9960,0.9963,0.9966,0.9968,0.9971,0.9973,0.9976,0.9978
0.9980,0.9983,0.9985,0.9987,0.9990,0.9992,0.9994,0.9996,0.9998,1.0000
hwc2x2fract=0.0002,0.0004,0.0006,0.0008,0.0010,0.0012,0.0015,0.0018
0.0020,0.0023,0.0026,0.0030,0.0035,0.0042,0.0050,0.0062,0.0083,0.0117
0.0164,0.0226,0.0307,0.0409,0.0530,0.0667,0.0820,0.0985,0.1160,0.1341
0.1534,0.1733,0.1936,0.2146,0.2362,0.2581,0.2800,0.3020,0.3243,0.3468
0.3693,0.3916,0.4141,0.4366,0.4588,0.4810,0.5030,0.5247,0.5461,0.5677
0.5887,0.6094,0.6302,0.6507,0.6706,0.6906,0.7100,0.7289,0.7480,0.7664
0.7839,0.8011,0.8175,0.8330,0.8472,0.8605,0.8728,0.8844,0.8949,0.9041
0.9129,0.9211,0.9285,0.9352,0.9413,0.9469,0.9519,0.9565,0.9607,0.9645
0.9677,0.9707,0.9732,0.9753,0.9772,0.9788,0.9802,0.9813,0.9823,0.9833
0.9841,0.9848,0.9855,0.9860,0.9866,0.9872,0.9876,0.9881,0.9886,0.9890
0.9894,0.9898,0.9902,0.9906,0.9909,0.9912,0.9915,0.9918,0.9922,0.9925
0.9928,0.9931,0.9934,0.9938,0.9940,0.9943,0.9946,0.9949,0.9952,0.9954
0.9957,0.9959,0.9962,0.9965,0.9967,0.9970,0.9972,0.9975,0.9977,0.9979
0.9981,0.9983,0.9986,0.9988,0.9989,0.9992,0.9994,0.9996,0.9998,1.0000
