; Lookup table
;number of bins in Meek's time to distance lookup table
hdriftbins=138
;number of 1st bin in Meek's table in ns
hdrift1stbin=-24
;bin size in ns of Meek's table
hdriftbinsz=2
hwc1x1fract=0.0002,0.0005,0.0007,0.0010,0.0013,0.0016,0.0019,0.0023
0.0026,0.0030,0.0035,0.0039,0.0046,0.0053,0.0065,0.0083,0.0107,0.0140
0.0182,0.0235,0.0304,0.0390,0.0493,0.0610,0.0741,0.0880,0.1033,0.1195
0.1364,0.1542,0.1725,0.1915,0.2110,0.2315,0.2521,0.2733,0.2947,0.3160
0.3377,0.3597,0.3817,0.4037,0.4253,0.4474,0.4694,0.4915,0.5131,0.5349
0.5564,0.5778,0.5990,0.6203,0.6413,0.6621,0.6826,0.7028,0.7223,0.7416
0.7606,0.7787,0.7960,0.8129,0.8286,0.8437,0.8576,0.8707,0.8828,0.8942
0.9044,0.9136,0.9221,0.9301,0.9372,0.9436,0.9494,0.9548,0.9595,0.9635
0.9672,0.9703,0.9731,0.9753,0.9773,0.9788,0.9802,0.9813,0.9823,0.9832
0.9840,0.9847,0.9853,0.9859,0.9865,0.9870,0.9875,0.9880,0.9884,0.9889
0.9893,0.9897,0.9900,0.9904,0.9907,0.9911,0.9915,0.9918,0.9921,0.9924
0.9927,0.9930,0.9934,0.9936,0.9939,0.9942,0.9945,0.9947,0.9950,0.9953
0.9955,0.9958,0.9960,0.9963,0.9965,0.9968,0.9970,0.9972,0.9975,0.9977
0.9980,0.9982,0.9984,0.9987,0.9989,0.9991,0.9994,0.9996,0.9998,1.0000
hwc1y1fract=0.0003,0.0005,0.0008,0.0011,0.0014,0.0018,0.0021,0.0025
0.0029,0.0033,0.0037,0.0042,0.0047,0.0053,0.0061,0.0072,0.0086,0.0105
0.0134,0.0179,0.0249,0.0345,0.0467,0.0616,0.0786,0.0971,0.1170,0.1379
0.1594,0.1812,0.2033,0.2254,0.2477,0.2699,0.2920,0.3142,0.3361,0.3581
0.3797,0.4011,0.4226,0.4437,0.4647,0.4854,0.5061,0.5263,0.5464,0.5666
0.5868,0.6070,0.6271,0.6471,0.6667,0.6859,0.7050,0.7237,0.7420,0.7604
0.7784,0.7955,0.8123,0.8282,0.8435,0.8578,0.8711,0.8836,0.8948,0.9049
0.9140,0.9220,0.9292,0.9355,0.9413,0.9465,0.9511,0.9552,0.9589,0.9622
0.9652,0.9679,0.9702,0.9723,0.9741,0.9758,0.9773,0.9786,0.9797,0.9808
0.9818,0.9828,0.9836,0.9843,0.9850,0.9857,0.9863,0.9869,0.9874,0.9880
0.9884,0.9889,0.9893,0.9897,0.9902,0.9906,0.9910,0.9914,0.9918,0.9921
0.9925,0.9928,0.9931,0.9934,0.9938,0.9941,0.9944,0.9947,0.9950,0.9952
0.9955,0.9958,0.9961,0.9963,0.9966,0.9969,0.9971,0.9974,0.9976,0.9979
0.9981,0.9983,0.9986,0.9988,0.9990,0.9992,0.9994,0.9996,0.9998,1.0000
hwc1u1fract=0.0002,0.0004,0.0006,0.0009,0.0011,0.0013,0.0016,0.0018
0.0020,0.0023,0.0026,0.0028,0.0032,0.0038,0.0048,0.0065,0.0089,0.0122
0.0165,0.0224,0.0306,0.0412,0.0539,0.0686,0.0848,0.1022,0.1208,0.1404
0.1602,0.1805,0.2013,0.2222,0.2436,0.2651,0.2869,0.3086,0.3306,0.3520
0.3732,0.3948,0.4162,0.4374,0.4586,0.4799,0.5012,0.5219,0.5429,0.5633
0.5837,0.6039,0.6242,0.6442,0.6639,0.6835,0.7027,0.7220,0.7407,0.7590
0.7768,0.7941,0.8107,0.8266,0.8416,0.8554,0.8684,0.8805,0.8913,0.9012
0.9102,0.9184,0.9258,0.9324,0.9385,0.9439,0.9489,0.9533,0.9574,0.9610
0.9643,0.9672,0.9698,0.9720,0.9740,0.9758,0.9773,0.9786,0.9797,0.9808
0.9818,0.9827,0.9835,0.9842,0.9849,0.9855,0.9862,0.9867,0.9873,0.9879
0.9884,0.9889,0.9894,0.9898,0.9902,0.9906,0.9910,0.9914,0.9918,0.9921
0.9925,0.9928,0.9931,0.9934,0.9937,0.9940,0.9943,0.9946,0.9949,0.9952
0.9955,0.9958,0.9960,0.9963,0.9966,0.9968,0.9971,0.9974,0.9976,0.9979
0.9981,0.9983,0.9985,0.9987,0.9990,0.9992,0.9994,0.9996,0.9998,1.0000
hwc1v1fract=0.0002,0.0004,0.0006,0.0009,0.0011,0.0013,0.0016,0.0018
0.0021,0.0023,0.0026,0.0029,0.0032,0.0035,0.0039,0.0044,0.0052,0.0065
0.0087,0.0129,0.0196,0.0290,0.0413,0.0559,0.0724,0.0905,0.1097,0.1298
0.1504,0.1715,0.1929,0.2147,0.2367,0.2586,0.2803,0.3020,0.3235,0.3451
0.3666,0.3879,0.4094,0.4309,0.4521,0.4729,0.4937,0.5142,0.5346,0.5548
0.5750,0.5954,0.6151,0.6350,0.6547,0.6739,0.6933,0.7124,0.7311,0.7497
0.7680,0.7857,0.8029,0.8195,0.8354,0.8504,0.8642,0.8769,0.8884,0.8990
0.9083,0.9167,0.9242,0.9308,0.9370,0.9426,0.9475,0.9520,0.9562,0.9599
0.9632,0.9662,0.9690,0.9714,0.9734,0.9752,0.9767,0.9781,0.9793,0.9804
0.9814,0.9824,0.9832,0.9840,0.9848,0.9855,0.9861,0.9867,0.9874,0.9879
0.9884,0.9889,0.9894,0.9899,0.9903,0.9907,0.9911,0.9915,0.9919,0.9923
0.9927,0.9931,0.9934,0.9937,0.9940,0.9943,0.9946,0.9949,0.9952,0.9954
0.9957,0.9959,0.9962,0.9964,0.9967,0.9970,0.9972,0.9974,0.9977,0.9979
0.9981,0.9984,0.9986,0.9988,0.9991,0.9993,0.9994,0.9996,0.9998,1.0000
hwc1y2fract=0.0002,0.0005,0.0007,0.0010,0.0012,0.0015,0.0018,0.0021
0.0024,0.0027,0.0031,0.0034,0.0038,0.0043,0.0050,0.0060,0.0074,0.0097
0.0133,0.0189,0.0270,0.0376,0.0507,0.0660,0.0831,0.1017,0.1215,0.1422
0.1635,0.1851,0.2070,0.2292,0.2514,0.2735,0.2953,0.3174,0.3392,0.3609
0.3826,0.4042,0.4257,0.4466,0.4676,0.4885,0.5088,0.5291,0.5497,0.5697
0.5901,0.6104,0.6301,0.6497,0.6694,0.6888,0.7080,0.7267,0.7452,0.7631
0.7805,0.7975,0.8139,0.8295,0.8442,0.8582,0.8711,0.8831,0.8939,0.9038
0.9124,0.9204,0.9273,0.9336,0.9393,0.9445,0.9490,0.9532,0.9570,0.9604
0.9634,0.9662,0.9686,0.9707,0.9726,0.9743,0.9758,0.9773,0.9785,0.9797
0.9807,0.9817,0.9825,0.9833,0.9841,0.9848,0.9855,0.9861,0.9867,0.9872
0.9877,0.9883,0.9888,0.9893,0.9897,0.9902,0.9906,0.9910,0.9914,0.9918
0.9922,0.9926,0.9929,0.9932,0.9935,0.9938,0.9942,0.9945,0.9948,0.9951
0.9954,0.9957,0.9959,0.9962,0.9965,0.9967,0.9970,0.9972,0.9975,0.9977
0.9980,0.9982,0.9985,0.9987,0.9989,0.9991,0.9994,0.9996,0.9998,1.0000
hwc1x2fract=0.0002,0.0004,0.0007,0.0009,0.0012,0.0014,0.0016,0.0019
0.0022,0.0025,0.0028,0.0032,0.0036,0.0041,0.0047,0.0056,0.0071,0.0092
0.0126,0.0172,0.0236,0.0320,0.0423,0.0542,0.0675,0.0816,0.0970,0.1132
0.1304,0.1488,0.1672,0.1867,0.2066,0.2271,0.2481,0.2695,0.2909,0.3124
0.3344,0.3561,0.3780,0.4000,0.4222,0.4440,0.4660,0.4878,0.5095,0.5307
0.5523,0.5735,0.5946,0.6156,0.6363,0.6568,0.6768,0.6968,0.7164,0.7360
0.7550,0.7735,0.7912,0.8083,0.8243,0.8397,0.8540,0.8676,0.8799,0.8912
0.9017,0.9111,0.9198,0.9280,0.9352,0.9417,0.9478,0.9531,0.9578,0.9620
0.9657,0.9688,0.9715,0.9739,0.9759,0.9777,0.9791,0.9803,0.9814,0.9823
0.9832,0.9839,0.9846,0.9852,0.9858,0.9864,0.9869,0.9873,0.9878,0.9882
0.9887,0.9890,0.9895,0.9898,0.9902,0.9906,0.9910,0.9913,0.9917,0.9920
0.9924,0.9927,0.9930,0.9933,0.9936,0.9939,0.9942,0.9945,0.9948,0.9950
0.9953,0.9956,0.9959,0.9962,0.9965,0.9967,0.9970,0.9972,0.9975,0.9977
0.9980,0.9982,0.9985,0.9987,0.9989,0.9992,0.9993,0.9996,0.9998,1.0000
hwc2x1fract=0.0002,0.0005,0.0007,0.0010,0.0013,0.0016,0.0019,0.0022
0.0025,0.0028,0.0032,0.0036,0.0041,0.0046,0.0052,0.0060,0.0071,0.0089
0.0118,0.0162,0.0222,0.0297,0.0392,0.0499,0.0625,0.0761,0.0915,0.1078
0.1244,0.1421,0.1605,0.1798,0.1996,0.2196,0.2400,0.2609,0.2820,0.3037
0.3254,0.3471,0.3692,0.3914,0.4138,0.4359,0.4578,0.4797,0.5015,0.5231
0.5447,0.5661,0.5877,0.6090,0.6304,0.6513,0.6719,0.6924,0.7128,0.7328
0.7519,0.7708,0.7891,0.8067,0.8234,0.8392,0.8541,0.8679,0.8806,0.8925
0.9032,0.9129,0.9218,0.9297,0.9368,0.9433,0.9490,0.9542,0.9588,0.9630
0.9666,0.9697,0.9724,0.9748,0.9768,0.9784,0.9799,0.9811,0.9822,0.9831
0.9840,0.9847,0.9854,0.9860,0.9865,0.9871,0.9875,0.9880,0.9884,0.9889
0.9893,0.9897,0.9901,0.9905,0.9909,0.9913,0.9916,0.9919,0.9923,0.9926
0.9929,0.9932,0.9935,0.9937,0.9940,0.9942,0.9945,0.9948,0.9951,0.9954
0.9956,0.9959,0.9961,0.9964,0.9966,0.9969,0.9972,0.9974,0.9976,0.9978
0.9981,0.9983,0.9985,0.9987,0.9990,0.9992,0.9994,0.9996,0.9998,1.0000
hwc2y1fract=0.0002,0.0004,0.0007,0.0009,0.0011,0.0014,0.0016,0.0019
0.0022,0.0025,0.0028,0.0032,0.0035,0.0040,0.0045,0.0051,0.0061,0.0075
0.0099,0.0140,0.0206,0.0301,0.0426,0.0577,0.0754,0.0946,0.1153,0.1371
0.1596,0.1823,0.2053,0.2282,0.2515,0.2743,0.2968,0.3192,0.3414,0.3636
0.3856,0.4075,0.4287,0.4499,0.4709,0.4920,0.5129,0.5334,0.5540,0.5743
0.5945,0.6148,0.6351,0.6550,0.6746,0.6942,0.7134,0.7321,0.7507,0.7689
0.7866,0.8040,0.8205,0.8366,0.8518,0.8662,0.8793,0.8914,0.9022,0.9120
0.9208,0.9284,0.9353,0.9412,0.9466,0.9513,0.9555,0.9592,0.9625,0.9655
0.9681,0.9705,0.9725,0.9742,0.9758,0.9772,0.9785,0.9796,0.9807,0.9816
0.9825,0.9832,0.9840,0.9847,0.9853,0.9859,0.9864,0.9869,0.9875,0.9880
0.9885,0.9889,0.9893,0.9898,0.9902,0.9906,0.9910,0.9914,0.9918,0.9922
0.9925,0.9929,0.9932,0.9935,0.9939,0.9942,0.9945,0.9948,0.9950,0.9953
0.9956,0.9959,0.9962,0.9964,0.9966,0.9969,0.9971,0.9974,0.9976,0.9979
0.9981,0.9983,0.9985,0.9987,0.9990,0.9992,0.9994,0.9996,0.9998,1.0000
hwc2u1fract=0.0002,0.0004,0.0006,0.0008,0.0011,0.0013,0.0015,0.0017
0.0020,0.0022,0.0025,0.0027,0.0030,0.0033,0.0036,0.0039,0.0044,0.0051
0.0065,0.0094,0.0150,0.0236,0.0354,0.0506,0.0682,0.0879,0.1088,0.1304
0.1522,0.1749,0.1972,0.2199,0.2424,0.2650,0.2877,0.3102,0.3321,0.3543
0.3762,0.3979,0.4190,0.4400,0.4612,0.4821,0.5028,0.5231,0.5435,0.5638
0.5839,0.6040,0.6239,0.6436,0.6629,0.6822,0.7010,0.7199,0.7385,0.7571
0.7753,0.7930,0.8103,0.8267,0.8427,0.8576,0.8714,0.8843,0.8957,0.9061
0.9152,0.9233,0.9305,0.9368,0.9425,0.9475,0.9519,0.9559,0.9596,0.9627
0.9656,0.9683,0.9706,0.9726,0.9744,0.9760,0.9775,0.9787,0.9798,0.9808
0.9817,0.9826,0.9833,0.9840,0.9847,0.9853,0.9859,0.9865,0.9871,0.9876
0.9881,0.9886,0.9891,0.9896,0.9901,0.9905,0.9910,0.9914,0.9918,0.9922
0.9926,0.9929,0.9933,0.9936,0.9939,0.9942,0.9945,0.9948,0.9951,0.9954
0.9957,0.9959,0.9962,0.9964,0.9967,0.9970,0.9972,0.9975,0.9977,0.9979
0.9981,0.9984,0.9986,0.9988,0.9990,0.9992,0.9994,0.9996,0.9998,1.0000
hwc2v1fract=0.0002,0.0005,0.0007,0.0009,0.0012,0.0014,0.0016,0.0019
0.0021,0.0024,0.0027,0.0030,0.0032,0.0036,0.0040,0.0044,0.0051,0.0063
0.0084,0.0125,0.0195,0.0301,0.0436,0.0600,0.0784,0.0983,0.1191,0.1407
0.1629,0.1855,0.2080,0.2307,0.2532,0.2757,0.2982,0.3206,0.3430,0.3649
0.3866,0.4083,0.4294,0.4505,0.4716,0.4923,0.5128,0.5332,0.5532,0.5737
0.5935,0.6134,0.6332,0.6530,0.6724,0.6917,0.7107,0.7296,0.7478,0.7660
0.7838,0.8013,0.8178,0.8341,0.8495,0.8638,0.8771,0.8894,0.9002,0.9099
0.9185,0.9261,0.9329,0.9390,0.9444,0.9493,0.9534,0.9573,0.9608,0.9638
0.9667,0.9691,0.9713,0.9733,0.9751,0.9767,0.9780,0.9792,0.9802,0.9812
0.9820,0.9828,0.9835,0.9842,0.9849,0.9855,0.9861,0.9866,0.9872,0.9877
0.9882,0.9887,0.9891,0.9896,0.9900,0.9905,0.9909,0.9914,0.9917,0.9921
0.9925,0.9928,0.9931,0.9935,0.9938,0.9942,0.9945,0.9948,0.9950,0.9953
0.9956,0.9958,0.9961,0.9963,0.9966,0.9969,0.9971,0.9973,0.9976,0.9978
0.9981,0.9983,0.9986,0.9988,0.9990,0.9992,0.9994,0.9996,0.9998,1.0000
hwc2y2fract=0.0002,0.0005,0.0007,0.0009,0.0012,0.0015,0.0017,0.0020
0.0023,0.0026,0.0030,0.0033,0.0037,0.0042,0.0048,0.0055,0.0067,0.0084
0.0113,0.0159,0.0232,0.0333,0.0465,0.0620,0.0800,0.0999,0.1209,0.1429
0.1652,0.1880,0.2109,0.2341,0.2568,0.2796,0.3025,0.3250,0.3475,0.3696
0.3913,0.4131,0.4348,0.4558,0.4769,0.4977,0.5184,0.5389,0.5593,0.5796
0.5997,0.6201,0.6402,0.6601,0.6795,0.6989,0.7180,0.7368,0.7555,0.7736
0.7914,0.8086,0.8253,0.8411,0.8559,0.8699,0.8828,0.8945,0.9050,0.9146
0.9231,0.9305,0.9370,0.9428,0.9480,0.9525,0.9565,0.9601,0.9633,0.9662
0.9686,0.9707,0.9727,0.9743,0.9758,0.9772,0.9784,0.9795,0.9805,0.9814
0.9822,0.9831,0.9838,0.9845,0.9851,0.9857,0.9863,0.9868,0.9873,0.9878
0.9883,0.9887,0.9892,0.9896,0.9901,0.9905,0.9909,0.9913,0.9917,0.9921
0.9925,0.9928,0.9932,0.9935,0.9938,0.9941,0.9944,0.9947,0.9950,0.9953
0.9955,0.9958,0.9961,0.9963,0.9966,0.9968,0.9971,0.9973,0.9976,0.9978
0.9980,0.9983,0.9985,0.9987,0.9990,0.9992,0.9994,0.9996,0.9998,1.0000
hwc2x2fract=0.0002,0.0005,0.0007,0.0010,0.0012,0.0014,0.0017,0.0020
0.0023,0.0026,0.0030,0.0034,0.0038,0.0044,0.0052,0.0064,0.0084,0.0115
0.0157,0.0215,0.0293,0.0390,0.0505,0.0637,0.0781,0.0939,0.1106,0.1281
0.1465,0.1656,0.1854,0.2056,0.2261,0.2474,0.2689,0.2908,0.3123,0.3342
0.3562,0.3783,0.4006,0.4228,0.4449,0.4667,0.4886,0.5106,0.5321,0.5539
0.5753,0.5965,0.6176,0.6384,0.6592,0.6797,0.7001,0.7199,0.7392,0.7584
0.7769,0.7949,0.8122,0.8286,0.8442,0.8587,0.8721,0.8847,0.8959,0.9061
0.9153,0.9236,0.9311,0.9380,0.9442,0.9497,0.9547,0.9592,0.9631,0.9666
0.9697,0.9722,0.9745,0.9764,0.9780,0.9795,0.9806,0.9818,0.9827,0.9835
0.9842,0.9849,0.9855,0.9861,0.9866,0.9872,0.9876,0.9881,0.9885,0.9889
0.9894,0.9897,0.9901,0.9905,0.9909,0.9912,0.9915,0.9918,0.9922,0.9925
0.9928,0.9931,0.9934,0.9937,0.9940,0.9943,0.9946,0.9948,0.9951,0.9954
0.9956,0.9958,0.9961,0.9963,0.9966,0.9969,0.9971,0.9973,0.9976,0.9978
0.9980,0.9983,0.9985,0.9987,0.9989,0.9992,0.9994,0.9996,0.9998,1.0000
