; Lookup table
;number of bins in Meek's time to distance lookup table
hdriftbins=138
;number of 1st bin in Meek's table in ns
hdrift1stbin=-24
;bin size in ns of Meek's table
hdriftbinsz=2
hwc1x1fract=0.0001,0.0002,0.0003,0.0004,0.0005,0.0007,0.0008,0.0009
0.0011,0.0013,0.0015,0.0017,0.0020,0.0024,0.0030,0.0040,0.0056,0.0079
0.0108,0.0146,0.0198,0.0266,0.0356,0.0466,0.0593,0.0735,0.0891,0.1058
0.1240,0.1428,0.1627,0.1835,0.2053,0.2271,0.2496,0.2724,0.2954,0.3180
0.3411,0.3640,0.3872,0.4101,0.4335,0.4560,0.4787,0.5009,0.5232,0.5454
0.5672,0.5887,0.6102,0.6314,0.6522,0.6727,0.6933,0.7131,0.7329,0.7520
0.7702,0.7881,0.8052,0.8217,0.8375,0.8524,0.8662,0.8789,0.8905,0.9011
0.9110,0.9199,0.9279,0.9354,0.9423,0.9486,0.9542,0.9594,0.9641,0.9682
0.9721,0.9754,0.9783,0.9807,0.9829,0.9847,0.9863,0.9876,0.9887,0.9897
0.9905,0.9912,0.9919,0.9924,0.9929,0.9934,0.9938,0.9942,0.9945,0.9948
0.9951,0.9954,0.9956,0.9958,0.9960,0.9962,0.9964,0.9966,0.9968,0.9970
0.9971,0.9972,0.9973,0.9975,0.9976,0.9978,0.9979,0.9980,0.9981,0.9983
0.9984,0.9985,0.9986,0.9987,0.9988,0.9989,0.9990,0.9991,0.9992,0.9993
0.9994,0.9994,0.9995,0.9996,0.9996,0.9997,0.9998,0.9999,0.9999,1.0000
hwc1y1fract=0.0001,0.0002,0.0003,0.0004,0.0005,0.0006,0.0008,0.0009
0.0011,0.0013,0.0014,0.0017,0.0020,0.0025,0.0030,0.0037,0.0048,0.0064
0.0088,0.0130,0.0194,0.0289,0.0417,0.0574,0.0755,0.0956,0.1179,0.1410
0.1649,0.1889,0.2134,0.2381,0.2624,0.2865,0.3107,0.3340,0.3574,0.3804
0.4034,0.4261,0.4481,0.4701,0.4917,0.5129,0.5337,0.5544,0.5747,0.5949
0.6148,0.6349,0.6551,0.6747,0.6945,0.7137,0.7327,0.7513,0.7696,0.7874
0.8048,0.8216,0.8373,0.8526,0.8673,0.8804,0.8924,0.9034,0.9133,0.9219
0.9296,0.9365,0.9426,0.9479,0.9525,0.9570,0.9609,0.9646,0.9679,0.9709
0.9736,0.9760,0.9780,0.9799,0.9816,0.9831,0.9844,0.9856,0.9866,0.9876
0.9885,0.9893,0.9901,0.9907,0.9914,0.9919,0.9925,0.9930,0.9934,0.9938
0.9942,0.9945,0.9949,0.9952,0.9955,0.9958,0.9960,0.9963,0.9965,0.9967
0.9969,0.9972,0.9973,0.9975,0.9977,0.9978,0.9980,0.9981,0.9982,0.9983
0.9984,0.9986,0.9987,0.9987,0.9988,0.9989,0.9990,0.9991,0.9992,0.9993
0.9993,0.9994,0.9995,0.9996,0.9996,0.9997,0.9998,0.9999,0.9999,1.0000
hwc1u1fract=0.0000,0.0001,0.0001,0.0002,0.0002,0.0003,0.0003,0.0004
0.0005,0.0006,0.0006,0.0007,0.0008,0.0010,0.0014,0.0022,0.0037,0.0058
0.0088,0.0128,0.0185,0.0271,0.0382,0.0522,0.0683,0.0861,0.1052,0.1259
0.1474,0.1702,0.1928,0.2159,0.2392,0.2625,0.2860,0.3093,0.3324,0.3556
0.3783,0.4008,0.4232,0.4452,0.4670,0.4887,0.5101,0.5315,0.5523,0.5732
0.5940,0.6143,0.6349,0.6553,0.6752,0.6948,0.7145,0.7337,0.7527,0.7708
0.7888,0.8060,0.8223,0.8379,0.8528,0.8664,0.8793,0.8907,0.9014,0.9107
0.9190,0.9265,0.9334,0.9395,0.9450,0.9503,0.9550,0.9592,0.9633,0.9669
0.9701,0.9730,0.9756,0.9780,0.9799,0.9817,0.9832,0.9846,0.9858,0.9869
0.9879,0.9888,0.9895,0.9902,0.9909,0.9915,0.9920,0.9925,0.9930,0.9934
0.9938,0.9942,0.9945,0.9949,0.9951,0.9955,0.9957,0.9960,0.9962,0.9964
0.9966,0.9969,0.9971,0.9972,0.9973,0.9975,0.9977,0.9978,0.9980,0.9981
0.9982,0.9984,0.9985,0.9986,0.9987,0.9988,0.9989,0.9990,0.9991,0.9992
0.9993,0.9994,0.9994,0.9995,0.9996,0.9997,0.9998,0.9999,0.9999,1.0000
hwc1v1fract=0.0000,0.0001,0.0002,0.0002,0.0003,0.0003,0.0004,0.0005
0.0005,0.0006,0.0007,0.0008,0.0010,0.0011,0.0013,0.0017,0.0023,0.0034
0.0056,0.0096,0.0164,0.0264,0.0395,0.0556,0.0737,0.0934,0.1148,0.1373
0.1600,0.1831,0.2064,0.2297,0.2533,0.2766,0.2997,0.3231,0.3458,0.3682
0.3906,0.4128,0.4347,0.4563,0.4778,0.4991,0.5204,0.5415,0.5621,0.5820
0.6023,0.6225,0.6426,0.6623,0.6820,0.7017,0.7210,0.7404,0.7589,0.7776
0.7954,0.8128,0.8295,0.8452,0.8601,0.8741,0.8865,0.8979,0.9078,0.9167
0.9246,0.9317,0.9379,0.9437,0.9487,0.9534,0.9576,0.9616,0.9652,0.9686
0.9715,0.9743,0.9767,0.9787,0.9806,0.9823,0.9837,0.9850,0.9862,0.9871
0.9880,0.9888,0.9895,0.9902,0.9908,0.9913,0.9919,0.9924,0.9928,0.9932
0.9936,0.9940,0.9944,0.9947,0.9950,0.9953,0.9955,0.9958,0.9961,0.9964
0.9966,0.9968,0.9970,0.9972,0.9974,0.9975,0.9977,0.9979,0.9980,0.9981
0.9982,0.9984,0.9985,0.9986,0.9987,0.9988,0.9989,0.9990,0.9991,0.9992
0.9993,0.9994,0.9995,0.9995,0.9996,0.9997,0.9998,0.9999,0.9999,1.0000
hwc1y2fract=0.0001,0.0001,0.0002,0.0003,0.0003,0.0004,0.0005,0.0005
0.0006,0.0008,0.0009,0.0010,0.0012,0.0014,0.0017,0.0021,0.0027,0.0038
0.0055,0.0085,0.0134,0.0209,0.0314,0.0452,0.0613,0.0799,0.1002,0.1220
0.1452,0.1683,0.1924,0.2167,0.2408,0.2647,0.2885,0.3117,0.3347,0.3577
0.3806,0.4033,0.4257,0.4474,0.4688,0.4903,0.5114,0.5323,0.5530,0.5735
0.5939,0.6146,0.6350,0.6548,0.6747,0.6944,0.7135,0.7325,0.7513,0.7695
0.7876,0.8048,0.8211,0.8369,0.8520,0.8657,0.8784,0.8902,0.9008,0.9101
0.9188,0.9264,0.9332,0.9393,0.9446,0.9496,0.9540,0.9579,0.9616,0.9650
0.9681,0.9709,0.9734,0.9756,0.9776,0.9794,0.9810,0.9825,0.9838,0.9850
0.9860,0.9870,0.9879,0.9888,0.9895,0.9902,0.9909,0.9915,0.9921,0.9926
0.9930,0.9935,0.9939,0.9943,0.9946,0.9949,0.9952,0.9954,0.9957,0.9960
0.9963,0.9966,0.9968,0.9970,0.9972,0.9974,0.9976,0.9978,0.9979,0.9981
0.9982,0.9984,0.9985,0.9986,0.9987,0.9988,0.9989,0.9990,0.9991,0.9992
0.9993,0.9994,0.9995,0.9995,0.9996,0.9997,0.9998,0.9999,0.9999,1.0000
hwc1x2fract=0.0001,0.0001,0.0002,0.0003,0.0003,0.0004,0.0005,0.0005
0.0006,0.0007,0.0009,0.0010,0.0011,0.0014,0.0016,0.0021,0.0027,0.0038
0.0056,0.0087,0.0131,0.0196,0.0282,0.0391,0.0519,0.0666,0.0826,0.1001
0.1190,0.1386,0.1594,0.1800,0.2019,0.2239,0.2465,0.2696,0.2927,0.3157
0.3388,0.3622,0.3857,0.4091,0.4317,0.4545,0.4769,0.4993,0.5218,0.5435
0.5650,0.5868,0.6078,0.6289,0.6496,0.6697,0.6897,0.7096,0.7294,0.7487
0.7673,0.7857,0.8034,0.8203,0.8363,0.8513,0.8653,0.8780,0.8898,0.9004
0.9100,0.9189,0.9269,0.9344,0.9411,0.9474,0.9529,0.9583,0.9631,0.9671
0.9708,0.9742,0.9772,0.9798,0.9818,0.9836,0.9853,0.9866,0.9878,0.9888
0.9898,0.9905,0.9912,0.9918,0.9924,0.9929,0.9933,0.9937,0.9941,0.9944
0.9946,0.9949,0.9952,0.9955,0.9957,0.9959,0.9961,0.9963,0.9965,0.9967
0.9969,0.9970,0.9972,0.9974,0.9975,0.9977,0.9978,0.9979,0.9981,0.9982
0.9983,0.9984,0.9985,0.9986,0.9987,0.9988,0.9989,0.9990,0.9991,0.9992
0.9993,0.9994,0.9994,0.9995,0.9996,0.9997,0.9998,0.9998,0.9999,1.0000
hwc2x1fract=0.0001,0.0002,0.0003,0.0004,0.0006,0.0007,0.0008,0.0010
0.0012,0.0014,0.0016,0.0019,0.0022,0.0025,0.0030,0.0035,0.0044,0.0060
0.0087,0.0128,0.0184,0.0256,0.0349,0.0459,0.0590,0.0736,0.0895,0.1066
0.1250,0.1444,0.1645,0.1853,0.2066,0.2283,0.2507,0.2733,0.2962,0.3191
0.3424,0.3654,0.3887,0.4119,0.4348,0.4575,0.4800,0.5023,0.5249,0.5473
0.5695,0.5912,0.6126,0.6339,0.6552,0.6763,0.6974,0.7176,0.7374,0.7568
0.7760,0.7944,0.8124,0.8292,0.8454,0.8603,0.8742,0.8867,0.8981,0.9082
0.9174,0.9259,0.9334,0.9405,0.9468,0.9524,0.9577,0.9624,0.9666,0.9705
0.9738,0.9768,0.9794,0.9817,0.9837,0.9853,0.9868,0.9880,0.9890,0.9899
0.9907,0.9914,0.9919,0.9925,0.9930,0.9935,0.9939,0.9943,0.9946,0.9948
0.9952,0.9955,0.9957,0.9960,0.9962,0.9964,0.9966,0.9968,0.9969,0.9971
0.9972,0.9974,0.9975,0.9977,0.9978,0.9979,0.9980,0.9982,0.9983,0.9984
0.9985,0.9986,0.9987,0.9988,0.9989,0.9990,0.9991,0.9992,0.9992,0.9993
0.9994,0.9995,0.9995,0.9996,0.9997,0.9997,0.9998,0.9999,0.9999,1.0000
hwc2y1fract=0.0000,0.0001,0.0002,0.0003,0.0003,0.0004,0.0005,0.0006
0.0007,0.0008,0.0010,0.0012,0.0013,0.0015,0.0018,0.0022,0.0030,0.0042
0.0063,0.0102,0.0165,0.0263,0.0394,0.0555,0.0748,0.0957,0.1179,0.1419
0.1667,0.1912,0.2158,0.2408,0.2658,0.2899,0.3140,0.3375,0.3608,0.3839
0.4064,0.4289,0.4509,0.4728,0.4945,0.5156,0.5367,0.5576,0.5782,0.5988
0.6191,0.6393,0.6593,0.6795,0.6991,0.7184,0.7373,0.7562,0.7745,0.7926
0.8105,0.8274,0.8435,0.8587,0.8728,0.8862,0.8981,0.9091,0.9188,0.9275
0.9351,0.9416,0.9474,0.9526,0.9572,0.9612,0.9649,0.9682,0.9711,0.9738
0.9762,0.9783,0.9801,0.9818,0.9833,0.9847,0.9858,0.9869,0.9877,0.9885
0.9893,0.9899,0.9906,0.9911,0.9917,0.9922,0.9926,0.9930,0.9935,0.9938
0.9942,0.9945,0.9948,0.9950,0.9953,0.9956,0.9958,0.9960,0.9962,0.9964
0.9967,0.9969,0.9971,0.9973,0.9974,0.9976,0.9978,0.9979,0.9981,0.9982
0.9983,0.9985,0.9986,0.9987,0.9988,0.9989,0.9990,0.9991,0.9992,0.9993
0.9994,0.9995,0.9995,0.9996,0.9997,0.9997,0.9998,0.9999,1.0000,1.0000
hwc2u1fract=0.0000,0.0001,0.0002,0.0002,0.0003,0.0003,0.0004,0.0004
0.0005,0.0006,0.0006,0.0007,0.0008,0.0009,0.0011,0.0013,0.0016,0.0022
0.0033,0.0059,0.0113,0.0201,0.0328,0.0490,0.0680,0.0892,0.1121,0.1361
0.1603,0.1849,0.2091,0.2334,0.2574,0.2818,0.3058,0.3292,0.3523,0.3750
0.3977,0.4201,0.4422,0.4637,0.4851,0.5064,0.5275,0.5480,0.5685,0.5890
0.6096,0.6295,0.6493,0.6689,0.6881,0.7076,0.7268,0.7459,0.7645,0.7828
0.8008,0.8179,0.8345,0.8506,0.8655,0.8797,0.8927,0.9041,0.9143,0.9232
0.9310,0.9379,0.9439,0.9492,0.9538,0.9582,0.9620,0.9656,0.9686,0.9715
0.9742,0.9765,0.9785,0.9805,0.9820,0.9834,0.9847,0.9858,0.9867,0.9876
0.9883,0.9890,0.9896,0.9902,0.9908,0.9913,0.9918,0.9923,0.9927,0.9931
0.9935,0.9939,0.9943,0.9946,0.9949,0.9952,0.9954,0.9957,0.9960,0.9963
0.9965,0.9967,0.9969,0.9972,0.9974,0.9975,0.9977,0.9979,0.9980,0.9982
0.9983,0.9984,0.9986,0.9987,0.9988,0.9989,0.9990,0.9991,0.9992,0.9993
0.9994,0.9994,0.9995,0.9996,0.9997,0.9997,0.9998,0.9999,0.9999,1.0000
hwc2v1fract=0.0001,0.0001,0.0002,0.0002,0.0003,0.0004,0.0004,0.0005
0.0006,0.0007,0.0008,0.0009,0.0011,0.0012,0.0014,0.0017,0.0022,0.0032
0.0052,0.0091,0.0163,0.0271,0.0414,0.0591,0.0791,0.1014,0.1243,0.1486
0.1730,0.1975,0.2223,0.2469,0.2710,0.2949,0.3187,0.3420,0.3647,0.3875
0.4101,0.4320,0.4534,0.4753,0.4963,0.5179,0.5388,0.5595,0.5797,0.6000
0.6200,0.6399,0.6598,0.6793,0.6985,0.7182,0.7368,0.7557,0.7737,0.7920
0.8094,0.8261,0.8422,0.8580,0.8724,0.8857,0.8978,0.9088,0.9184,0.9267
0.9339,0.9403,0.9460,0.9510,0.9556,0.9598,0.9634,0.9669,0.9700,0.9729
0.9753,0.9775,0.9794,0.9813,0.9828,0.9842,0.9854,0.9864,0.9873,0.9881
0.9888,0.9895,0.9901,0.9908,0.9913,0.9918,0.9923,0.9927,0.9931,0.9934
0.9938,0.9942,0.9946,0.9949,0.9952,0.9955,0.9958,0.9961,0.9963,0.9966
0.9968,0.9970,0.9972,0.9974,0.9976,0.9977,0.9979,0.9980,0.9982,0.9983
0.9984,0.9986,0.9987,0.9988,0.9989,0.9990,0.9991,0.9992,0.9993,0.9993
0.9994,0.9995,0.9995,0.9996,0.9997,0.9997,0.9998,0.9999,0.9999,1.0000
hwc2y2fract=0.0001,0.0001,0.0002,0.0003,0.0003,0.0004,0.0005,0.0006
0.0008,0.0009,0.0011,0.0012,0.0015,0.0018,0.0022,0.0028,0.0038,0.0054
0.0081,0.0124,0.0194,0.0295,0.0433,0.0600,0.0792,0.1005,0.1231,0.1474
0.1716,0.1967,0.2215,0.2461,0.2705,0.2950,0.3188,0.3424,0.3662,0.3889
0.4116,0.4336,0.4556,0.4775,0.4990,0.5203,0.5415,0.5623,0.5828,0.6033
0.6232,0.6436,0.6636,0.6833,0.7031,0.7226,0.7418,0.7608,0.7793,0.7973
0.8144,0.8311,0.8473,0.8623,0.8760,0.8888,0.9006,0.9111,0.9207,0.9290
0.9360,0.9424,0.9481,0.9531,0.9575,0.9615,0.9651,0.9683,0.9712,0.9740
0.9764,0.9784,0.9802,0.9819,0.9833,0.9846,0.9857,0.9868,0.9877,0.9885
0.9892,0.9900,0.9905,0.9911,0.9916,0.9921,0.9925,0.9929,0.9932,0.9936
0.9939,0.9943,0.9946,0.9949,0.9952,0.9955,0.9958,0.9960,0.9962,0.9965
0.9967,0.9969,0.9971,0.9973,0.9974,0.9976,0.9978,0.9980,0.9981,0.9982
0.9984,0.9985,0.9986,0.9987,0.9987,0.9988,0.9989,0.9990,0.9991,0.9992
0.9993,0.9994,0.9995,0.9996,0.9997,0.9997,0.9998,0.9999,0.9999,1.0000
hwc2x2fract=0.0001,0.0001,0.0002,0.0003,0.0004,0.0005,0.0006,0.0008
0.0009,0.0010,0.0012,0.0014,0.0016,0.0019,0.0023,0.0028,0.0039,0.0057
0.0086,0.0125,0.0182,0.0261,0.0358,0.0479,0.0618,0.0776,0.0947,0.1130
0.1327,0.1531,0.1743,0.1956,0.2179,0.2408,0.2640,0.2874,0.3103,0.3339
0.3575,0.3811,0.4046,0.4275,0.4502,0.4726,0.4949,0.5176,0.5395,0.5610
0.5828,0.6039,0.6251,0.6461,0.6668,0.6875,0.7077,0.7274,0.7471,0.7662
0.7849,0.8029,0.8202,0.8365,0.8518,0.8661,0.8790,0.8911,0.9021,0.9120
0.9210,0.9291,0.9363,0.9430,0.9489,0.9545,0.9594,0.9639,0.9678,0.9716
0.9747,0.9775,0.9801,0.9821,0.9839,0.9855,0.9870,0.9881,0.9892,0.9900
0.9908,0.9915,0.9921,0.9926,0.9931,0.9935,0.9939,0.9942,0.9946,0.9948
0.9951,0.9954,0.9956,0.9959,0.9960,0.9962,0.9964,0.9966,0.9968,0.9970
0.9971,0.9973,0.9975,0.9976,0.9977,0.9978,0.9980,0.9981,0.9982,0.9983
0.9984,0.9985,0.9986,0.9987,0.9988,0.9989,0.9990,0.9991,0.9992,0.9993
0.9993,0.9994,0.9995,0.9996,0.9997,0.9998,0.9998,0.9999,0.9999,1.0000
