; Lookup table
;number of bins in Meek's time to distance lookup table
hdriftbins=138
;number of 1st bin in Meek's table in ns
hdrift1stbin=-24
;bin size in ns of Meek's table
hdriftbinsz=2
hwc1x1fract=0.0001,0.0001,0.0002,0.0002,0.0003,0.0004,0.0005,0.0006
0.0007,0.0009,0.0010,0.0012,0.0015,0.0020,0.0026,0.0039,0.0058,0.0082
0.0115,0.0160,0.0221,0.0302,0.0398,0.0509,0.0636,0.0774,0.0922,0.1082
0.1252,0.1426,0.1612,0.1802,0.1997,0.2201,0.2409,0.2621,0.2837,0.3057
0.3279,0.3501,0.3725,0.3947,0.4171,0.4400,0.4622,0.4846,0.5069,0.5292
0.5515,0.5731,0.5947,0.6163,0.6378,0.6589,0.6796,0.7005,0.7207,0.7408
0.7601,0.7789,0.7972,0.8145,0.8312,0.8469,0.8617,0.8756,0.8884,0.9006
0.9114,0.9213,0.9305,0.9388,0.9463,0.9533,0.9594,0.9651,0.9699,0.9743
0.9781,0.9814,0.9842,0.9866,0.9886,0.9903,0.9916,0.9927,0.9936,0.9943
0.9949,0.9955,0.9959,0.9964,0.9967,0.9970,0.9973,0.9975,0.9977,0.9979
0.9981,0.9982,0.9984,0.9985,0.9986,0.9987,0.9989,0.9990,0.9990,0.9991
0.9992,0.9993,0.9993,0.9994,0.9994,0.9995,0.9995,0.9995,0.9996,0.9996
0.9996,0.9997,0.9997,0.9997,0.9998,0.9998,0.9998,0.9998,0.9998,0.9999
0.9999,0.9999,0.9999,0.9999,0.9999,0.9999,1.0000,1.0000,1.0000,1.0000
hwc1y1fract=0.0001,0.0001,0.0002,0.0002,0.0003,0.0004,0.0005,0.0006
0.0007,0.0008,0.0010,0.0011,0.0014,0.0016,0.0020,0.0027,0.0035,0.0049
0.0072,0.0111,0.0175,0.0265,0.0380,0.0523,0.0687,0.0869,0.1065,0.1274
0.1488,0.1707,0.1932,0.2155,0.2381,0.2607,0.2835,0.3060,0.3284,0.3508
0.3730,0.3952,0.4171,0.4388,0.4604,0.4817,0.5029,0.5240,0.5448,0.5655
0.5858,0.6064,0.6269,0.6471,0.6673,0.6871,0.7067,0.7261,0.7456,0.7640
0.7825,0.8001,0.8172,0.8338,0.8497,0.8645,0.8783,0.8911,0.9029,0.9136
0.9231,0.9316,0.9392,0.9458,0.9519,0.9572,0.9621,0.9665,0.9704,0.9737
0.9769,0.9795,0.9819,0.9840,0.9858,0.9874,0.9887,0.9899,0.9909,0.9919
0.9927,0.9934,0.9940,0.9946,0.9951,0.9955,0.9959,0.9963,0.9967,0.9970
0.9972,0.9975,0.9977,0.9979,0.9982,0.9983,0.9985,0.9986,0.9988,0.9989
0.9990,0.9991,0.9992,0.9993,0.9993,0.9994,0.9995,0.9995,0.9995,0.9996
0.9996,0.9997,0.9997,0.9997,0.9997,0.9997,0.9998,0.9998,0.9998,0.9998
0.9998,0.9999,0.9999,0.9999,0.9999,0.9999,0.9999,1.0000,1.0000,1.0000
hwc1u1fract=0.0000,0.0000,0.0001,0.0001,0.0001,0.0001,0.0002,0.0002
0.0002,0.0002,0.0003,0.0003,0.0005,0.0007,0.0013,0.0024,0.0042,0.0067
0.0101,0.0152,0.0228,0.0329,0.0453,0.0598,0.0757,0.0929,0.1112,0.1310
0.1509,0.1712,0.1922,0.2134,0.2350,0.2567,0.2787,0.3010,0.3231,0.3448
0.3667,0.3884,0.4105,0.4325,0.4541,0.4756,0.4971,0.5183,0.5392,0.5601
0.5810,0.6016,0.6220,0.6424,0.6626,0.6827,0.7026,0.7220,0.7413,0.7600
0.7783,0.7962,0.8133,0.8297,0.8455,0.8605,0.8742,0.8867,0.8984,0.9087
0.9182,0.9267,0.9344,0.9413,0.9477,0.9535,0.9587,0.9635,0.9678,0.9716
0.9750,0.9780,0.9807,0.9830,0.9850,0.9867,0.9881,0.9893,0.9905,0.9914
0.9922,0.9929,0.9936,0.9942,0.9947,0.9951,0.9956,0.9960,0.9963,0.9966
0.9970,0.9972,0.9975,0.9977,0.9979,0.9981,0.9983,0.9985,0.9986,0.9988
0.9989,0.9990,0.9991,0.9992,0.9993,0.9994,0.9994,0.9995,0.9995,0.9996
0.9996,0.9997,0.9997,0.9997,0.9998,0.9998,0.9998,0.9998,0.9999,0.9999
0.9999,0.9999,0.9999,0.9999,0.9999,0.9999,1.0000,1.0000,1.0000,1.0000
hwc1v1fract=0.0000,0.0000,0.0001,0.0001,0.0001,0.0001,0.0002,0.0002
0.0002,0.0003,0.0004,0.0004,0.0005,0.0006,0.0008,0.0011,0.0017,0.0027
0.0050,0.0089,0.0153,0.0246,0.0364,0.0508,0.0670,0.0850,0.1039,0.1239
0.1442,0.1655,0.1866,0.2083,0.2300,0.2518,0.2738,0.2961,0.3181,0.3403
0.3624,0.3845,0.4063,0.4280,0.4492,0.4708,0.4919,0.5130,0.5340,0.5548
0.5755,0.5959,0.6161,0.6365,0.6566,0.6766,0.6964,0.7158,0.7349,0.7543
0.7730,0.7912,0.8090,0.8259,0.8422,0.8574,0.8717,0.8850,0.8971,0.9077
0.9174,0.9260,0.9338,0.9407,0.9470,0.9527,0.9579,0.9625,0.9667,0.9706
0.9741,0.9772,0.9800,0.9824,0.9845,0.9862,0.9876,0.9889,0.9900,0.9910
0.9918,0.9925,0.9932,0.9938,0.9943,0.9948,0.9953,0.9957,0.9960,0.9964
0.9967,0.9970,0.9973,0.9975,0.9977,0.9979,0.9981,0.9983,0.9985,0.9986
0.9987,0.9989,0.9990,0.9991,0.9992,0.9993,0.9993,0.9994,0.9995,0.9995
0.9996,0.9996,0.9997,0.9997,0.9997,0.9997,0.9998,0.9998,0.9998,0.9999
0.9999,0.9999,0.9999,0.9999,0.9999,1.0000,1.0000,1.0000,1.0000,1.0000
hwc1y2fract=0.0000,0.0001,0.0001,0.0001,0.0002,0.0002,0.0003,0.0003
0.0004,0.0005,0.0006,0.0007,0.0008,0.0010,0.0013,0.0019,0.0029,0.0048
0.0080,0.0131,0.0205,0.0307,0.0434,0.0580,0.0751,0.0933,0.1131,0.1337
0.1551,0.1764,0.1985,0.2207,0.2430,0.2652,0.2879,0.3103,0.3326,0.3547
0.3767,0.3990,0.4208,0.4425,0.4641,0.4854,0.5069,0.5278,0.5490,0.5697
0.5904,0.6109,0.6312,0.6514,0.6715,0.6913,0.7106,0.7298,0.7484,0.7671
0.7852,0.8028,0.8195,0.8358,0.8512,0.8656,0.8791,0.8912,0.9024,0.9125
0.9217,0.9298,0.9371,0.9437,0.9495,0.9550,0.9599,0.9643,0.9681,0.9716
0.9748,0.9776,0.9801,0.9823,0.9842,0.9859,0.9873,0.9886,0.9898,0.9907
0.9916,0.9924,0.9930,0.9937,0.9942,0.9947,0.9952,0.9955,0.9960,0.9963
0.9966,0.9969,0.9971,0.9974,0.9976,0.9979,0.9981,0.9982,0.9984,0.9986
0.9987,0.9988,0.9990,0.9991,0.9992,0.9992,0.9993,0.9994,0.9994,0.9995
0.9995,0.9996,0.9996,0.9997,0.9997,0.9997,0.9998,0.9998,0.9998,0.9998
0.9998,0.9999,0.9999,0.9999,0.9999,0.9999,1.0000,1.0000,1.0000,1.0000
hwc1x2fract=0.0000,0.0001,0.0001,0.0001,0.0002,0.0002,0.0002,0.0003
0.0004,0.0004,0.0005,0.0006,0.0008,0.0010,0.0013,0.0019,0.0030,0.0048
0.0077,0.0119,0.0181,0.0263,0.0362,0.0479,0.0606,0.0748,0.0900,0.1063
0.1236,0.1417,0.1605,0.1802,0.2003,0.2208,0.2417,0.2632,0.2850,0.3071
0.3289,0.3511,0.3737,0.3959,0.4181,0.4406,0.4628,0.4852,0.5074,0.5294
0.5514,0.5733,0.5952,0.6168,0.6383,0.6595,0.6801,0.7007,0.7209,0.7406
0.7600,0.7789,0.7970,0.8145,0.8315,0.8474,0.8622,0.8760,0.8892,0.9013
0.9122,0.9220,0.9311,0.9392,0.9468,0.9535,0.9596,0.9650,0.9700,0.9744
0.9780,0.9813,0.9842,0.9864,0.9884,0.9900,0.9914,0.9925,0.9935,0.9942
0.9949,0.9954,0.9958,0.9962,0.9966,0.9969,0.9971,0.9973,0.9975,0.9978
0.9980,0.9981,0.9982,0.9984,0.9985,0.9986,0.9987,0.9988,0.9988,0.9989
0.9990,0.9991,0.9992,0.9992,0.9993,0.9994,0.9994,0.9995,0.9995,0.9995
0.9996,0.9996,0.9997,0.9997,0.9997,0.9997,0.9998,0.9998,0.9998,0.9998
0.9999,0.9999,0.9999,0.9999,0.9999,0.9999,1.0000,1.0000,1.0000,1.0000
hwc2x1fract=0.0000,0.0001,0.0001,0.0002,0.0003,0.0003,0.0004,0.0005
0.0006,0.0008,0.0009,0.0011,0.0013,0.0015,0.0018,0.0022,0.0030,0.0043
0.0068,0.0106,0.0159,0.0228,0.0316,0.0422,0.0544,0.0681,0.0828,0.0988
0.1154,0.1333,0.1517,0.1710,0.1907,0.2110,0.2315,0.2526,0.2742,0.2959
0.3182,0.3401,0.3627,0.3854,0.4081,0.4304,0.4528,0.4752,0.4976,0.5199
0.5420,0.5643,0.5865,0.6080,0.6295,0.6508,0.6721,0.6933,0.7146,0.7353
0.7551,0.7746,0.7937,0.8118,0.8293,0.8458,0.8612,0.8753,0.8886,0.9008
0.9119,0.9219,0.9313,0.9397,0.9469,0.9536,0.9596,0.9650,0.9698,0.9740
0.9777,0.9810,0.9838,0.9862,0.9881,0.9898,0.9911,0.9922,0.9931,0.9939
0.9946,0.9951,0.9956,0.9960,0.9964,0.9967,0.9969,0.9972,0.9974,0.9977
0.9979,0.9981,0.9982,0.9984,0.9985,0.9986,0.9987,0.9989,0.9990,0.9990
0.9991,0.9992,0.9993,0.9993,0.9994,0.9995,0.9995,0.9996,0.9996,0.9996
0.9997,0.9997,0.9997,0.9998,0.9998,0.9998,0.9998,0.9998,0.9998,0.9999
0.9999,0.9999,0.9999,0.9999,0.9999,1.0000,1.0000,1.0000,1.0000,1.0000
hwc2y1fract=0.0000,0.0001,0.0001,0.0001,0.0001,0.0002,0.0002,0.0003
0.0003,0.0004,0.0004,0.0005,0.0006,0.0007,0.0009,0.0012,0.0018,0.0028
0.0046,0.0081,0.0140,0.0226,0.0342,0.0488,0.0660,0.0849,0.1055,0.1271
0.1494,0.1724,0.1953,0.2187,0.2419,0.2653,0.2887,0.3118,0.3347,0.3574
0.3802,0.4024,0.4245,0.4462,0.4679,0.4895,0.5110,0.5320,0.5530,0.5738
0.5945,0.6152,0.6358,0.6562,0.6762,0.6959,0.7156,0.7351,0.7543,0.7732
0.7916,0.8095,0.8266,0.8431,0.8586,0.8734,0.8870,0.8995,0.9110,0.9212
0.9303,0.9384,0.9454,0.9517,0.9573,0.9621,0.9665,0.9702,0.9737,0.9768
0.9794,0.9818,0.9839,0.9856,0.9871,0.9884,0.9896,0.9906,0.9916,0.9924
0.9931,0.9937,0.9943,0.9947,0.9952,0.9956,0.9960,0.9963,0.9966,0.9969
0.9971,0.9974,0.9976,0.9978,0.9980,0.9982,0.9983,0.9985,0.9986,0.9988
0.9989,0.9990,0.9991,0.9992,0.9993,0.9994,0.9994,0.9995,0.9995,0.9996
0.9996,0.9996,0.9997,0.9997,0.9997,0.9998,0.9998,0.9998,0.9998,0.9999
0.9999,0.9999,0.9999,0.9999,0.9999,0.9999,1.0000,1.0000,1.0000,1.0000
hwc2u1fract=0.0000,0.0000,0.0001,0.0001,0.0001,0.0001,0.0001,0.0001
0.0002,0.0002,0.0002,0.0003,0.0003,0.0004,0.0005,0.0006,0.0008,0.0013
0.0025,0.0052,0.0105,0.0191,0.0309,0.0457,0.0631,0.0821,0.1026,0.1243
0.1466,0.1693,0.1919,0.2150,0.2377,0.2609,0.2838,0.3064,0.3288,0.3515
0.3740,0.3962,0.4182,0.4399,0.4615,0.4831,0.5043,0.5254,0.5460,0.5667
0.5874,0.6077,0.6279,0.6478,0.6680,0.6880,0.7074,0.7267,0.7457,0.7648
0.7832,0.8011,0.8186,0.8353,0.8514,0.8667,0.8810,0.8939,0.9055,0.9161
0.9253,0.9335,0.9408,0.9473,0.9531,0.9582,0.9626,0.9667,0.9703,0.9736
0.9764,0.9790,0.9813,0.9834,0.9851,0.9866,0.9880,0.9892,0.9902,0.9910
0.9918,0.9925,0.9931,0.9937,0.9941,0.9946,0.9951,0.9954,0.9958,0.9961
0.9964,0.9967,0.9970,0.9973,0.9975,0.9977,0.9979,0.9981,0.9983,0.9984
0.9986,0.9988,0.9989,0.9990,0.9991,0.9992,0.9993,0.9994,0.9995,0.9995
0.9996,0.9996,0.9996,0.9997,0.9997,0.9997,0.9998,0.9998,0.9998,0.9998
0.9999,0.9999,0.9999,0.9999,0.9999,0.9999,0.9999,1.0000,1.0000,1.0000
hwc2v1fract=0.0000,0.0000,0.0001,0.0001,0.0001,0.0001,0.0002,0.0002
0.0002,0.0003,0.0003,0.0004,0.0005,0.0006,0.0007,0.0009,0.0014,0.0022
0.0041,0.0078,0.0144,0.0243,0.0375,0.0536,0.0717,0.0913,0.1120,0.1340
0.1561,0.1791,0.2020,0.2252,0.2483,0.2708,0.2934,0.3161,0.3386,0.3611
0.3832,0.4055,0.4270,0.4485,0.4696,0.4910,0.5121,0.5330,0.5537,0.5742
0.5946,0.6151,0.6350,0.6550,0.6748,0.6946,0.7141,0.7338,0.7528,0.7714
0.7895,0.8075,0.8246,0.8414,0.8568,0.8717,0.8854,0.8981,0.9094,0.9195
0.9284,0.9363,0.9432,0.9493,0.9548,0.9599,0.9643,0.9682,0.9717,0.9748
0.9776,0.9801,0.9823,0.9842,0.9859,0.9873,0.9886,0.9898,0.9907,0.9915
0.9923,0.9929,0.9935,0.9941,0.9946,0.9951,0.9955,0.9958,0.9962,0.9965
0.9969,0.9971,0.9974,0.9976,0.9979,0.9981,0.9983,0.9985,0.9986,0.9988
0.9989,0.9990,0.9991,0.9992,0.9993,0.9994,0.9995,0.9996,0.9996,0.9996
0.9997,0.9997,0.9997,0.9998,0.9998,0.9998,0.9998,0.9998,0.9999,0.9999
0.9999,0.9999,0.9999,0.9999,0.9999,0.9999,1.0000,1.0000,1.0000,1.0000
hwc2y2fract=0.0000,0.0000,0.0001,0.0001,0.0001,0.0002,0.0002,0.0003
0.0004,0.0004,0.0005,0.0006,0.0008,0.0009,0.0012,0.0017,0.0024,0.0036
0.0060,0.0100,0.0165,0.0259,0.0383,0.0535,0.0709,0.0901,0.1112,0.1332
0.1556,0.1785,0.2019,0.2252,0.2487,0.2720,0.2952,0.3182,0.3411,0.3636
0.3861,0.4084,0.4307,0.4525,0.4740,0.4954,0.5168,0.5377,0.5586,0.5794
0.6004,0.6210,0.6413,0.6617,0.6817,0.7015,0.7213,0.7404,0.7595,0.7782
0.7964,0.8142,0.8311,0.8473,0.8626,0.8773,0.8905,0.9027,0.9139,0.9239
0.9326,0.9403,0.9471,0.9530,0.9583,0.9631,0.9672,0.9711,0.9744,0.9774
0.9800,0.9822,0.9840,0.9858,0.9872,0.9885,0.9896,0.9906,0.9915,0.9922
0.9930,0.9936,0.9942,0.9946,0.9951,0.9955,0.9959,0.9962,0.9965,0.9968
0.9971,0.9973,0.9975,0.9977,0.9979,0.9981,0.9983,0.9984,0.9986,0.9988
0.9989,0.9990,0.9991,0.9992,0.9993,0.9994,0.9994,0.9995,0.9996,0.9996
0.9996,0.9997,0.9997,0.9997,0.9998,0.9998,0.9998,0.9998,0.9998,0.9999
0.9999,0.9999,0.9999,0.9999,0.9999,0.9999,1.0000,1.0000,1.0000,1.0000
hwc2x2fract=0.0000,0.0001,0.0001,0.0002,0.0002,0.0003,0.0004,0.0004
0.0005,0.0006,0.0007,0.0009,0.0010,0.0013,0.0017,0.0024,0.0038,0.0061
0.0096,0.0145,0.0214,0.0302,0.0410,0.0537,0.0677,0.0831,0.0995,0.1167
0.1352,0.1541,0.1737,0.1941,0.2150,0.2361,0.2579,0.2800,0.3023,0.3248
0.3473,0.3700,0.3925,0.4150,0.4376,0.4603,0.4827,0.5048,0.5267,0.5488
0.5707,0.5924,0.6141,0.6354,0.6563,0.6771,0.6977,0.7183,0.7382,0.7579
0.7772,0.7961,0.8139,0.8313,0.8473,0.8628,0.8770,0.8900,0.9021,0.9130
0.9229,0.9320,0.9401,0.9473,0.9539,0.9600,0.9653,0.9699,0.9741,0.9778
0.9810,0.9837,0.9860,0.9879,0.9895,0.9909,0.9920,0.9930,0.9938,0.9945
0.9951,0.9956,0.9960,0.9964,0.9967,0.9970,0.9973,0.9976,0.9978,0.9980
0.9982,0.9983,0.9984,0.9985,0.9987,0.9988,0.9989,0.9990,0.9990,0.9991
0.9992,0.9993,0.9993,0.9994,0.9994,0.9995,0.9995,0.9996,0.9996,0.9996
0.9997,0.9997,0.9998,0.9998,0.9998,0.9998,0.9998,0.9998,0.9999,0.9999
0.9999,0.9999,0.9999,0.9999,0.9999,1.0000,1.0000,1.0000,1.0000,1.0000
