; Lookup table
;number of bins in Meek's time to distance lookup table
hdriftbins=138
;number of 1st bin in Meek's table in ns
hdrift1stbin=-24
;bin size in ns of Meek's table
hdriftbinsz=2
hwc1x1fract=0.0000,0.0001,0.0001,0.0001,0.0002,0.0003,0.0003,0.0004
0.0004,0.0005,0.0006,0.0008,0.0009,0.0010,0.0013,0.0016,0.0020,0.0027
0.0038,0.0053,0.0075,0.0109,0.0159,0.0230,0.0322,0.0433,0.0559,0.0702
0.0852,0.1014,0.1190,0.1373,0.1566,0.1768,0.1977,0.2192,0.2407,0.2625
0.2847,0.3071,0.3300,0.3529,0.3756,0.3986,0.4209,0.4434,0.4653,0.4877
0.5100,0.5316,0.5538,0.5758,0.5969,0.6181,0.6393,0.6603,0.6805,0.7006
0.7204,0.7393,0.7582,0.7762,0.7943,0.8114,0.8279,0.8435,0.8578,0.8713
0.8840,0.8955,0.9061,0.9164,0.9255,0.9342,0.9417,0.9489,0.9555,0.9614
0.9669,0.9719,0.9762,0.9800,0.9832,0.9861,0.9882,0.9900,0.9915,0.9927
0.9938,0.9948,0.9955,0.9960,0.9965,0.9970,0.9973,0.9976,0.9978,0.9981
0.9983,0.9985,0.9986,0.9988,0.9989,0.9990,0.9991,0.9992,0.9993,0.9993
0.9994,0.9995,0.9995,0.9996,0.9996,0.9996,0.9997,0.9997,0.9997,0.9998
0.9998,0.9998,0.9998,0.9998,0.9999,0.9999,0.9999,0.9999,0.9999,0.9999
0.9999,0.9999,1.0000,1.0000,1.0000,1.0000,1.0000,1.0000,1.0000,1.0000
hwc1y1fract=0.0000,0.0000,0.0001,0.0001,0.0002,0.0002,0.0002,0.0003
0.0004,0.0005,0.0006,0.0007,0.0008,0.0010,0.0012,0.0016,0.0022,0.0032
0.0048,0.0076,0.0123,0.0201,0.0304,0.0443,0.0605,0.0787,0.0989,0.1206
0.1429,0.1660,0.1898,0.2129,0.2362,0.2594,0.2823,0.3058,0.3287,0.3513
0.3735,0.3957,0.4173,0.4392,0.4610,0.4824,0.5040,0.5249,0.5455,0.5658
0.5859,0.6060,0.6258,0.6462,0.6661,0.6855,0.7050,0.7239,0.7428,0.7612
0.7787,0.7962,0.8126,0.8285,0.8442,0.8590,0.8725,0.8851,0.8968,0.9077
0.9173,0.9258,0.9337,0.9406,0.9467,0.9524,0.9571,0.9617,0.9659,0.9697
0.9732,0.9763,0.9791,0.9815,0.9837,0.9856,0.9872,0.9887,0.9899,0.9912
0.9922,0.9930,0.9938,0.9944,0.9950,0.9956,0.9961,0.9965,0.9969,0.9973
0.9975,0.9978,0.9980,0.9982,0.9983,0.9985,0.9987,0.9988,0.9990,0.9991
0.9992,0.9993,0.9993,0.9994,0.9995,0.9996,0.9996,0.9996,0.9997,0.9997
0.9997,0.9998,0.9998,0.9998,0.9998,0.9999,0.9999,0.9999,0.9999,0.9999
0.9999,0.9999,0.9999,1.0000,1.0000,1.0000,1.0000,1.0000,1.0000,1.0000
hwc1u1fract=0.0000,0.0000,0.0000,0.0000,0.0000,0.0000,0.0000,0.0001
0.0001,0.0001,0.0001,0.0001,0.0002,0.0002,0.0003,0.0004,0.0007,0.0013
0.0024,0.0037,0.0060,0.0102,0.0169,0.0265,0.0391,0.0540,0.0707,0.0890
0.1084,0.1288,0.1496,0.1714,0.1935,0.2159,0.2387,0.2615,0.2847,0.3073
0.3297,0.3519,0.3746,0.3966,0.4179,0.4394,0.4610,0.4825,0.5039,0.5249
0.5457,0.5663,0.5872,0.6075,0.6277,0.6475,0.6671,0.6864,0.7053,0.7242
0.7429,0.7612,0.7789,0.7963,0.8130,0.8293,0.8444,0.8589,0.8720,0.8844
0.8958,0.9060,0.9153,0.9234,0.9307,0.9375,0.9438,0.9498,0.9551,0.9600
0.9647,0.9688,0.9727,0.9761,0.9792,0.9817,0.9840,0.9861,0.9878,0.9893
0.9906,0.9916,0.9926,0.9933,0.9940,0.9946,0.9951,0.9956,0.9961,0.9965
0.9968,0.9971,0.9974,0.9977,0.9979,0.9981,0.9983,0.9985,0.9986,0.9988
0.9989,0.9990,0.9991,0.9992,0.9993,0.9994,0.9995,0.9995,0.9996,0.9997
0.9997,0.9997,0.9997,0.9998,0.9998,0.9998,0.9998,0.9999,0.9999,0.9999
0.9999,0.9999,0.9999,1.0000,1.0000,1.0000,1.0000,1.0000,1.0000,1.0000
hwc1v1fract=0.0000,0.0000,0.0000,0.0000,0.0000,0.0001,0.0001,0.0001
0.0001,0.0001,0.0002,0.0002,0.0003,0.0004,0.0005,0.0008,0.0015,0.0027
0.0050,0.0093,0.0165,0.0266,0.0396,0.0552,0.0722,0.0911,0.1113,0.1319
0.1529,0.1746,0.1967,0.2188,0.2414,0.2642,0.2868,0.3091,0.3314,0.3537
0.3762,0.3977,0.4196,0.4414,0.4629,0.4844,0.5057,0.5268,0.5473,0.5679
0.5879,0.6078,0.6281,0.6478,0.6676,0.6874,0.7065,0.7263,0.7452,0.7636
0.7818,0.7993,0.8168,0.8331,0.8487,0.8635,0.8768,0.8890,0.8999,0.9098
0.9188,0.9269,0.9343,0.9410,0.9468,0.9524,0.9574,0.9621,0.9665,0.9704
0.9742,0.9774,0.9802,0.9828,0.9850,0.9870,0.9885,0.9898,0.9910,0.9921
0.9929,0.9937,0.9943,0.9949,0.9954,0.9959,0.9963,0.9967,0.9970,0.9973
0.9976,0.9978,0.9981,0.9983,0.9984,0.9986,0.9987,0.9988,0.9989,0.9990
0.9992,0.9992,0.9993,0.9994,0.9994,0.9995,0.9996,0.9996,0.9997,0.9997
0.9998,0.9998,0.9998,0.9998,0.9998,0.9999,0.9999,0.9999,0.9999,0.9999
0.9999,0.9999,1.0000,1.0000,1.0000,1.0000,1.0000,1.0000,1.0000,1.0000
hwc1y2fract=0.0000,0.0000,0.0000,0.0001,0.0001,0.0001,0.0001,0.0001
0.0002,0.0002,0.0002,0.0003,0.0004,0.0004,0.0005,0.0007,0.0010,0.0015
0.0026,0.0046,0.0082,0.0142,0.0228,0.0344,0.0486,0.0653,0.0839,0.1037
0.1249,0.1471,0.1696,0.1921,0.2155,0.2387,0.2619,0.2850,0.3081,0.3307
0.3536,0.3761,0.3983,0.4205,0.4422,0.4634,0.4849,0.5061,0.5268,0.5473
0.5678,0.5878,0.6079,0.6282,0.6479,0.6675,0.6871,0.7061,0.7251,0.7433
0.7613,0.7787,0.7953,0.8121,0.8283,0.8436,0.8579,0.8714,0.8835,0.8948
0.9053,0.9147,0.9231,0.9307,0.9378,0.9439,0.9495,0.9550,0.9598,0.9641
0.9681,0.9718,0.9749,0.9779,0.9805,0.9826,0.9846,0.9864,0.9880,0.9894
0.9905,0.9915,0.9925,0.9932,0.9940,0.9946,0.9950,0.9956,0.9960,0.9964
0.9968,0.9971,0.9974,0.9976,0.9978,0.9980,0.9982,0.9984,0.9986,0.9987
0.9989,0.9990,0.9991,0.9992,0.9993,0.9993,0.9994,0.9995,0.9995,0.9996
0.9996,0.9997,0.9997,0.9997,0.9998,0.9998,0.9998,0.9998,0.9999,0.9999
0.9999,0.9999,0.9999,0.9999,0.9999,1.0000,1.0000,1.0000,1.0000,1.0000
hwc1x2fract=0.0000,0.0000,0.0001,0.0001,0.0001,0.0001,0.0002,0.0002
0.0002,0.0003,0.0003,0.0004,0.0005,0.0006,0.0008,0.0011,0.0016,0.0024
0.0041,0.0069,0.0113,0.0177,0.0263,0.0369,0.0494,0.0635,0.0786,0.0950
0.1123,0.1310,0.1501,0.1703,0.1907,0.2120,0.2337,0.2557,0.2779,0.3006
0.3230,0.3456,0.3685,0.3913,0.4141,0.4366,0.4589,0.4809,0.5029,0.5248
0.5463,0.5680,0.5889,0.6099,0.6310,0.6515,0.6719,0.6916,0.7117,0.7315
0.7509,0.7698,0.7880,0.8055,0.8222,0.8383,0.8531,0.8671,0.8800,0.8919
0.9031,0.9133,0.9228,0.9315,0.9392,0.9465,0.9529,0.9588,0.9645,0.9695
0.9741,0.9778,0.9813,0.9842,0.9867,0.9888,0.9905,0.9920,0.9932,0.9942
0.9950,0.9956,0.9962,0.9966,0.9969,0.9973,0.9975,0.9978,0.9980,0.9982
0.9984,0.9985,0.9987,0.9988,0.9989,0.9989,0.9990,0.9991,0.9992,0.9993
0.9994,0.9994,0.9995,0.9995,0.9996,0.9996,0.9997,0.9997,0.9997,0.9997
0.9997,0.9998,0.9998,0.9998,0.9998,0.9999,0.9999,0.9999,0.9999,0.9999
0.9999,0.9999,1.0000,1.0000,1.0000,1.0000,1.0000,1.0000,1.0000,1.0000
hwc2x1fract=0.0000,0.0001,0.0001,0.0002,0.0002,0.0003,0.0004,0.0004
0.0005,0.0006,0.0007,0.0009,0.0010,0.0012,0.0014,0.0017,0.0020,0.0026
0.0035,0.0052,0.0082,0.0126,0.0186,0.0265,0.0361,0.0479,0.0615,0.0763
0.0922,0.1100,0.1285,0.1475,0.1670,0.1878,0.2088,0.2301,0.2521,0.2744
0.2967,0.3196,0.3424,0.3651,0.3879,0.4106,0.4331,0.4559,0.4782,0.5002
0.5226,0.5442,0.5666,0.5880,0.6091,0.6304,0.6513,0.6717,0.6921,0.7124
0.7320,0.7513,0.7708,0.7891,0.8068,0.8241,0.8405,0.8557,0.8696,0.8828
0.8949,0.9058,0.9158,0.9250,0.9335,0.9411,0.9481,0.9544,0.9601,0.9653
0.9701,0.9744,0.9780,0.9814,0.9842,0.9865,0.9885,0.9902,0.9916,0.9928
0.9938,0.9947,0.9954,0.9960,0.9965,0.9969,0.9973,0.9975,0.9978,0.9980
0.9983,0.9984,0.9986,0.9987,0.9989,0.9990,0.9991,0.9992,0.9992,0.9993
0.9994,0.9995,0.9995,0.9995,0.9996,0.9996,0.9997,0.9997,0.9997,0.9998
0.9998,0.9998,0.9998,0.9998,0.9998,0.9999,0.9999,0.9999,0.9999,0.9999
0.9999,0.9999,0.9999,1.0000,1.0000,1.0000,1.0000,1.0000,1.0000,1.0000
hwc2y1fract=0.0000,0.0000,0.0000,0.0001,0.0001,0.0001,0.0001,0.0001
0.0002,0.0002,0.0002,0.0003,0.0004,0.0004,0.0005,0.0007,0.0010,0.0017
0.0028,0.0052,0.0097,0.0175,0.0286,0.0427,0.0597,0.0785,0.0995,0.1221
0.1454,0.1692,0.1931,0.2167,0.2413,0.2651,0.2891,0.3129,0.3361,0.3588
0.3816,0.4044,0.4263,0.4481,0.4695,0.4907,0.5116,0.5320,0.5525,0.5729
0.5934,0.6138,0.6344,0.6542,0.6737,0.6932,0.7126,0.7317,0.7505,0.7690
0.7873,0.8049,0.8217,0.8380,0.8533,0.8678,0.8812,0.8935,0.9046,0.9146
0.9239,0.9321,0.9394,0.9456,0.9515,0.9566,0.9613,0.9657,0.9694,0.9727
0.9758,0.9786,0.9811,0.9832,0.9851,0.9868,0.9883,0.9895,0.9907,0.9916
0.9925,0.9932,0.9938,0.9945,0.9951,0.9956,0.9960,0.9963,0.9967,0.9970
0.9972,0.9975,0.9977,0.9979,0.9981,0.9983,0.9984,0.9986,0.9988,0.9989
0.9990,0.9991,0.9992,0.9993,0.9993,0.9994,0.9995,0.9995,0.9996,0.9996
0.9997,0.9997,0.9998,0.9998,0.9998,0.9999,0.9999,0.9999,0.9999,0.9999
0.9999,0.9999,1.0000,1.0000,1.0000,1.0000,1.0000,1.0000,1.0000,1.0000
hwc2u1fract=0.0000,0.0000,0.0000,0.0000,0.0000,0.0000,0.0001,0.0001
0.0001,0.0001,0.0001,0.0002,0.0002,0.0003,0.0003,0.0004,0.0007,0.0012
0.0022,0.0049,0.0103,0.0192,0.0319,0.0479,0.0659,0.0870,0.1086,0.1315
0.1544,0.1778,0.2011,0.2249,0.2485,0.2723,0.2956,0.3188,0.3419,0.3649
0.3874,0.4092,0.4304,0.4519,0.4735,0.4945,0.5154,0.5359,0.5562,0.5766
0.5964,0.6167,0.6367,0.6566,0.6762,0.6955,0.7145,0.7334,0.7517,0.7698
0.7879,0.8054,0.8224,0.8387,0.8538,0.8684,0.8819,0.8945,0.9057,0.9155
0.9244,0.9320,0.9390,0.9452,0.9507,0.9558,0.9604,0.9645,0.9684,0.9719
0.9750,0.9779,0.9805,0.9828,0.9847,0.9865,0.9880,0.9893,0.9905,0.9914
0.9923,0.9930,0.9937,0.9944,0.9949,0.9953,0.9958,0.9962,0.9965,0.9968
0.9971,0.9974,0.9976,0.9978,0.9980,0.9982,0.9984,0.9985,0.9987,0.9988
0.9990,0.9991,0.9992,0.9993,0.9993,0.9994,0.9995,0.9996,0.9996,0.9996
0.9997,0.9997,0.9998,0.9998,0.9998,0.9999,0.9999,0.9999,0.9999,0.9999
0.9999,0.9999,0.9999,1.0000,1.0000,1.0000,1.0000,1.0000,1.0000,1.0000
hwc2v1fract=0.0000,0.0000,0.0000,0.0000,0.0000,0.0001,0.0001,0.0001
0.0001,0.0002,0.0002,0.0002,0.0003,0.0004,0.0005,0.0007,0.0011,0.0019
0.0035,0.0070,0.0137,0.0238,0.0375,0.0540,0.0732,0.0945,0.1161,0.1390
0.1620,0.1857,0.2090,0.2328,0.2567,0.2805,0.3039,0.3269,0.3493,0.3721
0.3938,0.4159,0.4377,0.4589,0.4797,0.5006,0.5214,0.5422,0.5627,0.5832
0.6033,0.6232,0.6432,0.6625,0.6819,0.7012,0.7199,0.7391,0.7575,0.7756
0.7933,0.8107,0.8273,0.8434,0.8580,0.8721,0.8852,0.8975,0.9083,0.9179
0.9265,0.9340,0.9406,0.9468,0.9522,0.9573,0.9619,0.9659,0.9696,0.9729
0.9760,0.9788,0.9813,0.9835,0.9854,0.9871,0.9885,0.9896,0.9907,0.9917
0.9925,0.9933,0.9940,0.9945,0.9950,0.9955,0.9959,0.9963,0.9966,0.9969
0.9972,0.9974,0.9977,0.9979,0.9981,0.9983,0.9985,0.9987,0.9988,0.9990
0.9991,0.9992,0.9993,0.9994,0.9995,0.9995,0.9996,0.9996,0.9997,0.9997
0.9998,0.9998,0.9998,0.9998,0.9999,0.9999,0.9999,0.9999,0.9999,0.9999
0.9999,0.9999,1.0000,1.0000,1.0000,1.0000,1.0000,1.0000,1.0000,1.0000
hwc2y2fract=0.0000,0.0000,0.0000,0.0000,0.0001,0.0001,0.0001,0.0001
0.0001,0.0002,0.0002,0.0003,0.0003,0.0004,0.0005,0.0006,0.0008,0.0013
0.0021,0.0036,0.0066,0.0115,0.0197,0.0311,0.0457,0.0627,0.0822,0.1035
0.1259,0.1496,0.1735,0.1976,0.2218,0.2460,0.2699,0.2940,0.3176,0.3405
0.3636,0.3861,0.4082,0.4304,0.4516,0.4736,0.4945,0.5157,0.5368,0.5574
0.5781,0.5981,0.6182,0.6379,0.6580,0.6778,0.6972,0.7162,0.7351,0.7536
0.7719,0.7898,0.8074,0.8241,0.8399,0.8554,0.8698,0.8831,0.8954,0.9066
0.9167,0.9257,0.9336,0.9405,0.9469,0.9525,0.9574,0.9619,0.9660,0.9697
0.9729,0.9760,0.9787,0.9810,0.9831,0.9849,0.9866,0.9880,0.9893,0.9904
0.9913,0.9922,0.9930,0.9937,0.9944,0.9949,0.9954,0.9959,0.9962,0.9966
0.9969,0.9972,0.9975,0.9977,0.9979,0.9981,0.9984,0.9985,0.9986,0.9988
0.9989,0.9990,0.9991,0.9992,0.9993,0.9994,0.9995,0.9995,0.9996,0.9996
0.9997,0.9997,0.9998,0.9998,0.9998,0.9998,0.9999,0.9999,0.9999,0.9999
0.9999,0.9999,0.9999,1.0000,1.0000,1.0000,1.0000,1.0000,1.0000,1.0000
hwc2x2fract=0.0000,0.0000,0.0001,0.0001,0.0001,0.0001,0.0002,0.0002
0.0003,0.0003,0.0004,0.0005,0.0006,0.0007,0.0008,0.0010,0.0012,0.0017
0.0027,0.0041,0.0065,0.0106,0.0164,0.0248,0.0352,0.0478,0.0617,0.0775
0.0948,0.1133,0.1325,0.1526,0.1732,0.1949,0.2165,0.2386,0.2612,0.2841
0.3067,0.3295,0.3524,0.3751,0.3981,0.4209,0.4434,0.4659,0.4879,0.5102
0.5317,0.5535,0.5751,0.5962,0.6172,0.6381,0.6587,0.6790,0.6992,0.7191
0.7382,0.7573,0.7759,0.7939,0.8111,0.8279,0.8439,0.8587,0.8725,0.8852
0.8968,0.9074,0.9172,0.9261,0.9340,0.9417,0.9485,0.9548,0.9604,0.9656
0.9701,0.9742,0.9780,0.9811,0.9839,0.9863,0.9883,0.9899,0.9913,0.9925
0.9934,0.9943,0.9950,0.9956,0.9961,0.9965,0.9969,0.9973,0.9975,0.9978
0.9980,0.9982,0.9984,0.9986,0.9987,0.9988,0.9989,0.9990,0.9991,0.9992
0.9993,0.9994,0.9994,0.9995,0.9995,0.9996,0.9996,0.9996,0.9997,0.9997
0.9998,0.9998,0.9998,0.9998,0.9998,0.9999,0.9999,0.9999,0.9999,0.9999
0.9999,1.0000,1.0000,1.0000,1.0000,1.0000,1.0000,1.0000,1.0000,1.0000
