; Lookup table
;number of bins in Meek's time to distance lookup table
hdriftbins=138
;number of 1st bin in Meek's table in ns
hdrift1stbin=-24
;bin size in ns of Meek's table
hdriftbinsz=2
hwc1x1fract=0.0004,0.0008,0.0012,0.0016,0.0020,0.0025,0.0030,0.0035
0.0040,0.0046,0.0051,0.0057,0.0066,0.0076,0.0090,0.0111,0.0138,0.0171
0.0215,0.0270,0.0340,0.0428,0.0531,0.0649,0.0781,0.0926,0.1083,0.1249
0.1425,0.1608,0.1802,0.2000,0.2202,0.2414,0.2626,0.2838,0.3054,0.3271
0.3490,0.3712,0.3934,0.4151,0.4373,0.4594,0.4807,0.5023,0.5236,0.5447
0.5653,0.5857,0.6059,0.6261,0.6460,0.6662,0.6854,0.7048,0.7232,0.7413
0.7585,0.7756,0.7912,0.8064,0.8205,0.8341,0.8465,0.8582,0.8687,0.8786
0.8876,0.8959,0.9034,0.9106,0.9171,0.9229,0.9285,0.9335,0.9382,0.9420
0.9457,0.9489,0.9518,0.9543,0.9565,0.9585,0.9603,0.9621,0.9635,0.9649
0.9661,0.9673,0.9684,0.9694,0.9704,0.9713,0.9722,0.9731,0.9739,0.9747
0.9754,0.9763,0.9770,0.9778,0.9786,0.9794,0.9800,0.9807,0.9815,0.9821
0.9829,0.9835,0.9842,0.9848,0.9855,0.9862,0.9868,0.9875,0.9881,0.9887
0.9894,0.9900,0.9906,0.9912,0.9918,0.9925,0.9931,0.9937,0.9943,0.9949
0.9954,0.9960,0.9965,0.9970,0.9976,0.9982,0.9987,0.9991,0.9995,1.0000
hwc1y1fract=0.0004,0.0008,0.0011,0.0016,0.0020,0.0025,0.0030,0.0035
0.0040,0.0046,0.0051,0.0058,0.0065,0.0073,0.0083,0.0095,0.0111,0.0132
0.0160,0.0204,0.0268,0.0360,0.0478,0.0623,0.0789,0.0977,0.1175,0.1386
0.1603,0.1826,0.2050,0.2277,0.2501,0.2728,0.2958,0.3179,0.3400,0.3619
0.3835,0.4048,0.4261,0.4469,0.4675,0.4879,0.5081,0.5280,0.5478,0.5677
0.5877,0.6072,0.6267,0.6461,0.6653,0.6840,0.7024,0.7205,0.7381,0.7554
0.7719,0.7880,0.8035,0.8182,0.8320,0.8449,0.8570,0.8679,0.8775,0.8865
0.8944,0.9016,0.9080,0.9140,0.9192,0.9242,0.9287,0.9328,0.9366,0.9402
0.9433,0.9462,0.9490,0.9515,0.9536,0.9556,0.9575,0.9592,0.9609,0.9624
0.9640,0.9654,0.9667,0.9679,0.9691,0.9701,0.9711,0.9721,0.9731,0.9740
0.9749,0.9758,0.9767,0.9775,0.9783,0.9791,0.9798,0.9806,0.9814,0.9821
0.9828,0.9836,0.9843,0.9850,0.9857,0.9864,0.9870,0.9877,0.9883,0.9889
0.9895,0.9902,0.9908,0.9913,0.9919,0.9925,0.9930,0.9936,0.9942,0.9947
0.9952,0.9957,0.9963,0.9969,0.9974,0.9980,0.9985,0.9990,0.9995,1.0000
hwc1u1fract=0.0003,0.0006,0.0010,0.0013,0.0016,0.0020,0.0023,0.0027
0.0031,0.0034,0.0038,0.0042,0.0047,0.0054,0.0065,0.0083,0.0109,0.0141
0.0182,0.0243,0.0323,0.0426,0.0550,0.0695,0.0858,0.1034,0.1222,0.1417
0.1620,0.1826,0.2039,0.2259,0.2485,0.2710,0.2934,0.3159,0.3376,0.3595
0.3811,0.4025,0.4237,0.4454,0.4662,0.4868,0.5076,0.5279,0.5482,0.5681
0.5883,0.6082,0.6277,0.6471,0.6662,0.6849,0.7036,0.7219,0.7399,0.7572
0.7737,0.7896,0.8047,0.8193,0.8331,0.8454,0.8567,0.8673,0.8767,0.8852
0.8930,0.9001,0.9067,0.9128,0.9184,0.9234,0.9282,0.9325,0.9367,0.9403
0.9438,0.9469,0.9498,0.9524,0.9547,0.9567,0.9587,0.9603,0.9620,0.9633
0.9647,0.9661,0.9673,0.9683,0.9695,0.9706,0.9716,0.9727,0.9736,0.9746
0.9754,0.9762,0.9770,0.9779,0.9787,0.9795,0.9803,0.9810,0.9817,0.9824
0.9831,0.9838,0.9845,0.9852,0.9859,0.9866,0.9872,0.9879,0.9885,0.9892
0.9898,0.9904,0.9910,0.9916,0.9922,0.9928,0.9933,0.9939,0.9944,0.9949
0.9954,0.9959,0.9965,0.9971,0.9976,0.9981,0.9986,0.9991,0.9995,1.0000
hwc1v1fract=0.0003,0.0006,0.0010,0.0013,0.0017,0.0020,0.0023,0.0026
0.0030,0.0033,0.0037,0.0040,0.0044,0.0048,0.0052,0.0057,0.0062,0.0071
0.0084,0.0107,0.0144,0.0205,0.0292,0.0409,0.0551,0.0715,0.0895,0.1089
0.1294,0.1505,0.1720,0.1940,0.2162,0.2388,0.2611,0.2832,0.3053,0.3277
0.3494,0.3710,0.3924,0.4136,0.4348,0.4553,0.4761,0.4963,0.5168,0.5369
0.5570,0.5764,0.5963,0.6155,0.6346,0.6534,0.6725,0.6912,0.7097,0.7277
0.7458,0.7630,0.7799,0.7959,0.8117,0.8264,0.8403,0.8528,0.8640,0.8740
0.8831,0.8912,0.8988,0.9053,0.9113,0.9172,0.9226,0.9273,0.9316,0.9358
0.9396,0.9431,0.9463,0.9492,0.9520,0.9545,0.9567,0.9586,0.9605,0.9622
0.9637,0.9652,0.9665,0.9677,0.9689,0.9700,0.9711,0.9722,0.9732,0.9741
0.9751,0.9761,0.9769,0.9778,0.9787,0.9796,0.9804,0.9811,0.9819,0.9826
0.9833,0.9839,0.9846,0.9852,0.9859,0.9866,0.9873,0.9879,0.9885,0.9892
0.9898,0.9904,0.9910,0.9916,0.9922,0.9928,0.9933,0.9939,0.9945,0.9950
0.9956,0.9961,0.9966,0.9971,0.9976,0.9981,0.9986,0.9991,0.9995,1.0000
hwc1y2fract=0.0003,0.0007,0.0010,0.0013,0.0017,0.0021,0.0025,0.0029
0.0032,0.0037,0.0042,0.0047,0.0052,0.0058,0.0066,0.0076,0.0089,0.0110
0.0145,0.0195,0.0269,0.0369,0.0493,0.0640,0.0810,0.0994,0.1192,0.1405
0.1624,0.1843,0.2069,0.2295,0.2524,0.2748,0.2971,0.3191,0.3413,0.3631
0.3852,0.4065,0.4277,0.4484,0.4694,0.4894,0.5098,0.5297,0.5495,0.5690
0.5889,0.6086,0.6279,0.6471,0.6660,0.6844,0.7027,0.7205,0.7383,0.7558
0.7723,0.7885,0.8040,0.8184,0.8319,0.8444,0.8558,0.8664,0.8760,0.8849
0.8928,0.8998,0.9062,0.9118,0.9172,0.9222,0.9266,0.9308,0.9347,0.9381
0.9415,0.9447,0.9475,0.9500,0.9523,0.9543,0.9562,0.9580,0.9596,0.9613
0.9627,0.9641,0.9654,0.9666,0.9678,0.9690,0.9701,0.9711,0.9721,0.9731
0.9741,0.9750,0.9759,0.9769,0.9778,0.9786,0.9794,0.9802,0.9810,0.9817
0.9825,0.9832,0.9840,0.9847,0.9854,0.9860,0.9868,0.9874,0.9880,0.9887
0.9893,0.9899,0.9906,0.9912,0.9918,0.9924,0.9930,0.9936,0.9942,0.9948
0.9954,0.9959,0.9965,0.9970,0.9975,0.9980,0.9985,0.9990,0.9995,1.0000
hwc1x2fract=0.0004,0.0007,0.0011,0.0015,0.0018,0.0022,0.0026,0.0030
0.0034,0.0039,0.0043,0.0047,0.0052,0.0057,0.0064,0.0072,0.0082,0.0098
0.0119,0.0150,0.0193,0.0256,0.0339,0.0434,0.0551,0.0686,0.0830,0.0989
0.1156,0.1338,0.1525,0.1723,0.1925,0.2130,0.2343,0.2557,0.2772,0.2994
0.3215,0.3434,0.3654,0.3873,0.4092,0.4308,0.4525,0.4744,0.4958,0.5167
0.5377,0.5583,0.5789,0.5996,0.6197,0.6397,0.6594,0.6788,0.6977,0.7165
0.7350,0.7527,0.7696,0.7858,0.8013,0.8161,0.8295,0.8423,0.8543,0.8651
0.8750,0.8840,0.8924,0.9003,0.9076,0.9143,0.9204,0.9258,0.9312,0.9359
0.9401,0.9441,0.9475,0.9505,0.9532,0.9556,0.9578,0.9597,0.9613,0.9629
0.9643,0.9657,0.9668,0.9680,0.9691,0.9701,0.9712,0.9721,0.9729,0.9737
0.9747,0.9754,0.9762,0.9769,0.9776,0.9784,0.9791,0.9798,0.9805,0.9813
0.9820,0.9827,0.9834,0.9841,0.9847,0.9854,0.9860,0.9867,0.9873,0.9880
0.9887,0.9893,0.9900,0.9906,0.9912,0.9918,0.9925,0.9931,0.9937,0.9943
0.9949,0.9954,0.9960,0.9966,0.9972,0.9978,0.9984,0.9989,0.9995,1.0000
hwc2x1fract=0.0004,0.0008,0.0012,0.0016,0.0020,0.0024,0.0029,0.0034
0.0039,0.0044,0.0050,0.0057,0.0064,0.0072,0.0082,0.0097,0.0116,0.0148
0.0191,0.0249,0.0322,0.0413,0.0519,0.0644,0.0782,0.0932,0.1094,0.1264
0.1448,0.1639,0.1832,0.2035,0.2243,0.2455,0.2668,0.2887,0.3103,0.3322
0.3540,0.3763,0.3979,0.4197,0.4412,0.4624,0.4847,0.5060,0.5272,0.5486
0.5693,0.5901,0.6106,0.6310,0.6513,0.6714,0.6913,0.7109,0.7296,0.7477
0.7651,0.7822,0.7984,0.8134,0.8276,0.8409,0.8532,0.8647,0.8750,0.8844
0.8933,0.9011,0.9085,0.9151,0.9213,0.9270,0.9320,0.9366,0.9410,0.9448
0.9482,0.9511,0.9538,0.9562,0.9583,0.9602,0.9618,0.9633,0.9647,0.9660
0.9672,0.9683,0.9693,0.9704,0.9713,0.9722,0.9732,0.9741,0.9749,0.9757
0.9766,0.9773,0.9781,0.9788,0.9796,0.9802,0.9809,0.9816,0.9822,0.9829
0.9836,0.9843,0.9849,0.9855,0.9861,0.9867,0.9874,0.9880,0.9886,0.9892
0.9898,0.9904,0.9910,0.9916,0.9922,0.9928,0.9934,0.9939,0.9945,0.9951
0.9957,0.9962,0.9967,0.9971,0.9977,0.9982,0.9986,0.9991,0.9996,1.0000
hwc2y1fract=0.0004,0.0007,0.0010,0.0013,0.0017,0.0020,0.0024,0.0028
0.0032,0.0036,0.0041,0.0045,0.0050,0.0056,0.0063,0.0070,0.0082,0.0097
0.0122,0.0161,0.0226,0.0315,0.0435,0.0583,0.0758,0.0946,0.1151,0.1373
0.1600,0.1832,0.2064,0.2297,0.2529,0.2759,0.2991,0.3219,0.3442,0.3666
0.3883,0.4100,0.4315,0.4523,0.4732,0.4942,0.5143,0.5345,0.5548,0.5749
0.5946,0.6143,0.6337,0.6532,0.6722,0.6909,0.7091,0.7273,0.7452,0.7627
0.7795,0.7957,0.8115,0.8262,0.8400,0.8530,0.8647,0.8755,0.8854,0.8939
0.9017,0.9087,0.9148,0.9202,0.9250,0.9295,0.9336,0.9372,0.9407,0.9439
0.9468,0.9495,0.9519,0.9540,0.9559,0.9577,0.9594,0.9610,0.9625,0.9638
0.9651,0.9663,0.9674,0.9685,0.9695,0.9706,0.9716,0.9725,0.9734,0.9743
0.9752,0.9760,0.9769,0.9777,0.9785,0.9793,0.9800,0.9808,0.9816,0.9824
0.9831,0.9838,0.9845,0.9852,0.9859,0.9866,0.9873,0.9880,0.9887,0.9893
0.9899,0.9905,0.9911,0.9917,0.9923,0.9928,0.9934,0.9939,0.9945,0.9950
0.9956,0.9961,0.9966,0.9971,0.9975,0.9980,0.9985,0.9990,0.9995,1.0000
hwc2u1fract=0.0002,0.0004,0.0006,0.0008,0.0010,0.0011,0.0013,0.0015
0.0017,0.0020,0.0022,0.0024,0.0027,0.0029,0.0032,0.0035,0.0039,0.0045
0.0056,0.0082,0.0129,0.0209,0.0319,0.0462,0.0632,0.0830,0.1042,0.1265
0.1491,0.1729,0.1967,0.2202,0.2434,0.2665,0.2897,0.3126,0.3353,0.3576
0.3796,0.4015,0.4229,0.4440,0.4649,0.4862,0.5068,0.5267,0.5466,0.5668
0.5864,0.6060,0.6252,0.6445,0.6636,0.6826,0.7013,0.7196,0.7381,0.7562
0.7739,0.7911,0.8078,0.8237,0.8384,0.8523,0.8646,0.8761,0.8864,0.8953
0.9036,0.9106,0.9168,0.9224,0.9275,0.9323,0.9366,0.9404,0.9440,0.9472
0.9501,0.9527,0.9550,0.9571,0.9590,0.9607,0.9624,0.9637,0.9650,0.9661
0.9672,0.9682,0.9692,0.9702,0.9711,0.9720,0.9728,0.9738,0.9746,0.9754
0.9762,0.9770,0.9776,0.9783,0.9791,0.9798,0.9804,0.9810,0.9817,0.9823
0.9829,0.9835,0.9841,0.9847,0.9853,0.9859,0.9866,0.9871,0.9876,0.9882
0.9888,0.9895,0.9900,0.9906,0.9911,0.9917,0.9924,0.9930,0.9936,0.9943
0.9949,0.9955,0.9961,0.9967,0.9973,0.9978,0.9984,0.9990,0.9995,1.0000
hwc2v1fract=0.0003,0.0006,0.0010,0.0014,0.0017,0.0021,0.0024,0.0028
0.0032,0.0036,0.0040,0.0044,0.0048,0.0053,0.0058,0.0064,0.0072,0.0085
0.0106,0.0145,0.0211,0.0309,0.0437,0.0592,0.0772,0.0974,0.1187,0.1408
0.1637,0.1869,0.2097,0.2330,0.2561,0.2794,0.3021,0.3250,0.3471,0.3694
0.3908,0.4120,0.4333,0.4543,0.4749,0.4952,0.5153,0.5352,0.5548,0.5745
0.5938,0.6132,0.6320,0.6511,0.6698,0.6887,0.7072,0.7256,0.7438,0.7618
0.7787,0.7955,0.8112,0.8262,0.8402,0.8536,0.8653,0.8758,0.8852,0.8937
0.9012,0.9076,0.9137,0.9190,0.9241,0.9285,0.9328,0.9366,0.9401,0.9433
0.9463,0.9491,0.9517,0.9540,0.9559,0.9579,0.9596,0.9612,0.9626,0.9639
0.9652,0.9665,0.9676,0.9687,0.9697,0.9707,0.9716,0.9727,0.9736,0.9744
0.9753,0.9762,0.9770,0.9779,0.9787,0.9795,0.9803,0.9810,0.9817,0.9825
0.9832,0.9839,0.9846,0.9853,0.9860,0.9866,0.9872,0.9879,0.9885,0.9892
0.9898,0.9905,0.9911,0.9917,0.9923,0.9928,0.9933,0.9939,0.9945,0.9950
0.9955,0.9961,0.9966,0.9971,0.9976,0.9982,0.9986,0.9990,0.9995,1.0000
hwc2y2fract=0.0003,0.0007,0.0010,0.0014,0.0018,0.0022,0.0026,0.0030
0.0035,0.0039,0.0043,0.0049,0.0055,0.0061,0.0069,0.0079,0.0093,0.0113
0.0142,0.0186,0.0254,0.0351,0.0478,0.0629,0.0804,0.0996,0.1205,0.1428
0.1656,0.1889,0.2125,0.2356,0.2590,0.2821,0.3048,0.3276,0.3499,0.3720
0.3936,0.4153,0.4368,0.4577,0.4787,0.4994,0.5195,0.5399,0.5597,0.5795
0.5992,0.6189,0.6385,0.6575,0.6764,0.6953,0.7138,0.7319,0.7497,0.7669
0.7836,0.7999,0.8153,0.8301,0.8437,0.8563,0.8680,0.8785,0.8877,0.8963
0.9038,0.9104,0.9164,0.9217,0.9263,0.9307,0.9347,0.9384,0.9419,0.9450
0.9477,0.9502,0.9525,0.9546,0.9565,0.9582,0.9598,0.9614,0.9628,0.9641
0.9654,0.9666,0.9677,0.9688,0.9698,0.9708,0.9717,0.9727,0.9736,0.9744
0.9751,0.9760,0.9769,0.9777,0.9785,0.9794,0.9802,0.9809,0.9817,0.9825
0.9832,0.9839,0.9846,0.9852,0.9859,0.9866,0.9873,0.9880,0.9886,0.9892
0.9898,0.9905,0.9910,0.9917,0.9923,0.9929,0.9934,0.9940,0.9945,0.9951
0.9956,0.9961,0.9966,0.9971,0.9976,0.9981,0.9986,0.9991,0.9995,1.0000
hwc2x2fract=0.0004,0.0008,0.0012,0.0016,0.0019,0.0024,0.0028,0.0033
0.0037,0.0042,0.0047,0.0054,0.0060,0.0068,0.0077,0.0091,0.0113,0.0148
0.0191,0.0250,0.0326,0.0423,0.0538,0.0669,0.0816,0.0979,0.1151,0.1337
0.1529,0.1729,0.1934,0.2144,0.2357,0.2577,0.2798,0.3022,0.3241,0.3467
0.3687,0.3907,0.4130,0.4352,0.4571,0.4785,0.5000,0.5211,0.5422,0.5630
0.5837,0.6044,0.6247,0.6451,0.6652,0.6849,0.7042,0.7230,0.7413,0.7593
0.7764,0.7933,0.8089,0.8238,0.8378,0.8508,0.8624,0.8730,0.8826,0.8911
0.8990,0.9063,0.9131,0.9192,0.9249,0.9302,0.9349,0.9393,0.9431,0.9466
0.9498,0.9527,0.9551,0.9573,0.9592,0.9609,0.9625,0.9640,0.9653,0.9664
0.9677,0.9688,0.9698,0.9709,0.9718,0.9727,0.9736,0.9744,0.9752,0.9760
0.9768,0.9775,0.9783,0.9789,0.9796,0.9802,0.9810,0.9816,0.9823,0.9829
0.9835,0.9841,0.9848,0.9854,0.9861,0.9868,0.9874,0.9881,0.9887,0.9893
0.9899,0.9905,0.9911,0.9917,0.9922,0.9928,0.9933,0.9939,0.9945,0.9950
0.9956,0.9961,0.9966,0.9971,0.9976,0.9981,0.9986,0.9991,0.9995,1.0000
