; Lookup table
;number of bins in Meek's time to distance lookup table
hdriftbins=138
;number of 1st bin in Meek's table in ns
hdrift1stbin=-24
;bin size in ns of Meek's table
hdriftbinsz=2
hwc1x1fract=0.0001,0.0002,0.0003,0.0005,0.0007,0.0009,0.0010,0.0012
0.0014,0.0016,0.0020,0.0023,0.0027,0.0034,0.0045,0.0065,0.0091,0.0123
0.0165,0.0220,0.0290,0.0380,0.0482,0.0604,0.0741,0.0883,0.1035,0.1203
0.1378,0.1557,0.1744,0.1939,0.2145,0.2349,0.2558,0.2782,0.2999,0.3224
0.3445,0.3674,0.3893,0.4114,0.4333,0.4556,0.4780,0.5002,0.5225,0.5439
0.5660,0.5877,0.6090,0.6300,0.6511,0.6718,0.6925,0.7127,0.7325,0.7516
0.7701,0.7889,0.8067,0.8227,0.8391,0.8539,0.8675,0.8807,0.8926,0.9036
0.9141,0.9238,0.9319,0.9395,0.9464,0.9527,0.9583,0.9632,0.9675,0.9715
0.9749,0.9778,0.9804,0.9824,0.9842,0.9857,0.9868,0.9878,0.9887,0.9894
0.9900,0.9904,0.9909,0.9914,0.9918,0.9922,0.9925,0.9927,0.9931,0.9935
0.9938,0.9941,0.9943,0.9946,0.9947,0.9950,0.9953,0.9955,0.9957,0.9959
0.9960,0.9962,0.9964,0.9965,0.9967,0.9968,0.9970,0.9971,0.9973,0.9975
0.9976,0.9977,0.9979,0.9980,0.9982,0.9984,0.9985,0.9987,0.9988,0.9989
0.9990,0.9991,0.9992,0.9993,0.9995,0.9996,0.9997,0.9998,0.9999,1.0000
hwc1y1fract=0.0001,0.0002,0.0004,0.0005,0.0007,0.0009,0.0010,0.0013
0.0015,0.0017,0.0019,0.0022,0.0026,0.0030,0.0037,0.0045,0.0057,0.0073
0.0096,0.0137,0.0202,0.0294,0.0418,0.0563,0.0736,0.0916,0.1122,0.1330
0.1553,0.1775,0.1995,0.2221,0.2447,0.2672,0.2901,0.3132,0.3357,0.3582
0.3801,0.4019,0.4237,0.4457,0.4671,0.4881,0.5087,0.5291,0.5503,0.5707
0.5915,0.6120,0.6323,0.6525,0.6720,0.6914,0.7112,0.7301,0.7488,0.7667
0.7841,0.8022,0.8194,0.8357,0.8513,0.8658,0.8790,0.8915,0.9032,0.9132
0.9222,0.9301,0.9373,0.9440,0.9493,0.9547,0.9590,0.9630,0.9668,0.9699
0.9727,0.9752,0.9774,0.9792,0.9808,0.9824,0.9838,0.9849,0.9860,0.9868
0.9878,0.9886,0.9893,0.9900,0.9906,0.9912,0.9916,0.9921,0.9925,0.9930
0.9933,0.9936,0.9940,0.9942,0.9946,0.9949,0.9951,0.9953,0.9955,0.9958
0.9960,0.9962,0.9963,0.9965,0.9966,0.9968,0.9970,0.9972,0.9973,0.9975
0.9976,0.9977,0.9979,0.9981,0.9982,0.9983,0.9985,0.9986,0.9988,0.9989
0.9990,0.9991,0.9993,0.9994,0.9995,0.9996,0.9997,0.9998,0.9999,1.0000
hwc1u1fract=0.0001,0.0001,0.0002,0.0003,0.0004,0.0005,0.0006,0.0007
0.0009,0.0010,0.0011,0.0013,0.0015,0.0020,0.0030,0.0047,0.0070,0.0102
0.0145,0.0204,0.0286,0.0395,0.0529,0.0677,0.0845,0.1027,0.1215,0.1416
0.1618,0.1827,0.2040,0.2259,0.2476,0.2697,0.2924,0.3148,0.3370,0.3593
0.3813,0.4035,0.4253,0.4470,0.4678,0.4898,0.5112,0.5318,0.5523,0.5731
0.5942,0.6146,0.6342,0.6544,0.6747,0.6941,0.7135,0.7328,0.7515,0.7699
0.7880,0.8056,0.8224,0.8382,0.8531,0.8672,0.8802,0.8918,0.9025,0.9121
0.9206,0.9287,0.9356,0.9419,0.9477,0.9528,0.9573,0.9616,0.9654,0.9689
0.9720,0.9748,0.9772,0.9791,0.9811,0.9826,0.9839,0.9850,0.9863,0.9872
0.9880,0.9887,0.9893,0.9900,0.9906,0.9910,0.9915,0.9919,0.9923,0.9927
0.9930,0.9934,0.9937,0.9940,0.9943,0.9946,0.9949,0.9952,0.9954,0.9957
0.9958,0.9961,0.9963,0.9964,0.9966,0.9967,0.9969,0.9971,0.9973,0.9974
0.9975,0.9977,0.9978,0.9979,0.9981,0.9982,0.9983,0.9985,0.9986,0.9988
0.9989,0.9990,0.9991,0.9993,0.9994,0.9995,0.9997,0.9998,0.9999,1.0000
hwc1v1fract=0.0001,0.0002,0.0002,0.0003,0.0004,0.0005,0.0006,0.0008
0.0009,0.0010,0.0011,0.0012,0.0014,0.0015,0.0018,0.0021,0.0024,0.0030
0.0040,0.0064,0.0105,0.0172,0.0269,0.0396,0.0551,0.0723,0.0907,0.1104
0.1311,0.1520,0.1736,0.1962,0.2193,0.2424,0.2652,0.2873,0.3095,0.3322
0.3543,0.3758,0.3973,0.4186,0.4403,0.4610,0.4810,0.5013,0.5216,0.5426
0.5626,0.5829,0.6024,0.6227,0.6422,0.6619,0.6812,0.7002,0.7194,0.7388
0.7585,0.7766,0.7951,0.8127,0.8295,0.8453,0.8598,0.8737,0.8865,0.8983
0.9091,0.9183,0.9267,0.9336,0.9399,0.9456,0.9506,0.9551,0.9594,0.9632
0.9669,0.9702,0.9731,0.9757,0.9777,0.9797,0.9815,0.9831,0.9844,0.9855
0.9865,0.9873,0.9882,0.9888,0.9896,0.9902,0.9907,0.9911,0.9916,0.9921
0.9924,0.9929,0.9932,0.9935,0.9939,0.9942,0.9945,0.9947,0.9950,0.9953
0.9955,0.9957,0.9959,0.9962,0.9964,0.9966,0.9968,0.9970,0.9972,0.9974
0.9976,0.9978,0.9979,0.9980,0.9981,0.9983,0.9984,0.9985,0.9987,0.9988
0.9989,0.9991,0.9992,0.9993,0.9994,0.9995,0.9997,0.9998,0.9999,1.0000
hwc1y2fract=0.0001,0.0002,0.0003,0.0004,0.0005,0.0005,0.0007,0.0008
0.0010,0.0011,0.0014,0.0016,0.0018,0.0022,0.0026,0.0033,0.0044,0.0063
0.0091,0.0143,0.0219,0.0319,0.0449,0.0599,0.0775,0.0968,0.1168,0.1386
0.1609,0.1835,0.2064,0.2291,0.2522,0.2753,0.2979,0.3203,0.3423,0.3644
0.3868,0.4086,0.4301,0.4517,0.4727,0.4938,0.5142,0.5356,0.5561,0.5766
0.5973,0.6175,0.6372,0.6572,0.6770,0.6962,0.7153,0.7342,0.7530,0.7710
0.7884,0.8060,0.8220,0.8376,0.8524,0.8665,0.8793,0.8919,0.9027,0.9126
0.9214,0.9291,0.9359,0.9422,0.9478,0.9530,0.9575,0.9616,0.9651,0.9684
0.9713,0.9738,0.9762,0.9782,0.9799,0.9813,0.9827,0.9840,0.9851,0.9861
0.9869,0.9877,0.9885,0.9893,0.9900,0.9905,0.9911,0.9915,0.9919,0.9923
0.9926,0.9929,0.9933,0.9937,0.9941,0.9944,0.9947,0.9950,0.9953,0.9956
0.9958,0.9960,0.9962,0.9964,0.9966,0.9968,0.9970,0.9972,0.9974,0.9975
0.9977,0.9978,0.9980,0.9982,0.9983,0.9985,0.9986,0.9987,0.9988,0.9989
0.9990,0.9992,0.9993,0.9994,0.9995,0.9996,0.9997,0.9998,0.9999,1.0000
hwc1x2fract=0.0001,0.0002,0.0002,0.0004,0.0005,0.0006,0.0007,0.0008
0.0010,0.0011,0.0013,0.0015,0.0017,0.0020,0.0023,0.0028,0.0036,0.0050
0.0071,0.0103,0.0148,0.0211,0.0295,0.0397,0.0514,0.0652,0.0799,0.0961
0.1129,0.1300,0.1490,0.1680,0.1880,0.2091,0.2299,0.2516,0.2738,0.2959
0.3180,0.3409,0.3631,0.3859,0.4080,0.4308,0.4534,0.4760,0.4976,0.5193
0.5408,0.5622,0.5842,0.6049,0.6262,0.6467,0.6671,0.6873,0.7077,0.7280
0.7474,0.7671,0.7857,0.8040,0.8209,0.8382,0.8531,0.8675,0.8804,0.8924
0.9032,0.9133,0.9224,0.9310,0.9388,0.9458,0.9519,0.9576,0.9626,0.9668
0.9708,0.9743,0.9771,0.9798,0.9818,0.9837,0.9852,0.9864,0.9875,0.9884
0.9892,0.9897,0.9903,0.9909,0.9915,0.9918,0.9923,0.9926,0.9930,0.9933
0.9935,0.9938,0.9940,0.9944,0.9946,0.9948,0.9950,0.9952,0.9954,0.9956
0.9959,0.9960,0.9962,0.9963,0.9965,0.9966,0.9968,0.9970,0.9972,0.9974
0.9976,0.9977,0.9979,0.9980,0.9982,0.9983,0.9984,0.9985,0.9986,0.9987
0.9989,0.9990,0.9991,0.9993,0.9994,0.9995,0.9996,0.9997,0.9999,1.0000
hwc2x1fract=0.0001,0.0003,0.0004,0.0006,0.0008,0.0010,0.0012,0.0014
0.0017,0.0020,0.0022,0.0026,0.0030,0.0035,0.0044,0.0055,0.0074,0.0105
0.0150,0.0212,0.0286,0.0379,0.0491,0.0620,0.0758,0.0915,0.1078,0.1253
0.1434,0.1623,0.1819,0.2021,0.2226,0.2441,0.2662,0.2877,0.3095,0.3321
0.3545,0.3767,0.3989,0.4209,0.4436,0.4653,0.4878,0.5106,0.5331,0.5554
0.5775,0.5987,0.6201,0.6414,0.6625,0.6835,0.7041,0.7241,0.7441,0.7641
0.7829,0.8012,0.8188,0.8358,0.8513,0.8655,0.8795,0.8915,0.9028,0.9136
0.9233,0.9318,0.9395,0.9465,0.9525,0.9578,0.9629,0.9675,0.9713,0.9745
0.9774,0.9799,0.9819,0.9836,0.9850,0.9862,0.9872,0.9882,0.9890,0.9895
0.9901,0.9906,0.9911,0.9916,0.9921,0.9924,0.9927,0.9930,0.9933,0.9936
0.9939,0.9942,0.9945,0.9947,0.9950,0.9952,0.9954,0.9956,0.9958,0.9960
0.9962,0.9964,0.9965,0.9967,0.9969,0.9970,0.9971,0.9973,0.9974,0.9976
0.9977,0.9978,0.9980,0.9981,0.9982,0.9983,0.9985,0.9986,0.9987,0.9988
0.9990,0.9991,0.9992,0.9993,0.9994,0.9996,0.9997,0.9998,0.9999,1.0000
hwc2y1fract=0.0001,0.0002,0.0003,0.0005,0.0005,0.0006,0.0008,0.0009
0.0010,0.0012,0.0014,0.0015,0.0018,0.0020,0.0024,0.0030,0.0039,0.0054
0.0077,0.0116,0.0184,0.0284,0.0412,0.0576,0.0755,0.0956,0.1181,0.1409
0.1639,0.1877,0.2116,0.2352,0.2595,0.2832,0.3067,0.3298,0.3527,0.3751
0.3976,0.4202,0.4417,0.4636,0.4848,0.5059,0.5268,0.5480,0.5692,0.5895
0.6101,0.6304,0.6505,0.6710,0.6904,0.7096,0.7284,0.7472,0.7651,0.7836
0.8023,0.8197,0.8369,0.8524,0.8674,0.8813,0.8942,0.9057,0.9156,0.9249
0.9331,0.9402,0.9466,0.9523,0.9575,0.9618,0.9657,0.9689,0.9719,0.9745
0.9767,0.9786,0.9804,0.9819,0.9834,0.9845,0.9855,0.9865,0.9874,0.9881
0.9888,0.9895,0.9901,0.9904,0.9910,0.9914,0.9918,0.9922,0.9926,0.9930
0.9933,0.9936,0.9939,0.9942,0.9945,0.9947,0.9949,0.9952,0.9954,0.9957
0.9958,0.9961,0.9963,0.9965,0.9967,0.9968,0.9970,0.9972,0.9974,0.9976
0.9977,0.9980,0.9981,0.9982,0.9983,0.9984,0.9986,0.9987,0.9988,0.9989
0.9991,0.9991,0.9992,0.9993,0.9995,0.9996,0.9997,0.9998,0.9999,1.0000
hwc2u1fract=0.0001,0.0002,0.0002,0.0003,0.0004,0.0005,0.0006,0.0007
0.0008,0.0009,0.0010,0.0011,0.0013,0.0015,0.0016,0.0019,0.0023,0.0030
0.0043,0.0073,0.0131,0.0225,0.0351,0.0509,0.0687,0.0895,0.1115,0.1342
0.1569,0.1804,0.2041,0.2280,0.2506,0.2744,0.2966,0.3191,0.3413,0.3630
0.3849,0.4062,0.4277,0.4491,0.4702,0.4920,0.5126,0.5328,0.5527,0.5728
0.5928,0.6127,0.6325,0.6525,0.6722,0.6920,0.7110,0.7299,0.7481,0.7663
0.7842,0.8018,0.8187,0.8353,0.8508,0.8657,0.8791,0.8916,0.9023,0.9121
0.9209,0.9280,0.9347,0.9407,0.9458,0.9503,0.9546,0.9584,0.9617,0.9647
0.9673,0.9698,0.9721,0.9740,0.9759,0.9774,0.9789,0.9803,0.9814,0.9824
0.9833,0.9841,0.9850,0.9858,0.9865,0.9873,0.9879,0.9884,0.9890,0.9896
0.9902,0.9907,0.9913,0.9918,0.9923,0.9928,0.9933,0.9937,0.9941,0.9944
0.9947,0.9951,0.9955,0.9958,0.9961,0.9964,0.9966,0.9968,0.9970,0.9973
0.9974,0.9977,0.9978,0.9980,0.9981,0.9982,0.9984,0.9985,0.9987,0.9988
0.9989,0.9991,0.9992,0.9993,0.9995,0.9996,0.9997,0.9998,0.9999,1.0000
hwc2v1fract=0.0001,0.0001,0.0002,0.0003,0.0004,0.0005,0.0006,0.0007
0.0008,0.0010,0.0010,0.0013,0.0014,0.0017,0.0019,0.0023,0.0030,0.0043
0.0064,0.0107,0.0183,0.0292,0.0440,0.0611,0.0808,0.1021,0.1237,0.1467
0.1703,0.1938,0.2164,0.2406,0.2642,0.2870,0.3098,0.3327,0.3553,0.3777
0.3993,0.4210,0.4421,0.4641,0.4851,0.5066,0.5276,0.5487,0.5693,0.5900
0.6096,0.6294,0.6490,0.6691,0.6885,0.7080,0.7271,0.7456,0.7642,0.7823
0.7996,0.8171,0.8339,0.8498,0.8644,0.8792,0.8924,0.9043,0.9149,0.9238
0.9317,0.9388,0.9448,0.9503,0.9553,0.9595,0.9632,0.9668,0.9697,0.9725
0.9749,0.9773,0.9794,0.9810,0.9824,0.9838,0.9848,0.9859,0.9868,0.9875
0.9883,0.9890,0.9895,0.9901,0.9907,0.9911,0.9915,0.9919,0.9924,0.9927
0.9931,0.9935,0.9938,0.9942,0.9944,0.9947,0.9950,0.9952,0.9954,0.9957
0.9959,0.9962,0.9963,0.9965,0.9967,0.9970,0.9971,0.9973,0.9975,0.9977
0.9978,0.9979,0.9981,0.9982,0.9984,0.9985,0.9986,0.9987,0.9988,0.9989
0.9990,0.9992,0.9993,0.9994,0.9995,0.9996,0.9997,0.9998,0.9999,1.0000
hwc2y2fract=0.0001,0.0002,0.0002,0.0003,0.0004,0.0005,0.0007,0.0008
0.0010,0.0012,0.0014,0.0017,0.0019,0.0023,0.0029,0.0036,0.0046,0.0062
0.0091,0.0137,0.0210,0.0311,0.0445,0.0605,0.0793,0.1002,0.1224,0.1453
0.1681,0.1917,0.2156,0.2391,0.2624,0.2866,0.3104,0.3333,0.3559,0.3779
0.4008,0.4229,0.4448,0.4663,0.4880,0.5091,0.5296,0.5507,0.5711,0.5918
0.6123,0.6324,0.6524,0.6729,0.6931,0.7128,0.7320,0.7512,0.7695,0.7874
0.8047,0.8217,0.8380,0.8534,0.8680,0.8822,0.8949,0.9065,0.9164,0.9257
0.9339,0.9409,0.9469,0.9523,0.9573,0.9617,0.9654,0.9689,0.9719,0.9747
0.9768,0.9788,0.9804,0.9820,0.9835,0.9847,0.9857,0.9867,0.9876,0.9883
0.9890,0.9896,0.9901,0.9907,0.9910,0.9915,0.9918,0.9922,0.9926,0.9929
0.9933,0.9936,0.9939,0.9942,0.9944,0.9947,0.9951,0.9953,0.9956,0.9958
0.9960,0.9962,0.9964,0.9966,0.9969,0.9970,0.9972,0.9974,0.9976,0.9977
0.9979,0.9980,0.9981,0.9983,0.9984,0.9985,0.9987,0.9987,0.9988,0.9990
0.9991,0.9992,0.9993,0.9994,0.9995,0.9996,0.9997,0.9998,0.9999,1.0000
hwc2x2fract=0.0000,0.0002,0.0003,0.0004,0.0006,0.0007,0.0009,0.0011
0.0013,0.0014,0.0018,0.0022,0.0025,0.0029,0.0036,0.0049,0.0071,0.0104
0.0148,0.0212,0.0293,0.0399,0.0515,0.0652,0.0804,0.0961,0.1133,0.1315
0.1506,0.1703,0.1907,0.2124,0.2337,0.2558,0.2785,0.3013,0.3239,0.3468
0.3689,0.3914,0.4134,0.4361,0.4583,0.4804,0.5030,0.5252,0.5476,0.5694
0.5912,0.6129,0.6346,0.6550,0.6760,0.6966,0.7166,0.7369,0.7561,0.7751
0.7936,0.8119,0.8285,0.8446,0.8596,0.8741,0.8873,0.8994,0.9101,0.9200
0.9289,0.9366,0.9437,0.9498,0.9555,0.9600,0.9647,0.9688,0.9723,0.9751
0.9777,0.9799,0.9818,0.9833,0.9849,0.9861,0.9872,0.9880,0.9889,0.9896
0.9903,0.9907,0.9911,0.9916,0.9921,0.9925,0.9928,0.9932,0.9935,0.9938
0.9940,0.9943,0.9946,0.9949,0.9951,0.9954,0.9956,0.9958,0.9960,0.9961
0.9963,0.9965,0.9966,0.9967,0.9969,0.9970,0.9972,0.9973,0.9975,0.9976
0.9978,0.9979,0.9980,0.9981,0.9983,0.9984,0.9986,0.9987,0.9988,0.9989
0.9991,0.9991,0.9992,0.9993,0.9995,0.9996,0.9997,0.9997,0.9999,1.0000
