; Lookup table
;number of bins in Meek's time to distance lookup table
hdriftbins=138
;number of 1st bin in Meek's table in ns
hdrift1stbin=-24
;bin size in ns of Meek's table
hdriftbinsz=2
hwc1x1fract=0.0000,0.0001,0.0001,0.0002,0.0002,0.0003,0.0004,0.0004
0.0005,0.0006,0.0007,0.0009,0.0011,0.0013,0.0016,0.0021,0.0031,0.0044
0.0065,0.0091,0.0127,0.0179,0.0251,0.0343,0.0455,0.0585,0.0731,0.0886
0.1053,0.1229,0.1414,0.1606,0.1806,0.2012,0.2218,0.2435,0.2652,0.2871
0.3091,0.3318,0.3539,0.3763,0.3987,0.4214,0.4437,0.4660,0.4881,0.5103
0.5321,0.5540,0.5755,0.5971,0.6182,0.6392,0.6599,0.6805,0.7009,0.7207
0.7401,0.7592,0.7777,0.7954,0.8125,0.8287,0.8441,0.8588,0.8726,0.8851
0.8968,0.9078,0.9176,0.9267,0.9349,0.9426,0.9493,0.9557,0.9613,0.9665
0.9711,0.9752,0.9787,0.9820,0.9847,0.9870,0.9889,0.9906,0.9919,0.9931
0.9940,0.9947,0.9954,0.9959,0.9964,0.9968,0.9972,0.9975,0.9977,0.9979
0.9982,0.9983,0.9985,0.9986,0.9988,0.9989,0.9990,0.9991,0.9992,0.9993
0.9994,0.9994,0.9995,0.9995,0.9996,0.9996,0.9997,0.9997,0.9998,0.9998
0.9998,0.9998,0.9999,0.9999,0.9999,0.9999,0.9999,0.9999,0.9999,0.9999
0.9999,1.0000,1.0000,1.0000,1.0000,1.0000,1.0000,1.0000,1.0000,1.0000
hwc1y1fract=0.0000,0.0001,0.0001,0.0001,0.0002,0.0003,0.0003,0.0004
0.0005,0.0006,0.0008,0.0009,0.0011,0.0014,0.0017,0.0022,0.0029,0.0039
0.0055,0.0083,0.0128,0.0200,0.0304,0.0442,0.0607,0.0795,0.1002,0.1219
0.1446,0.1680,0.1914,0.2146,0.2377,0.2610,0.2842,0.3069,0.3297,0.3524
0.3748,0.3968,0.4187,0.4405,0.4617,0.4831,0.5034,0.5240,0.5444,0.5645
0.5848,0.6047,0.6245,0.6444,0.6639,0.6836,0.7026,0.7215,0.7403,0.7589
0.7772,0.7951,0.8126,0.8293,0.8451,0.8598,0.8738,0.8868,0.8986,0.9096
0.9193,0.9281,0.9358,0.9427,0.9490,0.9546,0.9595,0.9639,0.9679,0.9715
0.9748,0.9776,0.9802,0.9825,0.9846,0.9862,0.9876,0.9890,0.9902,0.9912
0.9921,0.9929,0.9937,0.9943,0.9949,0.9954,0.9958,0.9962,0.9966,0.9969
0.9972,0.9975,0.9977,0.9979,0.9981,0.9983,0.9985,0.9987,0.9988,0.9989
0.9991,0.9992,0.9993,0.9994,0.9994,0.9995,0.9996,0.9996,0.9997,0.9997
0.9998,0.9998,0.9998,0.9999,0.9999,0.9999,0.9999,0.9999,0.9999,0.9999
1.0000,1.0000,1.0000,1.0000,1.0000,1.0000,1.0000,1.0000,1.0000,1.0000
hwc1u1fract=0.0000,0.0000,0.0000,0.0000,0.0000,0.0000,0.0000,0.0001
0.0001,0.0001,0.0001,0.0001,0.0002,0.0003,0.0004,0.0007,0.0015,0.0028
0.0048,0.0075,0.0114,0.0175,0.0263,0.0381,0.0524,0.0689,0.0872,0.1067
0.1273,0.1483,0.1701,0.1919,0.2141,0.2365,0.2591,0.2817,0.3037,0.3259
0.3482,0.3702,0.3922,0.4142,0.4358,0.4575,0.4787,0.4997,0.5208,0.5416
0.5621,0.5831,0.6032,0.6233,0.6434,0.6633,0.6829,0.7026,0.7222,0.7410
0.7594,0.7777,0.7956,0.8125,0.8288,0.8442,0.8588,0.8723,0.8847,0.8963
0.9069,0.9161,0.9246,0.9323,0.9394,0.9456,0.9513,0.9562,0.9611,0.9654
0.9693,0.9728,0.9760,0.9790,0.9815,0.9837,0.9855,0.9871,0.9886,0.9898
0.9910,0.9919,0.9928,0.9936,0.9942,0.9948,0.9953,0.9958,0.9962,0.9965
0.9969,0.9972,0.9974,0.9977,0.9979,0.9981,0.9983,0.9984,0.9986,0.9987
0.9989,0.9990,0.9991,0.9992,0.9993,0.9994,0.9995,0.9996,0.9996,0.9997
0.9997,0.9997,0.9998,0.9998,0.9999,0.9999,0.9999,0.9999,0.9999,0.9999
0.9999,1.0000,1.0000,1.0000,1.0000,1.0000,1.0000,1.0000,1.0000,1.0000
hwc1v1fract=0.0000,0.0000,0.0000,0.0000,0.0000,0.0001,0.0001,0.0001
0.0002,0.0002,0.0002,0.0003,0.0003,0.0004,0.0005,0.0007,0.0010,0.0017
0.0031,0.0059,0.0108,0.0188,0.0300,0.0443,0.0612,0.0797,0.0997,0.1204
0.1419,0.1637,0.1860,0.2085,0.2312,0.2534,0.2759,0.2980,0.3203,0.3418
0.3639,0.3859,0.4078,0.4291,0.4502,0.4710,0.4924,0.5132,0.5340,0.5546
0.5755,0.5960,0.6163,0.6366,0.6566,0.6760,0.6951,0.7144,0.7335,0.7521
0.7706,0.7886,0.8066,0.8235,0.8399,0.8556,0.8700,0.8830,0.8953,0.9064
0.9161,0.9245,0.9322,0.9390,0.9453,0.9509,0.9560,0.9606,0.9648,0.9686
0.9722,0.9754,0.9783,0.9809,0.9831,0.9852,0.9869,0.9883,0.9895,0.9906
0.9916,0.9924,0.9932,0.9938,0.9944,0.9949,0.9953,0.9957,0.9962,0.9965
0.9968,0.9970,0.9973,0.9976,0.9978,0.9980,0.9983,0.9984,0.9986,0.9987
0.9989,0.9990,0.9991,0.9993,0.9994,0.9995,0.9995,0.9996,0.9996,0.9997
0.9997,0.9998,0.9998,0.9998,0.9999,0.9999,0.9999,0.9999,0.9999,0.9999
1.0000,1.0000,1.0000,1.0000,1.0000,1.0000,1.0000,1.0000,1.0000,1.0000
hwc1y2fract=0.0000,0.0000,0.0000,0.0001,0.0001,0.0001,0.0002,0.0002
0.0003,0.0003,0.0004,0.0005,0.0006,0.0007,0.0009,0.0012,0.0018,0.0031
0.0050,0.0084,0.0144,0.0229,0.0345,0.0489,0.0659,0.0847,0.1052,0.1269
0.1491,0.1720,0.1954,0.2185,0.2416,0.2644,0.2871,0.3099,0.3323,0.3546
0.3764,0.3984,0.4201,0.4413,0.4623,0.4833,0.5042,0.5248,0.5454,0.5659
0.5863,0.6068,0.6267,0.6468,0.6667,0.6861,0.7054,0.7247,0.7433,0.7614
0.7791,0.7966,0.8134,0.8294,0.8445,0.8588,0.8724,0.8852,0.8970,0.9076
0.9169,0.9254,0.9330,0.9397,0.9459,0.9513,0.9563,0.9608,0.9647,0.9683
0.9717,0.9748,0.9776,0.9800,0.9821,0.9840,0.9857,0.9874,0.9887,0.9898
0.9909,0.9917,0.9926,0.9932,0.9938,0.9944,0.9949,0.9954,0.9958,0.9963
0.9966,0.9969,0.9972,0.9975,0.9977,0.9980,0.9982,0.9983,0.9986,0.9987
0.9989,0.9990,0.9991,0.9992,0.9993,0.9994,0.9995,0.9995,0.9996,0.9996
0.9997,0.9997,0.9998,0.9998,0.9998,0.9998,0.9998,0.9999,0.9999,0.9999
0.9999,0.9999,0.9999,1.0000,1.0000,1.0000,1.0000,1.0000,1.0000,1.0000
hwc1x2fract=0.0000,0.0000,0.0001,0.0001,0.0001,0.0002,0.0002,0.0002
0.0003,0.0003,0.0004,0.0005,0.0006,0.0008,0.0010,0.0014,0.0021,0.0033
0.0054,0.0087,0.0140,0.0215,0.0312,0.0428,0.0561,0.0709,0.0871,0.1047
0.1230,0.1423,0.1620,0.1828,0.2035,0.2247,0.2464,0.2686,0.2909,0.3135
0.3361,0.3585,0.3807,0.4032,0.4255,0.4472,0.4697,0.4918,0.5138,0.5356
0.5569,0.5782,0.5992,0.6200,0.6404,0.6611,0.6814,0.7013,0.7210,0.7398
0.7589,0.7774,0.7952,0.8127,0.8292,0.8451,0.8601,0.8741,0.8868,0.8981
0.9086,0.9184,0.9274,0.9356,0.9429,0.9496,0.9558,0.9614,0.9665,0.9712
0.9751,0.9786,0.9818,0.9845,0.9868,0.9888,0.9903,0.9918,0.9929,0.9938
0.9946,0.9952,0.9958,0.9963,0.9967,0.9970,0.9973,0.9976,0.9979,0.9981
0.9982,0.9984,0.9986,0.9987,0.9988,0.9990,0.9991,0.9992,0.9993,0.9993
0.9994,0.9995,0.9995,0.9996,0.9996,0.9996,0.9997,0.9997,0.9998,0.9998
0.9998,0.9998,0.9998,0.9999,0.9999,0.9999,0.9999,0.9999,0.9999,0.9999
1.0000,1.0000,1.0000,1.0000,1.0000,1.0000,1.0000,1.0000,1.0000,1.0000
hwc2x1fract=0.0000,0.0001,0.0001,0.0002,0.0002,0.0003,0.0004,0.0005
0.0006,0.0007,0.0008,0.0010,0.0011,0.0014,0.0016,0.0020,0.0025,0.0033
0.0049,0.0076,0.0118,0.0178,0.0256,0.0358,0.0476,0.0617,0.0767,0.0932
0.1109,0.1293,0.1487,0.1687,0.1894,0.2106,0.2317,0.2534,0.2760,0.2980
0.3202,0.3427,0.3651,0.3876,0.4102,0.4322,0.4545,0.4765,0.4988,0.5208
0.5428,0.5646,0.5859,0.6074,0.6285,0.6496,0.6701,0.6908,0.7112,0.7309
0.7500,0.7691,0.7882,0.8063,0.8239,0.8404,0.8559,0.8705,0.8840,0.8962
0.9073,0.9173,0.9264,0.9345,0.9423,0.9493,0.9552,0.9607,0.9660,0.9705
0.9745,0.9781,0.9814,0.9841,0.9864,0.9883,0.9900,0.9913,0.9925,0.9935
0.9944,0.9950,0.9956,0.9961,0.9965,0.9969,0.9972,0.9975,0.9978,0.9980
0.9982,0.9983,0.9985,0.9987,0.9988,0.9989,0.9990,0.9991,0.9992,0.9992
0.9993,0.9994,0.9995,0.9995,0.9996,0.9996,0.9997,0.9997,0.9998,0.9998
0.9998,0.9998,0.9999,0.9999,0.9999,0.9999,0.9999,0.9999,1.0000,1.0000
1.0000,1.0000,1.0000,1.0000,1.0000,1.0000,1.0000,1.0000,1.0000,1.0000
hwc2y1fract=0.0000,0.0000,0.0000,0.0001,0.0001,0.0001,0.0001,0.0001
0.0002,0.0002,0.0003,0.0004,0.0004,0.0006,0.0007,0.0009,0.0013,0.0019
0.0030,0.0051,0.0094,0.0164,0.0269,0.0409,0.0577,0.0772,0.0989,0.1217
0.1454,0.1694,0.1939,0.2178,0.2418,0.2656,0.2893,0.3125,0.3359,0.3584
0.3807,0.4030,0.4249,0.4466,0.4681,0.4890,0.5098,0.5304,0.5512,0.5718
0.5926,0.6128,0.6331,0.6530,0.6727,0.6924,0.7121,0.7316,0.7504,0.7688
0.7870,0.8048,0.8220,0.8385,0.8544,0.8697,0.8840,0.8966,0.9081,0.9185
0.9278,0.9359,0.9430,0.9496,0.9553,0.9601,0.9645,0.9685,0.9720,0.9753
0.9782,0.9807,0.9830,0.9849,0.9866,0.9880,0.9893,0.9904,0.9913,0.9921
0.9929,0.9936,0.9942,0.9948,0.9953,0.9957,0.9961,0.9964,0.9967,0.9970
0.9972,0.9975,0.9977,0.9979,0.9981,0.9983,0.9985,0.9986,0.9987,0.9989
0.9990,0.9991,0.9992,0.9993,0.9994,0.9995,0.9995,0.9996,0.9997,0.9997
0.9997,0.9998,0.9998,0.9998,0.9999,0.9999,0.9999,0.9999,0.9999,0.9999
0.9999,1.0000,1.0000,1.0000,1.0000,1.0000,1.0000,1.0000,1.0000,1.0000
hwc2u1fract=0.0000,0.0000,0.0000,0.0000,0.0000,0.0000,0.0000,0.0000
0.0001,0.0001,0.0001,0.0001,0.0002,0.0002,0.0003,0.0004,0.0007,0.0013
0.0027,0.0061,0.0126,0.0233,0.0377,0.0554,0.0760,0.0978,0.1206,0.1444
0.1678,0.1916,0.2154,0.2388,0.2625,0.2855,0.3082,0.3308,0.3534,0.3755
0.3972,0.4189,0.4404,0.4616,0.4824,0.5031,0.5237,0.5443,0.5645,0.5847
0.6047,0.6246,0.6440,0.6637,0.6830,0.7022,0.7211,0.7399,0.7587,0.7772
0.7947,0.8126,0.8296,0.8459,0.8613,0.8757,0.8893,0.9015,0.9123,0.9219
0.9304,0.9379,0.9446,0.9504,0.9556,0.9604,0.9646,0.9684,0.9718,0.9749
0.9777,0.9802,0.9823,0.9843,0.9861,0.9875,0.9887,0.9898,0.9908,0.9917
0.9925,0.9931,0.9937,0.9942,0.9947,0.9951,0.9955,0.9959,0.9962,0.9965
0.9968,0.9971,0.9974,0.9976,0.9978,0.9980,0.9982,0.9984,0.9986,0.9987
0.9989,0.9990,0.9992,0.9993,0.9993,0.9994,0.9995,0.9996,0.9996,0.9997
0.9997,0.9998,0.9998,0.9998,0.9999,0.9999,0.9999,0.9999,0.9999,1.0000
1.0000,1.0000,1.0000,1.0000,1.0000,1.0000,1.0000,1.0000,1.0000,1.0000
hwc2v1fract=0.0000,0.0000,0.0000,0.0000,0.0001,0.0001,0.0001,0.0001
0.0001,0.0002,0.0002,0.0003,0.0003,0.0004,0.0006,0.0007,0.0010,0.0014
0.0024,0.0047,0.0094,0.0178,0.0301,0.0461,0.0651,0.0859,0.1081,0.1311
0.1544,0.1779,0.2015,0.2254,0.2489,0.2724,0.2956,0.3185,0.3410,0.3630
0.3853,0.4071,0.4290,0.4505,0.4718,0.4925,0.5132,0.5337,0.5541,0.5743
0.5943,0.6140,0.6342,0.6538,0.6735,0.6926,0.7117,0.7304,0.7493,0.7678
0.7858,0.8031,0.8203,0.8372,0.8530,0.8682,0.8823,0.8949,0.9066,0.9168
0.9259,0.9338,0.9410,0.9474,0.9530,0.9581,0.9625,0.9664,0.9700,0.9733
0.9763,0.9791,0.9815,0.9835,0.9853,0.9868,0.9882,0.9895,0.9907,0.9916
0.9924,0.9931,0.9937,0.9942,0.9947,0.9951,0.9955,0.9959,0.9963,0.9966
0.9969,0.9971,0.9974,0.9977,0.9979,0.9981,0.9983,0.9985,0.9986,0.9988
0.9989,0.9990,0.9991,0.9993,0.9994,0.9995,0.9995,0.9996,0.9997,0.9997
0.9998,0.9998,0.9998,0.9998,0.9999,0.9999,0.9999,0.9999,0.9999,1.0000
1.0000,1.0000,1.0000,1.0000,1.0000,1.0000,1.0000,1.0000,1.0000,1.0000
hwc2y2fract=0.0000,0.0000,0.0001,0.0001,0.0001,0.0001,0.0002,0.0002
0.0002,0.0003,0.0004,0.0004,0.0005,0.0006,0.0008,0.0011,0.0015,0.0024
0.0039,0.0066,0.0115,0.0193,0.0303,0.0447,0.0621,0.0819,0.1038,0.1266
0.1503,0.1744,0.1988,0.2229,0.2469,0.2707,0.2942,0.3174,0.3402,0.3629
0.3852,0.4073,0.4290,0.4508,0.4725,0.4939,0.5147,0.5356,0.5562,0.5764
0.5968,0.6170,0.6371,0.6575,0.6774,0.6970,0.7160,0.7351,0.7540,0.7726
0.7906,0.8084,0.8257,0.8422,0.8575,0.8722,0.8859,0.8984,0.9099,0.9203
0.9296,0.9376,0.9445,0.9506,0.9560,0.9608,0.9650,0.9688,0.9723,0.9753
0.9780,0.9807,0.9828,0.9848,0.9864,0.9878,0.9890,0.9901,0.9911,0.9920
0.9928,0.9935,0.9941,0.9947,0.9952,0.9956,0.9960,0.9963,0.9966,0.9969
0.9972,0.9974,0.9977,0.9979,0.9980,0.9982,0.9984,0.9986,0.9987,0.9988
0.9989,0.9991,0.9992,0.9993,0.9994,0.9995,0.9995,0.9996,0.9997,0.9997
0.9998,0.9998,0.9998,0.9999,0.9999,0.9999,0.9999,0.9999,0.9999,0.9999
1.0000,1.0000,1.0000,1.0000,1.0000,1.0000,1.0000,1.0000,1.0000,1.0000
hwc2x2fract=0.0000,0.0001,0.0001,0.0001,0.0002,0.0002,0.0003,0.0003
0.0004,0.0004,0.0005,0.0006,0.0007,0.0009,0.0011,0.0014,0.0019,0.0028
0.0043,0.0069,0.0110,0.0169,0.0253,0.0355,0.0481,0.0624,0.0786,0.0959
0.1146,0.1339,0.1540,0.1746,0.1959,0.2175,0.2394,0.2618,0.2843,0.3075
0.3304,0.3531,0.3757,0.3979,0.4200,0.4427,0.4647,0.4868,0.5083,0.5301
0.5513,0.5728,0.5938,0.6151,0.6361,0.6566,0.6769,0.6969,0.7166,0.7363
0.7556,0.7749,0.7934,0.8111,0.8279,0.8444,0.8594,0.8736,0.8865,0.8984
0.9092,0.9189,0.9279,0.9360,0.9434,0.9500,0.9560,0.9615,0.9663,0.9708
0.9747,0.9781,0.9812,0.9838,0.9861,0.9880,0.9897,0.9911,0.9923,0.9932
0.9940,0.9948,0.9954,0.9959,0.9964,0.9968,0.9971,0.9974,0.9976,0.9979
0.9981,0.9983,0.9985,0.9986,0.9988,0.9989,0.9991,0.9992,0.9993,0.9993
0.9994,0.9995,0.9995,0.9996,0.9996,0.9997,0.9997,0.9998,0.9998,0.9998
0.9998,0.9999,0.9999,0.9999,0.9999,0.9999,0.9999,0.9999,1.0000,1.0000
1.0000,1.0000,1.0000,1.0000,1.0000,1.0000,1.0000,1.0000,1.0000,1.0000
