; Lookup table
;number of bins in Meek's time to distance lookup table
hdriftbins=138
;number of 1st bin in Meek's table in ns
hdrift1stbin=-24
;bin size in ns of Meek's table
hdriftbinsz=2
hwc1x1fract=0.0000,0.0001,0.0001,0.0001,0.0002,0.0003,0.0004,0.0004
0.0005,0.0006,0.0007,0.0008,0.0008,0.0010,0.0012,0.0015,0.0021,0.0030
0.0045,0.0066,0.0092,0.0131,0.0192,0.0276,0.0377,0.0494,0.0622,0.0769
0.0924,0.1088,0.1264,0.1440,0.1624,0.1812,0.2006,0.2213,0.2419,0.2629
0.2851,0.3061,0.3279,0.3508,0.3732,0.3959,0.4193,0.4421,0.4650,0.4870
0.5086,0.5301,0.5519,0.5744,0.5960,0.6171,0.6382,0.6599,0.6803,0.7003
0.7205,0.7401,0.7590,0.7771,0.7958,0.8129,0.8284,0.8442,0.8593,0.8727
0.8853,0.8977,0.9082,0.9180,0.9272,0.9354,0.9430,0.9502,0.9568,0.9626
0.9680,0.9724,0.9763,0.9801,0.9834,0.9860,0.9881,0.9897,0.9913,0.9926
0.9936,0.9943,0.9950,0.9957,0.9962,0.9967,0.9969,0.9972,0.9974,0.9977
0.9979,0.9980,0.9981,0.9984,0.9985,0.9987,0.9988,0.9990,0.9991,0.9993
0.9993,0.9994,0.9995,0.9995,0.9996,0.9996,0.9997,0.9997,0.9997,0.9998
0.9998,0.9998,0.9998,0.9998,0.9999,0.9999,0.9999,0.9999,0.9999,0.9999
1.0000,1.0000,1.0000,1.0000,1.0000,1.0000,1.0000,1.0000,1.0000,1.0000
hwc1y1fract=0.0000,0.0000,0.0001,0.0001,0.0001,0.0002,0.0002,0.0003
0.0003,0.0004,0.0005,0.0006,0.0007,0.0009,0.0011,0.0014,0.0020,0.0028
0.0039,0.0061,0.0096,0.0157,0.0242,0.0364,0.0508,0.0672,0.0863,0.1059
0.1266,0.1485,0.1709,0.1936,0.2162,0.2383,0.2611,0.2836,0.3068,0.3291
0.3520,0.3741,0.3954,0.4168,0.4390,0.4608,0.4823,0.5041,0.5252,0.5463
0.5667,0.5877,0.6089,0.6294,0.6500,0.6692,0.6882,0.7069,0.7270,0.7456
0.7639,0.7822,0.8001,0.8171,0.8333,0.8488,0.8633,0.8773,0.8896,0.9009
0.9117,0.9214,0.9300,0.9376,0.9445,0.9501,0.9554,0.9600,0.9642,0.9683
0.9718,0.9751,0.9778,0.9806,0.9829,0.9847,0.9864,0.9879,0.9893,0.9907
0.9918,0.9927,0.9935,0.9941,0.9947,0.9953,0.9958,0.9962,0.9965,0.9968
0.9971,0.9974,0.9976,0.9979,0.9982,0.9984,0.9986,0.9988,0.9989,0.9990
0.9991,0.9993,0.9994,0.9994,0.9995,0.9995,0.9996,0.9996,0.9997,0.9997
0.9998,0.9998,0.9999,0.9999,0.9999,0.9999,0.9999,0.9999,0.9999,0.9999
1.0000,1.0000,1.0000,1.0000,1.0000,1.0000,1.0000,1.0000,1.0000,1.0000
hwc1u1fract=0.0000,0.0000,0.0000,0.0000,0.0000,0.0000,0.0000,0.0000
0.0000,0.0000,0.0000,0.0000,0.0000,0.0001,0.0002,0.0004,0.0009,0.0015
0.0028,0.0045,0.0073,0.0121,0.0194,0.0291,0.0421,0.0569,0.0742,0.0927
0.1117,0.1310,0.1507,0.1718,0.1939,0.2160,0.2388,0.2612,0.2833,0.3051
0.3273,0.3501,0.3724,0.3937,0.4154,0.4376,0.4592,0.4799,0.5007,0.5220
0.5432,0.5644,0.5855,0.6053,0.6266,0.6471,0.6666,0.6856,0.7049,0.7247
0.7437,0.7620,0.7804,0.7965,0.8132,0.8298,0.8450,0.8596,0.8736,0.8856
0.8970,0.9070,0.9155,0.9236,0.9313,0.9378,0.9442,0.9497,0.9551,0.9598
0.9641,0.9685,0.9721,0.9755,0.9783,0.9812,0.9836,0.9856,0.9872,0.9884
0.9899,0.9908,0.9917,0.9925,0.9932,0.9938,0.9945,0.9951,0.9955,0.9959
0.9964,0.9967,0.9970,0.9972,0.9975,0.9978,0.9980,0.9982,0.9984,0.9985
0.9987,0.9988,0.9990,0.9991,0.9992,0.9993,0.9994,0.9994,0.9995,0.9996
0.9996,0.9997,0.9997,0.9997,0.9998,0.9998,0.9999,0.9999,0.9999,0.9999
0.9999,0.9999,1.0000,1.0000,1.0000,1.0000,1.0000,1.0000,1.0000,1.0000
hwc1v1fract=0.0000,0.0000,0.0000,0.0000,0.0000,0.0000,0.0001,0.0001
0.0001,0.0001,0.0002,0.0002,0.0002,0.0003,0.0004,0.0006,0.0009,0.0015
0.0027,0.0056,0.0102,0.0176,0.0279,0.0407,0.0560,0.0731,0.0917,0.1113
0.1305,0.1514,0.1730,0.1945,0.2157,0.2385,0.2601,0.2811,0.3033,0.3248
0.3467,0.3686,0.3907,0.4122,0.4336,0.4543,0.4757,0.4962,0.5174,0.5375
0.5571,0.5782,0.5986,0.6191,0.6397,0.6601,0.6809,0.7013,0.7203,0.7391
0.7582,0.7777,0.7959,0.8136,0.8295,0.8449,0.8595,0.8740,0.8863,0.8973
0.9076,0.9167,0.9245,0.9324,0.9395,0.9457,0.9514,0.9567,0.9612,0.9659
0.9696,0.9730,0.9763,0.9794,0.9818,0.9839,0.9861,0.9874,0.9888,0.9899
0.9910,0.9919,0.9926,0.9933,0.9940,0.9945,0.9952,0.9957,0.9961,0.9964
0.9967,0.9970,0.9972,0.9974,0.9977,0.9979,0.9981,0.9983,0.9984,0.9986
0.9987,0.9988,0.9990,0.9991,0.9992,0.9993,0.9994,0.9995,0.9996,0.9996
0.9997,0.9998,0.9998,0.9998,0.9998,0.9998,0.9999,0.9999,0.9999,0.9999
1.0000,1.0000,1.0000,1.0000,1.0000,1.0000,1.0000,1.0000,1.0000,1.0000
hwc1y2fract=0.0000,0.0000,0.0000,0.0001,0.0001,0.0001,0.0002,0.0002
0.0002,0.0002,0.0003,0.0003,0.0004,0.0005,0.0006,0.0009,0.0013,0.0022
0.0039,0.0067,0.0117,0.0191,0.0289,0.0423,0.0576,0.0746,0.0943,0.1145
0.1346,0.1563,0.1782,0.2007,0.2228,0.2457,0.2681,0.2909,0.3141,0.3371
0.3596,0.3813,0.4029,0.4249,0.4463,0.4673,0.4889,0.5104,0.5311,0.5510
0.5717,0.5920,0.6123,0.6321,0.6521,0.6720,0.6920,0.7113,0.7305,0.7495
0.7675,0.7851,0.8021,0.8187,0.8344,0.8496,0.8634,0.8766,0.8889,0.8999
0.9106,0.9196,0.9279,0.9352,0.9419,0.9477,0.9533,0.9581,0.9629,0.9671
0.9705,0.9734,0.9761,0.9790,0.9811,0.9832,0.9851,0.9866,0.9882,0.9894
0.9907,0.9916,0.9923,0.9931,0.9938,0.9945,0.9950,0.9955,0.9960,0.9965
0.9968,0.9970,0.9972,0.9974,0.9976,0.9979,0.9980,0.9982,0.9984,0.9986
0.9988,0.9990,0.9991,0.9992,0.9993,0.9993,0.9994,0.9995,0.9996,0.9996
0.9996,0.9997,0.9998,0.9998,0.9999,0.9999,0.9999,0.9999,0.9999,0.9999
1.0000,1.0000,1.0000,1.0000,1.0000,1.0000,1.0000,1.0000,1.0000,1.0000
hwc1x2fract=0.0000,0.0001,0.0001,0.0001,0.0001,0.0001,0.0001,0.0001
0.0002,0.0002,0.0003,0.0004,0.0004,0.0006,0.0007,0.0010,0.0015,0.0026
0.0046,0.0077,0.0126,0.0189,0.0279,0.0384,0.0506,0.0643,0.0788,0.0952
0.1121,0.1298,0.1486,0.1686,0.1879,0.2095,0.2310,0.2525,0.2732,0.2949
0.3172,0.3403,0.3619,0.3848,0.4073,0.4292,0.4519,0.4742,0.4950,0.5167
0.5388,0.5608,0.5821,0.6039,0.6251,0.6458,0.6668,0.6876,0.7086,0.7280
0.7468,0.7659,0.7843,0.8029,0.8199,0.8360,0.8511,0.8648,0.8787,0.8909
0.9021,0.9124,0.9223,0.9307,0.9385,0.9455,0.9523,0.9586,0.9641,0.9692
0.9738,0.9777,0.9812,0.9842,0.9866,0.9886,0.9900,0.9913,0.9923,0.9935
0.9944,0.9951,0.9958,0.9962,0.9965,0.9968,0.9972,0.9975,0.9977,0.9980
0.9981,0.9984,0.9986,0.9988,0.9989,0.9990,0.9992,0.9993,0.9993,0.9994
0.9995,0.9996,0.9996,0.9996,0.9997,0.9997,0.9997,0.9997,0.9998,0.9998
0.9998,0.9998,0.9999,0.9999,0.9999,0.9999,0.9999,0.9999,0.9999,0.9999
1.0000,1.0000,1.0000,1.0000,1.0000,1.0000,1.0000,1.0000,1.0000,1.0000
hwc2x1fract=0.0001,0.0001,0.0002,0.0002,0.0002,0.0003,0.0004,0.0004
0.0005,0.0006,0.0008,0.0009,0.0011,0.0013,0.0015,0.0018,0.0022,0.0029
0.0040,0.0061,0.0099,0.0157,0.0225,0.0314,0.0426,0.0549,0.0691,0.0836
0.1001,0.1176,0.1367,0.1552,0.1747,0.1951,0.2159,0.2372,0.2581,0.2803
0.3020,0.3242,0.3472,0.3693,0.3918,0.4148,0.4374,0.4602,0.4820,0.5034
0.5262,0.5484,0.5708,0.5928,0.6135,0.6348,0.6563,0.6768,0.6974,0.7184
0.7379,0.7579,0.7777,0.7960,0.8138,0.8302,0.8466,0.8617,0.8763,0.8895
0.9014,0.9120,0.9213,0.9299,0.9382,0.9455,0.9519,0.9576,0.9630,0.9677
0.9718,0.9760,0.9795,0.9826,0.9851,0.9872,0.9890,0.9905,0.9918,0.9929
0.9939,0.9947,0.9954,0.9957,0.9961,0.9966,0.9969,0.9972,0.9974,0.9977
0.9979,0.9981,0.9983,0.9984,0.9986,0.9988,0.9989,0.9990,0.9991,0.9992
0.9993,0.9994,0.9994,0.9995,0.9996,0.9996,0.9997,0.9997,0.9997,0.9997
0.9997,0.9998,0.9998,0.9999,0.9999,0.9999,0.9999,0.9999,0.9999,0.9999
1.0000,1.0000,1.0000,1.0000,1.0000,1.0000,1.0000,1.0000,1.0000,1.0000
hwc2y1fract=0.0000,0.0000,0.0000,0.0001,0.0001,0.0001,0.0001,0.0001
0.0001,0.0001,0.0002,0.0002,0.0003,0.0003,0.0004,0.0005,0.0007,0.0012
0.0020,0.0039,0.0073,0.0127,0.0208,0.0330,0.0473,0.0649,0.0847,0.1059
0.1289,0.1518,0.1753,0.1992,0.2223,0.2456,0.2698,0.2931,0.3161,0.3387
0.3621,0.3851,0.4066,0.4285,0.4497,0.4711,0.4921,0.5133,0.5344,0.5554
0.5760,0.5971,0.6179,0.6381,0.6583,0.6788,0.6990,0.7181,0.7375,0.7559
0.7749,0.7928,0.8107,0.8284,0.8441,0.8591,0.8736,0.8873,0.8991,0.9103
0.9205,0.9293,0.9375,0.9440,0.9507,0.9563,0.9613,0.9655,0.9696,0.9729
0.9761,0.9790,0.9814,0.9836,0.9855,0.9872,0.9886,0.9899,0.9910,0.9918
0.9927,0.9933,0.9940,0.9946,0.9951,0.9956,0.9960,0.9964,0.9966,0.9969
0.9972,0.9974,0.9976,0.9978,0.9980,0.9982,0.9984,0.9986,0.9987,0.9988
0.9990,0.9991,0.9992,0.9993,0.9994,0.9995,0.9995,0.9996,0.9997,0.9998
0.9998,0.9998,0.9998,0.9999,0.9999,0.9999,0.9999,0.9999,0.9999,0.9999
0.9999,0.9999,1.0000,1.0000,1.0000,1.0000,1.0000,1.0000,1.0000,1.0000
hwc2u1fract=0.0000,0.0000,0.0000,0.0000,0.0000,0.0000,0.0000,0.0001
0.0001,0.0001,0.0001,0.0001,0.0002,0.0002,0.0003,0.0004,0.0006,0.0012
0.0024,0.0053,0.0106,0.0204,0.0334,0.0495,0.0684,0.0893,0.1105,0.1327
0.1560,0.1791,0.2024,0.2253,0.2486,0.2720,0.2949,0.3181,0.3405,0.3624
0.3848,0.4068,0.4287,0.4501,0.4716,0.4931,0.5138,0.5344,0.5549,0.5740
0.5939,0.6148,0.6350,0.6541,0.6733,0.6923,0.7121,0.7319,0.7505,0.7694
0.7876,0.8054,0.8224,0.8391,0.8556,0.8701,0.8835,0.8960,0.9065,0.9168
0.9258,0.9337,0.9404,0.9465,0.9524,0.9575,0.9623,0.9662,0.9697,0.9729
0.9759,0.9786,0.9810,0.9833,0.9851,0.9866,0.9879,0.9891,0.9902,0.9911
0.9919,0.9926,0.9933,0.9939,0.9944,0.9949,0.9954,0.9957,0.9960,0.9963
0.9967,0.9970,0.9972,0.9975,0.9976,0.9979,0.9980,0.9983,0.9985,0.9987
0.9989,0.9990,0.9992,0.9992,0.9993,0.9994,0.9994,0.9995,0.9995,0.9996
0.9996,0.9997,0.9998,0.9998,0.9998,0.9999,0.9999,0.9999,0.9999,0.9999
0.9999,0.9999,0.9999,1.0000,1.0000,1.0000,1.0000,1.0000,1.0000,1.0000
hwc2v1fract=0.0000,0.0000,0.0000,0.0000,0.0000,0.0000,0.0001,0.0001
0.0001,0.0002,0.0002,0.0002,0.0003,0.0004,0.0004,0.0006,0.0008,0.0012
0.0022,0.0041,0.0082,0.0159,0.0265,0.0410,0.0578,0.0768,0.0975,0.1186
0.1408,0.1631,0.1863,0.2105,0.2339,0.2568,0.2794,0.3019,0.3251,0.3474
0.3700,0.3910,0.4126,0.4336,0.4550,0.4757,0.4976,0.5186,0.5388,0.5589
0.5789,0.5989,0.6198,0.6391,0.6590,0.6790,0.6988,0.7184,0.7372,0.7571
0.7758,0.7934,0.8111,0.8276,0.8442,0.8594,0.8729,0.8862,0.8980,0.9093
0.9191,0.9281,0.9361,0.9423,0.9484,0.9540,0.9591,0.9634,0.9676,0.9715
0.9746,0.9777,0.9800,0.9825,0.9847,0.9861,0.9874,0.9890,0.9903,0.9913
0.9920,0.9927,0.9933,0.9939,0.9945,0.9950,0.9955,0.9960,0.9964,0.9967
0.9970,0.9973,0.9976,0.9977,0.9979,0.9981,0.9983,0.9985,0.9987,0.9988
0.9989,0.9990,0.9991,0.9993,0.9994,0.9994,0.9995,0.9995,0.9996,0.9996
0.9997,0.9997,0.9997,0.9998,0.9998,0.9998,0.9999,0.9999,0.9999,0.9999
0.9999,0.9999,1.0000,1.0000,1.0000,1.0000,1.0000,1.0000,1.0000,1.0000
hwc2y2fract=0.0000,0.0000,0.0000,0.0001,0.0001,0.0001,0.0001,0.0001
0.0002,0.0002,0.0002,0.0003,0.0003,0.0004,0.0006,0.0008,0.0010,0.0017
0.0028,0.0048,0.0085,0.0150,0.0248,0.0372,0.0526,0.0701,0.0907,0.1124
0.1341,0.1570,0.1806,0.2039,0.2284,0.2524,0.2760,0.2992,0.3228,0.3458
0.3701,0.3924,0.4151,0.4370,0.4592,0.4804,0.5022,0.5235,0.5438,0.5650
0.5854,0.6067,0.6264,0.6466,0.6658,0.6851,0.7034,0.7227,0.7415,0.7600
0.7780,0.7957,0.8127,0.8297,0.8461,0.8611,0.8750,0.8880,0.8994,0.9106
0.9205,0.9295,0.9374,0.9441,0.9501,0.9557,0.9607,0.9651,0.9691,0.9727
0.9758,0.9789,0.9812,0.9835,0.9854,0.9869,0.9882,0.9894,0.9906,0.9915
0.9925,0.9933,0.9938,0.9945,0.9950,0.9955,0.9959,0.9962,0.9965,0.9968
0.9971,0.9973,0.9975,0.9977,0.9980,0.9981,0.9983,0.9985,0.9987,0.9988
0.9990,0.9991,0.9991,0.9993,0.9994,0.9995,0.9996,0.9996,0.9997,0.9998
0.9998,0.9998,0.9999,0.9999,0.9999,0.9999,0.9999,0.9999,0.9999,0.9999
1.0000,1.0000,1.0000,1.0000,1.0000,1.0000,1.0000,1.0000,1.0000,1.0000
hwc2x2fract=0.0000,0.0000,0.0000,0.0001,0.0001,0.0001,0.0002,0.0002
0.0003,0.0004,0.0004,0.0005,0.0006,0.0007,0.0009,0.0011,0.0015,0.0020
0.0031,0.0049,0.0078,0.0126,0.0197,0.0284,0.0394,0.0521,0.0661,0.0824
0.0996,0.1185,0.1380,0.1586,0.1794,0.2004,0.2220,0.2439,0.2667,0.2878
0.3103,0.3329,0.3556,0.3782,0.4006,0.4232,0.4459,0.4680,0.4898,0.5114
0.5333,0.5549,0.5757,0.5968,0.6178,0.6389,0.6592,0.6804,0.7001,0.7198
0.7393,0.7588,0.7770,0.7960,0.8133,0.8303,0.8461,0.8609,0.8747,0.8878
0.8999,0.9107,0.9204,0.9291,0.9375,0.9446,0.9510,0.9578,0.9632,0.9681
0.9725,0.9764,0.9797,0.9827,0.9851,0.9872,0.9890,0.9907,0.9917,0.9928
0.9936,0.9944,0.9950,0.9956,0.9961,0.9966,0.9969,0.9972,0.9975,0.9977
0.9981,0.9982,0.9984,0.9985,0.9987,0.9989,0.9991,0.9992,0.9992,0.9993
0.9994,0.9995,0.9995,0.9996,0.9997,0.9997,0.9998,0.9998,0.9998,0.9999
0.9999,0.9999,0.9999,0.9999,1.0000,1.0000,1.0000,1.0000,1.0000,1.0000
1.0000,1.0000,1.0000,1.0000,1.0000,1.0000,1.0000,1.0000,1.0000,1.0000
