; Lookup table
;number of bins in Meek's time to distance lookup table
hdriftbins=138
;number of 1st bin in Meek's table in ns
hdrift1stbin=-24
;bin size in ns of Meek's table
hdriftbinsz=2
hwc1x1fract=0.0001,0.0003,0.0004,0.0006,0.0008,0.0010,0.0012,0.0014
0.0017,0.0020,0.0023,0.0026,0.0029,0.0034,0.0041,0.0053,0.0071,0.0094
0.0124,0.0164,0.0218,0.0289,0.0378,0.0485,0.0611,0.0752,0.0904,0.1065
0.1234,0.1414,0.1599,0.1793,0.1993,0.2197,0.2407,0.2618,0.2834,0.3049
0.3267,0.3487,0.3708,0.3927,0.4150,0.4368,0.4586,0.4805,0.5028,0.5247
0.5463,0.5677,0.5888,0.6098,0.6308,0.6513,0.6723,0.6928,0.7127,0.7321
0.7509,0.7696,0.7876,0.8049,0.8212,0.8369,0.8518,0.8655,0.8782,0.8900
0.9008,0.9106,0.9196,0.9276,0.9351,0.9417,0.9479,0.9535,0.9585,0.9631
0.9671,0.9704,0.9733,0.9757,0.9780,0.9797,0.9813,0.9826,0.9838,0.9848
0.9856,0.9864,0.9870,0.9877,0.9882,0.9888,0.9892,0.9897,0.9901,0.9906
0.9909,0.9913,0.9916,0.9919,0.9923,0.9926,0.9929,0.9931,0.9934,0.9937
0.9939,0.9942,0.9945,0.9947,0.9949,0.9952,0.9954,0.9957,0.9959,0.9961
0.9964,0.9966,0.9968,0.9970,0.9972,0.9974,0.9976,0.9978,0.9980,0.9982
0.9984,0.9986,0.9988,0.9989,0.9991,0.9993,0.9995,0.9996,0.9998,1.0000
hwc1y1fract=0.0001,0.0003,0.0005,0.0007,0.0009,0.0011,0.0013,0.0015
0.0017,0.0021,0.0024,0.0027,0.0031,0.0037,0.0044,0.0052,0.0065,0.0085
0.0113,0.0160,0.0230,0.0332,0.0463,0.0621,0.0801,0.1001,0.1209,0.1427
0.1653,0.1881,0.2111,0.2341,0.2576,0.2804,0.3032,0.3255,0.3481,0.3704
0.3925,0.4142,0.4354,0.4564,0.4770,0.4977,0.5181,0.5384,0.5588,0.5789
0.5990,0.6187,0.6381,0.6580,0.6772,0.6961,0.7149,0.7341,0.7525,0.7707
0.7886,0.8054,0.8221,0.8379,0.8527,0.8669,0.8801,0.8920,0.9027,0.9125
0.9213,0.9291,0.9359,0.9420,0.9475,0.9522,0.9566,0.9604,0.9639,0.9670
0.9697,0.9722,0.9743,0.9762,0.9779,0.9795,0.9808,0.9820,0.9830,0.9839
0.9848,0.9856,0.9863,0.9870,0.9876,0.9883,0.9889,0.9894,0.9899,0.9903
0.9907,0.9912,0.9916,0.9920,0.9923,0.9927,0.9930,0.9934,0.9937,0.9940
0.9943,0.9946,0.9949,0.9951,0.9953,0.9955,0.9958,0.9960,0.9962,0.9964
0.9967,0.9969,0.9971,0.9973,0.9975,0.9977,0.9979,0.9980,0.9982,0.9984
0.9985,0.9987,0.9989,0.9990,0.9992,0.9993,0.9995,0.9997,0.9998,1.0000
hwc1u1fract=0.0001,0.0002,0.0004,0.0005,0.0006,0.0007,0.0009,0.0010
0.0011,0.0013,0.0015,0.0016,0.0018,0.0021,0.0026,0.0036,0.0053,0.0076
0.0109,0.0151,0.0213,0.0300,0.0413,0.0552,0.0710,0.0885,0.1073,0.1273
0.1476,0.1687,0.1900,0.2118,0.2337,0.2557,0.2778,0.2999,0.3220,0.3442
0.3660,0.3874,0.4091,0.4309,0.4515,0.4728,0.4940,0.5146,0.5353,0.5559
0.5759,0.5964,0.6164,0.6365,0.6565,0.6764,0.6955,0.7147,0.7334,0.7518
0.7697,0.7869,0.8038,0.8204,0.8363,0.8510,0.8649,0.8779,0.8894,0.8999
0.9092,0.9178,0.9255,0.9324,0.9388,0.9445,0.9496,0.9540,0.9580,0.9619
0.9653,0.9684,0.9711,0.9734,0.9755,0.9773,0.9789,0.9803,0.9816,0.9827
0.9836,0.9846,0.9854,0.9861,0.9868,0.9875,0.9880,0.9887,0.9892,0.9897
0.9902,0.9906,0.9910,0.9914,0.9918,0.9921,0.9925,0.9929,0.9932,0.9936
0.9939,0.9942,0.9945,0.9947,0.9950,0.9952,0.9954,0.9957,0.9959,0.9961
0.9964,0.9966,0.9968,0.9969,0.9972,0.9974,0.9976,0.9978,0.9980,0.9982
0.9984,0.9986,0.9988,0.9990,0.9992,0.9993,0.9995,0.9997,0.9998,1.0000
hwc1v1fract=0.0001,0.0002,0.0004,0.0005,0.0006,0.0008,0.0009,0.0011
0.0012,0.0014,0.0015,0.0017,0.0019,0.0021,0.0024,0.0028,0.0034,0.0046
0.0070,0.0114,0.0187,0.0290,0.0424,0.0585,0.0768,0.0964,0.1173,0.1385
0.1599,0.1821,0.2042,0.2263,0.2486,0.2705,0.2929,0.3150,0.3367,0.3582
0.3792,0.4007,0.4220,0.4433,0.4647,0.4856,0.5064,0.5268,0.5471,0.5676
0.5874,0.6075,0.6268,0.6462,0.6657,0.6848,0.7039,0.7228,0.7418,0.7602
0.7780,0.7957,0.8130,0.8294,0.8449,0.8601,0.8733,0.8860,0.8972,0.9071
0.9161,0.9241,0.9313,0.9376,0.9432,0.9482,0.9527,0.9568,0.9605,0.9640
0.9670,0.9698,0.9723,0.9746,0.9765,0.9780,0.9795,0.9809,0.9820,0.9831
0.9840,0.9848,0.9855,0.9862,0.9868,0.9875,0.9880,0.9886,0.9891,0.9896
0.9900,0.9905,0.9910,0.9914,0.9918,0.9922,0.9926,0.9929,0.9932,0.9936
0.9939,0.9942,0.9945,0.9948,0.9951,0.9953,0.9956,0.9958,0.9961,0.9963
0.9965,0.9967,0.9970,0.9972,0.9974,0.9976,0.9978,0.9980,0.9981,0.9983
0.9985,0.9987,0.9988,0.9990,0.9992,0.9994,0.9995,0.9997,0.9998,1.0000
hwc1y2fract=0.0001,0.0002,0.0003,0.0005,0.0006,0.0007,0.0009,0.0011
0.0012,0.0014,0.0016,0.0019,0.0021,0.0024,0.0028,0.0033,0.0040,0.0053
0.0075,0.0110,0.0168,0.0251,0.0363,0.0502,0.0664,0.0845,0.1044,0.1256
0.1472,0.1700,0.1928,0.2156,0.2384,0.2610,0.2837,0.3060,0.3282,0.3507
0.3724,0.3944,0.4159,0.4371,0.4580,0.4786,0.4993,0.5196,0.5399,0.5601
0.5802,0.5999,0.6200,0.6398,0.6594,0.6787,0.6977,0.7168,0.7355,0.7540
0.7717,0.7890,0.8061,0.8224,0.8378,0.8522,0.8659,0.8785,0.8901,0.9006
0.9101,0.9185,0.9263,0.9331,0.9394,0.9446,0.9494,0.9538,0.9578,0.9613
0.9646,0.9676,0.9701,0.9722,0.9743,0.9761,0.9776,0.9791,0.9804,0.9815
0.9826,0.9836,0.9844,0.9852,0.9860,0.9867,0.9874,0.9879,0.9885,0.9890
0.9895,0.9900,0.9905,0.9909,0.9913,0.9918,0.9922,0.9927,0.9930,0.9934
0.9937,0.9940,0.9942,0.9946,0.9948,0.9951,0.9954,0.9956,0.9958,0.9961
0.9963,0.9965,0.9968,0.9970,0.9972,0.9974,0.9977,0.9978,0.9981,0.9982
0.9984,0.9985,0.9987,0.9989,0.9991,0.9993,0.9995,0.9997,0.9998,1.0000
hwc1x2fract=0.0001,0.0002,0.0004,0.0006,0.0007,0.0009,0.0010,0.0012
0.0014,0.0015,0.0017,0.0019,0.0023,0.0027,0.0032,0.0040,0.0053,0.0074
0.0107,0.0153,0.0220,0.0310,0.0416,0.0538,0.0678,0.0830,0.0994,0.1167
0.1350,0.1539,0.1735,0.1936,0.2141,0.2353,0.2567,0.2783,0.3004,0.3227
0.3447,0.3671,0.3894,0.4112,0.4331,0.4548,0.4764,0.4985,0.5201,0.5417
0.5631,0.5844,0.6058,0.6265,0.6471,0.6676,0.6880,0.7079,0.7273,0.7464
0.7655,0.7837,0.8013,0.8182,0.8341,0.8493,0.8636,0.8768,0.8887,0.8995
0.9098,0.9187,0.9270,0.9345,0.9410,0.9469,0.9524,0.9574,0.9618,0.9658
0.9692,0.9721,0.9748,0.9770,0.9790,0.9806,0.9820,0.9832,0.9842,0.9850
0.9859,0.9865,0.9872,0.9877,0.9883,0.9888,0.9892,0.9897,0.9901,0.9905
0.9909,0.9912,0.9915,0.9919,0.9923,0.9926,0.9929,0.9932,0.9934,0.9937
0.9940,0.9942,0.9944,0.9947,0.9950,0.9952,0.9954,0.9956,0.9959,0.9961
0.9963,0.9965,0.9967,0.9970,0.9972,0.9974,0.9976,0.9978,0.9980,0.9982
0.9984,0.9986,0.9988,0.9990,0.9992,0.9993,0.9995,0.9997,0.9998,1.0000
hwc2x1fract=0.0001,0.0003,0.0005,0.0006,0.0008,0.0010,0.0012,0.0014
0.0016,0.0018,0.0021,0.0024,0.0028,0.0032,0.0037,0.0044,0.0055,0.0072
0.0101,0.0143,0.0202,0.0274,0.0369,0.0481,0.0613,0.0757,0.0915,0.1082
0.1257,0.1440,0.1633,0.1829,0.2032,0.2236,0.2446,0.2662,0.2878,0.3098
0.3320,0.3540,0.3762,0.3980,0.4203,0.4425,0.4645,0.4865,0.5078,0.5294
0.5512,0.5724,0.5938,0.6145,0.6354,0.6558,0.6760,0.6961,0.7163,0.7359
0.7555,0.7742,0.7922,0.8095,0.8262,0.8420,0.8571,0.8708,0.8833,0.8944
0.9051,0.9148,0.9237,0.9316,0.9388,0.9451,0.9509,0.9560,0.9605,0.9646
0.9684,0.9717,0.9744,0.9769,0.9789,0.9806,0.9820,0.9833,0.9843,0.9853
0.9861,0.9868,0.9874,0.9879,0.9885,0.9889,0.9895,0.9899,0.9903,0.9907
0.9911,0.9915,0.9918,0.9921,0.9925,0.9928,0.9931,0.9934,0.9937,0.9939
0.9942,0.9945,0.9947,0.9949,0.9952,0.9954,0.9956,0.9958,0.9961,0.9963
0.9965,0.9967,0.9969,0.9972,0.9974,0.9976,0.9978,0.9980,0.9981,0.9983
0.9985,0.9986,0.9988,0.9990,0.9992,0.9993,0.9995,0.9997,0.9998,1.0000
hwc2y1fract=0.0001,0.0002,0.0004,0.0005,0.0007,0.0008,0.0010,0.0012
0.0014,0.0015,0.0018,0.0020,0.0022,0.0025,0.0028,0.0034,0.0042,0.0056
0.0079,0.0121,0.0188,0.0290,0.0424,0.0587,0.0773,0.0979,0.1199,0.1427
0.1664,0.1900,0.2138,0.2377,0.2611,0.2841,0.3070,0.3298,0.3523,0.3743
0.3961,0.4176,0.4388,0.4598,0.4808,0.5014,0.5219,0.5424,0.5629,0.5833
0.6033,0.6232,0.6428,0.6623,0.6819,0.7013,0.7206,0.7395,0.7581,0.7761
0.7937,0.8112,0.8276,0.8435,0.8586,0.8721,0.8852,0.8973,0.9080,0.9177
0.9263,0.9337,0.9403,0.9461,0.9511,0.9556,0.9595,0.9631,0.9664,0.9692
0.9716,0.9738,0.9758,0.9775,0.9790,0.9803,0.9816,0.9827,0.9836,0.9845
0.9853,0.9860,0.9867,0.9873,0.9879,0.9885,0.9890,0.9894,0.9898,0.9903
0.9907,0.9910,0.9914,0.9918,0.9922,0.9925,0.9929,0.9932,0.9936,0.9939
0.9941,0.9944,0.9947,0.9950,0.9953,0.9955,0.9957,0.9960,0.9962,0.9964
0.9966,0.9968,0.9971,0.9973,0.9975,0.9976,0.9978,0.9980,0.9982,0.9984
0.9985,0.9987,0.9989,0.9991,0.9992,0.9994,0.9995,0.9997,0.9999,1.0000
hwc2u1fract=0.0001,0.0002,0.0003,0.0005,0.0006,0.0007,0.0008,0.0010
0.0011,0.0012,0.0014,0.0015,0.0016,0.0018,0.0020,0.0022,0.0025,0.0031
0.0044,0.0072,0.0129,0.0224,0.0356,0.0523,0.0714,0.0924,0.1145,0.1375
0.1606,0.1842,0.2076,0.2309,0.2542,0.2772,0.2997,0.3223,0.3443,0.3663
0.3882,0.4096,0.4306,0.4518,0.4726,0.4933,0.5139,0.5340,0.5542,0.5741
0.5937,0.6137,0.6333,0.6527,0.6718,0.6910,0.7099,0.7288,0.7473,0.7657
0.7835,0.8009,0.8178,0.8344,0.8500,0.8648,0.8784,0.8909,0.9022,0.9123
0.9212,0.9291,0.9357,0.9418,0.9473,0.9521,0.9561,0.9599,0.9633,0.9664
0.9692,0.9716,0.9739,0.9758,0.9776,0.9792,0.9806,0.9819,0.9829,0.9838
0.9847,0.9854,0.9861,0.9867,0.9873,0.9878,0.9884,0.9888,0.9893,0.9898
0.9903,0.9907,0.9911,0.9915,0.9919,0.9922,0.9926,0.9929,0.9933,0.9936
0.9939,0.9943,0.9945,0.9949,0.9951,0.9954,0.9956,0.9959,0.9961,0.9963
0.9965,0.9968,0.9970,0.9972,0.9974,0.9976,0.9978,0.9980,0.9982,0.9984
0.9986,0.9988,0.9989,0.9991,0.9992,0.9994,0.9996,0.9998,0.9999,1.0000
hwc2v1fract=0.0001,0.0003,0.0004,0.0005,0.0006,0.0008,0.0009,0.0011
0.0012,0.0014,0.0015,0.0017,0.0019,0.0021,0.0023,0.0027,0.0033,0.0043
0.0063,0.0107,0.0181,0.0296,0.0444,0.0619,0.0821,0.1038,0.1264,0.1494
0.1725,0.1961,0.2193,0.2425,0.2659,0.2887,0.3109,0.3333,0.3551,0.3769
0.3983,0.4200,0.4411,0.4618,0.4823,0.5033,0.5236,0.5438,0.5635,0.5838
0.6037,0.6236,0.6426,0.6619,0.6809,0.6999,0.7183,0.7369,0.7552,0.7734
0.7911,0.8084,0.8253,0.8416,0.8566,0.8711,0.8839,0.8958,0.9065,0.9159
0.9243,0.9317,0.9380,0.9439,0.9491,0.9535,0.9575,0.9613,0.9645,0.9675
0.9701,0.9725,0.9746,0.9765,0.9781,0.9794,0.9807,0.9819,0.9829,0.9838
0.9846,0.9853,0.9860,0.9867,0.9873,0.9878,0.9884,0.9889,0.9894,0.9899
0.9903,0.9908,0.9912,0.9915,0.9920,0.9923,0.9927,0.9932,0.9935,0.9938
0.9941,0.9944,0.9947,0.9950,0.9952,0.9955,0.9957,0.9959,0.9962,0.9964
0.9966,0.9968,0.9970,0.9973,0.9975,0.9977,0.9979,0.9980,0.9982,0.9984
0.9986,0.9987,0.9989,0.9990,0.9992,0.9994,0.9995,0.9997,0.9998,1.0000
hwc2y2fract=0.0001,0.0003,0.0004,0.0005,0.0007,0.0008,0.0010,0.0012
0.0014,0.0016,0.0019,0.0021,0.0024,0.0027,0.0032,0.0039,0.0049,0.0066
0.0095,0.0141,0.0214,0.0321,0.0457,0.0624,0.0816,0.1023,0.1247,0.1477
0.1715,0.1954,0.2191,0.2430,0.2661,0.2893,0.3118,0.3344,0.3567,0.3790
0.4008,0.4225,0.4441,0.4652,0.4863,0.5068,0.5275,0.5477,0.5682,0.5882
0.6081,0.6277,0.6477,0.6671,0.6868,0.7064,0.7255,0.7443,0.7625,0.7805
0.7977,0.8148,0.8312,0.8471,0.8617,0.8759,0.8884,0.9002,0.9105,0.9199
0.9280,0.9353,0.9416,0.9471,0.9521,0.9566,0.9604,0.9639,0.9670,0.9698
0.9723,0.9744,0.9763,0.9780,0.9795,0.9808,0.9819,0.9830,0.9839,0.9848
0.9856,0.9863,0.9869,0.9875,0.9880,0.9885,0.9889,0.9894,0.9898,0.9903
0.9907,0.9911,0.9915,0.9918,0.9922,0.9926,0.9929,0.9932,0.9935,0.9938
0.9941,0.9943,0.9946,0.9948,0.9951,0.9954,0.9956,0.9959,0.9961,0.9963
0.9965,0.9967,0.9969,0.9971,0.9973,0.9975,0.9978,0.9979,0.9981,0.9983
0.9985,0.9987,0.9989,0.9990,0.9992,0.9993,0.9995,0.9997,0.9998,1.0000
hwc2x2fract=0.0001,0.0002,0.0004,0.0005,0.0006,0.0008,0.0009,0.0011
0.0014,0.0016,0.0018,0.0021,0.0023,0.0027,0.0031,0.0037,0.0049,0.0068
0.0099,0.0141,0.0203,0.0284,0.0386,0.0508,0.0649,0.0803,0.0971,0.1145
0.1327,0.1521,0.1716,0.1920,0.2131,0.2342,0.2559,0.2775,0.2997,0.3220
0.3439,0.3665,0.3885,0.4105,0.4325,0.4545,0.4766,0.4985,0.5202,0.5418
0.5631,0.5842,0.6050,0.6261,0.6466,0.6670,0.6867,0.7067,0.7264,0.7454
0.7642,0.7825,0.8003,0.8169,0.8334,0.8488,0.8631,0.8764,0.8886,0.8997
0.9096,0.9189,0.9271,0.9346,0.9412,0.9472,0.9526,0.9575,0.9618,0.9656
0.9691,0.9723,0.9750,0.9772,0.9792,0.9808,0.9823,0.9835,0.9846,0.9854
0.9862,0.9869,0.9875,0.9882,0.9887,0.9892,0.9896,0.9901,0.9904,0.9908
0.9912,0.9916,0.9919,0.9922,0.9925,0.9927,0.9930,0.9933,0.9936,0.9939
0.9942,0.9944,0.9946,0.9948,0.9951,0.9954,0.9956,0.9958,0.9960,0.9962
0.9964,0.9966,0.9968,0.9970,0.9972,0.9974,0.9976,0.9977,0.9980,0.9982
0.9984,0.9986,0.9988,0.9989,0.9991,0.9993,0.9995,0.9996,0.9998,1.0000
