; Lookup table
;number of bins in Meek's time to distance lookup table
hdriftbins=138
;number of 1st bin in Meek's table in ns
hdrift1stbin=-24
;bin size in ns of Meek's table
hdriftbinsz=2
hwc1x1fract=0.0002,0.0004,0.0006,0.0008,0.0011,0.0013,0.0016,0.0019
0.0022,0.0025,0.0028,0.0032,0.0037,0.0042,0.0048,0.0057,0.0071,0.0091
0.0120,0.0155,0.0203,0.0264,0.0346,0.0448,0.0567,0.0702,0.0848,0.1011
0.1180,0.1362,0.1554,0.1748,0.1946,0.2151,0.2360,0.2573,0.2787,0.3004
0.3220,0.3439,0.3659,0.3880,0.4100,0.4315,0.4531,0.4746,0.4959,0.5176
0.5387,0.5602,0.5814,0.6024,0.6230,0.6437,0.6639,0.6840,0.7037,0.7226
0.7412,0.7596,0.7778,0.7951,0.8112,0.8266,0.8414,0.8555,0.8683,0.8806
0.8916,0.9017,0.9108,0.9193,0.9271,0.9341,0.9406,0.9465,0.9520,0.9567
0.9611,0.9650,0.9686,0.9715,0.9741,0.9764,0.9783,0.9799,0.9814,0.9825
0.9836,0.9845,0.9853,0.9860,0.9867,0.9873,0.9879,0.9884,0.9889,0.9894
0.9897,0.9902,0.9906,0.9910,0.9914,0.9917,0.9921,0.9924,0.9927,0.9930
0.9933,0.9936,0.9939,0.9942,0.9945,0.9947,0.9950,0.9952,0.9955,0.9957
0.9959,0.9962,0.9964,0.9966,0.9969,0.9971,0.9973,0.9975,0.9978,0.9980
0.9982,0.9984,0.9987,0.9989,0.9991,0.9993,0.9994,0.9996,0.9998,1.0000
hwc1y1fract=0.0003,0.0005,0.0007,0.0010,0.0012,0.0015,0.0018,0.0021
0.0025,0.0029,0.0033,0.0038,0.0042,0.0049,0.0056,0.0065,0.0076,0.0092
0.0116,0.0150,0.0208,0.0294,0.0411,0.0557,0.0731,0.0927,0.1135,0.1357
0.1585,0.1811,0.2042,0.2270,0.2499,0.2726,0.2949,0.3168,0.3387,0.3608
0.3826,0.4040,0.4256,0.4468,0.4676,0.4884,0.5086,0.5290,0.5493,0.5692
0.5888,0.6087,0.6284,0.6474,0.6666,0.6858,0.7047,0.7232,0.7409,0.7588
0.7762,0.7932,0.8100,0.8258,0.8411,0.8556,0.8691,0.8813,0.8928,0.9029
0.9119,0.9200,0.9273,0.9337,0.9396,0.9446,0.9491,0.9533,0.9571,0.9604
0.9637,0.9664,0.9688,0.9711,0.9731,0.9749,0.9765,0.9780,0.9793,0.9806
0.9816,0.9826,0.9835,0.9843,0.9850,0.9858,0.9865,0.9871,0.9877,0.9881
0.9887,0.9892,0.9897,0.9902,0.9907,0.9911,0.9916,0.9919,0.9923,0.9926
0.9930,0.9933,0.9936,0.9940,0.9943,0.9946,0.9949,0.9951,0.9953,0.9956
0.9959,0.9961,0.9964,0.9967,0.9969,0.9971,0.9974,0.9976,0.9978,0.9980
0.9982,0.9984,0.9986,0.9988,0.9990,0.9992,0.9994,0.9997,0.9998,1.0000
hwc1u1fract=0.0002,0.0004,0.0006,0.0007,0.0009,0.0011,0.0013,0.0015
0.0017,0.0019,0.0021,0.0023,0.0026,0.0028,0.0032,0.0038,0.0050,0.0069
0.0098,0.0134,0.0186,0.0257,0.0355,0.0478,0.0627,0.0796,0.0982,0.1180
0.1387,0.1596,0.1812,0.2027,0.2243,0.2462,0.2683,0.2901,0.3124,0.3343
0.3563,0.3777,0.3993,0.4206,0.4422,0.4628,0.4838,0.5047,0.5253,0.5459
0.5662,0.5861,0.6063,0.6262,0.6457,0.6653,0.6845,0.7038,0.7222,0.7406
0.7584,0.7762,0.7936,0.8097,0.8254,0.8399,0.8542,0.8672,0.8790,0.8899
0.8998,0.9088,0.9168,0.9240,0.9305,0.9362,0.9416,0.9465,0.9511,0.9552
0.9588,0.9624,0.9655,0.9683,0.9709,0.9732,0.9752,0.9769,0.9785,0.9798
0.9811,0.9822,0.9831,0.9839,0.9848,0.9854,0.9861,0.9867,0.9873,0.9879
0.9885,0.9890,0.9895,0.9900,0.9904,0.9909,0.9913,0.9916,0.9920,0.9924
0.9928,0.9931,0.9934,0.9937,0.9940,0.9943,0.9946,0.9949,0.9951,0.9954
0.9957,0.9960,0.9962,0.9965,0.9968,0.9970,0.9973,0.9975,0.9977,0.9979
0.9981,0.9984,0.9986,0.9988,0.9990,0.9992,0.9995,0.9996,0.9998,1.0000
hwc1v1fract=0.0002,0.0004,0.0006,0.0008,0.0009,0.0011,0.0014,0.0017
0.0019,0.0021,0.0023,0.0026,0.0028,0.0031,0.0034,0.0038,0.0044,0.0053
0.0068,0.0097,0.0149,0.0229,0.0342,0.0489,0.0662,0.0854,0.1057,0.1270
0.1489,0.1713,0.1934,0.2159,0.2380,0.2597,0.2817,0.3034,0.3254,0.3469
0.3682,0.3895,0.4104,0.4311,0.4518,0.4726,0.4932,0.5137,0.5340,0.5535
0.5735,0.5934,0.6129,0.6324,0.6518,0.6710,0.6899,0.7087,0.7273,0.7457
0.7637,0.7814,0.7983,0.8151,0.8311,0.8463,0.8605,0.8736,0.8857,0.8965
0.9062,0.9147,0.9222,0.9290,0.9352,0.9407,0.9455,0.9501,0.9541,0.9580
0.9615,0.9646,0.9675,0.9702,0.9725,0.9746,0.9763,0.9778,0.9792,0.9804
0.9815,0.9824,0.9833,0.9842,0.9849,0.9856,0.9862,0.9868,0.9874,0.9880
0.9885,0.9890,0.9895,0.9900,0.9905,0.9909,0.9913,0.9917,0.9920,0.9924
0.9928,0.9931,0.9935,0.9938,0.9941,0.9944,0.9947,0.9950,0.9953,0.9956
0.9958,0.9961,0.9964,0.9967,0.9969,0.9971,0.9974,0.9976,0.9979,0.9981
0.9983,0.9985,0.9987,0.9989,0.9991,0.9993,0.9995,0.9997,0.9998,1.0000
hwc1y2fract=0.0003,0.0005,0.0007,0.0009,0.0011,0.0013,0.0015,0.0018
0.0021,0.0024,0.0027,0.0030,0.0034,0.0038,0.0043,0.0050,0.0060,0.0077
0.0106,0.0152,0.0224,0.0322,0.0450,0.0604,0.0782,0.0981,0.1190,0.1410
0.1632,0.1861,0.2086,0.2319,0.2549,0.2771,0.2996,0.3214,0.3437,0.3651
0.3869,0.4084,0.4293,0.4498,0.4707,0.4913,0.5114,0.5315,0.5514,0.5711
0.5911,0.6110,0.6305,0.6499,0.6688,0.6880,0.7066,0.7249,0.7428,0.7603
0.7779,0.7947,0.8111,0.8267,0.8417,0.8556,0.8687,0.8806,0.8913,0.9010
0.9099,0.9179,0.9251,0.9314,0.9370,0.9423,0.9470,0.9512,0.9550,0.9584
0.9616,0.9646,0.9673,0.9695,0.9716,0.9736,0.9752,0.9766,0.9779,0.9792
0.9804,0.9815,0.9825,0.9834,0.9843,0.9850,0.9858,0.9865,0.9871,0.9876
0.9883,0.9888,0.9893,0.9898,0.9903,0.9907,0.9911,0.9915,0.9920,0.9923
0.9927,0.9930,0.9933,0.9937,0.9941,0.9944,0.9947,0.9950,0.9953,0.9956
0.9959,0.9961,0.9965,0.9967,0.9970,0.9972,0.9974,0.9976,0.9978,0.9981
0.9983,0.9985,0.9986,0.9988,0.9990,0.9992,0.9994,0.9996,0.9998,1.0000
hwc1x2fract=0.0002,0.0005,0.0007,0.0009,0.0011,0.0013,0.0016,0.0018
0.0021,0.0024,0.0027,0.0030,0.0034,0.0038,0.0043,0.0049,0.0061,0.0077
0.0103,0.0140,0.0196,0.0275,0.0371,0.0494,0.0633,0.0786,0.0951,0.1125
0.1309,0.1506,0.1704,0.1909,0.2118,0.2331,0.2544,0.2761,0.2980,0.3202
0.3423,0.3646,0.3864,0.4087,0.4302,0.4512,0.4728,0.4944,0.5155,0.5363
0.5575,0.5783,0.5989,0.6196,0.6398,0.6596,0.6794,0.6991,0.7183,0.7372
0.7556,0.7737,0.7908,0.8075,0.8231,0.8387,0.8526,0.8662,0.8784,0.8893
0.8996,0.9089,0.9174,0.9250,0.9319,0.9385,0.9445,0.9501,0.9550,0.9595
0.9634,0.9668,0.9699,0.9727,0.9750,0.9771,0.9788,0.9803,0.9814,0.9824
0.9834,0.9843,0.9850,0.9858,0.9864,0.9870,0.9876,0.9881,0.9886,0.9891
0.9895,0.9899,0.9903,0.9907,0.9911,0.9914,0.9918,0.9921,0.9924,0.9927
0.9930,0.9933,0.9937,0.9940,0.9943,0.9945,0.9948,0.9950,0.9953,0.9955
0.9957,0.9960,0.9962,0.9965,0.9967,0.9969,0.9971,0.9974,0.9976,0.9979
0.9981,0.9983,0.9985,0.9987,0.9989,0.9992,0.9994,0.9996,0.9998,1.0000
hwc2x1fract=0.0002,0.0004,0.0007,0.0008,0.0011,0.0014,0.0016,0.0019
0.0022,0.0025,0.0029,0.0033,0.0037,0.0041,0.0047,0.0052,0.0061,0.0073
0.0094,0.0129,0.0178,0.0248,0.0335,0.0440,0.0565,0.0707,0.0862,0.1026
0.1203,0.1387,0.1579,0.1777,0.1979,0.2188,0.2398,0.2612,0.2827,0.3042
0.3263,0.3483,0.3700,0.3917,0.4136,0.4358,0.4576,0.4793,0.5009,0.5226
0.5442,0.5656,0.5865,0.6075,0.6283,0.6493,0.6695,0.6893,0.7091,0.7287
0.7478,0.7666,0.7848,0.8021,0.8186,0.8344,0.8496,0.8631,0.8761,0.8879
0.8983,0.9083,0.9173,0.9254,0.9326,0.9392,0.9452,0.9506,0.9553,0.9597
0.9636,0.9671,0.9703,0.9732,0.9755,0.9776,0.9794,0.9809,0.9823,0.9834
0.9844,0.9852,0.9860,0.9867,0.9873,0.9878,0.9883,0.9888,0.9893,0.9898
0.9902,0.9906,0.9910,0.9913,0.9917,0.9920,0.9924,0.9927,0.9930,0.9933
0.9937,0.9939,0.9942,0.9945,0.9947,0.9950,0.9952,0.9955,0.9957,0.9960
0.9963,0.9965,0.9967,0.9969,0.9972,0.9974,0.9975,0.9977,0.9979,0.9982
0.9984,0.9986,0.9988,0.9990,0.9991,0.9993,0.9995,0.9997,0.9998,1.0000
hwc2y1fract=0.0002,0.0004,0.0005,0.0008,0.0010,0.0012,0.0014,0.0017
0.0019,0.0022,0.0025,0.0028,0.0030,0.0034,0.0038,0.0042,0.0049,0.0059
0.0076,0.0105,0.0155,0.0236,0.0354,0.0504,0.0683,0.0885,0.1103,0.1331
0.1566,0.1800,0.2037,0.2273,0.2508,0.2740,0.2971,0.3196,0.3417,0.3637
0.3854,0.4071,0.4284,0.4496,0.4702,0.4912,0.5118,0.5318,0.5522,0.5724
0.5924,0.6121,0.6322,0.6521,0.6714,0.6905,0.7094,0.7283,0.7467,0.7647
0.7825,0.8000,0.8167,0.8328,0.8481,0.8623,0.8758,0.8881,0.8993,0.9092
0.9181,0.9260,0.9331,0.9391,0.9445,0.9494,0.9537,0.9575,0.9610,0.9641
0.9669,0.9696,0.9718,0.9738,0.9754,0.9770,0.9784,0.9797,0.9808,0.9818
0.9828,0.9836,0.9844,0.9851,0.9858,0.9864,0.9870,0.9875,0.9881,0.9885
0.9890,0.9894,0.9898,0.9902,0.9906,0.9910,0.9914,0.9918,0.9922,0.9925
0.9928,0.9932,0.9935,0.9939,0.9942,0.9945,0.9947,0.9951,0.9953,0.9956
0.9958,0.9961,0.9964,0.9967,0.9969,0.9971,0.9974,0.9977,0.9979,0.9981
0.9983,0.9985,0.9987,0.9989,0.9991,0.9993,0.9995,0.9996,0.9998,1.0000
hwc2u1fract=0.0002,0.0004,0.0005,0.0008,0.0009,0.0012,0.0013,0.0015
0.0017,0.0020,0.0022,0.0024,0.0026,0.0029,0.0031,0.0035,0.0040,0.0048
0.0064,0.0100,0.0166,0.0271,0.0417,0.0592,0.0794,0.1019,0.1249,0.1481
0.1714,0.1948,0.2185,0.2415,0.2646,0.2877,0.3102,0.3324,0.3539,0.3753
0.3970,0.4182,0.4390,0.4599,0.4803,0.5008,0.5207,0.5405,0.5605,0.5802
0.6000,0.6199,0.6391,0.6586,0.6774,0.6959,0.7147,0.7333,0.7513,0.7692
0.7870,0.8044,0.8211,0.8372,0.8523,0.8665,0.8798,0.8916,0.9025,0.9120
0.9204,0.9275,0.9339,0.9396,0.9446,0.9494,0.9535,0.9572,0.9606,0.9637
0.9665,0.9690,0.9712,0.9732,0.9750,0.9766,0.9780,0.9793,0.9804,0.9815
0.9823,0.9832,0.9839,0.9846,0.9852,0.9859,0.9865,0.9870,0.9876,0.9881
0.9885,0.9890,0.9895,0.9899,0.9903,0.9908,0.9912,0.9916,0.9919,0.9923
0.9927,0.9931,0.9934,0.9938,0.9941,0.9945,0.9948,0.9951,0.9954,0.9957
0.9959,0.9962,0.9965,0.9968,0.9970,0.9972,0.9975,0.9977,0.9979,0.9981
0.9983,0.9985,0.9987,0.9989,0.9991,0.9993,0.9995,0.9997,0.9998,1.0000
hwc2v1fract=0.0002,0.0004,0.0006,0.0008,0.0009,0.0011,0.0013,0.0015
0.0017,0.0020,0.0023,0.0025,0.0028,0.0031,0.0034,0.0037,0.0043,0.0050
0.0064,0.0089,0.0141,0.0229,0.0355,0.0518,0.0709,0.0914,0.1138,0.1369
0.1602,0.1832,0.2066,0.2300,0.2529,0.2759,0.2981,0.3204,0.3424,0.3642
0.3858,0.4068,0.4282,0.4492,0.4699,0.4905,0.5105,0.5307,0.5505,0.5700
0.5899,0.6095,0.6286,0.6476,0.6670,0.6857,0.7043,0.7229,0.7412,0.7591
0.7768,0.7944,0.8113,0.8273,0.8431,0.8577,0.8715,0.8843,0.8957,0.9058
0.9149,0.9229,0.9298,0.9360,0.9416,0.9464,0.9509,0.9548,0.9583,0.9616
0.9646,0.9674,0.9699,0.9721,0.9740,0.9759,0.9773,0.9786,0.9797,0.9808
0.9818,0.9827,0.9834,0.9842,0.9850,0.9856,0.9862,0.9867,0.9874,0.9879
0.9884,0.9889,0.9894,0.9899,0.9904,0.9908,0.9912,0.9916,0.9920,0.9925
0.9929,0.9932,0.9936,0.9939,0.9942,0.9946,0.9948,0.9951,0.9954,0.9957
0.9960,0.9962,0.9965,0.9967,0.9969,0.9971,0.9974,0.9976,0.9979,0.9981
0.9983,0.9985,0.9987,0.9989,0.9991,0.9992,0.9994,0.9996,0.9998,1.0000
hwc2y2fract=0.0002,0.0004,0.0006,0.0009,0.0011,0.0013,0.0015,0.0018
0.0021,0.0024,0.0027,0.0030,0.0033,0.0038,0.0042,0.0049,0.0057,0.0070
0.0092,0.0128,0.0186,0.0274,0.0395,0.0546,0.0727,0.0931,0.1151,0.1382
0.1620,0.1856,0.2090,0.2327,0.2563,0.2796,0.3023,0.3250,0.3476,0.3697
0.3914,0.4129,0.4341,0.4554,0.4759,0.4967,0.5173,0.5376,0.5578,0.5779
0.5974,0.6171,0.6369,0.6563,0.6754,0.6947,0.7134,0.7322,0.7507,0.7686
0.7865,0.8036,0.8204,0.8361,0.8513,0.8656,0.8790,0.8912,0.9019,0.9116
0.9203,0.9280,0.9346,0.9404,0.9457,0.9504,0.9546,0.9584,0.9618,0.9649
0.9676,0.9700,0.9722,0.9742,0.9760,0.9776,0.9790,0.9802,0.9813,0.9823
0.9832,0.9840,0.9848,0.9855,0.9861,0.9867,0.9872,0.9878,0.9883,0.9887
0.9892,0.9896,0.9900,0.9905,0.9908,0.9913,0.9917,0.9921,0.9924,0.9928
0.9930,0.9934,0.9937,0.9940,0.9943,0.9946,0.9949,0.9952,0.9954,0.9957
0.9959,0.9962,0.9964,0.9967,0.9970,0.9972,0.9974,0.9977,0.9979,0.9981
0.9983,0.9985,0.9987,0.9990,0.9991,0.9993,0.9995,0.9996,0.9998,1.0000
hwc2x2fract=0.0002,0.0004,0.0006,0.0009,0.0011,0.0013,0.0016,0.0019
0.0021,0.0024,0.0027,0.0030,0.0034,0.0038,0.0042,0.0048,0.0056,0.0069
0.0092,0.0127,0.0178,0.0247,0.0341,0.0456,0.0589,0.0737,0.0902,0.1081
0.1267,0.1460,0.1661,0.1865,0.2073,0.2286,0.2505,0.2730,0.2951,0.3168
0.3390,0.3616,0.3838,0.4057,0.4277,0.4496,0.4709,0.4921,0.5134,0.5347
0.5555,0.5764,0.5970,0.6177,0.6379,0.6584,0.6783,0.6978,0.7172,0.7364
0.7549,0.7732,0.7912,0.8085,0.8250,0.8403,0.8547,0.8684,0.8809,0.8922
0.9024,0.9118,0.9201,0.9276,0.9346,0.9408,0.9465,0.9516,0.9564,0.9607
0.9644,0.9677,0.9706,0.9733,0.9755,0.9774,0.9791,0.9806,0.9819,0.9831
0.9841,0.9850,0.9857,0.9864,0.9871,0.9876,0.9881,0.9886,0.9891,0.9896
0.9900,0.9904,0.9907,0.9911,0.9915,0.9918,0.9921,0.9925,0.9928,0.9932
0.9934,0.9937,0.9940,0.9943,0.9946,0.9948,0.9951,0.9954,0.9956,0.9959
0.9961,0.9964,0.9966,0.9968,0.9970,0.9972,0.9974,0.9977,0.9979,0.9981
0.9983,0.9985,0.9987,0.9989,0.9991,0.9993,0.9995,0.9997,0.9998,1.0000
