; Lookup table
;number of bins in Meek's time to distance lookup table
hdriftbins=138
;number of 1st bin in Meek's table in ns
hdrift1stbin=-24
;bin size in ns of Meek's table
hdriftbinsz=2
hwc1x1fract=0.0001,0.0002,0.0002,0.0004,0.0005,0.0006,0.0007,0.0009
0.0010,0.0012,0.0014,0.0017,0.0021,0.0026,0.0037,0.0053,0.0078,0.0108
0.0148,0.0205,0.0278,0.0375,0.0488,0.0616,0.0757,0.0911,0.1078,0.1248
0.1431,0.1616,0.1808,0.2009,0.2212,0.2425,0.2643,0.2859,0.3078,0.3301
0.3523,0.3745,0.3972,0.4199,0.4420,0.4642,0.4864,0.5087,0.5310,0.5530
0.5747,0.5964,0.6175,0.6387,0.6596,0.6807,0.7013,0.7210,0.7406,0.7599
0.7788,0.7972,0.8147,0.8313,0.8470,0.8618,0.8758,0.8890,0.9011,0.9118
0.9217,0.9310,0.9392,0.9463,0.9528,0.9589,0.9642,0.9692,0.9734,0.9772
0.9804,0.9832,0.9854,0.9875,0.9890,0.9904,0.9915,0.9924,0.9931,0.9937
0.9942,0.9947,0.9951,0.9954,0.9958,0.9961,0.9963,0.9966,0.9968,0.9970
0.9972,0.9974,0.9975,0.9976,0.9978,0.9979,0.9980,0.9981,0.9982,0.9983
0.9984,0.9985,0.9986,0.9986,0.9987,0.9988,0.9989,0.9990,0.9990,0.9991
0.9991,0.9992,0.9993,0.9994,0.9994,0.9995,0.9995,0.9996,0.9996,0.9996
0.9997,0.9997,0.9997,0.9998,0.9998,0.9998,0.9999,0.9999,1.0000,1.0000
hwc1y1fract=0.0001,0.0002,0.0002,0.0004,0.0005,0.0006,0.0007,0.0009
0.0011,0.0013,0.0015,0.0017,0.0020,0.0023,0.0029,0.0037,0.0047,0.0064
0.0091,0.0138,0.0208,0.0311,0.0451,0.0613,0.0796,0.0998,0.1215,0.1438
0.1671,0.1906,0.2143,0.2373,0.2607,0.2841,0.3070,0.3299,0.3523,0.3746
0.3966,0.4187,0.4407,0.4619,0.4831,0.5042,0.5246,0.5451,0.5657,0.5863
0.6064,0.6264,0.6464,0.6662,0.6853,0.7048,0.7242,0.7428,0.7611,0.7792
0.7971,0.8146,0.8314,0.8471,0.8622,0.8766,0.8901,0.9024,0.9134,0.9233
0.9321,0.9396,0.9466,0.9524,0.9578,0.9625,0.9667,0.9704,0.9737,0.9765
0.9790,0.9813,0.9832,0.9849,0.9863,0.9876,0.9887,0.9898,0.9907,0.9913
0.9920,0.9926,0.9931,0.9937,0.9941,0.9945,0.9948,0.9952,0.9956,0.9959
0.9961,0.9964,0.9967,0.9969,0.9971,0.9974,0.9975,0.9977,0.9979,0.9980
0.9982,0.9983,0.9984,0.9985,0.9986,0.9986,0.9987,0.9988,0.9989,0.9990
0.9990,0.9991,0.9991,0.9992,0.9992,0.9993,0.9994,0.9994,0.9995,0.9995
0.9996,0.9996,0.9997,0.9997,0.9998,0.9998,0.9999,0.9999,1.0000,1.0000
hwc1u1fract=0.0001,0.0001,0.0001,0.0002,0.0002,0.0003,0.0003,0.0004
0.0004,0.0005,0.0005,0.0006,0.0007,0.0008,0.0013,0.0022,0.0039,0.0064
0.0097,0.0141,0.0204,0.0295,0.0411,0.0547,0.0710,0.0890,0.1079,0.1277
0.1486,0.1697,0.1915,0.2130,0.2354,0.2579,0.2805,0.3028,0.3250,0.3470
0.3690,0.3908,0.4128,0.4348,0.4564,0.4779,0.4991,0.5203,0.5415,0.5625
0.5828,0.6033,0.6233,0.6435,0.6637,0.6837,0.7031,0.7227,0.7420,0.7612
0.7800,0.7980,0.8152,0.8318,0.8473,0.8619,0.8759,0.8886,0.9005,0.9112
0.9208,0.9294,0.9369,0.9437,0.9497,0.9552,0.9598,0.9642,0.9681,0.9717
0.9748,0.9776,0.9801,0.9821,0.9840,0.9856,0.9872,0.9884,0.9894,0.9903
0.9911,0.9918,0.9924,0.9930,0.9935,0.9940,0.9944,0.9948,0.9952,0.9955
0.9959,0.9961,0.9964,0.9966,0.9968,0.9970,0.9973,0.9974,0.9976,0.9978
0.9980,0.9981,0.9982,0.9983,0.9985,0.9986,0.9987,0.9988,0.9989,0.9989
0.9990,0.9991,0.9992,0.9992,0.9993,0.9993,0.9994,0.9994,0.9995,0.9995
0.9996,0.9996,0.9997,0.9997,0.9998,0.9998,0.9998,0.9999,0.9999,1.0000
hwc1v1fract=0.0000,0.0001,0.0001,0.0002,0.0002,0.0003,0.0003,0.0004
0.0005,0.0005,0.0006,0.0007,0.0008,0.0009,0.0011,0.0014,0.0020,0.0031
0.0056,0.0099,0.0173,0.0276,0.0413,0.0578,0.0759,0.0956,0.1162,0.1377
0.1595,0.1820,0.2040,0.2268,0.2490,0.2714,0.2936,0.3160,0.3381,0.3604
0.3823,0.4041,0.4254,0.4471,0.4685,0.4898,0.5106,0.5314,0.5521,0.5729
0.5931,0.6131,0.6326,0.6523,0.6718,0.6918,0.7112,0.7306,0.7495,0.7683
0.7863,0.8041,0.8213,0.8383,0.8539,0.8691,0.8832,0.8959,0.9075,0.9176
0.9267,0.9345,0.9417,0.9480,0.9535,0.9584,0.9628,0.9670,0.9704,0.9736
0.9765,0.9790,0.9813,0.9833,0.9849,0.9865,0.9878,0.9890,0.9899,0.9907
0.9915,0.9921,0.9926,0.9931,0.9936,0.9940,0.9944,0.9947,0.9950,0.9954
0.9957,0.9960,0.9963,0.9965,0.9967,0.9970,0.9972,0.9974,0.9976,0.9977
0.9979,0.9981,0.9982,0.9983,0.9984,0.9986,0.9986,0.9987,0.9988,0.9989
0.9990,0.9991,0.9992,0.9992,0.9993,0.9994,0.9994,0.9995,0.9995,0.9996
0.9996,0.9997,0.9998,0.9998,0.9998,0.9999,0.9999,0.9999,1.0000,1.0000
hwc1y2fract=0.0001,0.0001,0.0002,0.0002,0.0003,0.0003,0.0004,0.0004
0.0005,0.0006,0.0008,0.0009,0.0011,0.0013,0.0016,0.0020,0.0027,0.0039
0.0061,0.0097,0.0156,0.0241,0.0356,0.0501,0.0669,0.0860,0.1064,0.1278
0.1501,0.1729,0.1954,0.2181,0.2409,0.2641,0.2867,0.3095,0.3321,0.3546
0.3767,0.3989,0.4204,0.4420,0.4634,0.4847,0.5057,0.5264,0.5471,0.5677
0.5880,0.6080,0.6284,0.6480,0.6677,0.6873,0.7069,0.7263,0.7451,0.7639
0.7819,0.7993,0.8164,0.8326,0.8485,0.8632,0.8770,0.8901,0.9019,0.9124
0.9219,0.9304,0.9379,0.9447,0.9506,0.9559,0.9605,0.9645,0.9682,0.9715
0.9746,0.9771,0.9794,0.9814,0.9832,0.9848,0.9861,0.9872,0.9883,0.9893
0.9901,0.9909,0.9915,0.9922,0.9927,0.9932,0.9937,0.9941,0.9946,0.9949
0.9953,0.9956,0.9959,0.9962,0.9964,0.9967,0.9969,0.9971,0.9974,0.9976
0.9978,0.9979,0.9981,0.9983,0.9984,0.9985,0.9986,0.9987,0.9988,0.9988
0.9989,0.9990,0.9991,0.9991,0.9992,0.9993,0.9994,0.9994,0.9995,0.9995
0.9996,0.9996,0.9997,0.9998,0.9998,0.9998,0.9999,0.9999,1.0000,1.0000
hwc1x2fract=0.0000,0.0001,0.0002,0.0002,0.0003,0.0003,0.0004,0.0005
0.0006,0.0007,0.0008,0.0009,0.0011,0.0014,0.0017,0.0024,0.0035,0.0053
0.0084,0.0130,0.0196,0.0284,0.0394,0.0523,0.0661,0.0816,0.0981,0.1155
0.1341,0.1531,0.1728,0.1936,0.2144,0.2360,0.2578,0.2800,0.3022,0.3248
0.3472,0.3692,0.3917,0.4138,0.4358,0.4582,0.4804,0.5023,0.5245,0.5462
0.5678,0.5892,0.6109,0.6321,0.6527,0.6735,0.6941,0.7142,0.7342,0.7540
0.7728,0.7909,0.8089,0.8262,0.8427,0.8580,0.8724,0.8857,0.8983,0.9095
0.9198,0.9291,0.9376,0.9450,0.9518,0.9578,0.9633,0.9680,0.9722,0.9759
0.9791,0.9819,0.9843,0.9862,0.9879,0.9893,0.9905,0.9914,0.9922,0.9929
0.9935,0.9940,0.9944,0.9948,0.9952,0.9955,0.9958,0.9960,0.9963,0.9965
0.9968,0.9969,0.9971,0.9973,0.9975,0.9976,0.9977,0.9979,0.9980,0.9981
0.9982,0.9983,0.9984,0.9985,0.9986,0.9987,0.9987,0.9988,0.9989,0.9989
0.9990,0.9990,0.9991,0.9992,0.9992,0.9993,0.9993,0.9994,0.9995,0.9995
0.9996,0.9996,0.9997,0.9997,0.9998,0.9998,0.9998,0.9999,0.9999,1.0000
hwc2x1fract=0.0001,0.0002,0.0003,0.0003,0.0005,0.0006,0.0007,0.0008
0.0010,0.0011,0.0013,0.0015,0.0017,0.0020,0.0024,0.0029,0.0039,0.0054
0.0081,0.0123,0.0182,0.0258,0.0355,0.0470,0.0601,0.0747,0.0907,0.1075
0.1253,0.1440,0.1633,0.1831,0.2033,0.2241,0.2452,0.2669,0.2890,0.3114
0.3340,0.3565,0.3788,0.4014,0.4239,0.4463,0.4685,0.4911,0.5132,0.5350
0.5568,0.5785,0.6007,0.6224,0.6441,0.6649,0.6860,0.7065,0.7267,0.7470
0.7666,0.7857,0.8044,0.8220,0.8392,0.8549,0.8697,0.8834,0.8961,0.9076
0.9181,0.9275,0.9361,0.9437,0.9508,0.9572,0.9628,0.9674,0.9717,0.9755
0.9789,0.9816,0.9841,0.9862,0.9879,0.9893,0.9905,0.9915,0.9924,0.9930
0.9938,0.9942,0.9947,0.9951,0.9954,0.9957,0.9961,0.9963,0.9966,0.9968
0.9970,0.9972,0.9974,0.9976,0.9977,0.9979,0.9980,0.9981,0.9982,0.9983
0.9984,0.9985,0.9986,0.9986,0.9987,0.9988,0.9989,0.9990,0.9990,0.9991
0.9992,0.9992,0.9993,0.9994,0.9994,0.9994,0.9995,0.9995,0.9996,0.9996
0.9997,0.9997,0.9998,0.9998,0.9999,0.9999,0.9999,0.9999,1.0000,1.0000
hwc2y1fract=0.0000,0.0001,0.0002,0.0002,0.0003,0.0004,0.0005,0.0005
0.0006,0.0007,0.0008,0.0009,0.0010,0.0013,0.0015,0.0019,0.0025,0.0039
0.0062,0.0105,0.0175,0.0276,0.0417,0.0586,0.0780,0.0993,0.1218,0.1452
0.1690,0.1927,0.2168,0.2409,0.2651,0.2884,0.3115,0.3343,0.3570,0.3796
0.4019,0.4240,0.4459,0.4675,0.4890,0.5100,0.5305,0.5511,0.5718,0.5921
0.6121,0.6327,0.6529,0.6726,0.6924,0.7121,0.7315,0.7508,0.7697,0.7879
0.8057,0.8234,0.8402,0.8563,0.8714,0.8856,0.8986,0.9105,0.9212,0.9306
0.9391,0.9464,0.9527,0.9584,0.9633,0.9675,0.9711,0.9743,0.9772,0.9797
0.9818,0.9837,0.9852,0.9867,0.9879,0.9888,0.9898,0.9907,0.9914,0.9920
0.9926,0.9931,0.9935,0.9939,0.9942,0.9946,0.9949,0.9952,0.9955,0.9957
0.9959,0.9962,0.9964,0.9966,0.9968,0.9970,0.9972,0.9973,0.9975,0.9977
0.9978,0.9980,0.9981,0.9982,0.9984,0.9985,0.9986,0.9987,0.9988,0.9989
0.9989,0.9990,0.9991,0.9991,0.9992,0.9993,0.9993,0.9994,0.9995,0.9995
0.9996,0.9996,0.9997,0.9997,0.9998,0.9998,0.9999,0.9999,1.0000,1.0000
hwc2u1fract=0.0000,0.0001,0.0001,0.0002,0.0002,0.0003,0.0003,0.0004
0.0004,0.0005,0.0006,0.0006,0.0007,0.0008,0.0009,0.0011,0.0014,0.0019
0.0032,0.0063,0.0126,0.0225,0.0358,0.0526,0.0722,0.0939,0.1162,0.1395
0.1632,0.1869,0.2107,0.2346,0.2579,0.2815,0.3049,0.3276,0.3502,0.3723
0.3943,0.4160,0.4369,0.4581,0.4792,0.5001,0.5206,0.5412,0.5616,0.5815
0.6013,0.6212,0.6410,0.6608,0.6805,0.7001,0.7191,0.7383,0.7573,0.7761
0.7940,0.8115,0.8289,0.8458,0.8614,0.8761,0.8900,0.9029,0.9144,0.9246
0.9332,0.9408,0.9475,0.9532,0.9585,0.9629,0.9668,0.9703,0.9733,0.9760
0.9784,0.9805,0.9824,0.9841,0.9856,0.9869,0.9880,0.9889,0.9898,0.9906
0.9913,0.9917,0.9922,0.9927,0.9932,0.9936,0.9940,0.9943,0.9947,0.9950
0.9953,0.9956,0.9959,0.9961,0.9964,0.9966,0.9969,0.9971,0.9973,0.9975
0.9977,0.9978,0.9980,0.9981,0.9983,0.9984,0.9985,0.9986,0.9987,0.9988
0.9989,0.9990,0.9990,0.9991,0.9992,0.9993,0.9993,0.9994,0.9995,0.9995
0.9996,0.9996,0.9997,0.9997,0.9998,0.9998,0.9999,0.9999,1.0000,1.0000
hwc2v1fract=0.0000,0.0001,0.0001,0.0002,0.0002,0.0003,0.0004,0.0004
0.0005,0.0006,0.0007,0.0008,0.0009,0.0010,0.0012,0.0015,0.0019,0.0029
0.0049,0.0095,0.0174,0.0293,0.0446,0.0626,0.0833,0.1046,0.1272,0.1505
0.1741,0.1977,0.2216,0.2452,0.2685,0.2920,0.3152,0.3378,0.3604,0.3827
0.4049,0.4264,0.4477,0.4685,0.4898,0.5107,0.5313,0.5519,0.5726,0.5928
0.6130,0.6328,0.6524,0.6718,0.6914,0.7106,0.7295,0.7482,0.7671,0.7855
0.8032,0.8209,0.8382,0.8545,0.8697,0.8842,0.8974,0.9092,0.9198,0.9291
0.9372,0.9443,0.9508,0.9562,0.9610,0.9653,0.9692,0.9725,0.9754,0.9779
0.9802,0.9822,0.9840,0.9856,0.9869,0.9880,0.9891,0.9899,0.9907,0.9914
0.9920,0.9924,0.9930,0.9934,0.9938,0.9942,0.9945,0.9948,0.9952,0.9955
0.9958,0.9961,0.9963,0.9966,0.9968,0.9970,0.9973,0.9975,0.9977,0.9979
0.9980,0.9981,0.9982,0.9984,0.9985,0.9986,0.9987,0.9988,0.9989,0.9989
0.9990,0.9991,0.9992,0.9992,0.9993,0.9993,0.9994,0.9995,0.9995,0.9996
0.9996,0.9996,0.9997,0.9998,0.9998,0.9998,0.9999,0.9999,1.0000,1.0000
hwc2y2fract=0.0001,0.0002,0.0002,0.0003,0.0004,0.0005,0.0006,0.0006
0.0007,0.0009,0.0010,0.0011,0.0013,0.0015,0.0018,0.0024,0.0033,0.0048
0.0074,0.0121,0.0196,0.0302,0.0448,0.0622,0.0823,0.1041,0.1268,0.1504
0.1746,0.1987,0.2228,0.2470,0.2706,0.2939,0.3170,0.3402,0.3631,0.3857
0.4080,0.4296,0.4516,0.4727,0.4937,0.5148,0.5355,0.5565,0.5769,0.5970
0.6174,0.6377,0.6577,0.6775,0.6968,0.7162,0.7358,0.7544,0.7732,0.7914
0.8094,0.8267,0.8432,0.8593,0.8746,0.8884,0.9014,0.9129,0.9233,0.9325
0.9405,0.9475,0.9536,0.9591,0.9639,0.9678,0.9715,0.9747,0.9774,0.9798
0.9819,0.9838,0.9854,0.9868,0.9879,0.9889,0.9898,0.9906,0.9913,0.9920
0.9925,0.9930,0.9935,0.9938,0.9942,0.9945,0.9948,0.9951,0.9954,0.9956
0.9959,0.9962,0.9964,0.9966,0.9968,0.9970,0.9972,0.9974,0.9975,0.9977
0.9978,0.9980,0.9981,0.9982,0.9984,0.9985,0.9986,0.9987,0.9988,0.9989
0.9989,0.9990,0.9991,0.9992,0.9992,0.9993,0.9994,0.9994,0.9995,0.9995
0.9996,0.9996,0.9997,0.9997,0.9998,0.9998,0.9999,0.9999,1.0000,1.0000
hwc2x2fract=0.0001,0.0001,0.0002,0.0003,0.0004,0.0005,0.0006,0.0007
0.0008,0.0009,0.0011,0.0012,0.0014,0.0016,0.0020,0.0025,0.0036,0.0055
0.0085,0.0128,0.0190,0.0274,0.0378,0.0503,0.0645,0.0802,0.0975,0.1154
0.1344,0.1544,0.1740,0.1945,0.2160,0.2374,0.2592,0.2812,0.3036,0.3263
0.3488,0.3713,0.3940,0.4165,0.4387,0.4614,0.4834,0.5055,0.5277,0.5497
0.5716,0.5926,0.6138,0.6351,0.6559,0.6768,0.6973,0.7177,0.7380,0.7574
0.7763,0.7951,0.8129,0.8300,0.8461,0.8619,0.8764,0.8898,0.9018,0.9129
0.9229,0.9318,0.9401,0.9473,0.9537,0.9594,0.9646,0.9690,0.9730,0.9765
0.9796,0.9822,0.9845,0.9863,0.9880,0.9894,0.9905,0.9915,0.9923,0.9929
0.9936,0.9941,0.9945,0.9949,0.9952,0.9956,0.9959,0.9962,0.9964,0.9966
0.9968,0.9970,0.9972,0.9974,0.9975,0.9976,0.9978,0.9979,0.9980,0.9981
0.9982,0.9983,0.9984,0.9985,0.9986,0.9987,0.9988,0.9988,0.9989,0.9990
0.9990,0.9991,0.9991,0.9992,0.9992,0.9993,0.9993,0.9994,0.9994,0.9995
0.9996,0.9996,0.9997,0.9997,0.9998,0.9998,0.9999,0.9999,1.0000,1.0000
