; Lookup table
;number of bins in Meek's time to distance lookup table
hdriftbins=138
;number of 1st bin in Meek's table in ns
hdrift1stbin=-24
;bin size in ns of Meek's table
hdriftbinsz=2
hwc1x1fract=0.0000,0.0001,0.0001,0.0002,0.0002,0.0003,0.0003,0.0004
0.0005,0.0006,0.0008,0.0010,0.0012,0.0016,0.0023,0.0032,0.0048,0.0071
0.0098,0.0136,0.0189,0.0259,0.0346,0.0447,0.0562,0.0694,0.0832,0.0978
0.1133,0.1296,0.1470,0.1651,0.1839,0.2029,0.2232,0.2438,0.2646,0.2857
0.3076,0.3293,0.3512,0.3734,0.3958,0.4190,0.4418,0.4639,0.4862,0.5089
0.5316,0.5540,0.5762,0.5982,0.6199,0.6417,0.6632,0.6845,0.7049,0.7258
0.7466,0.7656,0.7843,0.8025,0.8198,0.8368,0.8525,0.8676,0.8813,0.8945
0.9062,0.9170,0.9268,0.9359,0.9445,0.9519,0.9584,0.9644,0.9699,0.9743
0.9786,0.9821,0.9850,0.9873,0.9893,0.9910,0.9923,0.9934,0.9943,0.9950
0.9956,0.9961,0.9966,0.9969,0.9973,0.9976,0.9978,0.9980,0.9983,0.9984
0.9986,0.9987,0.9988,0.9989,0.9990,0.9991,0.9992,0.9993,0.9994,0.9994
0.9995,0.9996,0.9996,0.9996,0.9997,0.9997,0.9997,0.9998,0.9998,0.9998
0.9999,0.9999,0.9999,0.9999,0.9999,0.9999,0.9999,0.9999,0.9999,1.0000
1.0000,1.0000,1.0000,1.0000,1.0000,1.0000,1.0000,1.0000,1.0000,1.0000
hwc1y1fract=0.0000,0.0000,0.0001,0.0001,0.0001,0.0002,0.0003,0.0003
0.0004,0.0005,0.0006,0.0007,0.0008,0.0011,0.0013,0.0018,0.0025,0.0037
0.0055,0.0088,0.0139,0.0216,0.0316,0.0437,0.0584,0.0752,0.0933,0.1126
0.1322,0.1527,0.1738,0.1950,0.2172,0.2393,0.2616,0.2840,0.3064,0.3286
0.3510,0.3734,0.3954,0.4176,0.4398,0.4616,0.4831,0.5046,0.5260,0.5475
0.5689,0.5896,0.6111,0.6318,0.6525,0.6733,0.6932,0.7128,0.7323,0.7510
0.7699,0.7882,0.8062,0.8235,0.8404,0.8559,0.8706,0.8848,0.8972,0.9086
0.9188,0.9282,0.9364,0.9437,0.9500,0.9559,0.9613,0.9661,0.9702,0.9739
0.9772,0.9802,0.9824,0.9847,0.9866,0.9881,0.9896,0.9908,0.9918,0.9926
0.9934,0.9941,0.9947,0.9952,0.9958,0.9962,0.9965,0.9969,0.9972,0.9976
0.9978,0.9980,0.9982,0.9984,0.9986,0.9987,0.9989,0.9990,0.9992,0.9993
0.9994,0.9995,0.9996,0.9997,0.9997,0.9998,0.9998,0.9998,0.9998,0.9999
0.9999,0.9999,0.9999,0.9999,0.9999,0.9999,0.9999,0.9999,0.9999,0.9999
1.0000,1.0000,1.0000,1.0000,1.0000,1.0000,1.0000,1.0000,1.0000,1.0000
hwc1u1fract=0.0000,0.0000,0.0000,0.0000,0.0000,0.0000,0.0000,0.0000
0.0001,0.0001,0.0001,0.0002,0.0003,0.0005,0.0010,0.0019,0.0034,0.0055
0.0084,0.0127,0.0195,0.0287,0.0398,0.0525,0.0676,0.0833,0.0999,0.1177
0.1362,0.1554,0.1757,0.1958,0.2171,0.2383,0.2598,0.2815,0.3031,0.3250
0.3471,0.3694,0.3915,0.4134,0.4351,0.4570,0.4788,0.5005,0.5217,0.5429
0.5640,0.5853,0.6064,0.6273,0.6480,0.6688,0.6891,0.7088,0.7287,0.7477
0.7669,0.7860,0.8034,0.8208,0.8373,0.8530,0.8673,0.8808,0.8930,0.9044
0.9146,0.9236,0.9321,0.9396,0.9465,0.9526,0.9581,0.9632,0.9678,0.9719
0.9756,0.9787,0.9815,0.9838,0.9857,0.9874,0.9890,0.9904,0.9915,0.9924
0.9931,0.9938,0.9944,0.9950,0.9955,0.9959,0.9963,0.9966,0.9970,0.9973
0.9975,0.9978,0.9981,0.9983,0.9985,0.9987,0.9988,0.9989,0.9991,0.9992
0.9993,0.9994,0.9995,0.9995,0.9996,0.9997,0.9997,0.9998,0.9998,0.9998
0.9999,0.9999,0.9999,0.9999,0.9999,0.9999,1.0000,1.0000,1.0000,1.0000
1.0000,1.0000,1.0000,1.0000,1.0000,1.0000,1.0000,1.0000,1.0000,1.0000
hwc1v1fract=0.0000,0.0000,0.0000,0.0000,0.0000,0.0001,0.0001,0.0001
0.0001,0.0001,0.0002,0.0002,0.0003,0.0004,0.0005,0.0007,0.0011,0.0021
0.0040,0.0074,0.0130,0.0212,0.0317,0.0446,0.0595,0.0755,0.0929,0.1113
0.1305,0.1501,0.1703,0.1911,0.2126,0.2342,0.2559,0.2782,0.3002,0.3228
0.3443,0.3666,0.3886,0.4110,0.4331,0.4549,0.4765,0.4977,0.5189,0.5404
0.5612,0.5821,0.6034,0.6240,0.6447,0.6653,0.6856,0.7057,0.7258,0.7450
0.7639,0.7828,0.8010,0.8182,0.8350,0.8510,0.8655,0.8795,0.8922,0.9036
0.9144,0.9237,0.9318,0.9398,0.9464,0.9525,0.9580,0.9630,0.9673,0.9714
0.9750,0.9779,0.9806,0.9831,0.9852,0.9869,0.9883,0.9895,0.9906,0.9917
0.9925,0.9932,0.9938,0.9945,0.9951,0.9955,0.9960,0.9964,0.9967,0.9970
0.9973,0.9976,0.9979,0.9981,0.9984,0.9985,0.9987,0.9988,0.9990,0.9991
0.9992,0.9993,0.9994,0.9995,0.9996,0.9996,0.9997,0.9997,0.9998,0.9998
0.9998,0.9998,0.9998,0.9999,0.9999,0.9999,0.9999,0.9999,0.9999,1.0000
1.0000,1.0000,1.0000,1.0000,1.0000,1.0000,1.0000,1.0000,1.0000,1.0000
hwc1y2fract=0.0000,0.0000,0.0000,0.0000,0.0000,0.0001,0.0001,0.0001
0.0001,0.0002,0.0003,0.0003,0.0004,0.0006,0.0008,0.0012,0.0020,0.0035
0.0060,0.0104,0.0169,0.0257,0.0369,0.0498,0.0649,0.0818,0.1000,0.1193
0.1390,0.1596,0.1807,0.2026,0.2245,0.2464,0.2691,0.2911,0.3134,0.3354
0.3578,0.3803,0.4025,0.4243,0.4461,0.4677,0.4896,0.5114,0.5330,0.5546
0.5755,0.5966,0.6178,0.6385,0.6588,0.6795,0.6996,0.7193,0.7392,0.7581
0.7766,0.7943,0.8116,0.8282,0.8438,0.8589,0.8731,0.8859,0.8976,0.9081
0.9179,0.9269,0.9348,0.9419,0.9484,0.9543,0.9597,0.9646,0.9686,0.9726
0.9758,0.9787,0.9813,0.9835,0.9854,0.9870,0.9884,0.9896,0.9907,0.9917
0.9925,0.9932,0.9939,0.9946,0.9951,0.9956,0.9960,0.9964,0.9968,0.9971
0.9974,0.9977,0.9979,0.9982,0.9984,0.9986,0.9988,0.9989,0.9990,0.9992
0.9993,0.9994,0.9995,0.9996,0.9997,0.9997,0.9997,0.9998,0.9998,0.9998
0.9999,0.9999,0.9999,0.9999,0.9999,0.9999,0.9999,0.9999,1.0000,1.0000
1.0000,1.0000,1.0000,1.0000,1.0000,1.0000,1.0000,1.0000,1.0000,1.0000
hwc1x2fract=0.0000,0.0000,0.0000,0.0000,0.0001,0.0001,0.0001,0.0002
0.0002,0.0003,0.0003,0.0004,0.0005,0.0007,0.0010,0.0015,0.0025,0.0041
0.0068,0.0110,0.0164,0.0239,0.0331,0.0435,0.0551,0.0683,0.0823,0.0976
0.1132,0.1302,0.1488,0.1673,0.1865,0.2063,0.2263,0.2475,0.2682,0.2897
0.3116,0.3336,0.3560,0.3783,0.4004,0.4229,0.4453,0.4681,0.4908,0.5128
0.5357,0.5574,0.5798,0.6021,0.6239,0.6456,0.6672,0.6882,0.7091,0.7296
0.7498,0.7690,0.7886,0.8070,0.8241,0.8409,0.8570,0.8719,0.8854,0.8981
0.9097,0.9202,0.9297,0.9382,0.9461,0.9534,0.9596,0.9656,0.9707,0.9751
0.9790,0.9824,0.9851,0.9874,0.9893,0.9907,0.9921,0.9930,0.9939,0.9946
0.9952,0.9957,0.9961,0.9966,0.9969,0.9972,0.9975,0.9978,0.9980,0.9982
0.9983,0.9985,0.9986,0.9988,0.9989,0.9990,0.9991,0.9992,0.9993,0.9994
0.9994,0.9995,0.9995,0.9996,0.9996,0.9997,0.9997,0.9998,0.9998,0.9998
0.9999,0.9999,0.9999,0.9999,0.9999,0.9999,0.9999,0.9999,0.9999,1.0000
1.0000,1.0000,1.0000,1.0000,1.0000,1.0000,1.0000,1.0000,1.0000,1.0000
hwc2x1fract=0.0001,0.0001,0.0001,0.0002,0.0002,0.0003,0.0003,0.0004
0.0005,0.0006,0.0007,0.0008,0.0010,0.0012,0.0015,0.0018,0.0024,0.0036
0.0056,0.0090,0.0138,0.0203,0.0284,0.0381,0.0490,0.0614,0.0746,0.0895
0.1054,0.1221,0.1390,0.1571,0.1761,0.1957,0.2157,0.2363,0.2571,0.2783
0.3000,0.3217,0.3444,0.3662,0.3890,0.4114,0.4337,0.4564,0.4796,0.5030
0.5253,0.5486,0.5714,0.5939,0.6164,0.6383,0.6600,0.6813,0.7027,0.7242
0.7451,0.7656,0.7850,0.8034,0.8212,0.8385,0.8548,0.8699,0.8839,0.8969
0.9089,0.9194,0.9292,0.9381,0.9461,0.9532,0.9596,0.9654,0.9703,0.9748
0.9786,0.9819,0.9847,0.9870,0.9890,0.9906,0.9920,0.9930,0.9938,0.9946
0.9952,0.9958,0.9962,0.9966,0.9970,0.9972,0.9974,0.9977,0.9979,0.9981
0.9983,0.9985,0.9986,0.9987,0.9989,0.9990,0.9991,0.9992,0.9993,0.9993
0.9994,0.9995,0.9996,0.9996,0.9997,0.9997,0.9998,0.9998,0.9998,0.9999
0.9999,0.9999,0.9999,0.9999,0.9999,0.9999,0.9999,1.0000,1.0000,1.0000
1.0000,1.0000,1.0000,1.0000,1.0000,1.0000,1.0000,1.0000,1.0000,1.0000
hwc2y1fract=0.0000,0.0000,0.0000,0.0000,0.0001,0.0001,0.0001,0.0001
0.0002,0.0002,0.0002,0.0003,0.0004,0.0004,0.0006,0.0008,0.0012,0.0021
0.0036,0.0066,0.0116,0.0191,0.0294,0.0427,0.0582,0.0754,0.0946,0.1146
0.1358,0.1580,0.1799,0.2026,0.2257,0.2490,0.2714,0.2946,0.3175,0.3399
0.3625,0.3852,0.4078,0.4299,0.4520,0.4740,0.4957,0.5173,0.5385,0.5598
0.5812,0.6020,0.6232,0.6442,0.6650,0.6858,0.7062,0.7264,0.7459,0.7651
0.7837,0.8017,0.8196,0.8364,0.8524,0.8679,0.8823,0.8953,0.9070,0.9178
0.9279,0.9365,0.9439,0.9508,0.9568,0.9619,0.9667,0.9707,0.9741,0.9774
0.9801,0.9825,0.9847,0.9864,0.9879,0.9893,0.9903,0.9913,0.9922,0.9930
0.9937,0.9943,0.9948,0.9953,0.9958,0.9962,0.9965,0.9968,0.9971,0.9974
0.9977,0.9979,0.9981,0.9984,0.9985,0.9986,0.9988,0.9990,0.9991,0.9992
0.9993,0.9994,0.9994,0.9995,0.9996,0.9996,0.9997,0.9997,0.9997,0.9998
0.9998,0.9998,0.9999,0.9999,0.9999,0.9999,0.9999,1.0000,1.0000,1.0000
1.0000,1.0000,1.0000,1.0000,1.0000,1.0000,1.0000,1.0000,1.0000,1.0000
hwc2u1fract=0.0000,0.0000,0.0000,0.0000,0.0000,0.0000,0.0000,0.0000
0.0000,0.0001,0.0001,0.0001,0.0001,0.0001,0.0002,0.0003,0.0005,0.0009
0.0020,0.0044,0.0090,0.0169,0.0272,0.0405,0.0560,0.0735,0.0927,0.1128
0.1334,0.1557,0.1775,0.1998,0.2228,0.2454,0.2679,0.2904,0.3128,0.3356
0.3582,0.3810,0.4031,0.4250,0.4473,0.4693,0.4910,0.5121,0.5335,0.5543
0.5751,0.5960,0.6167,0.6372,0.6578,0.6779,0.6976,0.7176,0.7372,0.7564
0.7752,0.7935,0.8114,0.8289,0.8455,0.8610,0.8756,0.8893,0.9016,0.9125
0.9225,0.9311,0.9390,0.9459,0.9521,0.9575,0.9625,0.9666,0.9702,0.9737
0.9766,0.9792,0.9816,0.9836,0.9855,0.9871,0.9884,0.9897,0.9907,0.9916
0.9924,0.9930,0.9936,0.9942,0.9947,0.9951,0.9956,0.9960,0.9962,0.9965
0.9968,0.9971,0.9974,0.9976,0.9979,0.9981,0.9984,0.9985,0.9987,0.9989
0.9989,0.9991,0.9992,0.9993,0.9994,0.9995,0.9996,0.9996,0.9997,0.9997
0.9998,0.9998,0.9998,0.9999,0.9999,0.9999,0.9999,0.9999,1.0000,1.0000
1.0000,1.0000,1.0000,1.0000,1.0000,1.0000,1.0000,1.0000,1.0000,1.0000
hwc2v1fract=0.0000,0.0000,0.0000,0.0000,0.0000,0.0001,0.0001,0.0001
0.0001,0.0001,0.0002,0.0002,0.0003,0.0003,0.0004,0.0006,0.0010,0.0018
0.0033,0.0068,0.0126,0.0210,0.0329,0.0473,0.0636,0.0816,0.1011,0.1214
0.1426,0.1642,0.1863,0.2084,0.2305,0.2529,0.2750,0.2980,0.3208,0.3432
0.3651,0.3876,0.4096,0.4318,0.4541,0.4760,0.4973,0.5191,0.5396,0.5607
0.5813,0.6018,0.6225,0.6431,0.6636,0.6834,0.7035,0.7228,0.7423,0.7614
0.7801,0.7980,0.8157,0.8330,0.8495,0.8649,0.8794,0.8930,0.9050,0.9159
0.9254,0.9338,0.9414,0.9480,0.9541,0.9592,0.9639,0.9682,0.9717,0.9749
0.9779,0.9803,0.9825,0.9846,0.9864,0.9879,0.9893,0.9903,0.9912,0.9922
0.9928,0.9934,0.9940,0.9946,0.9951,0.9955,0.9958,0.9962,0.9966,0.9970
0.9974,0.9977,0.9979,0.9982,0.9984,0.9985,0.9987,0.9989,0.9990,0.9992
0.9993,0.9994,0.9995,0.9995,0.9996,0.9997,0.9997,0.9998,0.9998,0.9998
0.9998,0.9999,0.9999,0.9999,0.9999,0.9999,0.9999,0.9999,0.9999,1.0000
1.0000,1.0000,1.0000,1.0000,1.0000,1.0000,1.0000,1.0000,1.0000,1.0000
hwc2y2fract=0.0000,0.0000,0.0000,0.0000,0.0001,0.0001,0.0001,0.0001
0.0002,0.0002,0.0003,0.0003,0.0004,0.0005,0.0007,0.0011,0.0017,0.0027
0.0046,0.0080,0.0135,0.0216,0.0324,0.0454,0.0614,0.0796,0.0984,0.1185
0.1396,0.1620,0.1844,0.2068,0.2294,0.2528,0.2759,0.2992,0.3220,0.3447
0.3674,0.3900,0.4128,0.4351,0.4570,0.4787,0.5001,0.5214,0.5430,0.5640
0.5854,0.6065,0.6273,0.6478,0.6686,0.6884,0.7082,0.7286,0.7482,0.7666
0.7854,0.8034,0.8214,0.8386,0.8546,0.8696,0.8837,0.8966,0.9083,0.9193
0.9286,0.9373,0.9447,0.9513,0.9572,0.9623,0.9670,0.9711,0.9745,0.9775
0.9800,0.9823,0.9843,0.9859,0.9874,0.9887,0.9899,0.9910,0.9919,0.9927
0.9935,0.9942,0.9948,0.9952,0.9957,0.9961,0.9965,0.9968,0.9970,0.9973
0.9976,0.9978,0.9981,0.9984,0.9986,0.9988,0.9989,0.9990,0.9992,0.9993
0.9994,0.9995,0.9996,0.9996,0.9997,0.9997,0.9998,0.9998,0.9998,0.9999
0.9999,0.9999,0.9999,0.9999,0.9999,1.0000,1.0000,1.0000,1.0000,1.0000
1.0000,1.0000,1.0000,1.0000,1.0000,1.0000,1.0000,1.0000,1.0000,1.0000
hwc2x2fract=0.0000,0.0000,0.0000,0.0001,0.0001,0.0002,0.0002,0.0003
0.0003,0.0004,0.0005,0.0007,0.0008,0.0010,0.0012,0.0019,0.0030,0.0049
0.0078,0.0121,0.0183,0.0263,0.0362,0.0472,0.0596,0.0731,0.0882,0.1043
0.1214,0.1395,0.1584,0.1777,0.1981,0.2181,0.2398,0.2615,0.2836,0.3053
0.3275,0.3504,0.3727,0.3956,0.4180,0.4404,0.4633,0.4859,0.5088,0.5314
0.5536,0.5760,0.5975,0.6192,0.6411,0.6630,0.6842,0.7050,0.7253,0.7458
0.7654,0.7847,0.8032,0.8209,0.8380,0.8543,0.8694,0.8834,0.8963,0.9088
0.9195,0.9293,0.9382,0.9461,0.9534,0.9597,0.9650,0.9697,0.9740,0.9781
0.9816,0.9843,0.9868,0.9888,0.9904,0.9917,0.9929,0.9939,0.9946,0.9953
0.9958,0.9963,0.9966,0.9969,0.9972,0.9975,0.9977,0.9980,0.9982,0.9984
0.9985,0.9987,0.9989,0.9990,0.9992,0.9993,0.9993,0.9994,0.9995,0.9995
0.9996,0.9996,0.9997,0.9997,0.9997,0.9998,0.9998,0.9998,0.9999,0.9999
0.9999,0.9999,0.9999,0.9999,1.0000,1.0000,1.0000,1.0000,1.0000,1.0000
1.0000,1.0000,1.0000,1.0000,1.0000,1.0000,1.0000,1.0000,1.0000,1.0000
