; Lookup table
;number of bins in Meek's time to distance lookup table
hdriftbins=138
;number of 1st bin in Meek's table in ns
hdrift1stbin=-24
;bin size in ns of Meek's table
hdriftbinsz=2
hwc1x1fract=0.0001,0.0001,0.0002,0.0003,0.0003,0.0004,0.0005,0.0006
0.0007,0.0008,0.0010,0.0012,0.0015,0.0018,0.0023,0.0032,0.0044,0.0062
0.0087,0.0126,0.0184,0.0263,0.0365,0.0488,0.0625,0.0782,0.0949,0.1126
0.1316,0.1517,0.1723,0.1938,0.2157,0.2386,0.2613,0.2844,0.3074,0.3309
0.3543,0.3776,0.4007,0.4240,0.4468,0.4693,0.4919,0.5142,0.5362,0.5581
0.5796,0.6011,0.6224,0.6433,0.6642,0.6849,0.7049,0.7247,0.7438,0.7626
0.7809,0.7987,0.8159,0.8322,0.8475,0.8623,0.8758,0.8879,0.8990,0.9091
0.9184,0.9269,0.9347,0.9419,0.9486,0.9546,0.9599,0.9648,0.9694,0.9734
0.9770,0.9801,0.9828,0.9850,0.9870,0.9887,0.9902,0.9915,0.9924,0.9933
0.9941,0.9947,0.9953,0.9958,0.9962,0.9966,0.9969,0.9972,0.9974,0.9977
0.9979,0.9980,0.9982,0.9983,0.9985,0.9986,0.9987,0.9988,0.9989,0.9990
0.9991,0.9992,0.9992,0.9993,0.9994,0.9994,0.9995,0.9995,0.9996,0.9996
0.9997,0.9997,0.9997,0.9998,0.9998,0.9998,0.9998,0.9999,0.9999,0.9999
0.9999,0.9999,0.9999,0.9999,1.0000,1.0000,1.0000,1.0000,1.0000,1.0000
hwc1y1fract=0.0000,0.0001,0.0001,0.0002,0.0002,0.0003,0.0004,0.0004
0.0005,0.0007,0.0008,0.0010,0.0012,0.0014,0.0018,0.0023,0.0030,0.0042
0.0062,0.0096,0.0152,0.0239,0.0356,0.0508,0.0684,0.0886,0.1106,0.1341
0.1584,0.1828,0.2073,0.2320,0.2566,0.2812,0.3052,0.3288,0.3526,0.3760
0.3989,0.4217,0.4437,0.4657,0.4871,0.5086,0.5296,0.5506,0.5714,0.5918
0.6125,0.6324,0.6525,0.6725,0.6925,0.7119,0.7310,0.7497,0.7682,0.7861
0.8034,0.8206,0.8368,0.8520,0.8663,0.8800,0.8927,0.9040,0.9141,0.9234
0.9312,0.9384,0.9446,0.9501,0.9552,0.9597,0.9637,0.9675,0.9709,0.9739
0.9766,0.9790,0.9811,0.9830,0.9847,0.9862,0.9876,0.9889,0.9900,0.9910
0.9918,0.9926,0.9933,0.9939,0.9945,0.9950,0.9956,0.9959,0.9963,0.9966
0.9969,0.9972,0.9975,0.9977,0.9979,0.9981,0.9983,0.9985,0.9987,0.9988
0.9989,0.9990,0.9991,0.9992,0.9993,0.9994,0.9995,0.9995,0.9996,0.9997
0.9997,0.9997,0.9998,0.9998,0.9998,0.9999,0.9999,0.9999,0.9999,0.9999
0.9999,1.0000,1.0000,1.0000,1.0000,1.0000,1.0000,1.0000,1.0000,1.0000
hwc1u1fract=0.0000,0.0000,0.0000,0.0000,0.0000,0.0000,0.0001,0.0001
0.0001,0.0001,0.0002,0.0002,0.0003,0.0005,0.0009,0.0017,0.0027,0.0045
0.0072,0.0115,0.0190,0.0292,0.0427,0.0585,0.0765,0.0964,0.1182,0.1404
0.1635,0.1870,0.2107,0.2342,0.2578,0.2813,0.3053,0.3288,0.3519,0.3746
0.3974,0.4197,0.4418,0.4635,0.4851,0.5064,0.5277,0.5489,0.5698,0.5904
0.6108,0.6311,0.6510,0.6707,0.6907,0.7099,0.7292,0.7480,0.7665,0.7842
0.8019,0.8183,0.8342,0.8495,0.8638,0.8769,0.8891,0.8997,0.9094,0.9182
0.9260,0.9333,0.9397,0.9455,0.9507,0.9554,0.9599,0.9640,0.9677,0.9712
0.9743,0.9769,0.9794,0.9816,0.9834,0.9852,0.9867,0.9880,0.9891,0.9901
0.9911,0.9918,0.9925,0.9932,0.9938,0.9943,0.9947,0.9952,0.9956,0.9960
0.9964,0.9967,0.9969,0.9972,0.9975,0.9977,0.9979,0.9982,0.9983,0.9985
0.9987,0.9988,0.9989,0.9990,0.9991,0.9992,0.9993,0.9994,0.9995,0.9995
0.9996,0.9996,0.9997,0.9997,0.9998,0.9998,0.9998,0.9998,0.9999,0.9999
0.9999,0.9999,0.9999,1.0000,1.0000,1.0000,1.0000,1.0000,1.0000,1.0000
hwc1v1fract=0.0000,0.0000,0.0000,0.0001,0.0001,0.0001,0.0001,0.0001
0.0002,0.0002,0.0003,0.0003,0.0004,0.0005,0.0006,0.0008,0.0011,0.0018
0.0030,0.0055,0.0102,0.0173,0.0275,0.0408,0.0574,0.0756,0.0955,0.1168
0.1388,0.1612,0.1845,0.2075,0.2306,0.2541,0.2769,0.3002,0.3228,0.3452
0.3678,0.3900,0.4123,0.4343,0.4561,0.4777,0.4991,0.5202,0.5412,0.5619
0.5826,0.6032,0.6236,0.6440,0.6641,0.6843,0.7041,0.7234,0.7425,0.7616
0.7804,0.7984,0.8158,0.8326,0.8487,0.8633,0.8773,0.8898,0.9012,0.9111
0.9197,0.9277,0.9349,0.9411,0.9466,0.9518,0.9565,0.9608,0.9648,0.9685
0.9720,0.9750,0.9779,0.9804,0.9826,0.9844,0.9861,0.9875,0.9888,0.9899
0.9909,0.9918,0.9925,0.9932,0.9938,0.9943,0.9948,0.9952,0.9956,0.9960
0.9964,0.9967,0.9970,0.9973,0.9975,0.9977,0.9979,0.9981,0.9983,0.9985
0.9986,0.9988,0.9989,0.9990,0.9991,0.9992,0.9993,0.9994,0.9994,0.9995
0.9996,0.9996,0.9997,0.9997,0.9997,0.9998,0.9998,0.9998,0.9999,0.9999
0.9999,0.9999,0.9999,1.0000,1.0000,1.0000,1.0000,1.0000,1.0000,1.0000
hwc1y2fract=0.0000,0.0000,0.0000,0.0001,0.0001,0.0001,0.0001,0.0001
0.0002,0.0002,0.0003,0.0004,0.0005,0.0006,0.0008,0.0012,0.0019,0.0033
0.0059,0.0103,0.0172,0.0274,0.0406,0.0566,0.0756,0.0962,0.1184,0.1412
0.1653,0.1896,0.2141,0.2384,0.2631,0.2873,0.3112,0.3351,0.3582,0.3814
0.4038,0.4264,0.4486,0.4701,0.4914,0.5121,0.5331,0.5543,0.5749,0.5956
0.6161,0.6361,0.6560,0.6758,0.6950,0.7146,0.7337,0.7521,0.7700,0.7875
0.8046,0.8212,0.8373,0.8522,0.8665,0.8792,0.8912,0.9021,0.9118,0.9208
0.9285,0.9356,0.9417,0.9473,0.9524,0.9568,0.9611,0.9648,0.9682,0.9715
0.9744,0.9769,0.9792,0.9813,0.9830,0.9846,0.9861,0.9874,0.9886,0.9895
0.9904,0.9912,0.9920,0.9927,0.9933,0.9939,0.9944,0.9949,0.9953,0.9957
0.9961,0.9964,0.9968,0.9971,0.9974,0.9976,0.9978,0.9980,0.9983,0.9984
0.9986,0.9988,0.9989,0.9991,0.9992,0.9993,0.9993,0.9994,0.9995,0.9995
0.9996,0.9996,0.9997,0.9997,0.9998,0.9998,0.9998,0.9999,0.9999,0.9999
0.9999,0.9999,0.9999,1.0000,1.0000,1.0000,1.0000,1.0000,1.0000,1.0000
hwc1x2fract=0.0000,0.0000,0.0001,0.0001,0.0001,0.0002,0.0002,0.0003
0.0003,0.0004,0.0005,0.0006,0.0007,0.0008,0.0010,0.0013,0.0018,0.0027
0.0045,0.0074,0.0123,0.0193,0.0282,0.0396,0.0530,0.0679,0.0843,0.1024
0.1215,0.1415,0.1621,0.1836,0.2060,0.2286,0.2517,0.2746,0.2983,0.3217
0.3452,0.3685,0.3916,0.4147,0.4376,0.4602,0.4822,0.5043,0.5259,0.5480
0.5695,0.5908,0.6120,0.6335,0.6539,0.6747,0.6948,0.7149,0.7346,0.7537
0.7723,0.7904,0.8078,0.8244,0.8403,0.8554,0.8693,0.8819,0.8939,0.9043
0.9138,0.9227,0.9307,0.9380,0.9447,0.9508,0.9564,0.9615,0.9660,0.9703
0.9743,0.9779,0.9808,0.9833,0.9855,0.9874,0.9889,0.9903,0.9915,0.9924
0.9933,0.9940,0.9947,0.9952,0.9957,0.9961,0.9965,0.9968,0.9971,0.9974
0.9976,0.9978,0.9980,0.9982,0.9983,0.9985,0.9986,0.9987,0.9988,0.9989
0.9990,0.9991,0.9992,0.9992,0.9993,0.9994,0.9994,0.9995,0.9996,0.9996
0.9996,0.9997,0.9997,0.9998,0.9998,0.9998,0.9998,0.9999,0.9999,0.9999
0.9999,0.9999,0.9999,0.9999,1.0000,1.0000,1.0000,1.0000,1.0000,1.0000
hwc2x1fract=0.0000,0.0001,0.0002,0.0003,0.0003,0.0004,0.0005,0.0006
0.0008,0.0009,0.0011,0.0013,0.0016,0.0020,0.0024,0.0031,0.0042,0.0062
0.0096,0.0142,0.0204,0.0289,0.0398,0.0524,0.0668,0.0830,0.1007,0.1193
0.1391,0.1600,0.1811,0.2029,0.2248,0.2475,0.2706,0.2940,0.3177,0.3410
0.3642,0.3877,0.4108,0.4341,0.4568,0.4796,0.5023,0.5245,0.5466,0.5683
0.5903,0.6119,0.6333,0.6548,0.6756,0.6965,0.7168,0.7368,0.7565,0.7757
0.7940,0.8121,0.8291,0.8451,0.8605,0.8742,0.8870,0.8988,0.9093,0.9189
0.9274,0.9352,0.9423,0.9486,0.9545,0.9599,0.9647,0.9690,0.9730,0.9764
0.9795,0.9823,0.9847,0.9867,0.9884,0.9898,0.9911,0.9921,0.9931,0.9939
0.9945,0.9950,0.9955,0.9960,0.9964,0.9967,0.9970,0.9973,0.9975,0.9977
0.9979,0.9981,0.9983,0.9984,0.9986,0.9987,0.9988,0.9990,0.9991,0.9991
0.9992,0.9993,0.9994,0.9994,0.9995,0.9995,0.9996,0.9996,0.9996,0.9997
0.9997,0.9997,0.9998,0.9998,0.9998,0.9999,0.9999,0.9999,0.9999,0.9999
0.9999,0.9999,0.9999,1.0000,1.0000,1.0000,1.0000,1.0000,1.0000,1.0000
hwc2y1fract=0.0000,0.0000,0.0000,0.0001,0.0001,0.0001,0.0001,0.0002
0.0002,0.0002,0.0003,0.0004,0.0004,0.0005,0.0007,0.0009,0.0013,0.0021
0.0037,0.0067,0.0124,0.0212,0.0335,0.0489,0.0675,0.0886,0.1113,0.1355
0.1604,0.1855,0.2117,0.2368,0.2616,0.2860,0.3101,0.3339,0.3577,0.3810
0.4043,0.4273,0.4495,0.4715,0.4933,0.5143,0.5355,0.5565,0.5775,0.5984
0.6190,0.6395,0.6599,0.6800,0.7002,0.7201,0.7398,0.7589,0.7779,0.7963
0.8136,0.8303,0.8466,0.8621,0.8764,0.8900,0.9021,0.9130,0.9225,0.9312
0.9389,0.9455,0.9514,0.9565,0.9612,0.9651,0.9686,0.9719,0.9749,0.9776
0.9799,0.9820,0.9838,0.9854,0.9869,0.9881,0.9892,0.9902,0.9911,0.9919
0.9926,0.9933,0.9939,0.9943,0.9948,0.9952,0.9956,0.9959,0.9962,0.9965
0.9967,0.9970,0.9972,0.9974,0.9976,0.9978,0.9979,0.9981,0.9983,0.9984
0.9986,0.9987,0.9988,0.9990,0.9991,0.9992,0.9993,0.9994,0.9995,0.9995
0.9996,0.9997,0.9997,0.9998,0.9998,0.9998,0.9998,0.9999,0.9999,0.9999
0.9999,0.9999,0.9999,0.9999,1.0000,1.0000,1.0000,1.0000,1.0000,1.0000
hwc2u1fract=0.0000,0.0000,0.0000,0.0000,0.0000,0.0000,0.0000,0.0000
0.0001,0.0001,0.0001,0.0001,0.0002,0.0002,0.0003,0.0004,0.0007,0.0012
0.0025,0.0054,0.0111,0.0205,0.0332,0.0497,0.0692,0.0909,0.1138,0.1379
0.1627,0.1875,0.2124,0.2371,0.2616,0.2856,0.3090,0.3327,0.3557,0.3787
0.4012,0.4233,0.4449,0.4664,0.4876,0.5087,0.5297,0.5505,0.5709,0.5915
0.6115,0.6317,0.6519,0.6713,0.6909,0.7104,0.7296,0.7483,0.7667,0.7851
0.8029,0.8206,0.8375,0.8535,0.8684,0.8823,0.8948,0.9061,0.9162,0.9250
0.9327,0.9394,0.9451,0.9503,0.9548,0.9589,0.9626,0.9659,0.9688,0.9717
0.9741,0.9763,0.9783,0.9801,0.9815,0.9828,0.9839,0.9850,0.9858,0.9866
0.9873,0.9878,0.9884,0.9889,0.9894,0.9898,0.9903,0.9906,0.9909,0.9913
0.9917,0.9920,0.9923,0.9926,0.9929,0.9931,0.9934,0.9936,0.9939,0.9941
0.9943,0.9945,0.9947,0.9949,0.9950,0.9952,0.9953,0.9955,0.9957,0.9958
0.9959,0.9961,0.9963,0.9966,0.9968,0.9970,0.9972,0.9974,0.9977,0.9980
0.9982,0.9984,0.9986,0.9988,0.9990,0.9992,0.9995,0.9996,0.9998,1.0000
hwc2v1fract=0.0000,0.0000,0.0000,0.0001,0.0001,0.0001,0.0001,0.0002
0.0002,0.0002,0.0003,0.0004,0.0004,0.0006,0.0008,0.0010,0.0015,0.0024
0.0043,0.0082,0.0152,0.0262,0.0407,0.0587,0.0788,0.1011,0.1247,0.1494
0.1742,0.1995,0.2246,0.2494,0.2736,0.2979,0.3219,0.3456,0.3686,0.3914
0.4139,0.4362,0.4580,0.4798,0.5012,0.5224,0.5431,0.5637,0.5842,0.6046
0.6247,0.6446,0.6644,0.6843,0.7038,0.7229,0.7420,0.7613,0.7793,0.7975
0.8152,0.8322,0.8481,0.8635,0.8780,0.8913,0.9035,0.9142,0.9235,0.9317
0.9387,0.9451,0.9506,0.9558,0.9603,0.9642,0.9677,0.9710,0.9741,0.9768
0.9794,0.9816,0.9834,0.9852,0.9866,0.9879,0.9891,0.9900,0.9908,0.9917
0.9923,0.9929,0.9934,0.9940,0.9944,0.9948,0.9952,0.9956,0.9959,0.9963
0.9965,0.9968,0.9971,0.9973,0.9975,0.9978,0.9980,0.9982,0.9983,0.9985
0.9986,0.9988,0.9989,0.9990,0.9991,0.9992,0.9993,0.9994,0.9995,0.9995
0.9996,0.9997,0.9997,0.9998,0.9998,0.9998,0.9999,0.9999,0.9999,0.9999
0.9999,0.9999,0.9999,1.0000,1.0000,1.0000,1.0000,1.0000,1.0000,1.0000
hwc2y2fract=0.0000,0.0000,0.0001,0.0001,0.0001,0.0001,0.0001,0.0002
0.0002,0.0003,0.0003,0.0004,0.0005,0.0006,0.0008,0.0012,0.0017,0.0029
0.0048,0.0084,0.0144,0.0238,0.0367,0.0527,0.0718,0.0930,0.1162,0.1409
0.1659,0.1911,0.2164,0.2420,0.2671,0.2921,0.3165,0.3406,0.3643,0.3877
0.4109,0.4337,0.4559,0.4778,0.4997,0.5209,0.5419,0.5631,0.5842,0.6049
0.6253,0.6458,0.6654,0.6854,0.7049,0.7242,0.7434,0.7622,0.7805,0.7985
0.8161,0.8327,0.8487,0.8640,0.8784,0.8915,0.9035,0.9143,0.9238,0.9323
0.9395,0.9460,0.9517,0.9566,0.9611,0.9651,0.9687,0.9719,0.9748,0.9775
0.9799,0.9819,0.9837,0.9854,0.9868,0.9881,0.9891,0.9901,0.9909,0.9917
0.9924,0.9930,0.9936,0.9941,0.9947,0.9951,0.9955,0.9958,0.9961,0.9964
0.9967,0.9969,0.9972,0.9974,0.9976,0.9978,0.9980,0.9982,0.9984,0.9985
0.9987,0.9988,0.9989,0.9991,0.9992,0.9993,0.9994,0.9994,0.9995,0.9996
0.9997,0.9997,0.9997,0.9998,0.9998,0.9998,0.9998,0.9999,0.9999,0.9999
0.9999,0.9999,0.9999,1.0000,1.0000,1.0000,1.0000,1.0000,1.0000,1.0000
hwc2x2fract=0.0000,0.0001,0.0001,0.0002,0.0002,0.0003,0.0004,0.0005
0.0006,0.0007,0.0009,0.0010,0.0012,0.0015,0.0019,0.0025,0.0037,0.0057
0.0084,0.0128,0.0193,0.0283,0.0400,0.0537,0.0691,0.0867,0.1055,0.1256
0.1465,0.1685,0.1913,0.2142,0.2376,0.2612,0.2851,0.3092,0.3330,0.3566
0.3801,0.4033,0.4263,0.4494,0.4719,0.4945,0.5167,0.5390,0.5605,0.5819
0.6030,0.6241,0.6451,0.6662,0.6869,0.7065,0.7262,0.7457,0.7646,0.7831
0.8010,0.8186,0.8352,0.8509,0.8656,0.8793,0.8918,0.9031,0.9133,0.9224
0.9307,0.9382,0.9451,0.9512,0.9565,0.9615,0.9660,0.9702,0.9736,0.9771
0.9799,0.9825,0.9847,0.9865,0.9882,0.9896,0.9909,0.9919,0.9927,0.9935
0.9941,0.9947,0.9952,0.9957,0.9961,0.9965,0.9968,0.9971,0.9973,0.9976
0.9978,0.9980,0.9982,0.9984,0.9985,0.9986,0.9988,0.9989,0.9990,0.9991
0.9991,0.9992,0.9993,0.9994,0.9994,0.9995,0.9995,0.9996,0.9996,0.9997
0.9997,0.9997,0.9997,0.9998,0.9998,0.9998,0.9998,0.9999,0.9999,0.9999
0.9999,0.9999,0.9999,0.9999,0.9999,0.9999,1.0000,1.0000,1.0000,1.0000
