; Lookup table
;number of bins in Meek's time to distance lookup table
hdriftbins=138
;number of 1st bin in Meek's table in ns
hdrift1stbin=-24
;bin size in ns of Meek's table
hdriftbinsz=2
hwc1x1fract=0.0001,0.0001,0.0002,0.0002,0.0003,0.0004,0.0005,0.0006
0.0007,0.0009,0.0010,0.0013,0.0015,0.0019,0.0024,0.0033,0.0048,0.0070
0.0098,0.0136,0.0186,0.0256,0.0345,0.0452,0.0580,0.0725,0.0877,0.1048
0.1226,0.1415,0.1613,0.1820,0.2035,0.2256,0.2482,0.2709,0.2937,0.3167
0.3402,0.3636,0.3869,0.4098,0.4327,0.4554,0.4785,0.5007,0.5231,0.5453
0.5674,0.5893,0.6110,0.6325,0.6535,0.6743,0.6952,0.7150,0.7347,0.7540
0.7730,0.7911,0.8085,0.8251,0.8411,0.8560,0.8700,0.8826,0.8943,0.9052
0.9151,0.9239,0.9322,0.9398,0.9470,0.9531,0.9588,0.9639,0.9684,0.9725
0.9761,0.9794,0.9823,0.9847,0.9867,0.9885,0.9900,0.9912,0.9923,0.9932
0.9940,0.9947,0.9952,0.9957,0.9962,0.9965,0.9969,0.9972,0.9974,0.9977
0.9979,0.9981,0.9982,0.9984,0.9985,0.9986,0.9987,0.9989,0.9990,0.9991
0.9991,0.9992,0.9993,0.9993,0.9994,0.9995,0.9995,0.9996,0.9996,0.9996
0.9997,0.9997,0.9998,0.9998,0.9998,0.9998,0.9998,0.9999,0.9999,0.9999
0.9999,0.9999,0.9999,1.0000,1.0000,1.0000,1.0000,1.0000,1.0000,1.0000
hwc1y1fract=0.0001,0.0001,0.0002,0.0002,0.0003,0.0004,0.0005,0.0006
0.0007,0.0008,0.0010,0.0012,0.0015,0.0018,0.0023,0.0029,0.0040,0.0055
0.0078,0.0119,0.0183,0.0280,0.0408,0.0568,0.0750,0.0956,0.1180,0.1409
0.1647,0.1894,0.2136,0.2385,0.2628,0.2868,0.3107,0.3345,0.3582,0.3814
0.4045,0.4270,0.4491,0.4705,0.4920,0.5135,0.5348,0.5558,0.5766,0.5971
0.6176,0.6376,0.6576,0.6775,0.6970,0.7165,0.7358,0.7549,0.7733,0.7913
0.8087,0.8253,0.8414,0.8567,0.8711,0.8846,0.8968,0.9082,0.9180,0.9266
0.9344,0.9412,0.9472,0.9526,0.9573,0.9616,0.9655,0.9691,0.9723,0.9752
0.9779,0.9802,0.9822,0.9840,0.9856,0.9871,0.9884,0.9894,0.9904,0.9913
0.9921,0.9928,0.9935,0.9941,0.9947,0.9951,0.9955,0.9960,0.9963,0.9967
0.9970,0.9972,0.9975,0.9977,0.9979,0.9981,0.9983,0.9984,0.9986,0.9988
0.9989,0.9990,0.9991,0.9993,0.9994,0.9994,0.9995,0.9996,0.9996,0.9997
0.9997,0.9997,0.9998,0.9998,0.9998,0.9999,0.9999,0.9999,0.9999,0.9999
0.9999,0.9999,0.9999,0.9999,1.0000,1.0000,1.0000,1.0000,1.0000,1.0000
hwc1u1fract=0.0000,0.0000,0.0000,0.0000,0.0000,0.0001,0.0001,0.0001
0.0001,0.0001,0.0002,0.0002,0.0003,0.0004,0.0008,0.0015,0.0029,0.0050
0.0078,0.0117,0.0175,0.0260,0.0371,0.0509,0.0668,0.0847,0.1044,0.1254
0.1471,0.1697,0.1926,0.2156,0.2390,0.2625,0.2859,0.3094,0.3326,0.3561
0.3787,0.4016,0.4238,0.4461,0.4679,0.4895,0.5111,0.5324,0.5537,0.5748
0.5957,0.6161,0.6367,0.6572,0.6770,0.6967,0.7165,0.7358,0.7548,0.7734
0.7914,0.8089,0.8254,0.8410,0.8560,0.8701,0.8830,0.8945,0.9048,0.9142
0.9227,0.9302,0.9371,0.9435,0.9492,0.9543,0.9589,0.9630,0.9669,0.9703
0.9735,0.9763,0.9789,0.9812,0.9832,0.9850,0.9865,0.9879,0.9891,0.9902
0.9911,0.9919,0.9927,0.9933,0.9939,0.9944,0.9949,0.9953,0.9957,0.9961
0.9964,0.9967,0.9970,0.9973,0.9976,0.9978,0.9980,0.9982,0.9983,0.9985
0.9986,0.9988,0.9989,0.9990,0.9991,0.9992,0.9993,0.9994,0.9994,0.9995
0.9996,0.9996,0.9996,0.9997,0.9997,0.9998,0.9998,0.9998,0.9999,0.9999
0.9999,0.9999,0.9999,0.9999,1.0000,1.0000,1.0000,1.0000,1.0000,1.0000
hwc1v1fract=0.0000,0.0000,0.0000,0.0001,0.0001,0.0001,0.0001,0.0002
0.0002,0.0003,0.0003,0.0004,0.0005,0.0006,0.0008,0.0011,0.0017,0.0028
0.0049,0.0091,0.0159,0.0260,0.0390,0.0549,0.0731,0.0930,0.1142,0.1364
0.1597,0.1829,0.2064,0.2297,0.2532,0.2770,0.3004,0.3234,0.3464,0.3691
0.3915,0.4135,0.4357,0.4578,0.4794,0.5009,0.5222,0.5434,0.5641,0.5850
0.6056,0.6261,0.6462,0.6660,0.6857,0.7054,0.7249,0.7440,0.7627,0.7813
0.7990,0.8165,0.8334,0.8495,0.8645,0.8784,0.8909,0.9024,0.9123,0.9213
0.9292,0.9363,0.9425,0.9481,0.9532,0.9577,0.9618,0.9657,0.9692,0.9725
0.9754,0.9781,0.9805,0.9826,0.9844,0.9859,0.9873,0.9886,0.9896,0.9906
0.9914,0.9922,0.9928,0.9934,0.9940,0.9945,0.9950,0.9954,0.9957,0.9961
0.9964,0.9967,0.9969,0.9972,0.9975,0.9977,0.9979,0.9981,0.9983,0.9985
0.9986,0.9988,0.9989,0.9990,0.9991,0.9992,0.9993,0.9994,0.9995,0.9995
0.9996,0.9996,0.9997,0.9997,0.9998,0.9998,0.9998,0.9998,0.9999,0.9999
0.9999,0.9999,0.9999,1.0000,1.0000,1.0000,1.0000,1.0000,1.0000,1.0000
hwc1y2fract=0.0000,0.0000,0.0001,0.0001,0.0001,0.0002,0.0002,0.0002
0.0003,0.0004,0.0005,0.0006,0.0007,0.0009,0.0011,0.0014,0.0020,0.0031
0.0049,0.0081,0.0136,0.0217,0.0329,0.0469,0.0636,0.0825,0.1033,0.1258
0.1487,0.1726,0.1965,0.2209,0.2452,0.2693,0.2932,0.3171,0.3405,0.3638
0.3868,0.4093,0.4315,0.4535,0.4750,0.4963,0.5176,0.5389,0.5598,0.5805
0.6011,0.6212,0.6417,0.6618,0.6817,0.7012,0.7207,0.7398,0.7587,0.7766
0.7943,0.8113,0.8276,0.8433,0.8582,0.8717,0.8842,0.8958,0.9064,0.9158
0.9242,0.9316,0.9383,0.9442,0.9495,0.9546,0.9588,0.9628,0.9665,0.9698
0.9727,0.9755,0.9780,0.9802,0.9821,0.9837,0.9852,0.9866,0.9878,0.9888
0.9898,0.9907,0.9916,0.9923,0.9930,0.9936,0.9940,0.9946,0.9950,0.9954
0.9958,0.9961,0.9965,0.9968,0.9971,0.9973,0.9976,0.9978,0.9980,0.9982
0.9984,0.9986,0.9987,0.9989,0.9990,0.9991,0.9992,0.9993,0.9994,0.9995
0.9995,0.9996,0.9996,0.9997,0.9997,0.9998,0.9998,0.9998,0.9998,0.9999
0.9999,0.9999,0.9999,0.9999,0.9999,1.0000,1.0000,1.0000,1.0000,1.0000
hwc1x2fract=0.0000,0.0000,0.0001,0.0001,0.0001,0.0002,0.0002,0.0003
0.0004,0.0005,0.0006,0.0007,0.0008,0.0011,0.0015,0.0021,0.0033,0.0051
0.0082,0.0127,0.0192,0.0277,0.0387,0.0516,0.0663,0.0824,0.1001,0.1189
0.1385,0.1590,0.1806,0.2025,0.2250,0.2481,0.2712,0.2941,0.3173,0.3407
0.3641,0.3872,0.4105,0.4334,0.4563,0.4789,0.5016,0.5236,0.5456,0.5673
0.5888,0.6100,0.6311,0.6522,0.6730,0.6934,0.7140,0.7337,0.7531,0.7721
0.7907,0.8080,0.8250,0.8408,0.8560,0.8700,0.8825,0.8943,0.9051,0.9149
0.9239,0.9319,0.9395,0.9461,0.9524,0.9579,0.9630,0.9675,0.9716,0.9753
0.9785,0.9815,0.9839,0.9860,0.9877,0.9893,0.9905,0.9916,0.9926,0.9934
0.9941,0.9947,0.9953,0.9957,0.9961,0.9964,0.9968,0.9971,0.9974,0.9976
0.9978,0.9980,0.9982,0.9983,0.9985,0.9986,0.9987,0.9988,0.9989,0.9990
0.9991,0.9992,0.9993,0.9993,0.9994,0.9995,0.9996,0.9996,0.9996,0.9997
0.9997,0.9998,0.9998,0.9998,0.9998,0.9998,0.9999,0.9999,0.9999,0.9999
0.9999,0.9999,1.0000,1.0000,1.0000,1.0000,1.0000,1.0000,1.0000,1.0000
hwc2x1fract=0.0000,0.0001,0.0002,0.0002,0.0003,0.0004,0.0005,0.0006
0.0008,0.0009,0.0011,0.0013,0.0016,0.0019,0.0022,0.0027,0.0036,0.0050
0.0076,0.0117,0.0171,0.0242,0.0333,0.0446,0.0574,0.0719,0.0881,0.1053
0.1240,0.1435,0.1638,0.1845,0.2059,0.2279,0.2504,0.2731,0.2956,0.3189
0.3423,0.3655,0.3889,0.4122,0.4350,0.4580,0.4808,0.5035,0.5261,0.5484
0.5708,0.5926,0.6145,0.6361,0.6576,0.6788,0.6993,0.7197,0.7398,0.7594
0.7784,0.7970,0.8150,0.8320,0.8480,0.8632,0.8772,0.8898,0.9013,0.9120
0.9216,0.9302,0.9377,0.9447,0.9511,0.9568,0.9621,0.9671,0.9713,0.9751
0.9785,0.9815,0.9841,0.9862,0.9880,0.9895,0.9909,0.9919,0.9928,0.9936
0.9943,0.9949,0.9954,0.9959,0.9963,0.9967,0.9969,0.9972,0.9975,0.9977
0.9980,0.9981,0.9983,0.9984,0.9986,0.9987,0.9989,0.9990,0.9991,0.9991
0.9992,0.9993,0.9994,0.9994,0.9995,0.9995,0.9996,0.9996,0.9997,0.9997
0.9998,0.9998,0.9998,0.9998,0.9998,0.9998,0.9999,0.9999,0.9999,0.9999
0.9999,0.9999,0.9999,1.0000,1.0000,1.0000,1.0000,1.0000,1.0000,1.0000
hwc2y1fract=0.0000,0.0000,0.0001,0.0001,0.0001,0.0001,0.0002,0.0002
0.0003,0.0003,0.0004,0.0005,0.0007,0.0008,0.0011,0.0015,0.0021,0.0033
0.0054,0.0090,0.0153,0.0248,0.0379,0.0539,0.0727,0.0938,0.1166,0.1406
0.1651,0.1901,0.2149,0.2403,0.2654,0.2903,0.3142,0.3377,0.3613,0.3846
0.4074,0.4300,0.4524,0.4744,0.4961,0.5176,0.5388,0.5599,0.5807,0.6017
0.6225,0.6429,0.6633,0.6834,0.7032,0.7228,0.7422,0.7613,0.7796,0.7978
0.8155,0.8323,0.8486,0.8641,0.8786,0.8918,0.9038,0.9147,0.9242,0.9327
0.9403,0.9467,0.9526,0.9576,0.9622,0.9663,0.9698,0.9728,0.9756,0.9782
0.9805,0.9826,0.9844,0.9860,0.9873,0.9886,0.9897,0.9906,0.9915,0.9923
0.9929,0.9936,0.9942,0.9947,0.9951,0.9956,0.9959,0.9963,0.9965,0.9968
0.9971,0.9973,0.9975,0.9977,0.9979,0.9981,0.9983,0.9985,0.9986,0.9987
0.9989,0.9990,0.9991,0.9992,0.9993,0.9994,0.9995,0.9995,0.9996,0.9996
0.9997,0.9997,0.9998,0.9998,0.9998,0.9999,0.9999,0.9999,0.9999,0.9999
0.9999,0.9999,1.0000,1.0000,1.0000,1.0000,1.0000,1.0000,1.0000,1.0000
hwc2u1fract=0.0000,0.0000,0.0000,0.0000,0.0001,0.0001,0.0001,0.0001
0.0001,0.0001,0.0002,0.0002,0.0003,0.0003,0.0004,0.0005,0.0008,0.0013
0.0024,0.0050,0.0102,0.0191,0.0316,0.0479,0.0668,0.0879,0.1111,0.1347
0.1591,0.1840,0.2089,0.2339,0.2584,0.2829,0.3068,0.3307,0.3536,0.3764
0.3992,0.4217,0.4438,0.4655,0.4868,0.5084,0.5297,0.5508,0.5716,0.5920
0.6123,0.6324,0.6528,0.6722,0.6917,0.7111,0.7304,0.7495,0.7679,0.7867
0.8044,0.8221,0.8389,0.8548,0.8699,0.8840,0.8969,0.9085,0.9188,0.9277
0.9356,0.9423,0.9484,0.9537,0.9585,0.9626,0.9663,0.9697,0.9729,0.9756
0.9782,0.9805,0.9826,0.9845,0.9860,0.9873,0.9885,0.9896,0.9905,0.9913
0.9919,0.9926,0.9931,0.9937,0.9942,0.9946,0.9950,0.9954,0.9957,0.9960
0.9963,0.9966,0.9969,0.9971,0.9974,0.9976,0.9978,0.9980,0.9982,0.9983
0.9985,0.9987,0.9988,0.9990,0.9991,0.9992,0.9993,0.9994,0.9995,0.9995
0.9996,0.9997,0.9997,0.9997,0.9998,0.9998,0.9998,0.9999,0.9999,0.9999
0.9999,0.9999,0.9999,1.0000,1.0000,1.0000,1.0000,1.0000,1.0000,1.0000
hwc2v1fract=0.0000,0.0000,0.0000,0.0001,0.0001,0.0001,0.0001,0.0001
0.0002,0.0002,0.0003,0.0004,0.0005,0.0006,0.0008,0.0010,0.0015,0.0023
0.0042,0.0082,0.0153,0.0260,0.0401,0.0577,0.0774,0.0993,0.1225,0.1464
0.1705,0.1952,0.2200,0.2447,0.2692,0.2931,0.3170,0.3403,0.3634,0.3863
0.4086,0.4307,0.4526,0.4744,0.4958,0.5176,0.5386,0.5596,0.5802,0.6006
0.6204,0.6408,0.6605,0.6801,0.6997,0.7195,0.7385,0.7576,0.7766,0.7947
0.8126,0.8302,0.8465,0.8625,0.8769,0.8903,0.9024,0.9133,0.9227,0.9310
0.9385,0.9449,0.9505,0.9557,0.9602,0.9642,0.9679,0.9712,0.9742,0.9769
0.9793,0.9816,0.9834,0.9851,0.9866,0.9879,0.9890,0.9900,0.9909,0.9917
0.9924,0.9930,0.9936,0.9941,0.9945,0.9950,0.9954,0.9957,0.9961,0.9963
0.9966,0.9969,0.9972,0.9974,0.9976,0.9979,0.9981,0.9983,0.9985,0.9986
0.9988,0.9990,0.9991,0.9992,0.9993,0.9994,0.9995,0.9995,0.9996,0.9997
0.9997,0.9997,0.9998,0.9998,0.9998,0.9999,0.9999,0.9999,0.9999,0.9999
0.9999,1.0000,1.0000,1.0000,1.0000,1.0000,1.0000,1.0000,1.0000,1.0000
hwc2y2fract=0.0000,0.0000,0.0001,0.0001,0.0001,0.0002,0.0003,0.0003
0.0004,0.0005,0.0006,0.0007,0.0008,0.0011,0.0013,0.0019,0.0027,0.0042
0.0068,0.0110,0.0182,0.0285,0.0419,0.0586,0.0778,0.0992,0.1221,0.1458
0.1707,0.1956,0.2206,0.2453,0.2697,0.2944,0.3186,0.3422,0.3657,0.3888
0.4115,0.4342,0.4566,0.4788,0.5004,0.5221,0.5432,0.5640,0.5847,0.6053
0.6256,0.6461,0.6663,0.6866,0.7067,0.7261,0.7456,0.7643,0.7826,0.8004
0.8177,0.8344,0.8502,0.8657,0.8798,0.8929,0.9048,0.9157,0.9253,0.9337
0.9409,0.9474,0.9531,0.9579,0.9622,0.9661,0.9697,0.9729,0.9758,0.9784
0.9807,0.9827,0.9845,0.9861,0.9874,0.9887,0.9897,0.9907,0.9916,0.9923
0.9929,0.9935,0.9941,0.9946,0.9950,0.9954,0.9957,0.9961,0.9964,0.9967
0.9969,0.9972,0.9974,0.9976,0.9978,0.9980,0.9981,0.9983,0.9984,0.9986
0.9988,0.9989,0.9990,0.9991,0.9992,0.9993,0.9994,0.9995,0.9996,0.9996
0.9997,0.9997,0.9998,0.9998,0.9998,0.9998,0.9999,0.9999,0.9999,0.9999
0.9999,0.9999,1.0000,1.0000,1.0000,1.0000,1.0000,1.0000,1.0000,1.0000
hwc2x2fract=0.0000,0.0001,0.0001,0.0002,0.0002,0.0003,0.0003,0.0004
0.0005,0.0006,0.0007,0.0009,0.0011,0.0013,0.0016,0.0022,0.0032,0.0050
0.0077,0.0116,0.0173,0.0250,0.0351,0.0471,0.0613,0.0772,0.0945,0.1127
0.1322,0.1524,0.1741,0.1959,0.2181,0.2410,0.2641,0.2870,0.3105,0.3338
0.3570,0.3804,0.4037,0.4267,0.4498,0.4723,0.4950,0.5175,0.5397,0.5619
0.5839,0.6053,0.6261,0.6473,0.6682,0.6889,0.7094,0.7295,0.7494,0.7684
0.7876,0.8057,0.8230,0.8396,0.8552,0.8698,0.8832,0.8955,0.9066,0.9164
0.9254,0.9335,0.9408,0.9474,0.9534,0.9589,0.9639,0.9683,0.9724,0.9759
0.9791,0.9819,0.9843,0.9863,0.9882,0.9897,0.9910,0.9921,0.9931,0.9938
0.9945,0.9950,0.9956,0.9960,0.9965,0.9968,0.9972,0.9975,0.9977,0.9979
0.9981,0.9982,0.9984,0.9985,0.9987,0.9988,0.9989,0.9990,0.9991,0.9992
0.9992,0.9993,0.9994,0.9995,0.9995,0.9996,0.9996,0.9997,0.9997,0.9997
0.9998,0.9998,0.9998,0.9998,0.9999,0.9999,0.9999,0.9999,0.9999,0.9999
0.9999,0.9999,1.0000,1.0000,1.0000,1.0000,1.0000,1.0000,1.0000,1.0000
