; Lookup table
;number of bins in Meek's time to distance lookup table
hdriftbins=138
;number of 1st bin in Meek's table in ns
hdrift1stbin=-24
;bin size in ns of Meek's table
hdriftbinsz=2
hwc1x1fract=0.0000,0.0001,0.0002,0.0002,0.0003,0.0004,0.0005,0.0006
0.0007,0.0008,0.0010,0.0012,0.0016,0.0020,0.0028,0.0042,0.0061,0.0085
0.0119,0.0165,0.0226,0.0307,0.0408,0.0523,0.0651,0.0790,0.0941,0.1100
0.1269,0.1446,0.1632,0.1825,0.2024,0.2230,0.2439,0.2653,0.2868,0.3086
0.3305,0.3531,0.3753,0.3975,0.4198,0.4423,0.4645,0.4868,0.5092,0.5312
0.5532,0.5754,0.5969,0.6187,0.6400,0.6611,0.6820,0.7026,0.7229,0.7424
0.7616,0.7803,0.7984,0.8158,0.8321,0.8479,0.8626,0.8767,0.8894,0.9012
0.9123,0.9222,0.9314,0.9395,0.9470,0.9539,0.9601,0.9656,0.9704,0.9748
0.9787,0.9821,0.9849,0.9872,0.9892,0.9908,0.9921,0.9932,0.9941,0.9948
0.9954,0.9959,0.9963,0.9967,0.9970,0.9973,0.9975,0.9977,0.9980,0.9982
0.9983,0.9984,0.9986,0.9987,0.9988,0.9989,0.9990,0.9991,0.9992,0.9993
0.9993,0.9994,0.9994,0.9995,0.9995,0.9996,0.9996,0.9996,0.9997,0.9997
0.9997,0.9997,0.9998,0.9998,0.9998,0.9998,0.9998,0.9999,0.9999,0.9999
0.9999,0.9999,0.9999,0.9999,1.0000,1.0000,1.0000,1.0000,1.0000,1.0000
hwc1y1fract=0.0000,0.0001,0.0001,0.0002,0.0002,0.0003,0.0004,0.0005
0.0006,0.0008,0.0009,0.0011,0.0013,0.0015,0.0019,0.0025,0.0034,0.0048
0.0070,0.0108,0.0169,0.0259,0.0377,0.0521,0.0685,0.0866,0.1063,0.1270
0.1486,0.1704,0.1924,0.2154,0.2378,0.2605,0.2833,0.3059,0.3284,0.3511
0.3730,0.3950,0.4168,0.4386,0.4601,0.4814,0.5026,0.5236,0.5447,0.5657
0.5864,0.6069,0.6274,0.6476,0.6679,0.6878,0.7075,0.7267,0.7459,0.7644
0.7827,0.8007,0.8178,0.8343,0.8498,0.8648,0.8786,0.8913,0.9030,0.9135
0.9229,0.9315,0.9389,0.9458,0.9519,0.9572,0.9621,0.9664,0.9703,0.9737
0.9768,0.9796,0.9820,0.9841,0.9859,0.9874,0.9888,0.9900,0.9911,0.9920
0.9928,0.9935,0.9942,0.9947,0.9953,0.9957,0.9961,0.9965,0.9968,0.9971
0.9974,0.9976,0.9978,0.9980,0.9982,0.9984,0.9985,0.9987,0.9988,0.9990
0.9991,0.9992,0.9993,0.9994,0.9994,0.9995,0.9996,0.9996,0.9996,0.9997
0.9997,0.9997,0.9998,0.9998,0.9998,0.9998,0.9999,0.9999,0.9999,0.9999
0.9999,0.9999,0.9999,0.9999,0.9999,1.0000,1.0000,1.0000,1.0000,1.0000
hwc1u1fract=0.0000,0.0000,0.0001,0.0001,0.0001,0.0001,0.0001,0.0001
0.0002,0.0002,0.0002,0.0003,0.0004,0.0007,0.0014,0.0027,0.0046,0.0072
0.0108,0.0162,0.0240,0.0345,0.0469,0.0614,0.0774,0.0948,0.1138,0.1334
0.1536,0.1740,0.1950,0.2163,0.2381,0.2599,0.2818,0.3037,0.3257,0.3480
0.3702,0.3920,0.4138,0.4357,0.4576,0.4791,0.5007,0.5220,0.5431,0.5641
0.5850,0.6052,0.6260,0.6463,0.6665,0.6865,0.7063,0.7258,0.7452,0.7641
0.7826,0.8002,0.8171,0.8334,0.8487,0.8631,0.8766,0.8888,0.9003,0.9107
0.9201,0.9285,0.9360,0.9428,0.9490,0.9546,0.9598,0.9645,0.9686,0.9724
0.9758,0.9789,0.9815,0.9838,0.9857,0.9874,0.9888,0.9900,0.9910,0.9919
0.9927,0.9933,0.9939,0.9945,0.9950,0.9954,0.9958,0.9962,0.9965,0.9969
0.9972,0.9974,0.9977,0.9979,0.9981,0.9983,0.9984,0.9986,0.9987,0.9988
0.9990,0.9991,0.9992,0.9993,0.9993,0.9994,0.9995,0.9995,0.9996,0.9996
0.9997,0.9997,0.9997,0.9998,0.9998,0.9998,0.9998,0.9998,0.9999,0.9999
0.9999,0.9999,0.9999,0.9999,0.9999,1.0000,1.0000,1.0000,1.0000,1.0000
hwc1v1fract=0.0000,0.0000,0.0000,0.0001,0.0001,0.0001,0.0002,0.0002
0.0002,0.0002,0.0003,0.0004,0.0005,0.0006,0.0007,0.0011,0.0017,0.0027
0.0050,0.0091,0.0157,0.0250,0.0371,0.0514,0.0681,0.0866,0.1056,0.1257
0.1466,0.1676,0.1893,0.2112,0.2332,0.2551,0.2770,0.2991,0.3213,0.3436
0.3652,0.3873,0.4087,0.4303,0.4514,0.4728,0.4942,0.5150,0.5358,0.5568
0.5774,0.5981,0.6186,0.6390,0.6594,0.6795,0.6990,0.7186,0.7378,0.7570
0.7755,0.7934,0.8108,0.8281,0.8442,0.8596,0.8738,0.8866,0.8987,0.9093
0.9187,0.9274,0.9351,0.9420,0.9484,0.9539,0.9591,0.9636,0.9677,0.9716
0.9750,0.9780,0.9807,0.9831,0.9850,0.9868,0.9882,0.9895,0.9905,0.9915
0.9923,0.9930,0.9937,0.9942,0.9948,0.9952,0.9957,0.9960,0.9964,0.9967
0.9970,0.9972,0.9975,0.9977,0.9979,0.9981,0.9983,0.9985,0.9987,0.9988
0.9989,0.9990,0.9991,0.9992,0.9993,0.9994,0.9994,0.9995,0.9995,0.9996
0.9996,0.9997,0.9997,0.9997,0.9998,0.9998,0.9998,0.9998,0.9998,0.9999
0.9999,0.9999,0.9999,0.9999,1.0000,1.0000,1.0000,1.0000,1.0000,1.0000
hwc1y2fract=0.0000,0.0000,0.0001,0.0001,0.0001,0.0002,0.0002,0.0003
0.0003,0.0004,0.0005,0.0006,0.0007,0.0009,0.0013,0.0018,0.0027,0.0044
0.0073,0.0122,0.0193,0.0290,0.0414,0.0559,0.0724,0.0909,0.1103,0.1311
0.1525,0.1746,0.1967,0.2192,0.2419,0.2645,0.2871,0.3098,0.3323,0.3547
0.3772,0.3992,0.4211,0.4429,0.4643,0.4855,0.5067,0.5278,0.5486,0.5692
0.5898,0.6105,0.6309,0.6514,0.6712,0.6910,0.7102,0.7295,0.7482,0.7666
0.7849,0.8026,0.8195,0.8353,0.8504,0.8650,0.8786,0.8909,0.9023,0.9125
0.9218,0.9300,0.9373,0.9440,0.9501,0.9555,0.9606,0.9649,0.9689,0.9723
0.9753,0.9781,0.9805,0.9826,0.9846,0.9862,0.9877,0.9890,0.9901,0.9910
0.9919,0.9926,0.9933,0.9939,0.9946,0.9950,0.9955,0.9959,0.9963,0.9966
0.9969,0.9972,0.9974,0.9977,0.9979,0.9981,0.9983,0.9985,0.9986,0.9988
0.9989,0.9990,0.9991,0.9992,0.9993,0.9994,0.9994,0.9995,0.9996,0.9996
0.9996,0.9997,0.9997,0.9997,0.9998,0.9998,0.9998,0.9998,0.9999,0.9999
0.9999,0.9999,0.9999,0.9999,0.9999,1.0000,1.0000,1.0000,1.0000,1.0000
hwc1x2fract=0.0000,0.0001,0.0001,0.0001,0.0002,0.0002,0.0003,0.0003
0.0004,0.0004,0.0005,0.0006,0.0008,0.0010,0.0014,0.0020,0.0030,0.0049
0.0080,0.0125,0.0190,0.0271,0.0373,0.0491,0.0624,0.0768,0.0925,0.1090
0.1264,0.1449,0.1638,0.1835,0.2038,0.2243,0.2455,0.2667,0.2887,0.3108
0.3329,0.3551,0.3773,0.3995,0.4221,0.4444,0.4665,0.4888,0.5110,0.5333
0.5552,0.5770,0.5986,0.6199,0.6409,0.6625,0.6835,0.7042,0.7242,0.7440
0.7634,0.7821,0.8004,0.8177,0.8343,0.8503,0.8652,0.8790,0.8914,0.9029
0.9138,0.9238,0.9328,0.9406,0.9480,0.9545,0.9606,0.9661,0.9709,0.9753
0.9789,0.9821,0.9847,0.9872,0.9891,0.9905,0.9918,0.9929,0.9938,0.9944
0.9951,0.9955,0.9960,0.9964,0.9967,0.9970,0.9973,0.9975,0.9977,0.9979
0.9980,0.9982,0.9983,0.9985,0.9986,0.9987,0.9988,0.9989,0.9990,0.9991
0.9992,0.9993,0.9993,0.9994,0.9994,0.9995,0.9995,0.9996,0.9996,0.9996
0.9997,0.9997,0.9997,0.9997,0.9998,0.9998,0.9998,0.9999,0.9999,0.9999
0.9999,0.9999,0.9999,0.9999,1.0000,1.0000,1.0000,1.0000,1.0000,1.0000
hwc2x1fract=0.0000,0.0001,0.0002,0.0002,0.0003,0.0004,0.0005,0.0005
0.0007,0.0008,0.0010,0.0011,0.0013,0.0016,0.0019,0.0024,0.0031,0.0045
0.0070,0.0109,0.0162,0.0235,0.0327,0.0435,0.0556,0.0695,0.0844,0.1004
0.1177,0.1354,0.1540,0.1733,0.1932,0.2130,0.2338,0.2553,0.2765,0.2985
0.3209,0.3434,0.3658,0.3885,0.4105,0.4334,0.4554,0.4777,0.5002,0.5223
0.5446,0.5664,0.5885,0.6105,0.6322,0.6534,0.6747,0.6959,0.7165,0.7367
0.7570,0.7767,0.7958,0.8139,0.8311,0.8473,0.8630,0.8772,0.8905,0.9025
0.9134,0.9234,0.9324,0.9406,0.9480,0.9545,0.9606,0.9660,0.9708,0.9751
0.9787,0.9819,0.9845,0.9868,0.9886,0.9902,0.9916,0.9926,0.9935,0.9943
0.9950,0.9956,0.9960,0.9964,0.9967,0.9970,0.9973,0.9975,0.9978,0.9979
0.9981,0.9982,0.9984,0.9986,0.9987,0.9988,0.9989,0.9990,0.9991,0.9992
0.9992,0.9993,0.9994,0.9994,0.9995,0.9995,0.9996,0.9996,0.9997,0.9997
0.9997,0.9997,0.9998,0.9998,0.9998,0.9998,0.9999,0.9999,0.9999,0.9999
0.9999,0.9999,0.9999,0.9999,0.9999,1.0000,1.0000,1.0000,1.0000,1.0000
hwc2y1fract=0.0000,0.0000,0.0001,0.0001,0.0001,0.0001,0.0002,0.0002
0.0003,0.0003,0.0004,0.0005,0.0006,0.0007,0.0008,0.0011,0.0017,0.0027
0.0046,0.0081,0.0142,0.0231,0.0350,0.0502,0.0674,0.0866,0.1073,0.1291
0.1516,0.1746,0.1976,0.2212,0.2447,0.2681,0.2914,0.3145,0.3373,0.3601
0.3822,0.4044,0.4266,0.4485,0.4704,0.4920,0.5134,0.5343,0.5554,0.5762
0.5968,0.6174,0.6379,0.6580,0.6781,0.6981,0.7177,0.7373,0.7561,0.7749
0.7931,0.8109,0.8280,0.8444,0.8602,0.8749,0.8884,0.9006,0.9119,0.9220
0.9313,0.9394,0.9461,0.9524,0.9580,0.9628,0.9671,0.9709,0.9741,0.9770
0.9796,0.9819,0.9839,0.9856,0.9871,0.9885,0.9896,0.9907,0.9916,0.9924
0.9932,0.9937,0.9943,0.9948,0.9953,0.9957,0.9960,0.9964,0.9966,0.9969
0.9972,0.9974,0.9976,0.9978,0.9980,0.9982,0.9984,0.9986,0.9987,0.9988
0.9990,0.9991,0.9992,0.9992,0.9993,0.9994,0.9995,0.9995,0.9996,0.9996
0.9997,0.9997,0.9998,0.9998,0.9998,0.9998,0.9999,0.9999,0.9999,0.9999
0.9999,0.9999,0.9999,0.9999,1.0000,1.0000,1.0000,1.0000,1.0000,1.0000
hwc2u1fract=0.0000,0.0000,0.0000,0.0000,0.0001,0.0001,0.0001,0.0001
0.0001,0.0002,0.0002,0.0002,0.0003,0.0003,0.0004,0.0005,0.0007,0.0012
0.0025,0.0052,0.0106,0.0194,0.0315,0.0468,0.0642,0.0840,0.1049,0.1267
0.1489,0.1715,0.1944,0.2177,0.2408,0.2638,0.2866,0.3095,0.3322,0.3548
0.3766,0.3987,0.4209,0.4428,0.4643,0.4857,0.5072,0.5284,0.5492,0.5700
0.5902,0.6103,0.6302,0.6504,0.6701,0.6897,0.7092,0.7287,0.7476,0.7664
0.7845,0.8025,0.8202,0.8371,0.8529,0.8681,0.8822,0.8951,0.9070,0.9174
0.9264,0.9345,0.9419,0.9484,0.9539,0.9589,0.9634,0.9673,0.9709,0.9742
0.9770,0.9794,0.9816,0.9837,0.9854,0.9870,0.9883,0.9894,0.9905,0.9914
0.9921,0.9928,0.9934,0.9939,0.9944,0.9948,0.9952,0.9956,0.9960,0.9963
0.9966,0.9969,0.9972,0.9975,0.9977,0.9979,0.9981,0.9983,0.9985,0.9986
0.9988,0.9989,0.9990,0.9991,0.9992,0.9993,0.9994,0.9995,0.9995,0.9996
0.9997,0.9997,0.9997,0.9998,0.9998,0.9998,0.9998,0.9998,0.9999,0.9999
0.9999,0.9999,0.9999,0.9999,0.9999,1.0000,1.0000,1.0000,1.0000,1.0000
hwc2v1fract=0.0000,0.0000,0.0000,0.0001,0.0001,0.0001,0.0001,0.0002
0.0002,0.0003,0.0003,0.0003,0.0004,0.0005,0.0007,0.0009,0.0013,0.0022
0.0041,0.0079,0.0148,0.0250,0.0385,0.0546,0.0732,0.0933,0.1147,0.1364
0.1583,0.1810,0.2038,0.2271,0.2502,0.2735,0.2965,0.3193,0.3418,0.3641
0.3860,0.4079,0.4300,0.4515,0.4732,0.4944,0.5154,0.5365,0.5572,0.5778
0.5984,0.6188,0.6384,0.6585,0.6782,0.6979,0.7170,0.7364,0.7554,0.7740
0.7920,0.8099,0.8272,0.8437,0.8594,0.8744,0.8879,0.9002,0.9111,0.9211
0.9297,0.9373,0.9440,0.9501,0.9557,0.9607,0.9650,0.9690,0.9725,0.9756
0.9783,0.9809,0.9830,0.9849,0.9865,0.9879,0.9891,0.9902,0.9912,0.9920
0.9928,0.9935,0.9941,0.9945,0.9950,0.9955,0.9959,0.9962,0.9965,0.9969
0.9971,0.9974,0.9976,0.9979,0.9981,0.9983,0.9985,0.9986,0.9988,0.9989
0.9990,0.9991,0.9992,0.9993,0.9994,0.9994,0.9995,0.9996,0.9996,0.9997
0.9997,0.9998,0.9998,0.9998,0.9998,0.9998,0.9999,0.9999,0.9999,0.9999
0.9999,0.9999,0.9999,0.9999,0.9999,1.0000,1.0000,1.0000,1.0000,1.0000
hwc2y2fract=0.0000,0.0000,0.0001,0.0001,0.0001,0.0002,0.0002,0.0003
0.0003,0.0004,0.0005,0.0006,0.0007,0.0008,0.0011,0.0015,0.0023,0.0036
0.0059,0.0099,0.0165,0.0261,0.0386,0.0537,0.0713,0.0911,0.1118,0.1338
0.1563,0.1797,0.2030,0.2263,0.2494,0.2727,0.2961,0.3189,0.3416,0.3643
0.3869,0.4090,0.4312,0.4531,0.4747,0.4962,0.5174,0.5382,0.5592,0.5802
0.6008,0.6211,0.6414,0.6618,0.6820,0.7021,0.7219,0.7414,0.7607,0.7793
0.7973,0.8149,0.8318,0.8481,0.8634,0.8779,0.8913,0.9033,0.9142,0.9240
0.9326,0.9403,0.9473,0.9534,0.9587,0.9633,0.9676,0.9712,0.9745,0.9775
0.9801,0.9823,0.9842,0.9859,0.9874,0.9886,0.9898,0.9907,0.9916,0.9924
0.9931,0.9938,0.9943,0.9948,0.9952,0.9956,0.9960,0.9963,0.9966,0.9969
0.9971,0.9974,0.9976,0.9979,0.9980,0.9982,0.9984,0.9986,0.9987,0.9988
0.9990,0.9991,0.9992,0.9993,0.9993,0.9994,0.9995,0.9995,0.9996,0.9996
0.9997,0.9997,0.9997,0.9997,0.9998,0.9998,0.9998,0.9998,0.9999,0.9999
0.9999,0.9999,0.9999,0.9999,0.9999,1.0000,1.0000,1.0000,1.0000,1.0000
hwc2x2fract=0.0000,0.0001,0.0001,0.0002,0.0002,0.0003,0.0003,0.0004
0.0005,0.0006,0.0007,0.0009,0.0011,0.0014,0.0018,0.0027,0.0042,0.0066
0.0102,0.0154,0.0224,0.0316,0.0425,0.0555,0.0696,0.0853,0.1019,0.1197
0.1382,0.1573,0.1770,0.1975,0.2181,0.2396,0.2613,0.2837,0.3055,0.3280
0.3507,0.3733,0.3959,0.4179,0.4406,0.4630,0.4854,0.5076,0.5295,0.5517
0.5738,0.5954,0.6168,0.6384,0.6599,0.6809,0.7017,0.7223,0.7421,0.7619
0.7807,0.7991,0.8166,0.8336,0.8497,0.8647,0.8786,0.8916,0.9035,0.9142
0.9241,0.9329,0.9409,0.9482,0.9548,0.9607,0.9658,0.9704,0.9744,0.9781
0.9813,0.9840,0.9862,0.9882,0.9898,0.9911,0.9923,0.9932,0.9941,0.9947
0.9952,0.9957,0.9961,0.9965,0.9968,0.9971,0.9974,0.9976,0.9979,0.9981
0.9983,0.9984,0.9986,0.9987,0.9988,0.9989,0.9990,0.9991,0.9992,0.9993
0.9993,0.9994,0.9995,0.9995,0.9996,0.9996,0.9997,0.9997,0.9997,0.9997
0.9998,0.9998,0.9998,0.9998,0.9998,0.9998,0.9999,0.9999,0.9999,0.9999
0.9999,0.9999,0.9999,0.9999,0.9999,1.0000,1.0000,1.0000,1.0000,1.0000
