; Lookup table
;number of bins in Meek's time to distance lookup table
hdriftbins=138
;number of 1st bin in Meek's table in ns
hdrift1stbin=-24
;bin size in ns of Meek's table
hdriftbinsz=2
hwc1x1fract=0.0001,0.0002,0.0004,0.0005,0.0006,0.0008,0.0009,0.0011
0.0013,0.0016,0.0018,0.0021,0.0024,0.0028,0.0033,0.0040,0.0052,0.0070
0.0097,0.0131,0.0176,0.0237,0.0316,0.0413,0.0526,0.0656,0.0792,0.0948
0.1111,0.1283,0.1465,0.1656,0.1853,0.2054,0.2259,0.2470,0.2686,0.2904
0.3122,0.3346,0.3570,0.3794,0.4012,0.4239,0.4461,0.4685,0.4904,0.5126
0.5337,0.5559,0.5772,0.5985,0.6194,0.6401,0.6614,0.6815,0.7018,0.7217
0.7407,0.7599,0.7782,0.7963,0.8131,0.8293,0.8449,0.8593,0.8725,0.8853
0.8967,0.9075,0.9173,0.9262,0.9346,0.9423,0.9488,0.9548,0.9599,0.9648
0.9690,0.9728,0.9762,0.9790,0.9816,0.9837,0.9855,0.9870,0.9884,0.9894
0.9903,0.9910,0.9916,0.9921,0.9925,0.9929,0.9934,0.9938,0.9941,0.9944
0.9946,0.9949,0.9952,0.9955,0.9957,0.9959,0.9961,0.9962,0.9965,0.9967
0.9968,0.9970,0.9971,0.9973,0.9974,0.9975,0.9977,0.9978,0.9979,0.9981
0.9982,0.9983,0.9984,0.9985,0.9986,0.9987,0.9988,0.9990,0.9990,0.9991
0.9992,0.9993,0.9994,0.9995,0.9996,0.9997,0.9998,0.9999,1.0000,1.0000
hwc1y1fract=0.0001,0.0002,0.0004,0.0006,0.0007,0.0009,0.0011,0.0012
0.0015,0.0017,0.0019,0.0022,0.0025,0.0030,0.0034,0.0041,0.0051,0.0065
0.0084,0.0114,0.0161,0.0237,0.0343,0.0481,0.0649,0.0834,0.1040,0.1251
0.1472,0.1699,0.1931,0.2163,0.2396,0.2627,0.2856,0.3084,0.3313,0.3535
0.3756,0.3974,0.4190,0.4406,0.4620,0.4834,0.5039,0.5242,0.5448,0.5653
0.5852,0.6054,0.6254,0.6454,0.6651,0.6844,0.7043,0.7233,0.7422,0.7603
0.7786,0.7964,0.8130,0.8295,0.8455,0.8603,0.8743,0.8870,0.8990,0.9096
0.9190,0.9275,0.9353,0.9418,0.9478,0.9530,0.9577,0.9618,0.9655,0.9689
0.9719,0.9746,0.9769,0.9792,0.9810,0.9826,0.9842,0.9855,0.9865,0.9875
0.9884,0.9892,0.9899,0.9906,0.9912,0.9918,0.9923,0.9928,0.9932,0.9936
0.9939,0.9943,0.9945,0.9948,0.9951,0.9954,0.9956,0.9959,0.9961,0.9963
0.9964,0.9966,0.9968,0.9970,0.9971,0.9973,0.9974,0.9975,0.9977,0.9978
0.9980,0.9982,0.9983,0.9984,0.9985,0.9986,0.9987,0.9988,0.9989,0.9990
0.9992,0.9993,0.9994,0.9995,0.9996,0.9997,0.9997,0.9999,0.9999,1.0000
hwc1u1fract=0.0001,0.0001,0.0002,0.0003,0.0003,0.0004,0.0005,0.0006
0.0007,0.0008,0.0009,0.0010,0.0011,0.0013,0.0016,0.0021,0.0032,0.0050
0.0075,0.0108,0.0157,0.0222,0.0314,0.0433,0.0575,0.0743,0.0925,0.1111
0.1314,0.1519,0.1730,0.1943,0.2161,0.2385,0.2609,0.2827,0.3049,0.3271
0.3491,0.3707,0.3926,0.4143,0.4360,0.4573,0.4785,0.4992,0.5203,0.5409
0.5612,0.5816,0.6019,0.6225,0.6422,0.6621,0.6817,0.7007,0.7200,0.7392
0.7580,0.7764,0.7942,0.8112,0.8278,0.8433,0.8578,0.8714,0.8840,0.8953
0.9056,0.9150,0.9233,0.9311,0.9379,0.9438,0.9495,0.9545,0.9591,0.9631
0.9669,0.9702,0.9733,0.9759,0.9782,0.9804,0.9823,0.9837,0.9851,0.9863
0.9873,0.9882,0.9889,0.9897,0.9903,0.9909,0.9914,0.9919,0.9924,0.9929
0.9933,0.9936,0.9940,0.9943,0.9946,0.9949,0.9952,0.9954,0.9957,0.9959
0.9962,0.9964,0.9966,0.9968,0.9969,0.9971,0.9973,0.9975,0.9976,0.9978
0.9979,0.9981,0.9982,0.9983,0.9984,0.9986,0.9987,0.9988,0.9989,0.9990
0.9991,0.9992,0.9993,0.9994,0.9995,0.9996,0.9997,0.9998,0.9999,1.0000
hwc1v1fract=0.0001,0.0002,0.0003,0.0003,0.0004,0.0005,0.0006,0.0006
0.0007,0.0008,0.0009,0.0010,0.0012,0.0013,0.0016,0.0018,0.0023,0.0029
0.0043,0.0068,0.0112,0.0187,0.0292,0.0431,0.0590,0.0775,0.0978,0.1181
0.1393,0.1614,0.1840,0.2064,0.2291,0.2519,0.2739,0.2959,0.3186,0.3404
0.3626,0.3841,0.4055,0.4266,0.4485,0.4696,0.4908,0.5115,0.5324,0.5525
0.5729,0.5926,0.6124,0.6321,0.6519,0.6718,0.6912,0.7109,0.7301,0.7489
0.7675,0.7855,0.8031,0.8204,0.8370,0.8525,0.8670,0.8803,0.8925,0.9038
0.9139,0.9229,0.9306,0.9377,0.9435,0.9488,0.9539,0.9584,0.9624,0.9661
0.9694,0.9723,0.9751,0.9775,0.9795,0.9813,0.9829,0.9843,0.9855,0.9866
0.9876,0.9884,0.9891,0.9898,0.9905,0.9910,0.9916,0.9921,0.9925,0.9929
0.9933,0.9938,0.9941,0.9944,0.9946,0.9949,0.9952,0.9954,0.9957,0.9960
0.9962,0.9964,0.9966,0.9968,0.9970,0.9971,0.9973,0.9974,0.9977,0.9978
0.9979,0.9980,0.9982,0.9983,0.9984,0.9985,0.9986,0.9987,0.9989,0.9990
0.9991,0.9993,0.9994,0.9995,0.9996,0.9997,0.9998,0.9998,0.9999,1.0000
hwc1y2fract=0.0001,0.0001,0.0002,0.0003,0.0004,0.0006,0.0007,0.0009
0.0010,0.0011,0.0014,0.0015,0.0017,0.0020,0.0024,0.0030,0.0039,0.0051
0.0075,0.0115,0.0180,0.0268,0.0386,0.0533,0.0701,0.0885,0.1090,0.1306
0.1530,0.1751,0.1978,0.2207,0.2433,0.2663,0.2893,0.3123,0.3346,0.3568
0.3789,0.4008,0.4222,0.4438,0.4652,0.4862,0.5067,0.5275,0.5480,0.5684
0.5888,0.6088,0.6288,0.6493,0.6695,0.6886,0.7075,0.7268,0.7452,0.7638
0.7813,0.7986,0.8149,0.8311,0.8465,0.8610,0.8744,0.8869,0.8981,0.9084
0.9175,0.9258,0.9332,0.9398,0.9456,0.9508,0.9556,0.9599,0.9639,0.9673
0.9703,0.9730,0.9755,0.9775,0.9794,0.9809,0.9825,0.9840,0.9851,0.9862
0.9872,0.9882,0.9890,0.9897,0.9904,0.9909,0.9915,0.9920,0.9925,0.9929
0.9932,0.9936,0.9939,0.9943,0.9947,0.9950,0.9954,0.9956,0.9958,0.9961
0.9963,0.9965,0.9967,0.9969,0.9971,0.9972,0.9974,0.9976,0.9977,0.9979
0.9980,0.9981,0.9982,0.9984,0.9985,0.9986,0.9987,0.9988,0.9989,0.9990
0.9992,0.9992,0.9993,0.9994,0.9995,0.9996,0.9997,0.9998,0.9999,1.0000
hwc1x2fract=0.0001,0.0002,0.0003,0.0004,0.0005,0.0006,0.0007,0.0008
0.0009,0.0011,0.0012,0.0014,0.0016,0.0018,0.0021,0.0026,0.0035,0.0048
0.0070,0.0103,0.0152,0.0223,0.0310,0.0420,0.0547,0.0690,0.0842,0.1011
0.1187,0.1373,0.1567,0.1769,0.1970,0.2181,0.2399,0.2612,0.2833,0.3054
0.3273,0.3500,0.3725,0.3945,0.4169,0.4396,0.4616,0.4837,0.5060,0.5274
0.5486,0.5700,0.5924,0.6133,0.6338,0.6541,0.6750,0.6954,0.7156,0.7345
0.7539,0.7724,0.7908,0.8083,0.8254,0.8414,0.8564,0.8702,0.8831,0.8953
0.9061,0.9161,0.9249,0.9331,0.9404,0.9470,0.9531,0.9585,0.9632,0.9675
0.9716,0.9752,0.9781,0.9807,0.9830,0.9847,0.9862,0.9874,0.9885,0.9894
0.9901,0.9908,0.9914,0.9920,0.9925,0.9929,0.9933,0.9937,0.9940,0.9943
0.9945,0.9947,0.9951,0.9954,0.9956,0.9958,0.9960,0.9962,0.9964,0.9965
0.9966,0.9968,0.9969,0.9970,0.9972,0.9973,0.9975,0.9976,0.9977,0.9979
0.9980,0.9981,0.9983,0.9984,0.9985,0.9986,0.9987,0.9989,0.9990,0.9991
0.9992,0.9993,0.9994,0.9995,0.9996,0.9997,0.9997,0.9998,0.9999,1.0000
hwc2x1fract=0.0001,0.0002,0.0003,0.0005,0.0006,0.0007,0.0009,0.0011
0.0013,0.0015,0.0017,0.0019,0.0022,0.0026,0.0030,0.0035,0.0042,0.0053
0.0071,0.0104,0.0150,0.0213,0.0292,0.0390,0.0507,0.0641,0.0791,0.0951
0.1120,0.1302,0.1483,0.1677,0.1879,0.2088,0.2299,0.2514,0.2724,0.2940
0.3156,0.3381,0.3611,0.3833,0.4055,0.4278,0.4501,0.4719,0.4939,0.5159
0.5379,0.5595,0.5807,0.6023,0.6235,0.6442,0.6654,0.6863,0.7066,0.7265
0.7462,0.7657,0.7845,0.8026,0.8195,0.8364,0.8519,0.8666,0.8801,0.8921
0.9033,0.9137,0.9231,0.9316,0.9392,0.9461,0.9522,0.9578,0.9628,0.9675
0.9715,0.9752,0.9783,0.9809,0.9833,0.9852,0.9866,0.9879,0.9891,0.9900
0.9907,0.9913,0.9919,0.9924,0.9929,0.9933,0.9937,0.9940,0.9944,0.9947
0.9949,0.9951,0.9954,0.9956,0.9958,0.9960,0.9962,0.9964,0.9967,0.9968
0.9969,0.9971,0.9972,0.9974,0.9975,0.9976,0.9977,0.9979,0.9979,0.9980
0.9981,0.9982,0.9984,0.9985,0.9986,0.9987,0.9988,0.9989,0.9990,0.9991
0.9992,0.9993,0.9994,0.9994,0.9995,0.9996,0.9997,0.9998,0.9999,1.0000
hwc2y1fract=0.0001,0.0002,0.0003,0.0004,0.0005,0.0005,0.0006,0.0008
0.0010,0.0011,0.0012,0.0014,0.0016,0.0018,0.0021,0.0025,0.0031,0.0039
0.0054,0.0079,0.0127,0.0200,0.0306,0.0448,0.0620,0.0810,0.1022,0.1248
0.1476,0.1712,0.1952,0.2188,0.2420,0.2656,0.2895,0.3127,0.3355,0.3585
0.3805,0.4028,0.4243,0.4458,0.4668,0.4880,0.5088,0.5299,0.5502,0.5709
0.5911,0.6116,0.6317,0.6513,0.6710,0.6903,0.7094,0.7282,0.7466,0.7651
0.7831,0.8007,0.8182,0.8349,0.8510,0.8660,0.8800,0.8927,0.9042,0.9147
0.9244,0.9328,0.9402,0.9465,0.9522,0.9571,0.9614,0.9651,0.9684,0.9715
0.9743,0.9767,0.9788,0.9806,0.9823,0.9839,0.9852,0.9863,0.9873,0.9882
0.9889,0.9896,0.9902,0.9907,0.9913,0.9918,0.9922,0.9926,0.9930,0.9933
0.9937,0.9940,0.9943,0.9946,0.9949,0.9952,0.9954,0.9957,0.9960,0.9962
0.9964,0.9966,0.9968,0.9970,0.9971,0.9973,0.9975,0.9976,0.9978,0.9979
0.9981,0.9982,0.9984,0.9985,0.9986,0.9987,0.9988,0.9989,0.9990,0.9992
0.9993,0.9994,0.9995,0.9995,0.9996,0.9997,0.9998,0.9998,0.9999,1.0000
hwc2u1fract=0.0001,0.0001,0.0002,0.0003,0.0004,0.0005,0.0006,0.0007
0.0008,0.0009,0.0011,0.0012,0.0013,0.0015,0.0016,0.0019,0.0023,0.0029
0.0044,0.0076,0.0137,0.0235,0.0370,0.0544,0.0731,0.0946,0.1172,0.1403
0.1636,0.1871,0.2106,0.2339,0.2566,0.2794,0.3019,0.3249,0.3472,0.3691
0.3905,0.4122,0.4337,0.4551,0.4765,0.4974,0.5182,0.5383,0.5585,0.5788
0.5991,0.6194,0.6391,0.6579,0.6773,0.6966,0.7159,0.7349,0.7530,0.7710
0.7892,0.8068,0.8236,0.8400,0.8558,0.8706,0.8841,0.8967,0.9080,0.9181
0.9269,0.9343,0.9409,0.9473,0.9525,0.9571,0.9615,0.9653,0.9684,0.9714
0.9742,0.9767,0.9789,0.9807,0.9823,0.9838,0.9850,0.9863,0.9872,0.9881
0.9887,0.9894,0.9901,0.9907,0.9912,0.9917,0.9922,0.9926,0.9930,0.9933
0.9937,0.9940,0.9944,0.9947,0.9950,0.9953,0.9956,0.9958,0.9961,0.9963
0.9966,0.9968,0.9969,0.9971,0.9973,0.9975,0.9977,0.9979,0.9980,0.9981
0.9982,0.9984,0.9985,0.9986,0.9987,0.9988,0.9989,0.9990,0.9991,0.9992
0.9993,0.9993,0.9994,0.9995,0.9996,0.9997,0.9998,0.9999,0.9999,1.0000
hwc2v1fract=0.0001,0.0002,0.0003,0.0003,0.0004,0.0005,0.0006,0.0007
0.0008,0.0009,0.0010,0.0011,0.0013,0.0015,0.0016,0.0019,0.0023,0.0028
0.0040,0.0063,0.0107,0.0189,0.0303,0.0453,0.0633,0.0830,0.1046,0.1269
0.1498,0.1736,0.1977,0.2210,0.2442,0.2679,0.2910,0.3135,0.3359,0.3581
0.3803,0.4018,0.4235,0.4448,0.4662,0.4869,0.5078,0.5284,0.5489,0.5686
0.5884,0.6086,0.6284,0.6479,0.6678,0.6867,0.7061,0.7250,0.7440,0.7625
0.7810,0.7985,0.8158,0.8325,0.8486,0.8633,0.8773,0.8903,0.9022,0.9125
0.9218,0.9299,0.9374,0.9438,0.9496,0.9548,0.9592,0.9630,0.9666,0.9695
0.9725,0.9751,0.9775,0.9797,0.9814,0.9830,0.9845,0.9857,0.9868,0.9876
0.9885,0.9892,0.9898,0.9904,0.9909,0.9914,0.9919,0.9924,0.9928,0.9933
0.9936,0.9940,0.9943,0.9946,0.9950,0.9952,0.9955,0.9958,0.9960,0.9962
0.9965,0.9966,0.9969,0.9970,0.9972,0.9973,0.9975,0.9977,0.9978,0.9980
0.9981,0.9982,0.9983,0.9984,0.9986,0.9987,0.9988,0.9989,0.9990,0.9991
0.9992,0.9993,0.9994,0.9995,0.9996,0.9997,0.9997,0.9998,1.0000,1.0000
hwc2y2fract=0.0001,0.0002,0.0003,0.0004,0.0005,0.0006,0.0007,0.0009
0.0010,0.0012,0.0015,0.0017,0.0019,0.0022,0.0025,0.0030,0.0037,0.0048
0.0067,0.0097,0.0147,0.0230,0.0346,0.0491,0.0659,0.0854,0.1065,0.1289
0.1521,0.1752,0.1989,0.2223,0.2464,0.2703,0.2931,0.3162,0.3390,0.3616
0.3838,0.4055,0.4274,0.4487,0.4698,0.4907,0.5111,0.5319,0.5523,0.5728
0.5930,0.6137,0.6338,0.6540,0.6737,0.6931,0.7128,0.7319,0.7502,0.7686
0.7865,0.8043,0.8215,0.8380,0.8537,0.8683,0.8820,0.8942,0.9058,0.9159
0.9253,0.9332,0.9404,0.9467,0.9523,0.9571,0.9614,0.9653,0.9688,0.9719
0.9745,0.9768,0.9790,0.9809,0.9826,0.9839,0.9852,0.9862,0.9872,0.9880
0.9888,0.9896,0.9902,0.9908,0.9914,0.9918,0.9923,0.9928,0.9931,0.9935
0.9938,0.9942,0.9944,0.9948,0.9951,0.9954,0.9956,0.9959,0.9962,0.9964
0.9966,0.9967,0.9970,0.9971,0.9973,0.9975,0.9976,0.9977,0.9979,0.9980
0.9981,0.9982,0.9983,0.9985,0.9986,0.9987,0.9988,0.9989,0.9990,0.9991
0.9992,0.9993,0.9994,0.9995,0.9996,0.9997,0.9997,0.9998,0.9999,1.0000
hwc2x2fract=0.0001,0.0002,0.0003,0.0004,0.0005,0.0006,0.0007,0.0009
0.0010,0.0012,0.0014,0.0016,0.0018,0.0021,0.0024,0.0028,0.0034,0.0048
0.0070,0.0101,0.0148,0.0212,0.0298,0.0404,0.0528,0.0671,0.0826,0.0997
0.1176,0.1370,0.1565,0.1768,0.1971,0.2186,0.2396,0.2614,0.2835,0.3055
0.3274,0.3503,0.3735,0.3959,0.4177,0.4403,0.4624,0.4849,0.5067,0.5280
0.5495,0.5711,0.5924,0.6139,0.6345,0.6552,0.6757,0.6960,0.7158,0.7355
0.7548,0.7739,0.7924,0.8101,0.8269,0.8433,0.8582,0.8721,0.8853,0.8974
0.9081,0.9180,0.9269,0.9347,0.9418,0.9482,0.9541,0.9597,0.9646,0.9689
0.9725,0.9757,0.9784,0.9808,0.9830,0.9847,0.9863,0.9876,0.9887,0.9896
0.9904,0.9911,0.9917,0.9923,0.9927,0.9931,0.9936,0.9939,0.9942,0.9945
0.9948,0.9950,0.9953,0.9956,0.9958,0.9960,0.9962,0.9964,0.9966,0.9967
0.9969,0.9970,0.9972,0.9973,0.9975,0.9976,0.9978,0.9979,0.9980,0.9982
0.9982,0.9984,0.9985,0.9985,0.9986,0.9987,0.9988,0.9989,0.9990,0.9991
0.9992,0.9993,0.9994,0.9995,0.9996,0.9997,0.9998,0.9998,0.9999,1.0000
