; Lookup table
;number of bins in Meek's time to distance lookup table
hdriftbins=138
;number of 1st bin in Meek's table in ns
hdrift1stbin=-24
;bin size in ns of Meek's table
hdriftbinsz=2
hwc1x1fract=0.0001,0.0003,0.0004,0.0006,0.0007,0.0009,0.0011,0.0013
0.0015,0.0017,0.0021,0.0024,0.0029,0.0035,0.0046,0.0063,0.0087,0.0120
0.0161,0.0216,0.0287,0.0377,0.0484,0.0604,0.0738,0.0886,0.1042,0.1207
0.1382,0.1560,0.1751,0.1945,0.2142,0.2346,0.2552,0.2763,0.2978,0.3195
0.3416,0.3638,0.3859,0.4081,0.4299,0.4524,0.4748,0.4973,0.5190,0.5410
0.5628,0.5846,0.6058,0.6272,0.6486,0.6697,0.6903,0.7107,0.7304,0.7499
0.7689,0.7874,0.8051,0.8220,0.8377,0.8526,0.8668,0.8801,0.8921,0.9036
0.9137,0.9232,0.9319,0.9397,0.9467,0.9530,0.9586,0.9637,0.9681,0.9720
0.9755,0.9784,0.9811,0.9832,0.9850,0.9866,0.9879,0.9889,0.9899,0.9905
0.9912,0.9917,0.9922,0.9927,0.9931,0.9934,0.9938,0.9940,0.9943,0.9946
0.9948,0.9951,0.9953,0.9955,0.9958,0.9959,0.9961,0.9963,0.9965,0.9966
0.9968,0.9970,0.9971,0.9973,0.9974,0.9976,0.9977,0.9978,0.9979,0.9980
0.9981,0.9983,0.9983,0.9984,0.9985,0.9986,0.9987,0.9988,0.9989,0.9990
0.9992,0.9993,0.9994,0.9995,0.9996,0.9996,0.9997,0.9998,0.9999,1.0000
hwc1y1fract=0.0001,0.0003,0.0004,0.0005,0.0007,0.0009,0.0011,0.0013
0.0016,0.0018,0.0021,0.0024,0.0028,0.0033,0.0039,0.0049,0.0062,0.0079
0.0107,0.0152,0.0221,0.0322,0.0450,0.0602,0.0776,0.0967,0.1170,0.1384
0.1602,0.1827,0.2056,0.2285,0.2513,0.2741,0.2967,0.3193,0.3415,0.3637
0.3859,0.4076,0.4294,0.4505,0.4717,0.4926,0.5133,0.5338,0.5544,0.5750
0.5954,0.6156,0.6359,0.6558,0.6753,0.6950,0.7143,0.7331,0.7516,0.7698
0.7877,0.8054,0.8222,0.8384,0.8536,0.8683,0.8814,0.8934,0.9047,0.9147
0.9237,0.9318,0.9388,0.9452,0.9508,0.9557,0.9602,0.9643,0.9679,0.9711
0.9738,0.9763,0.9786,0.9805,0.9822,0.9836,0.9849,0.9860,0.9870,0.9880
0.9888,0.9896,0.9903,0.9910,0.9916,0.9920,0.9925,0.9930,0.9933,0.9936
0.9939,0.9942,0.9945,0.9948,0.9951,0.9954,0.9956,0.9958,0.9961,0.9963
0.9965,0.9967,0.9969,0.9971,0.9973,0.9974,0.9975,0.9977,0.9978,0.9980
0.9981,0.9982,0.9984,0.9985,0.9986,0.9987,0.9988,0.9989,0.9990,0.9991
0.9992,0.9993,0.9994,0.9995,0.9995,0.9996,0.9997,0.9998,0.9999,1.0000
hwc1u1fract=0.0001,0.0002,0.0003,0.0004,0.0005,0.0006,0.0007,0.0008
0.0009,0.0010,0.0012,0.0013,0.0015,0.0020,0.0029,0.0045,0.0069,0.0101
0.0145,0.0207,0.0291,0.0400,0.0533,0.0682,0.0851,0.1033,0.1225,0.1428
0.1634,0.1845,0.2057,0.2272,0.2486,0.2705,0.2923,0.3145,0.3361,0.3581
0.3799,0.4014,0.4229,0.4440,0.4654,0.4865,0.5074,0.5286,0.5498,0.5702
0.5910,0.6112,0.6316,0.6516,0.6716,0.6914,0.7110,0.7305,0.7494,0.7679
0.7860,0.8035,0.8203,0.8359,0.8512,0.8655,0.8786,0.8906,0.9015,0.9113
0.9203,0.9283,0.9352,0.9417,0.9475,0.9528,0.9576,0.9619,0.9658,0.9694
0.9725,0.9754,0.9778,0.9801,0.9819,0.9834,0.9847,0.9859,0.9870,0.9879
0.9887,0.9895,0.9902,0.9907,0.9913,0.9919,0.9923,0.9928,0.9932,0.9935
0.9938,0.9941,0.9945,0.9947,0.9950,0.9953,0.9955,0.9958,0.9960,0.9962
0.9964,0.9966,0.9968,0.9970,0.9972,0.9974,0.9975,0.9977,0.9978,0.9979
0.9980,0.9982,0.9983,0.9984,0.9985,0.9986,0.9987,0.9989,0.9990,0.9991
0.9992,0.9993,0.9994,0.9995,0.9996,0.9997,0.9998,0.9998,0.9999,1.0000
hwc1v1fract=0.0001,0.0002,0.0003,0.0004,0.0005,0.0006,0.0007,0.0008
0.0009,0.0010,0.0012,0.0013,0.0014,0.0017,0.0020,0.0023,0.0030,0.0042
0.0064,0.0105,0.0172,0.0270,0.0399,0.0552,0.0723,0.0911,0.1112,0.1319
0.1529,0.1745,0.1959,0.2180,0.2400,0.2622,0.2844,0.3067,0.3282,0.3503
0.3720,0.3938,0.4154,0.4369,0.4582,0.4790,0.5001,0.5207,0.5415,0.5622
0.5825,0.6028,0.6232,0.6434,0.6632,0.6824,0.7020,0.7216,0.7408,0.7595
0.7779,0.7958,0.8130,0.8296,0.8457,0.8609,0.8749,0.8876,0.8990,0.9092
0.9186,0.9268,0.9342,0.9408,0.9466,0.9518,0.9567,0.9610,0.9649,0.9684
0.9714,0.9742,0.9767,0.9790,0.9810,0.9826,0.9841,0.9854,0.9865,0.9875
0.9883,0.9891,0.9898,0.9905,0.9911,0.9916,0.9921,0.9925,0.9930,0.9934
0.9937,0.9941,0.9944,0.9948,0.9951,0.9954,0.9956,0.9959,0.9961,0.9964
0.9966,0.9968,0.9970,0.9971,0.9973,0.9975,0.9977,0.9978,0.9980,0.9981
0.9983,0.9984,0.9985,0.9986,0.9987,0.9988,0.9990,0.9991,0.9992,0.9992
0.9993,0.9994,0.9995,0.9995,0.9996,0.9997,0.9998,0.9999,0.9999,1.0000
hwc1y2fract=0.0001,0.0002,0.0003,0.0004,0.0005,0.0007,0.0009,0.0010
0.0012,0.0014,0.0016,0.0019,0.0021,0.0026,0.0031,0.0039,0.0052,0.0075
0.0111,0.0166,0.0247,0.0355,0.0492,0.0654,0.0833,0.1028,0.1233,0.1448
0.1661,0.1884,0.2108,0.2335,0.2559,0.2781,0.3008,0.3226,0.3448,0.3667
0.3886,0.4105,0.4321,0.4533,0.4748,0.4962,0.5169,0.5373,0.5580,0.5787
0.5992,0.6194,0.6395,0.6595,0.6789,0.6983,0.7180,0.7369,0.7553,0.7735
0.7914,0.8083,0.8245,0.8399,0.8550,0.8688,0.8818,0.8935,0.9044,0.9142
0.9228,0.9305,0.9373,0.9436,0.9492,0.9540,0.9584,0.9624,0.9661,0.9691
0.9720,0.9745,0.9767,0.9787,0.9806,0.9822,0.9836,0.9848,0.9859,0.9869
0.9877,0.9885,0.9892,0.9898,0.9904,0.9910,0.9916,0.9921,0.9925,0.9929
0.9933,0.9937,0.9940,0.9943,0.9946,0.9949,0.9952,0.9955,0.9957,0.9960
0.9962,0.9964,0.9966,0.9968,0.9970,0.9972,0.9973,0.9975,0.9977,0.9978
0.9980,0.9981,0.9982,0.9983,0.9984,0.9986,0.9987,0.9988,0.9989,0.9990
0.9991,0.9992,0.9994,0.9994,0.9996,0.9996,0.9997,0.9998,0.9999,1.0000
hwc1x2fract=0.0001,0.0002,0.0004,0.0005,0.0006,0.0007,0.0009,0.0010
0.0012,0.0014,0.0016,0.0018,0.0020,0.0023,0.0028,0.0036,0.0050,0.0070
0.0102,0.0147,0.0213,0.0297,0.0400,0.0521,0.0655,0.0802,0.0959,0.1125
0.1299,0.1485,0.1681,0.1875,0.2078,0.2288,0.2503,0.2719,0.2936,0.3153
0.3378,0.3598,0.3826,0.4050,0.4275,0.4495,0.4716,0.4935,0.5158,0.5374
0.5590,0.5809,0.6020,0.6232,0.6446,0.6653,0.6860,0.7065,0.7260,0.7455
0.7643,0.7831,0.8009,0.8181,0.8344,0.8499,0.8642,0.8777,0.8904,0.9018
0.9124,0.9219,0.9303,0.9379,0.9449,0.9513,0.9573,0.9624,0.9670,0.9710
0.9746,0.9776,0.9801,0.9823,0.9841,0.9856,0.9869,0.9879,0.9887,0.9895
0.9902,0.9908,0.9914,0.9919,0.9923,0.9927,0.9930,0.9934,0.9937,0.9940
0.9943,0.9946,0.9948,0.9951,0.9952,0.9955,0.9956,0.9959,0.9961,0.9962
0.9964,0.9966,0.9967,0.9969,0.9971,0.9973,0.9974,0.9976,0.9977,0.9979
0.9980,0.9981,0.9982,0.9984,0.9985,0.9986,0.9987,0.9988,0.9989,0.9990
0.9991,0.9992,0.9993,0.9994,0.9996,0.9996,0.9997,0.9998,0.9999,1.0000
hwc2x1fract=0.0001,0.0002,0.0004,0.0005,0.0006,0.0008,0.0009,0.0010
0.0012,0.0014,0.0017,0.0019,0.0022,0.0026,0.0030,0.0037,0.0047,0.0063
0.0091,0.0134,0.0194,0.0269,0.0362,0.0471,0.0599,0.0738,0.0890,0.1056
0.1230,0.1413,0.1605,0.1797,0.1997,0.2201,0.2410,0.2625,0.2839,0.3055
0.3276,0.3500,0.3720,0.3941,0.4162,0.4384,0.4612,0.4834,0.5058,0.5279
0.5499,0.5717,0.5930,0.6148,0.6360,0.6572,0.6784,0.6991,0.7193,0.7394
0.7593,0.7785,0.7971,0.8148,0.8319,0.8473,0.8618,0.8761,0.8890,0.9010
0.9117,0.9213,0.9300,0.9378,0.9450,0.9515,0.9574,0.9623,0.9667,0.9707
0.9743,0.9774,0.9800,0.9823,0.9842,0.9859,0.9872,0.9884,0.9893,0.9902
0.9909,0.9914,0.9920,0.9924,0.9929,0.9933,0.9937,0.9940,0.9943,0.9946
0.9949,0.9951,0.9953,0.9956,0.9958,0.9960,0.9962,0.9964,0.9965,0.9967
0.9968,0.9970,0.9971,0.9973,0.9974,0.9976,0.9977,0.9978,0.9979,0.9981
0.9982,0.9983,0.9984,0.9985,0.9986,0.9987,0.9988,0.9989,0.9990,0.9991
0.9992,0.9993,0.9994,0.9995,0.9996,0.9997,0.9997,0.9998,0.9999,1.0000
hwc2y1fract=0.0001,0.0002,0.0003,0.0004,0.0005,0.0007,0.0008,0.0010
0.0011,0.0013,0.0015,0.0017,0.0019,0.0021,0.0025,0.0030,0.0038,0.0050
0.0073,0.0114,0.0182,0.0280,0.0408,0.0563,0.0749,0.0951,0.1165,0.1387
0.1616,0.1850,0.2084,0.2316,0.2553,0.2785,0.3012,0.3240,0.3464,0.3690
0.3915,0.4137,0.4352,0.4568,0.4783,0.4995,0.5203,0.5410,0.5617,0.5821
0.6020,0.6221,0.6421,0.6623,0.6823,0.7018,0.7213,0.7405,0.7590,0.7775
0.7956,0.8132,0.8302,0.8465,0.8619,0.8760,0.8890,0.9009,0.9118,0.9215
0.9302,0.9375,0.9445,0.9503,0.9555,0.9600,0.9640,0.9677,0.9709,0.9736
0.9762,0.9784,0.9803,0.9821,0.9836,0.9849,0.9859,0.9870,0.9879,0.9886
0.9893,0.9900,0.9905,0.9910,0.9916,0.9920,0.9924,0.9928,0.9932,0.9935
0.9938,0.9941,0.9944,0.9948,0.9950,0.9953,0.9956,0.9958,0.9961,0.9963
0.9965,0.9967,0.9969,0.9971,0.9973,0.9974,0.9976,0.9977,0.9979,0.9980
0.9982,0.9983,0.9984,0.9985,0.9986,0.9987,0.9988,0.9989,0.9990,0.9991
0.9992,0.9993,0.9994,0.9995,0.9996,0.9997,0.9997,0.9998,0.9999,1.0000
hwc2u1fract=0.0001,0.0002,0.0003,0.0004,0.0005,0.0006,0.0006,0.0007
0.0009,0.0010,0.0011,0.0012,0.0013,0.0015,0.0016,0.0018,0.0021,0.0028
0.0042,0.0070,0.0124,0.0216,0.0341,0.0496,0.0678,0.0879,0.1094,0.1316
0.1543,0.1768,0.1995,0.2231,0.2462,0.2691,0.2920,0.3147,0.3370,0.3598
0.3819,0.4036,0.4254,0.4471,0.4679,0.4894,0.5101,0.5307,0.5512,0.5718
0.5920,0.6122,0.6319,0.6514,0.6713,0.6909,0.7102,0.7295,0.7480,0.7668
0.7850,0.8026,0.8200,0.8366,0.8526,0.8673,0.8812,0.8939,0.9053,0.9158
0.9250,0.9331,0.9402,0.9463,0.9516,0.9566,0.9610,0.9649,0.9684,0.9715
0.9741,0.9766,0.9787,0.9805,0.9821,0.9834,0.9847,0.9859,0.9867,0.9876
0.9884,0.9890,0.9896,0.9902,0.9907,0.9912,0.9917,0.9921,0.9925,0.9929
0.9933,0.9936,0.9939,0.9943,0.9946,0.9949,0.9952,0.9955,0.9958,0.9961
0.9963,0.9965,0.9967,0.9969,0.9971,0.9973,0.9975,0.9976,0.9978,0.9980
0.9981,0.9982,0.9983,0.9985,0.9986,0.9987,0.9988,0.9989,0.9990,0.9991
0.9992,0.9993,0.9994,0.9995,0.9996,0.9996,0.9997,0.9998,0.9999,1.0000
hwc2v1fract=0.0001,0.0002,0.0002,0.0003,0.0005,0.0006,0.0007,0.0008
0.0009,0.0011,0.0012,0.0013,0.0015,0.0017,0.0019,0.0022,0.0028,0.0037
0.0058,0.0098,0.0170,0.0278,0.0418,0.0588,0.0778,0.0983,0.1195,0.1420
0.1645,0.1878,0.2110,0.2339,0.2568,0.2798,0.3023,0.3249,0.3468,0.3692
0.3912,0.4131,0.4342,0.4559,0.4769,0.4977,0.5184,0.5389,0.5592,0.5795
0.5998,0.6201,0.6398,0.6596,0.6792,0.6990,0.7182,0.7374,0.7561,0.7745
0.7926,0.8104,0.8273,0.8437,0.8590,0.8736,0.8869,0.8987,0.9094,0.9191
0.9277,0.9353,0.9419,0.9479,0.9532,0.9578,0.9620,0.9658,0.9690,0.9721
0.9746,0.9769,0.9790,0.9809,0.9825,0.9838,0.9849,0.9861,0.9870,0.9879
0.9887,0.9894,0.9899,0.9905,0.9911,0.9916,0.9920,0.9924,0.9928,0.9932
0.9935,0.9939,0.9942,0.9946,0.9949,0.9951,0.9954,0.9957,0.9959,0.9962
0.9964,0.9966,0.9968,0.9970,0.9972,0.9973,0.9975,0.9977,0.9978,0.9980
0.9981,0.9982,0.9984,0.9985,0.9986,0.9987,0.9988,0.9989,0.9990,0.9991
0.9992,0.9993,0.9994,0.9995,0.9995,0.9996,0.9997,0.9998,0.9999,1.0000
hwc2y2fract=0.0001,0.0002,0.0003,0.0005,0.0006,0.0007,0.0008,0.0010
0.0011,0.0013,0.0015,0.0016,0.0019,0.0022,0.0026,0.0033,0.0044,0.0061
0.0088,0.0134,0.0207,0.0309,0.0445,0.0608,0.0793,0.0997,0.1213,0.1437
0.1668,0.1904,0.2137,0.2371,0.2604,0.2834,0.3062,0.3293,0.3517,0.3744
0.3961,0.4182,0.4399,0.4616,0.4831,0.5041,0.5251,0.5457,0.5661,0.5863
0.6065,0.6264,0.6464,0.6666,0.6864,0.7056,0.7254,0.7444,0.7633,0.7817
0.7996,0.8170,0.8336,0.8497,0.8646,0.8788,0.8918,0.9035,0.9143,0.9239
0.9323,0.9396,0.9460,0.9518,0.9568,0.9614,0.9652,0.9686,0.9717,0.9745
0.9770,0.9791,0.9808,0.9824,0.9837,0.9850,0.9861,0.9871,0.9880,0.9888
0.9894,0.9901,0.9906,0.9911,0.9915,0.9920,0.9924,0.9928,0.9931,0.9934
0.9938,0.9941,0.9944,0.9947,0.9949,0.9951,0.9954,0.9957,0.9959,0.9961
0.9964,0.9966,0.9968,0.9970,0.9972,0.9973,0.9975,0.9976,0.9977,0.9979
0.9980,0.9981,0.9982,0.9983,0.9985,0.9986,0.9987,0.9988,0.9989,0.9990
0.9991,0.9992,0.9993,0.9994,0.9995,0.9996,0.9997,0.9998,0.9999,1.0000
hwc2x2fract=0.0001,0.0002,0.0004,0.0005,0.0007,0.0008,0.0010,0.0012
0.0013,0.0015,0.0018,0.0020,0.0023,0.0028,0.0035,0.0045,0.0064,0.0094
0.0137,0.0196,0.0274,0.0370,0.0488,0.0624,0.0773,0.0933,0.1105,0.1287
0.1475,0.1672,0.1871,0.2080,0.2292,0.2507,0.2724,0.2951,0.3174,0.3398
0.3624,0.3849,0.4072,0.4295,0.4515,0.4736,0.4956,0.5177,0.5396,0.5611
0.5831,0.6044,0.6259,0.6469,0.6678,0.6881,0.7079,0.7279,0.7478,0.7673
0.7861,0.8041,0.8212,0.8378,0.8534,0.8681,0.8814,0.8936,0.9048,0.9150
0.9242,0.9326,0.9402,0.9471,0.9530,0.9586,0.9635,0.9679,0.9716,0.9747
0.9777,0.9801,0.9823,0.9841,0.9857,0.9869,0.9881,0.9890,0.9898,0.9905
0.9912,0.9917,0.9922,0.9927,0.9930,0.9934,0.9937,0.9941,0.9944,0.9947
0.9949,0.9952,0.9954,0.9956,0.9958,0.9960,0.9962,0.9964,0.9965,0.9967
0.9968,0.9970,0.9971,0.9973,0.9974,0.9976,0.9977,0.9978,0.9979,0.9981
0.9982,0.9983,0.9984,0.9985,0.9986,0.9987,0.9988,0.9989,0.9990,0.9991
0.9992,0.9993,0.9994,0.9995,0.9996,0.9997,0.9998,0.9998,0.9999,1.0000
