; Lookup table
;number of bins in Meek's time to distance lookup table
hdriftbins=138
;number of 1st bin in Meek's table in ns
hdrift1stbin=-24
;bin size in ns of Meek's table
hdriftbinsz=2
hwc1x1fract=0.0001,0.0001,0.0002,0.0003,0.0004,0.0005,0.0006,0.0007
0.0009,0.0010,0.0012,0.0015,0.0017,0.0020,0.0023,0.0028,0.0033,0.0040
0.0051,0.0067,0.0095,0.0141,0.0210,0.0305,0.0422,0.0557,0.0713,0.0881
0.1063,0.1256,0.1463,0.1672,0.1888,0.2112,0.2339,0.2575,0.2809,0.3045
0.3278,0.3510,0.3749,0.3983,0.4211,0.4440,0.4663,0.4887,0.5110,0.5326
0.5546,0.5764,0.5980,0.6188,0.6398,0.6604,0.6807,0.7010,0.7210,0.7402
0.7589,0.7771,0.7951,0.8124,0.8289,0.8447,0.8595,0.8732,0.8858,0.8973
0.9082,0.9178,0.9266,0.9345,0.9417,0.9483,0.9542,0.9597,0.9647,0.9692
0.9733,0.9770,0.9802,0.9828,0.9851,0.9873,0.9889,0.9903,0.9914,0.9924
0.9933,0.9940,0.9947,0.9952,0.9956,0.9960,0.9964,0.9966,0.9969,0.9971
0.9974,0.9976,0.9978,0.9980,0.9981,0.9983,0.9984,0.9986,0.9987,0.9988
0.9989,0.9989,0.9990,0.9991,0.9992,0.9993,0.9994,0.9994,0.9995,0.9995
0.9996,0.9996,0.9997,0.9997,0.9997,0.9997,0.9998,0.9998,0.9998,0.9999
0.9999,0.9999,0.9999,1.0000,1.0000,1.0000,1.0000,1.0000,1.0000,1.0000
hwc1y1fract=0.0001,0.0001,0.0002,0.0003,0.0004,0.0005,0.0006,0.0007
0.0008,0.0009,0.0011,0.0013,0.0015,0.0018,0.0023,0.0028,0.0035,0.0048
0.0068,0.0101,0.0156,0.0237,0.0352,0.0503,0.0682,0.0887,0.1107,0.1343
0.1589,0.1838,0.2092,0.2342,0.2588,0.2833,0.3076,0.3313,0.3546,0.3781
0.4012,0.4237,0.4453,0.4672,0.4889,0.5103,0.5313,0.5523,0.5732,0.5938
0.6140,0.6340,0.6541,0.6741,0.6936,0.7130,0.7322,0.7508,0.7690,0.7868
0.8040,0.8209,0.8369,0.8523,0.8669,0.8804,0.8932,0.9041,0.9143,0.9235
0.9317,0.9390,0.9454,0.9509,0.9558,0.9604,0.9644,0.9679,0.9712,0.9742
0.9769,0.9793,0.9813,0.9831,0.9848,0.9863,0.9876,0.9887,0.9897,0.9906
0.9914,0.9921,0.9928,0.9934,0.9940,0.9945,0.9949,0.9953,0.9957,0.9960
0.9963,0.9966,0.9969,0.9971,0.9974,0.9976,0.9978,0.9980,0.9982,0.9984
0.9985,0.9987,0.9988,0.9989,0.9990,0.9991,0.9992,0.9994,0.9994,0.9995
0.9996,0.9996,0.9997,0.9997,0.9997,0.9998,0.9998,0.9998,0.9998,0.9999
0.9999,0.9999,0.9999,0.9999,0.9999,0.9999,1.0000,1.0000,1.0000,1.0000
hwc1u1fract=0.0000,0.0000,0.0000,0.0000,0.0001,0.0001,0.0001,0.0001
0.0001,0.0001,0.0002,0.0002,0.0003,0.0003,0.0004,0.0005,0.0008,0.0011
0.0018,0.0033,0.0066,0.0129,0.0225,0.0355,0.0510,0.0697,0.0902,0.1123
0.1353,0.1588,0.1828,0.2067,0.2308,0.2546,0.2785,0.3020,0.3258,0.3490
0.3722,0.3950,0.4178,0.4399,0.4618,0.4834,0.5047,0.5258,0.5466,0.5674
0.5879,0.6078,0.6280,0.6477,0.6676,0.6873,0.7066,0.7253,0.7445,0.7631
0.7810,0.7988,0.8159,0.8325,0.8482,0.8628,0.8761,0.8885,0.9001,0.9104
0.9195,0.9274,0.9344,0.9409,0.9465,0.9517,0.9566,0.9609,0.9651,0.9688
0.9722,0.9753,0.9781,0.9803,0.9824,0.9843,0.9859,0.9872,0.9884,0.9894
0.9903,0.9911,0.9918,0.9924,0.9930,0.9935,0.9940,0.9945,0.9949,0.9953
0.9956,0.9960,0.9963,0.9966,0.9968,0.9971,0.9973,0.9976,0.9978,0.9980
0.9982,0.9984,0.9985,0.9987,0.9988,0.9989,0.9990,0.9991,0.9992,0.9993
0.9994,0.9995,0.9995,0.9996,0.9996,0.9997,0.9997,0.9998,0.9998,0.9998
0.9998,0.9999,0.9999,0.9999,0.9999,0.9999,1.0000,1.0000,1.0000,1.0000
hwc1v1fract=0.0000,0.0000,0.0001,0.0001,0.0001,0.0002,0.0002,0.0003
0.0004,0.0004,0.0005,0.0007,0.0008,0.0011,0.0014,0.0021,0.0033,0.0056
0.0098,0.0166,0.0266,0.0394,0.0546,0.0720,0.0909,0.1105,0.1304,0.1514
0.1727,0.1946,0.2161,0.2379,0.2596,0.2818,0.3038,0.3255,0.3476,0.3695
0.3914,0.4134,0.4355,0.4572,0.4788,0.5005,0.5221,0.5433,0.5647,0.5859
0.6068,0.6279,0.6482,0.6686,0.6889,0.7088,0.7285,0.7484,0.7680,0.7869
0.8053,0.8231,0.8402,0.8564,0.8714,0.8849,0.8970,0.9080,0.9176,0.9260
0.9334,0.9403,0.9465,0.9521,0.9572,0.9618,0.9660,0.9699,0.9736,0.9769
0.9799,0.9825,0.9847,0.9866,0.9882,0.9896,0.9908,0.9918,0.9926,0.9934
0.9940,0.9946,0.9951,0.9955,0.9959,0.9962,0.9965,0.9969,0.9971,0.9974
0.9976,0.9978,0.9980,0.9982,0.9983,0.9984,0.9985,0.9987,0.9988,0.9989
0.9990,0.9991,0.9992,0.9992,0.9993,0.9994,0.9994,0.9995,0.9995,0.9996
0.9996,0.9997,0.9997,0.9997,0.9998,0.9998,0.9998,0.9998,0.9998,0.9999
0.9999,0.9999,0.9999,0.9999,0.9999,1.0000,1.0000,1.0000,1.0000,1.0000
hwc1y2fract=0.0000,0.0000,0.0001,0.0001,0.0001,0.0001,0.0002,0.0002
0.0002,0.0003,0.0003,0.0004,0.0005,0.0006,0.0007,0.0009,0.0013,0.0021
0.0036,0.0066,0.0114,0.0191,0.0299,0.0433,0.0598,0.0788,0.1000,0.1225
0.1459,0.1699,0.1946,0.2194,0.2442,0.2688,0.2928,0.3166,0.3400,0.3636
0.3867,0.4095,0.4321,0.4544,0.4760,0.4975,0.5187,0.5390,0.5597,0.5802
0.6008,0.6206,0.6407,0.6602,0.6802,0.6997,0.7189,0.7378,0.7564,0.7747
0.7925,0.8094,0.8257,0.8412,0.8556,0.8691,0.8818,0.8935,0.9042,0.9135
0.9222,0.9298,0.9364,0.9425,0.9479,0.9528,0.9574,0.9615,0.9654,0.9688
0.9719,0.9746,0.9770,0.9792,0.9811,0.9828,0.9844,0.9857,0.9870,0.9880
0.9891,0.9900,0.9908,0.9915,0.9922,0.9927,0.9934,0.9939,0.9944,0.9948
0.9952,0.9955,0.9959,0.9962,0.9965,0.9968,0.9971,0.9973,0.9976,0.9978
0.9980,0.9982,0.9984,0.9985,0.9987,0.9988,0.9989,0.9991,0.9992,0.9993
0.9994,0.9994,0.9995,0.9995,0.9996,0.9996,0.9997,0.9997,0.9998,0.9998
0.9998,0.9998,0.9999,0.9999,0.9999,0.9999,1.0000,1.0000,1.0000,1.0000
hwc1x2fract=0.0000,0.0001,0.0001,0.0002,0.0002,0.0003,0.0003,0.0004
0.0004,0.0005,0.0007,0.0008,0.0010,0.0012,0.0014,0.0017,0.0023,0.0032
0.0049,0.0078,0.0126,0.0198,0.0297,0.0420,0.0563,0.0726,0.0905,0.1099
0.1300,0.1512,0.1735,0.1961,0.2190,0.2425,0.2657,0.2890,0.3130,0.3369
0.3605,0.3838,0.4068,0.4298,0.4528,0.4750,0.4972,0.5191,0.5408,0.5625
0.5836,0.6046,0.6254,0.6460,0.6664,0.6861,0.7060,0.7258,0.7451,0.7637
0.7819,0.7997,0.8169,0.8330,0.8486,0.8630,0.8765,0.8888,0.9001,0.9102
0.9194,0.9277,0.9354,0.9423,0.9487,0.9543,0.9595,0.9645,0.9690,0.9730
0.9765,0.9794,0.9821,0.9846,0.9865,0.9882,0.9895,0.9907,0.9917,0.9926
0.9933,0.9940,0.9945,0.9950,0.9954,0.9959,0.9962,0.9965,0.9968,0.9970
0.9972,0.9974,0.9976,0.9978,0.9980,0.9981,0.9983,0.9984,0.9986,0.9987
0.9988,0.9989,0.9990,0.9991,0.9991,0.9992,0.9993,0.9993,0.9994,0.9994
0.9995,0.9995,0.9996,0.9996,0.9997,0.9997,0.9998,0.9998,0.9998,0.9998
0.9998,0.9999,0.9999,0.9999,0.9999,0.9999,1.0000,1.0000,1.0000,1.0000
hwc2x1fract=0.0001,0.0001,0.0002,0.0003,0.0004,0.0005,0.0006,0.0007
0.0009,0.0011,0.0012,0.0015,0.0018,0.0022,0.0026,0.0031,0.0037,0.0049
0.0066,0.0093,0.0133,0.0189,0.0267,0.0365,0.0487,0.0631,0.0791,0.0966
0.1153,0.1349,0.1555,0.1768,0.1988,0.2216,0.2445,0.2680,0.2915,0.3151
0.3384,0.3623,0.3856,0.4087,0.4317,0.4546,0.4772,0.4993,0.5215,0.5434
0.5652,0.5865,0.6081,0.6292,0.6498,0.6704,0.6914,0.7114,0.7317,0.7512
0.7701,0.7891,0.8070,0.8242,0.8407,0.8558,0.8700,0.8834,0.8954,0.9063
0.9165,0.9257,0.9338,0.9409,0.9476,0.9535,0.9590,0.9639,0.9684,0.9725
0.9761,0.9792,0.9820,0.9843,0.9864,0.9881,0.9897,0.9910,0.9921,0.9930
0.9937,0.9944,0.9949,0.9954,0.9958,0.9961,0.9965,0.9968,0.9970,0.9973
0.9975,0.9978,0.9979,0.9981,0.9983,0.9985,0.9986,0.9987,0.9988,0.9989
0.9990,0.9991,0.9992,0.9993,0.9993,0.9994,0.9995,0.9995,0.9996,0.9996
0.9997,0.9997,0.9997,0.9998,0.9998,0.9998,0.9998,0.9998,0.9999,0.9999
0.9999,0.9999,0.9999,0.9999,0.9999,1.0000,1.0000,1.0000,1.0000,1.0000
hwc2y1fract=0.0000,0.0000,0.0000,0.0001,0.0001,0.0001,0.0001,0.0001
0.0002,0.0002,0.0002,0.0003,0.0003,0.0004,0.0005,0.0006,0.0009,0.0015
0.0025,0.0047,0.0090,0.0165,0.0275,0.0418,0.0592,0.0798,0.1027,0.1269
0.1521,0.1779,0.2038,0.2292,0.2546,0.2801,0.3044,0.3287,0.3525,0.3760
0.3990,0.4219,0.4442,0.4664,0.4880,0.5097,0.5308,0.5520,0.5729,0.5936
0.6142,0.6345,0.6547,0.6745,0.6944,0.7137,0.7329,0.7522,0.7711,0.7892
0.8069,0.8242,0.8408,0.8566,0.8713,0.8850,0.8979,0.9094,0.9197,0.9288
0.9368,0.9438,0.9501,0.9556,0.9604,0.9646,0.9685,0.9720,0.9751,0.9780
0.9805,0.9827,0.9846,0.9862,0.9876,0.9888,0.9899,0.9909,0.9917,0.9924
0.9931,0.9936,0.9941,0.9946,0.9950,0.9954,0.9957,0.9960,0.9964,0.9966
0.9968,0.9970,0.9972,0.9974,0.9975,0.9977,0.9979,0.9980,0.9982,0.9983
0.9985,0.9987,0.9988,0.9989,0.9991,0.9992,0.9993,0.9993,0.9994,0.9995
0.9995,0.9996,0.9997,0.9997,0.9997,0.9998,0.9998,0.9998,0.9998,0.9998
0.9999,0.9999,0.9999,0.9999,0.9999,0.9999,1.0000,1.0000,1.0000,1.0000
hwc2u1fract=0.0000,0.0000,0.0000,0.0001,0.0001,0.0001,0.0001,0.0001
0.0001,0.0002,0.0002,0.0003,0.0003,0.0004,0.0005,0.0006,0.0010,0.0017
0.0031,0.0061,0.0123,0.0224,0.0361,0.0536,0.0736,0.0962,0.1202,0.1451
0.1703,0.1955,0.2207,0.2456,0.2706,0.2951,0.3193,0.3429,0.3665,0.3894
0.4118,0.4341,0.4559,0.4778,0.4994,0.5204,0.5411,0.5624,0.5830,0.6031
0.6233,0.6430,0.6632,0.6826,0.7020,0.7210,0.7397,0.7584,0.7769,0.7950
0.8125,0.8294,0.8460,0.8617,0.8762,0.8900,0.9024,0.9136,0.9236,0.9322
0.9398,0.9463,0.9519,0.9568,0.9612,0.9654,0.9689,0.9722,0.9752,0.9779
0.9804,0.9825,0.9844,0.9861,0.9875,0.9887,0.9898,0.9907,0.9916,0.9922
0.9929,0.9934,0.9939,0.9943,0.9946,0.9950,0.9954,0.9957,0.9960,0.9962
0.9965,0.9967,0.9969,0.9972,0.9974,0.9976,0.9978,0.9979,0.9981,0.9983
0.9985,0.9987,0.9988,0.9989,0.9990,0.9991,0.9992,0.9993,0.9994,0.9995
0.9995,0.9996,0.9996,0.9997,0.9997,0.9998,0.9998,0.9998,0.9998,0.9998
0.9999,0.9999,0.9999,0.9999,0.9999,1.0000,1.0000,1.0000,1.0000,1.0000
hwc2v1fract=0.0000,0.0000,0.0000,0.0001,0.0001,0.0001,0.0002,0.0002
0.0003,0.0004,0.0005,0.0006,0.0007,0.0008,0.0011,0.0014,0.0021,0.0032
0.0056,0.0104,0.0185,0.0307,0.0463,0.0648,0.0859,0.1089,0.1325,0.1571
0.1821,0.2071,0.2317,0.2563,0.2807,0.3047,0.3282,0.3519,0.3748,0.3975
0.4197,0.4423,0.4644,0.4861,0.5076,0.5288,0.5494,0.5699,0.5903,0.6106
0.6311,0.6510,0.6707,0.6902,0.7097,0.7284,0.7473,0.7664,0.7846,0.8027
0.8201,0.8367,0.8527,0.8678,0.8817,0.8947,0.9063,0.9167,0.9260,0.9341
0.9413,0.9474,0.9528,0.9577,0.9622,0.9662,0.9697,0.9731,0.9761,0.9788
0.9811,0.9831,0.9849,0.9865,0.9878,0.9890,0.9899,0.9909,0.9916,0.9923
0.9930,0.9935,0.9940,0.9944,0.9949,0.9952,0.9956,0.9959,0.9962,0.9965
0.9968,0.9970,0.9972,0.9975,0.9977,0.9979,0.9981,0.9983,0.9984,0.9986
0.9988,0.9989,0.9990,0.9991,0.9992,0.9993,0.9994,0.9994,0.9995,0.9996
0.9996,0.9997,0.9997,0.9997,0.9998,0.9998,0.9998,0.9998,0.9999,0.9999
0.9999,0.9999,0.9999,0.9999,0.9999,1.0000,1.0000,1.0000,1.0000,1.0000
hwc2y2fract=0.0000,0.0000,0.0000,0.0001,0.0001,0.0001,0.0001,0.0002
0.0002,0.0003,0.0003,0.0003,0.0004,0.0006,0.0007,0.0010,0.0014,0.0024
0.0042,0.0075,0.0129,0.0217,0.0339,0.0498,0.0689,0.0904,0.1136,0.1383
0.1631,0.1888,0.2148,0.2405,0.2662,0.2909,0.3156,0.3394,0.3631,0.3864
0.4092,0.4320,0.4543,0.4762,0.4979,0.5198,0.5407,0.5616,0.5822,0.6030
0.6235,0.6436,0.6637,0.6836,0.7033,0.7230,0.7424,0.7609,0.7794,0.7971
0.8143,0.8312,0.8473,0.8627,0.8768,0.8902,0.9023,0.9133,0.9229,0.9314
0.9389,0.9457,0.9517,0.9568,0.9614,0.9657,0.9695,0.9727,0.9757,0.9783
0.9805,0.9827,0.9844,0.9859,0.9873,0.9885,0.9895,0.9905,0.9913,0.9920
0.9927,0.9932,0.9938,0.9942,0.9946,0.9950,0.9954,0.9957,0.9961,0.9963
0.9966,0.9968,0.9970,0.9972,0.9974,0.9976,0.9978,0.9980,0.9981,0.9983
0.9985,0.9986,0.9987,0.9988,0.9990,0.9991,0.9992,0.9992,0.9993,0.9994
0.9995,0.9995,0.9996,0.9996,0.9997,0.9997,0.9997,0.9998,0.9998,0.9998
0.9999,0.9999,0.9999,0.9999,0.9999,1.0000,1.0000,1.0000,1.0000,1.0000
hwc2x2fract=0.0001,0.0001,0.0001,0.0002,0.0003,0.0004,0.0004,0.0005
0.0006,0.0008,0.0009,0.0011,0.0013,0.0016,0.0019,0.0023,0.0029,0.0036
0.0047,0.0065,0.0096,0.0147,0.0223,0.0325,0.0455,0.0606,0.0778,0.0970
0.1172,0.1381,0.1597,0.1826,0.2058,0.2293,0.2531,0.2767,0.3001,0.3238
0.3476,0.3713,0.3947,0.4179,0.4406,0.4633,0.4855,0.5079,0.5301,0.5525
0.5742,0.5950,0.6160,0.6364,0.6567,0.6770,0.6970,0.7164,0.7359,0.7553
0.7740,0.7919,0.8097,0.8267,0.8431,0.8585,0.8726,0.8858,0.8980,0.9089
0.9186,0.9273,0.9351,0.9421,0.9486,0.9544,0.9595,0.9644,0.9686,0.9724
0.9759,0.9789,0.9816,0.9838,0.9859,0.9877,0.9892,0.9904,0.9915,0.9924
0.9932,0.9938,0.9944,0.9948,0.9953,0.9957,0.9961,0.9964,0.9967,0.9970
0.9973,0.9975,0.9977,0.9979,0.9981,0.9982,0.9984,0.9985,0.9987,0.9988
0.9989,0.9990,0.9991,0.9992,0.9992,0.9993,0.9994,0.9994,0.9995,0.9995
0.9996,0.9996,0.9997,0.9997,0.9998,0.9998,0.9998,0.9998,0.9998,0.9999
0.9999,0.9999,0.9999,0.9999,0.9999,1.0000,1.0000,1.0000,1.0000,1.0000
