; Lookup table
;number of bins in Meek's time to distance lookup table
hdriftbins=138
;number of 1st bin in Meek's table in ns
hdrift1stbin=-24
;bin size in ns of Meek's table
hdriftbinsz=2
hwc1x1fract=0.0000,0.0001,0.0001,0.0002,0.0002,0.0003,0.0003,0.0004
0.0005,0.0006,0.0007,0.0009,0.0011,0.0013,0.0017,0.0025,0.0037,0.0056
0.0079,0.0113,0.0158,0.0223,0.0301,0.0390,0.0502,0.0626,0.0766,0.0916
0.1072,0.1235,0.1406,0.1589,0.1781,0.1971,0.2175,0.2381,0.2589,0.2800
0.3024,0.3243,0.3472,0.3694,0.3919,0.4142,0.4377,0.4604,0.4827,0.5052
0.5277,0.5496,0.5726,0.5950,0.6168,0.6382,0.6598,0.6806,0.7013,0.7211
0.7410,0.7611,0.7805,0.7984,0.8161,0.8338,0.8499,0.8650,0.8789,0.8918
0.9041,0.9149,0.9252,0.9346,0.9428,0.9502,0.9570,0.9631,0.9686,0.9733
0.9775,0.9811,0.9842,0.9868,0.9890,0.9907,0.9921,0.9934,0.9943,0.9949
0.9956,0.9961,0.9965,0.9969,0.9973,0.9975,0.9978,0.9980,0.9982,0.9984
0.9986,0.9988,0.9988,0.9990,0.9991,0.9992,0.9993,0.9994,0.9994,0.9995
0.9995,0.9996,0.9997,0.9997,0.9997,0.9998,0.9998,0.9998,0.9999,0.9999
0.9999,0.9999,0.9999,0.9999,0.9999,0.9999,1.0000,1.0000,1.0000,1.0000
1.0000,1.0000,1.0000,1.0000,1.0000,1.0000,1.0000,1.0000,1.0000,1.0000
hwc1y1fract=0.0000,0.0000,0.0001,0.0001,0.0002,0.0002,0.0003,0.0003
0.0004,0.0006,0.0007,0.0009,0.0011,0.0014,0.0018,0.0025,0.0034,0.0049
0.0070,0.0103,0.0162,0.0248,0.0359,0.0496,0.0658,0.0840,0.1032,0.1240
0.1457,0.1681,0.1905,0.2132,0.2364,0.2588,0.2818,0.3049,0.3277,0.3504
0.3723,0.3946,0.4163,0.4384,0.4600,0.4819,0.5033,0.5242,0.5453,0.5660
0.5869,0.6076,0.6276,0.6478,0.6681,0.6879,0.7080,0.7275,0.7466,0.7656
0.7838,0.8018,0.8191,0.8362,0.8523,0.8677,0.8823,0.8956,0.9070,0.9181
0.9279,0.9361,0.9435,0.9500,0.9562,0.9616,0.9664,0.9704,0.9741,0.9775
0.9801,0.9827,0.9847,0.9866,0.9882,0.9896,0.9907,0.9917,0.9926,0.9935
0.9942,0.9948,0.9954,0.9958,0.9963,0.9966,0.9970,0.9972,0.9975,0.9978
0.9980,0.9982,0.9985,0.9986,0.9988,0.9990,0.9991,0.9992,0.9993,0.9994
0.9995,0.9996,0.9997,0.9997,0.9998,0.9998,0.9998,0.9999,0.9999,0.9999
0.9999,0.9999,1.0000,1.0000,1.0000,1.0000,1.0000,1.0000,1.0000,1.0000
1.0000,1.0000,1.0000,1.0000,1.0000,1.0000,1.0000,1.0000,1.0000,1.0000
hwc1u1fract=0.0000,0.0000,0.0000,0.0000,0.0000,0.0000,0.0001,0.0001
0.0001,0.0001,0.0001,0.0001,0.0002,0.0003,0.0006,0.0012,0.0024,0.0042
0.0068,0.0102,0.0152,0.0225,0.0327,0.0449,0.0594,0.0754,0.0923,0.1102
0.1289,0.1487,0.1689,0.1897,0.2109,0.2325,0.2545,0.2769,0.2989,0.3221
0.3442,0.3666,0.3887,0.4104,0.4326,0.4543,0.4756,0.4974,0.5188,0.5399
0.5611,0.5828,0.6029,0.6235,0.6448,0.6652,0.6855,0.7059,0.7264,0.7461
0.7651,0.7838,0.8016,0.8191,0.8355,0.8512,0.8662,0.8798,0.8920,0.9037
0.9142,0.9237,0.9325,0.9400,0.9469,0.9529,0.9586,0.9638,0.9682,0.9718
0.9754,0.9783,0.9811,0.9835,0.9856,0.9872,0.9887,0.9900,0.9911,0.9920
0.9928,0.9936,0.9944,0.9949,0.9952,0.9956,0.9960,0.9963,0.9967,0.9971
0.9974,0.9977,0.9979,0.9981,0.9983,0.9985,0.9987,0.9989,0.9991,0.9991
0.9993,0.9993,0.9994,0.9995,0.9995,0.9996,0.9997,0.9997,0.9998,0.9998
0.9998,0.9998,0.9999,0.9999,0.9999,0.9999,0.9999,1.0000,1.0000,1.0000
1.0000,1.0000,1.0000,1.0000,1.0000,1.0000,1.0000,1.0000,1.0000,1.0000
hwc1v1fract=0.0000,0.0000,0.0000,0.0000,0.0000,0.0000,0.0001,0.0001
0.0001,0.0001,0.0002,0.0002,0.0003,0.0004,0.0005,0.0008,0.0012,0.0022
0.0041,0.0077,0.0138,0.0228,0.0346,0.0489,0.0653,0.0832,0.1014,0.1209
0.1417,0.1631,0.1848,0.2066,0.2290,0.2512,0.2734,0.2963,0.3184,0.3402
0.3627,0.3840,0.4062,0.4279,0.4500,0.4713,0.4929,0.5137,0.5343,0.5552
0.5758,0.5961,0.6167,0.6369,0.6574,0.6779,0.6975,0.7172,0.7369,0.7560
0.7746,0.7929,0.8115,0.8291,0.8452,0.8604,0.8748,0.8879,0.9006,0.9123
0.9224,0.9315,0.9396,0.9466,0.9531,0.9586,0.9634,0.9676,0.9718,0.9754
0.9785,0.9812,0.9836,0.9857,0.9875,0.9889,0.9902,0.9914,0.9924,0.9930
0.9936,0.9943,0.9949,0.9954,0.9958,0.9961,0.9965,0.9968,0.9971,0.9974
0.9976,0.9979,0.9982,0.9983,0.9984,0.9986,0.9988,0.9989,0.9991,0.9992
0.9993,0.9994,0.9995,0.9995,0.9996,0.9997,0.9997,0.9998,0.9998,0.9998
0.9999,0.9999,0.9999,0.9999,0.9999,0.9999,0.9999,0.9999,0.9999,1.0000
1.0000,1.0000,1.0000,1.0000,1.0000,1.0000,1.0000,1.0000,1.0000,1.0000
hwc1y2fract=0.0000,0.0000,0.0000,0.0001,0.0001,0.0001,0.0001,0.0002
0.0002,0.0003,0.0003,0.0004,0.0005,0.0006,0.0007,0.0010,0.0014,0.0022
0.0038,0.0066,0.0111,0.0184,0.0279,0.0405,0.0551,0.0709,0.0891,0.1089
0.1290,0.1501,0.1718,0.1943,0.2165,0.2395,0.2621,0.2840,0.3063,0.3289
0.3516,0.3741,0.3959,0.4180,0.4399,0.4616,0.4829,0.5040,0.5255,0.5462
0.5667,0.5872,0.6079,0.6285,0.6494,0.6691,0.6892,0.7089,0.7286,0.7481
0.7667,0.7857,0.8031,0.8204,0.8369,0.8526,0.8676,0.8816,0.8941,0.9057
0.9163,0.9255,0.9340,0.9413,0.9479,0.9539,0.9590,0.9637,0.9680,0.9716
0.9748,0.9777,0.9805,0.9829,0.9847,0.9864,0.9879,0.9892,0.9905,0.9914
0.9923,0.9930,0.9936,0.9943,0.9949,0.9953,0.9957,0.9961,0.9965,0.9968
0.9971,0.9974,0.9976,0.9979,0.9981,0.9983,0.9985,0.9987,0.9989,0.9991
0.9992,0.9993,0.9994,0.9995,0.9995,0.9996,0.9996,0.9997,0.9997,0.9998
0.9998,0.9998,0.9999,0.9999,0.9999,0.9999,0.9999,0.9999,1.0000,1.0000
1.0000,1.0000,1.0000,1.0000,1.0000,1.0000,1.0000,1.0000,1.0000,1.0000
hwc1x2fract=0.0000,0.0000,0.0001,0.0001,0.0002,0.0002,0.0002,0.0002
0.0003,0.0004,0.0004,0.0005,0.0006,0.0009,0.0012,0.0017,0.0026,0.0043
0.0070,0.0109,0.0168,0.0242,0.0341,0.0454,0.0580,0.0722,0.0872,0.1032
0.1200,0.1380,0.1562,0.1757,0.1955,0.2155,0.2364,0.2579,0.2792,0.3005
0.3230,0.3455,0.3687,0.3918,0.4142,0.4372,0.4593,0.4824,0.5041,0.5266
0.5481,0.5705,0.5925,0.6141,0.6364,0.6582,0.6788,0.7001,0.7204,0.7404
0.7604,0.7798,0.7984,0.8164,0.8339,0.8506,0.8660,0.8803,0.8937,0.9058
0.9169,0.9267,0.9357,0.9437,0.9513,0.9579,0.9637,0.9690,0.9739,0.9780
0.9815,0.9844,0.9868,0.9888,0.9907,0.9919,0.9931,0.9941,0.9948,0.9955
0.9960,0.9965,0.9969,0.9972,0.9975,0.9977,0.9979,0.9981,0.9983,0.9985
0.9987,0.9988,0.9989,0.9990,0.9992,0.9992,0.9993,0.9994,0.9994,0.9995
0.9996,0.9996,0.9997,0.9997,0.9998,0.9998,0.9998,0.9999,0.9999,0.9999
0.9999,0.9999,0.9999,1.0000,1.0000,1.0000,1.0000,1.0000,1.0000,1.0000
1.0000,1.0000,1.0000,1.0000,1.0000,1.0000,1.0000,1.0000,1.0000,1.0000
hwc2x1fract=0.0000,0.0001,0.0001,0.0002,0.0002,0.0003,0.0003,0.0004
0.0004,0.0005,0.0007,0.0009,0.0011,0.0013,0.0016,0.0020,0.0025,0.0038
0.0059,0.0095,0.0145,0.0215,0.0298,0.0398,0.0519,0.0655,0.0801,0.0956
0.1121,0.1293,0.1473,0.1663,0.1852,0.2061,0.2260,0.2476,0.2690,0.2912
0.3139,0.3358,0.3577,0.3796,0.4026,0.4249,0.4476,0.4701,0.4930,0.5157
0.5378,0.5602,0.5819,0.6034,0.6248,0.6466,0.6682,0.6897,0.7107,0.7312
0.7508,0.7696,0.7893,0.8077,0.8258,0.8427,0.8586,0.8738,0.8873,0.9001
0.9113,0.9222,0.9317,0.9403,0.9485,0.9553,0.9614,0.9667,0.9716,0.9759
0.9796,0.9830,0.9857,0.9878,0.9897,0.9914,0.9926,0.9937,0.9947,0.9954
0.9960,0.9965,0.9969,0.9972,0.9975,0.9976,0.9979,0.9981,0.9983,0.9985
0.9986,0.9988,0.9989,0.9991,0.9992,0.9993,0.9994,0.9994,0.9994,0.9995
0.9996,0.9996,0.9997,0.9997,0.9997,0.9998,0.9998,0.9998,0.9999,0.9999
0.9999,0.9999,0.9999,1.0000,1.0000,1.0000,1.0000,1.0000,1.0000,1.0000
1.0000,1.0000,1.0000,1.0000,1.0000,1.0000,1.0000,1.0000,1.0000,1.0000
hwc2y1fract=0.0000,0.0000,0.0001,0.0001,0.0001,0.0001,0.0002,0.0002
0.0002,0.0003,0.0003,0.0004,0.0005,0.0005,0.0007,0.0009,0.0014,0.0024
0.0038,0.0070,0.0123,0.0208,0.0320,0.0457,0.0619,0.0803,0.1013,0.1228
0.1448,0.1682,0.1918,0.2143,0.2380,0.2605,0.2837,0.3068,0.3297,0.3526
0.3757,0.3983,0.4202,0.4423,0.4644,0.4861,0.5072,0.5290,0.5503,0.5711
0.5915,0.6123,0.6331,0.6537,0.6737,0.6943,0.7142,0.7335,0.7523,0.7714
0.7907,0.8093,0.8266,0.8436,0.8594,0.8743,0.8884,0.9012,0.9126,0.9230
0.9325,0.9408,0.9480,0.9544,0.9602,0.9653,0.9698,0.9737,0.9771,0.9799
0.9825,0.9848,0.9865,0.9882,0.9896,0.9908,0.9918,0.9926,0.9934,0.9940
0.9946,0.9951,0.9957,0.9960,0.9964,0.9967,0.9971,0.9972,0.9975,0.9977
0.9979,0.9981,0.9983,0.9985,0.9987,0.9988,0.9990,0.9991,0.9992,0.9992
0.9994,0.9995,0.9996,0.9996,0.9997,0.9997,0.9998,0.9998,0.9998,0.9999
0.9999,0.9999,0.9999,0.9999,1.0000,1.0000,1.0000,1.0000,1.0000,1.0000
1.0000,1.0000,1.0000,1.0000,1.0000,1.0000,1.0000,1.0000,1.0000,1.0000
hwc2u1fract=0.0000,0.0000,0.0000,0.0000,0.0000,0.0000,0.0000,0.0001
0.0001,0.0001,0.0001,0.0001,0.0002,0.0002,0.0003,0.0004,0.0006,0.0010
0.0019,0.0043,0.0089,0.0170,0.0285,0.0431,0.0602,0.0799,0.1004,0.1217
0.1444,0.1670,0.1897,0.2128,0.2357,0.2592,0.2820,0.3049,0.3282,0.3504
0.3724,0.3949,0.4166,0.4379,0.4595,0.4809,0.5019,0.5224,0.5430,0.5634
0.5831,0.6041,0.6248,0.6451,0.6649,0.6847,0.7048,0.7243,0.7435,0.7624
0.7811,0.7993,0.8165,0.8337,0.8505,0.8662,0.8808,0.8950,0.9073,0.9183
0.9279,0.9365,0.9439,0.9506,0.9566,0.9617,0.9662,0.9703,0.9739,0.9770
0.9796,0.9821,0.9841,0.9859,0.9877,0.9891,0.9904,0.9912,0.9922,0.9929
0.9936,0.9941,0.9946,0.9950,0.9954,0.9958,0.9961,0.9965,0.9968,0.9970
0.9974,0.9976,0.9978,0.9980,0.9982,0.9985,0.9986,0.9988,0.9989,0.9990
0.9992,0.9993,0.9994,0.9995,0.9995,0.9996,0.9997,0.9997,0.9998,0.9998
0.9998,0.9998,0.9998,0.9999,0.9999,0.9999,0.9999,0.9999,0.9999,0.9999
0.9999,1.0000,1.0000,1.0000,1.0000,1.0000,1.0000,1.0000,1.0000,1.0000
hwc2v1fract=0.0000,0.0000,0.0000,0.0000,0.0000,0.0001,0.0001,0.0001
0.0001,0.0001,0.0002,0.0002,0.0003,0.0003,0.0004,0.0006,0.0010,0.0016
0.0030,0.0063,0.0123,0.0219,0.0345,0.0508,0.0687,0.0884,0.1088,0.1307
0.1525,0.1757,0.1990,0.2219,0.2450,0.2676,0.2909,0.3142,0.3372,0.3591
0.3819,0.4038,0.4255,0.4471,0.4680,0.4897,0.5101,0.5306,0.5513,0.5725
0.5929,0.6132,0.6329,0.6532,0.6723,0.6921,0.7115,0.7314,0.7505,0.7688
0.7876,0.8056,0.8230,0.8401,0.8563,0.8721,0.8860,0.8989,0.9104,0.9210
0.9304,0.9385,0.9457,0.9521,0.9576,0.9625,0.9669,0.9708,0.9742,0.9773
0.9801,0.9826,0.9846,0.9864,0.9880,0.9894,0.9906,0.9916,0.9923,0.9931
0.9938,0.9945,0.9951,0.9955,0.9959,0.9961,0.9965,0.9968,0.9971,0.9974
0.9977,0.9979,0.9981,0.9983,0.9985,0.9987,0.9989,0.9990,0.9992,0.9993
0.9994,0.9995,0.9996,0.9996,0.9997,0.9997,0.9998,0.9999,0.9999,0.9999
0.9999,0.9999,0.9999,1.0000,1.0000,1.0000,1.0000,1.0000,1.0000,1.0000
1.0000,1.0000,1.0000,1.0000,1.0000,1.0000,1.0000,1.0000,1.0000,1.0000
hwc2y2fract=0.0000,0.0000,0.0001,0.0001,0.0001,0.0001,0.0002,0.0002
0.0003,0.0003,0.0004,0.0005,0.0006,0.0007,0.0009,0.0014,0.0020,0.0032
0.0053,0.0091,0.0152,0.0243,0.0355,0.0501,0.0671,0.0859,0.1067,0.1282
0.1505,0.1740,0.1973,0.2204,0.2443,0.2672,0.2902,0.3138,0.3365,0.3598
0.3828,0.4053,0.4277,0.4495,0.4716,0.4933,0.5147,0.5358,0.5571,0.5783
0.5990,0.6191,0.6389,0.6596,0.6796,0.6995,0.7189,0.7383,0.7573,0.7764
0.7950,0.8134,0.8308,0.8474,0.8626,0.8778,0.8914,0.9042,0.9156,0.9259
0.9351,0.9427,0.9500,0.9565,0.9620,0.9665,0.9706,0.9745,0.9779,0.9808
0.9832,0.9853,0.9870,0.9886,0.9898,0.9910,0.9920,0.9929,0.9936,0.9942
0.9947,0.9952,0.9957,0.9961,0.9965,0.9968,0.9971,0.9973,0.9976,0.9979
0.9981,0.9983,0.9985,0.9987,0.9988,0.9989,0.9991,0.9992,0.9993,0.9994
0.9995,0.9996,0.9997,0.9997,0.9998,0.9998,0.9998,0.9999,0.9999,0.9999
0.9999,0.9999,0.9999,1.0000,1.0000,1.0000,1.0000,1.0000,1.0000,1.0000
1.0000,1.0000,1.0000,1.0000,1.0000,1.0000,1.0000,1.0000,1.0000,1.0000
hwc2x2fract=0.0000,0.0000,0.0000,0.0001,0.0001,0.0001,0.0001,0.0002
0.0002,0.0003,0.0004,0.0005,0.0006,0.0007,0.0009,0.0013,0.0020,0.0035
0.0058,0.0094,0.0145,0.0212,0.0302,0.0407,0.0527,0.0663,0.0815,0.0977
0.1151,0.1329,0.1521,0.1716,0.1914,0.2115,0.2331,0.2543,0.2770,0.2992
0.3220,0.3447,0.3668,0.3898,0.4128,0.4355,0.4583,0.4809,0.5024,0.5252
0.5475,0.5694,0.5908,0.6123,0.6339,0.6554,0.6768,0.6977,0.7183,0.7380
0.7582,0.7777,0.7964,0.8154,0.8330,0.8496,0.8652,0.8798,0.8928,0.9052
0.9161,0.9261,0.9351,0.9434,0.9509,0.9573,0.9632,0.9684,0.9729,0.9768
0.9799,0.9830,0.9855,0.9876,0.9894,0.9909,0.9923,0.9934,0.9942,0.9950
0.9956,0.9962,0.9967,0.9971,0.9974,0.9977,0.9978,0.9980,0.9982,0.9984
0.9986,0.9987,0.9989,0.9990,0.9991,0.9992,0.9993,0.9994,0.9995,0.9995
0.9996,0.9997,0.9997,0.9997,0.9998,0.9998,0.9998,0.9998,0.9999,0.9999
0.9999,0.9999,0.9999,0.9999,0.9999,1.0000,1.0000,1.0000,1.0000,1.0000
1.0000,1.0000,1.0000,1.0000,1.0000,1.0000,1.0000,1.0000,1.0000,1.0000
