; Lookup table
;number of bins in Meek's time to distance lookup table
hdriftbins=138
;number of 1st bin in Meek's table in ns
hdrift1stbin=-24
;bin size in ns of Meek's table
hdriftbinsz=2
hwc1x1fract=0.0001,0.0002,0.0003,0.0005,0.0006,0.0007,0.0008,0.0010
0.0012,0.0014,0.0016,0.0019,0.0021,0.0024,0.0027,0.0031,0.0036,0.0045
0.0058,0.0080,0.0114,0.0168,0.0241,0.0332,0.0441,0.0565,0.0701,0.0851
0.1013,0.1187,0.1366,0.1554,0.1752,0.1956,0.2163,0.2378,0.2591,0.2816
0.3039,0.3266,0.3493,0.3719,0.3944,0.4170,0.4395,0.4624,0.4848,0.5071
0.5292,0.5513,0.5731,0.5946,0.6159,0.6370,0.6580,0.6786,0.6991,0.7190
0.7387,0.7578,0.7761,0.7942,0.8111,0.8275,0.8431,0.8576,0.8710,0.8837
0.8953,0.9060,0.9160,0.9253,0.9336,0.9411,0.9480,0.9542,0.9599,0.9651
0.9697,0.9736,0.9769,0.9799,0.9821,0.9840,0.9855,0.9868,0.9878,0.9887
0.9895,0.9902,0.9907,0.9912,0.9916,0.9920,0.9924,0.9928,0.9931,0.9934
0.9937,0.9940,0.9943,0.9945,0.9948,0.9950,0.9953,0.9955,0.9957,0.9959
0.9960,0.9962,0.9964,0.9966,0.9967,0.9969,0.9971,0.9972,0.9974,0.9975
0.9976,0.9978,0.9980,0.9981,0.9982,0.9984,0.9985,0.9986,0.9988,0.9989
0.9990,0.9991,0.9992,0.9994,0.9995,0.9996,0.9997,0.9998,0.9999,1.0000
hwc1y1fract=0.0001,0.0002,0.0003,0.0004,0.0005,0.0006,0.0007,0.0008
0.0009,0.0010,0.0012,0.0013,0.0015,0.0018,0.0020,0.0024,0.0031,0.0042
0.0061,0.0093,0.0141,0.0217,0.0317,0.0446,0.0595,0.0765,0.0953,0.1156
0.1368,0.1589,0.1816,0.2047,0.2280,0.2511,0.2741,0.2974,0.3204,0.3433
0.3663,0.3892,0.4114,0.4333,0.4553,0.4771,0.4983,0.5195,0.5408,0.5617
0.5822,0.6027,0.6230,0.6430,0.6631,0.6828,0.7021,0.7210,0.7392,0.7572
0.7745,0.7919,0.8087,0.8247,0.8400,0.8545,0.8678,0.8804,0.8918,0.9022
0.9114,0.9202,0.9279,0.9349,0.9410,0.9465,0.9517,0.9565,0.9608,0.9648
0.9683,0.9714,0.9741,0.9765,0.9787,0.9806,0.9823,0.9838,0.9851,0.9864
0.9874,0.9883,0.9892,0.9899,0.9905,0.9912,0.9918,0.9923,0.9927,0.9932
0.9935,0.9939,0.9942,0.9945,0.9948,0.9952,0.9954,0.9957,0.9959,0.9961
0.9963,0.9965,0.9967,0.9969,0.9970,0.9972,0.9974,0.9975,0.9977,0.9978
0.9979,0.9981,0.9982,0.9984,0.9985,0.9986,0.9987,0.9988,0.9989,0.9990
0.9992,0.9992,0.9993,0.9994,0.9995,0.9996,0.9997,0.9998,0.9999,1.0000
hwc1u1fract=0.0000,0.0001,0.0002,0.0003,0.0003,0.0004,0.0005,0.0005
0.0006,0.0007,0.0008,0.0009,0.0010,0.0011,0.0012,0.0013,0.0016,0.0022
0.0032,0.0056,0.0098,0.0167,0.0261,0.0384,0.0528,0.0688,0.0864,0.1055
0.1253,0.1463,0.1678,0.1895,0.2119,0.2347,0.2573,0.2802,0.3031,0.3259
0.3483,0.3706,0.3927,0.4151,0.4373,0.4593,0.4812,0.5027,0.5236,0.5448
0.5656,0.5866,0.6069,0.6273,0.6472,0.6669,0.6866,0.7060,0.7248,0.7439
0.7621,0.7803,0.7976,0.8144,0.8302,0.8450,0.8589,0.8717,0.8836,0.8944
0.9042,0.9134,0.9217,0.9291,0.9359,0.9421,0.9478,0.9532,0.9580,0.9624
0.9666,0.9704,0.9736,0.9763,0.9788,0.9807,0.9824,0.9838,0.9851,0.9862
0.9871,0.9880,0.9887,0.9894,0.9901,0.9906,0.9912,0.9918,0.9922,0.9927
0.9931,0.9934,0.9938,0.9941,0.9944,0.9947,0.9950,0.9953,0.9955,0.9957
0.9959,0.9962,0.9964,0.9965,0.9967,0.9969,0.9971,0.9973,0.9974,0.9976
0.9978,0.9979,0.9980,0.9982,0.9983,0.9984,0.9986,0.9987,0.9988,0.9989
0.9990,0.9991,0.9993,0.9994,0.9995,0.9996,0.9997,0.9998,0.9999,1.0000
hwc1v1fract=0.0001,0.0001,0.0002,0.0003,0.0004,0.0005,0.0006,0.0006
0.0007,0.0008,0.0009,0.0011,0.0013,0.0015,0.0018,0.0025,0.0038,0.0059
0.0098,0.0166,0.0260,0.0382,0.0527,0.0684,0.0850,0.1028,0.1209,0.1391
0.1584,0.1778,0.1977,0.2177,0.2388,0.2598,0.2807,0.3024,0.3236,0.3448
0.3668,0.3884,0.4102,0.4322,0.4539,0.4758,0.4973,0.5187,0.5402,0.5619
0.5833,0.6048,0.6256,0.6462,0.6666,0.6871,0.7072,0.7270,0.7466,0.7661
0.7850,0.8031,0.8203,0.8368,0.8523,0.8665,0.8795,0.8914,0.9017,0.9110
0.9192,0.9271,0.9340,0.9404,0.9467,0.9524,0.9576,0.9623,0.9668,0.9709
0.9745,0.9777,0.9803,0.9826,0.9845,0.9860,0.9872,0.9883,0.9892,0.9899
0.9905,0.9911,0.9917,0.9922,0.9926,0.9930,0.9934,0.9937,0.9940,0.9943
0.9946,0.9948,0.9951,0.9953,0.9955,0.9957,0.9959,0.9961,0.9963,0.9964
0.9966,0.9968,0.9969,0.9971,0.9972,0.9974,0.9975,0.9977,0.9978,0.9979
0.9980,0.9982,0.9983,0.9985,0.9985,0.9986,0.9988,0.9989,0.9990,0.9991
0.9992,0.9993,0.9994,0.9994,0.9995,0.9997,0.9997,0.9998,0.9999,1.0000
hwc1y2fract=0.0001,0.0001,0.0001,0.0002,0.0003,0.0003,0.0004,0.0005
0.0006,0.0006,0.0007,0.0008,0.0009,0.0010,0.0012,0.0014,0.0018,0.0027
0.0042,0.0069,0.0115,0.0181,0.0270,0.0385,0.0526,0.0683,0.0861,0.1056
0.1258,0.1468,0.1687,0.1911,0.2140,0.2368,0.2596,0.2825,0.3055,0.3281
0.3509,0.3738,0.3964,0.4188,0.4410,0.4632,0.4849,0.5062,0.5272,0.5480
0.5690,0.5894,0.6099,0.6301,0.6500,0.6694,0.6891,0.7082,0.7272,0.7457
0.7634,0.7810,0.7978,0.8141,0.8297,0.8446,0.8583,0.8710,0.8827,0.8932
0.9030,0.9122,0.9203,0.9280,0.9347,0.9409,0.9463,0.9515,0.9561,0.9604
0.9642,0.9677,0.9709,0.9736,0.9761,0.9782,0.9802,0.9819,0.9834,0.9847
0.9859,0.9871,0.9879,0.9888,0.9896,0.9903,0.9909,0.9915,0.9920,0.9925
0.9929,0.9933,0.9937,0.9940,0.9944,0.9946,0.9950,0.9952,0.9955,0.9957
0.9960,0.9963,0.9965,0.9967,0.9969,0.9971,0.9973,0.9974,0.9976,0.9977
0.9979,0.9980,0.9982,0.9983,0.9984,0.9986,0.9987,0.9988,0.9989,0.9990
0.9991,0.9993,0.9993,0.9994,0.9995,0.9996,0.9997,0.9998,0.9999,1.0000
hwc1x2fract=0.0001,0.0002,0.0003,0.0004,0.0005,0.0006,0.0007,0.0008
0.0009,0.0010,0.0012,0.0013,0.0015,0.0018,0.0021,0.0025,0.0033,0.0045
0.0067,0.0105,0.0163,0.0243,0.0339,0.0455,0.0587,0.0731,0.0888,0.1058
0.1233,0.1420,0.1616,0.1822,0.2032,0.2245,0.2465,0.2690,0.2912,0.3138
0.3366,0.3595,0.3823,0.4051,0.4276,0.4499,0.4719,0.4943,0.5163,0.5381
0.5601,0.5819,0.6035,0.6246,0.6456,0.6663,0.6866,0.7067,0.7260,0.7452
0.7642,0.7821,0.7998,0.8169,0.8327,0.8477,0.8619,0.8747,0.8867,0.8983
0.9086,0.9180,0.9269,0.9349,0.9422,0.9489,0.9549,0.9604,0.9653,0.9699
0.9737,0.9770,0.9798,0.9820,0.9839,0.9853,0.9866,0.9877,0.9886,0.9894
0.9900,0.9906,0.9912,0.9916,0.9920,0.9924,0.9927,0.9930,0.9933,0.9936
0.9939,0.9942,0.9944,0.9947,0.9949,0.9952,0.9954,0.9956,0.9958,0.9959
0.9961,0.9963,0.9965,0.9967,0.9968,0.9970,0.9971,0.9973,0.9974,0.9976
0.9977,0.9978,0.9980,0.9981,0.9982,0.9984,0.9985,0.9986,0.9988,0.9989
0.9990,0.9991,0.9993,0.9994,0.9995,0.9996,0.9997,0.9998,0.9999,1.0000
hwc2x1fract=0.0001,0.0002,0.0003,0.0004,0.0005,0.0007,0.0008,0.0009
0.0011,0.0012,0.0014,0.0016,0.0019,0.0021,0.0024,0.0028,0.0033,0.0040
0.0052,0.0069,0.0097,0.0140,0.0201,0.0282,0.0384,0.0502,0.0640,0.0792
0.0950,0.1121,0.1300,0.1488,0.1687,0.1888,0.2097,0.2316,0.2535,0.2760
0.2986,0.3216,0.3444,0.3673,0.3904,0.4132,0.4358,0.4586,0.4811,0.5029
0.5250,0.5467,0.5683,0.5898,0.6114,0.6325,0.6535,0.6745,0.6947,0.7145
0.7345,0.7536,0.7727,0.7910,0.8083,0.8248,0.8408,0.8555,0.8696,0.8826
0.8946,0.9053,0.9152,0.9242,0.9325,0.9400,0.9469,0.9530,0.9588,0.9639
0.9683,0.9723,0.9757,0.9786,0.9811,0.9832,0.9848,0.9863,0.9874,0.9883
0.9892,0.9900,0.9906,0.9911,0.9916,0.9921,0.9925,0.9929,0.9932,0.9936
0.9938,0.9941,0.9943,0.9946,0.9948,0.9951,0.9953,0.9955,0.9957,0.9959
0.9961,0.9963,0.9965,0.9966,0.9968,0.9970,0.9971,0.9973,0.9974,0.9976
0.9977,0.9978,0.9979,0.9981,0.9982,0.9984,0.9985,0.9986,0.9987,0.9989
0.9990,0.9991,0.9992,0.9993,0.9994,0.9996,0.9997,0.9998,0.9999,1.0000
hwc2y1fract=0.0000,0.0001,0.0002,0.0002,0.0003,0.0004,0.0004,0.0005
0.0005,0.0006,0.0007,0.0008,0.0009,0.0009,0.0010,0.0012,0.0015,0.0022
0.0035,0.0059,0.0104,0.0175,0.0278,0.0407,0.0562,0.0739,0.0937,0.1149
0.1372,0.1603,0.1839,0.2079,0.2322,0.2561,0.2799,0.3037,0.3274,0.3508
0.3737,0.3963,0.4185,0.4407,0.4627,0.4842,0.5056,0.5265,0.5475,0.5683
0.5889,0.6093,0.6295,0.6494,0.6694,0.6890,0.7083,0.7271,0.7459,0.7646
0.7828,0.8002,0.8173,0.8333,0.8483,0.8624,0.8759,0.8880,0.8992,0.9091
0.9181,0.9264,0.9337,0.9402,0.9458,0.9511,0.9558,0.9601,0.9638,0.9672
0.9705,0.9733,0.9757,0.9779,0.9798,0.9816,0.9831,0.9844,0.9855,0.9865
0.9874,0.9883,0.9891,0.9898,0.9905,0.9910,0.9915,0.9920,0.9923,0.9928
0.9931,0.9935,0.9938,0.9942,0.9945,0.9948,0.9951,0.9953,0.9956,0.9958
0.9961,0.9963,0.9966,0.9967,0.9969,0.9970,0.9973,0.9975,0.9976,0.9978
0.9979,0.9981,0.9982,0.9983,0.9985,0.9986,0.9987,0.9988,0.9989,0.9990
0.9991,0.9992,0.9993,0.9994,0.9995,0.9996,0.9997,0.9998,0.9999,1.0000
hwc2u1fract=0.0001,0.0002,0.0002,0.0003,0.0003,0.0004,0.0005,0.0006
0.0006,0.0007,0.0008,0.0009,0.0010,0.0011,0.0013,0.0016,0.0021,0.0031
0.0054,0.0097,0.0174,0.0281,0.0420,0.0582,0.0766,0.0964,0.1175,0.1395
0.1620,0.1852,0.2082,0.2314,0.2554,0.2790,0.3025,0.3257,0.3488,0.3717
0.3944,0.4166,0.4385,0.4603,0.4821,0.5032,0.5245,0.5456,0.5666,0.5871
0.6075,0.6277,0.6473,0.6667,0.6861,0.7055,0.7247,0.7438,0.7625,0.7806
0.7980,0.8151,0.8315,0.8471,0.8613,0.8748,0.8873,0.8986,0.9085,0.9175
0.9255,0.9327,0.9392,0.9451,0.9504,0.9551,0.9597,0.9637,0.9676,0.9710
0.9740,0.9765,0.9788,0.9807,0.9824,0.9839,0.9852,0.9863,0.9873,0.9881
0.9888,0.9895,0.9901,0.9906,0.9911,0.9916,0.9920,0.9924,0.9928,0.9932
0.9935,0.9938,0.9942,0.9945,0.9948,0.9950,0.9953,0.9956,0.9958,0.9961
0.9963,0.9965,0.9966,0.9968,0.9970,0.9972,0.9973,0.9975,0.9976,0.9978
0.9979,0.9981,0.9982,0.9983,0.9984,0.9986,0.9987,0.9988,0.9989,0.9990
0.9991,0.9992,0.9993,0.9994,0.9995,0.9996,0.9997,0.9998,0.9999,1.0000
hwc2v1fract=0.0001,0.0001,0.0002,0.0003,0.0004,0.0005,0.0006,0.0006
0.0007,0.0009,0.0009,0.0011,0.0012,0.0014,0.0017,0.0021,0.0030,0.0048
0.0083,0.0145,0.0238,0.0362,0.0509,0.0679,0.0868,0.1070,0.1286,0.1505
0.1734,0.1965,0.2197,0.2430,0.2666,0.2899,0.3131,0.3362,0.3589,0.3817
0.4043,0.4264,0.4484,0.4703,0.4918,0.5132,0.5342,0.5550,0.5760,0.5964
0.6161,0.6358,0.6557,0.6753,0.6947,0.7142,0.7330,0.7516,0.7698,0.7875
0.8048,0.8219,0.8377,0.8527,0.8669,0.8799,0.8916,0.9024,0.9121,0.9204
0.9282,0.9352,0.9414,0.9472,0.9525,0.9571,0.9615,0.9654,0.9692,0.9722
0.9750,0.9775,0.9796,0.9815,0.9831,0.9846,0.9857,0.9867,0.9876,0.9884
0.9891,0.9897,0.9903,0.9908,0.9914,0.9919,0.9923,0.9927,0.9931,0.9935
0.9938,0.9942,0.9945,0.9948,0.9950,0.9953,0.9955,0.9957,0.9959,0.9962
0.9964,0.9966,0.9968,0.9970,0.9971,0.9973,0.9974,0.9976,0.9977,0.9978
0.9979,0.9981,0.9982,0.9984,0.9985,0.9986,0.9987,0.9989,0.9990,0.9991
0.9992,0.9992,0.9994,0.9994,0.9995,0.9996,0.9997,0.9998,0.9999,1.0000
hwc2y2fract=0.0001,0.0001,0.0002,0.0002,0.0003,0.0004,0.0004,0.0005
0.0006,0.0006,0.0007,0.0008,0.0009,0.0010,0.0012,0.0014,0.0019,0.0029
0.0047,0.0079,0.0134,0.0217,0.0328,0.0465,0.0629,0.0811,0.1014,0.1235
0.1463,0.1700,0.1938,0.2183,0.2423,0.2661,0.2900,0.3138,0.3373,0.3603
0.3834,0.4061,0.4282,0.4502,0.4723,0.4937,0.5151,0.5360,0.5567,0.5771
0.5974,0.6177,0.6379,0.6579,0.6775,0.6974,0.7167,0.7357,0.7540,0.7721
0.7897,0.8068,0.8234,0.8388,0.8536,0.8675,0.8803,0.8920,0.9028,0.9124
0.9210,0.9288,0.9358,0.9420,0.9476,0.9527,0.9572,0.9613,0.9649,0.9682
0.9713,0.9738,0.9762,0.9783,0.9801,0.9818,0.9833,0.9846,0.9857,0.9867
0.9876,0.9884,0.9892,0.9898,0.9905,0.9910,0.9916,0.9921,0.9925,0.9929
0.9933,0.9936,0.9940,0.9943,0.9946,0.9949,0.9952,0.9955,0.9958,0.9960
0.9962,0.9964,0.9967,0.9969,0.9970,0.9972,0.9974,0.9976,0.9977,0.9979
0.9980,0.9981,0.9983,0.9984,0.9985,0.9986,0.9987,0.9988,0.9990,0.9990
0.9991,0.9992,0.9994,0.9995,0.9995,0.9996,0.9997,0.9998,0.9999,1.0000
hwc2x2fract=0.0001,0.0002,0.0003,0.0004,0.0005,0.0006,0.0007,0.0008
0.0009,0.0011,0.0012,0.0014,0.0015,0.0018,0.0021,0.0024,0.0028,0.0034
0.0045,0.0063,0.0095,0.0149,0.0223,0.0319,0.0437,0.0570,0.0717,0.0877
0.1050,0.1232,0.1425,0.1626,0.1830,0.2041,0.2258,0.2480,0.2706,0.2932
0.3162,0.3391,0.3621,0.3853,0.4084,0.4310,0.4533,0.4757,0.4979,0.5202
0.5422,0.5635,0.5849,0.6063,0.6272,0.6479,0.6685,0.6888,0.7086,0.7286
0.7479,0.7666,0.7850,0.8030,0.8196,0.8359,0.8511,0.8654,0.8784,0.8905
0.9015,0.9114,0.9204,0.9290,0.9366,0.9435,0.9500,0.9559,0.9612,0.9658
0.9700,0.9736,0.9767,0.9794,0.9816,0.9835,0.9851,0.9864,0.9875,0.9885
0.9893,0.9900,0.9907,0.9913,0.9918,0.9922,0.9926,0.9930,0.9933,0.9936
0.9939,0.9942,0.9944,0.9947,0.9950,0.9952,0.9954,0.9956,0.9958,0.9960
0.9962,0.9964,0.9965,0.9967,0.9968,0.9970,0.9971,0.9973,0.9975,0.9976
0.9978,0.9979,0.9980,0.9982,0.9983,0.9984,0.9985,0.9987,0.9988,0.9989
0.9990,0.9991,0.9992,0.9993,0.9994,0.9996,0.9997,0.9998,0.9999,1.0000
