; Lookup table
;number of bins in Meek's time to distance lookup table
hdriftbins=138
;number of 1st bin in Meek's table in ns
hdrift1stbin=-24
;bin size in ns of Meek's table
hdriftbinsz=2
hwc1x1fract=0.0001,0.0001,0.0002,0.0003,0.0004,0.0005,0.0006,0.0007
0.0008,0.0009,0.0011,0.0013,0.0015,0.0018,0.0023,0.0030,0.0041,0.0056
0.0077,0.0107,0.0154,0.0222,0.0309,0.0422,0.0561,0.0716,0.0892,0.1081
0.1277,0.1490,0.1706,0.1929,0.2154,0.2380,0.2609,0.2841,0.3076,0.3311
0.3539,0.3773,0.4002,0.4228,0.4456,0.4679,0.4902,0.5120,0.5344,0.5556
0.5760,0.5973,0.6181,0.6385,0.6592,0.6794,0.6991,0.7187,0.7376,0.7565
0.7747,0.7926,0.8093,0.8255,0.8410,0.8552,0.8686,0.8811,0.8928,0.9028
0.9124,0.9209,0.9288,0.9358,0.9426,0.9488,0.9543,0.9592,0.9639,0.9683
0.9721,0.9756,0.9787,0.9815,0.9837,0.9857,0.9875,0.9889,0.9902,0.9913
0.9922,0.9931,0.9938,0.9945,0.9951,0.9956,0.9960,0.9964,0.9967,0.9970
0.9972,0.9974,0.9977,0.9979,0.9981,0.9982,0.9983,0.9984,0.9986,0.9987
0.9988,0.9989,0.9990,0.9991,0.9992,0.9992,0.9993,0.9994,0.9994,0.9995
0.9995,0.9996,0.9996,0.9997,0.9997,0.9997,0.9998,0.9998,0.9998,0.9998
0.9998,0.9999,0.9999,0.9999,0.9999,0.9999,1.0000,1.0000,1.0000,1.0000
hwc1y1fract=0.0000,0.0001,0.0001,0.0002,0.0003,0.0004,0.0005,0.0006
0.0007,0.0009,0.0010,0.0012,0.0014,0.0018,0.0022,0.0028,0.0039,0.0054
0.0079,0.0122,0.0194,0.0296,0.0435,0.0612,0.0810,0.1033,0.1271,0.1514
0.1763,0.2015,0.2263,0.2508,0.2754,0.2988,0.3226,0.3466,0.3696,0.3927
0.4149,0.4366,0.4581,0.4795,0.5008,0.5219,0.5428,0.5632,0.5833,0.6030
0.6230,0.6427,0.6626,0.6821,0.7009,0.7200,0.7384,0.7571,0.7747,0.7921
0.8093,0.8263,0.8422,0.8571,0.8714,0.8844,0.8962,0.9069,0.9166,0.9252
0.9328,0.9397,0.9454,0.9507,0.9551,0.9592,0.9630,0.9665,0.9695,0.9725
0.9751,0.9776,0.9797,0.9817,0.9833,0.9848,0.9862,0.9874,0.9884,0.9894
0.9903,0.9911,0.9918,0.9925,0.9932,0.9938,0.9943,0.9947,0.9952,0.9956
0.9959,0.9963,0.9966,0.9969,0.9971,0.9974,0.9977,0.9979,0.9981,0.9983
0.9984,0.9986,0.9988,0.9989,0.9990,0.9991,0.9992,0.9993,0.9993,0.9994
0.9995,0.9996,0.9997,0.9997,0.9998,0.9998,0.9998,0.9999,0.9999,0.9999
0.9999,0.9999,0.9999,1.0000,1.0000,1.0000,1.0000,1.0000,1.0000,1.0000
hwc1u1fract=0.0000,0.0000,0.0000,0.0000,0.0000,0.0001,0.0001,0.0001
0.0001,0.0002,0.0002,0.0003,0.0003,0.0004,0.0006,0.0011,0.0021,0.0035
0.0055,0.0087,0.0140,0.0222,0.0340,0.0494,0.0669,0.0869,0.1087,0.1310
0.1547,0.1781,0.2017,0.2256,0.2497,0.2739,0.2977,0.3213,0.3439,0.3667
0.3897,0.4118,0.4338,0.4555,0.4769,0.4981,0.5189,0.5399,0.5605,0.5810
0.6011,0.6209,0.6410,0.6606,0.6803,0.6991,0.7183,0.7372,0.7556,0.7738
0.7910,0.8081,0.8248,0.8400,0.8544,0.8678,0.8805,0.8925,0.9032,0.9125
0.9210,0.9280,0.9342,0.9404,0.9458,0.9506,0.9551,0.9594,0.9634,0.9669
0.9703,0.9733,0.9760,0.9785,0.9807,0.9826,0.9842,0.9857,0.9869,0.9881
0.9891,0.9900,0.9908,0.9914,0.9921,0.9928,0.9934,0.9940,0.9944,0.9949
0.9953,0.9957,0.9960,0.9963,0.9967,0.9969,0.9972,0.9974,0.9976,0.9978
0.9980,0.9982,0.9984,0.9986,0.9987,0.9988,0.9990,0.9991,0.9992,0.9992
0.9993,0.9994,0.9994,0.9995,0.9996,0.9996,0.9996,0.9997,0.9997,0.9998
0.9998,0.9998,0.9999,0.9999,0.9999,1.0000,1.0000,1.0000,1.0000,1.0000
hwc1v1fract=0.0000,0.0000,0.0001,0.0001,0.0001,0.0001,0.0002,0.0002
0.0003,0.0003,0.0004,0.0004,0.0005,0.0007,0.0009,0.0013,0.0022,0.0038
0.0069,0.0124,0.0209,0.0330,0.0486,0.0665,0.0864,0.1082,0.1306,0.1535
0.1768,0.1998,0.2232,0.2463,0.2697,0.2928,0.3157,0.3380,0.3599,0.3819
0.4035,0.4254,0.4470,0.4683,0.4891,0.5102,0.5304,0.5513,0.5722,0.5930
0.6126,0.6328,0.6528,0.6725,0.6924,0.7122,0.7313,0.7500,0.7683,0.7865
0.8040,0.8215,0.8381,0.8537,0.8685,0.8819,0.8937,0.9048,0.9142,0.9221
0.9297,0.9361,0.9419,0.9473,0.9522,0.9565,0.9605,0.9646,0.9680,0.9714
0.9745,0.9773,0.9798,0.9820,0.9839,0.9855,0.9869,0.9882,0.9893,0.9902
0.9910,0.9918,0.9925,0.9932,0.9937,0.9942,0.9947,0.9951,0.9955,0.9958
0.9962,0.9964,0.9967,0.9970,0.9973,0.9975,0.9977,0.9979,0.9981,0.9983
0.9984,0.9986,0.9987,0.9988,0.9989,0.9990,0.9991,0.9992,0.9993,0.9994
0.9995,0.9996,0.9996,0.9997,0.9997,0.9997,0.9998,0.9998,0.9998,0.9999
0.9999,0.9999,0.9999,1.0000,1.0000,1.0000,1.0000,1.0000,1.0000,1.0000
hwc1y2fract=0.0000,0.0000,0.0001,0.0001,0.0001,0.0001,0.0002,0.0002
0.0003,0.0003,0.0004,0.0005,0.0006,0.0008,0.0011,0.0017,0.0028,0.0046
0.0079,0.0136,0.0223,0.0341,0.0491,0.0675,0.0880,0.1104,0.1339,0.1582
0.1832,0.2085,0.2338,0.2584,0.2823,0.3062,0.3297,0.3533,0.3762,0.3990
0.4208,0.4426,0.4641,0.4855,0.5068,0.5276,0.5478,0.5680,0.5884,0.6083
0.6289,0.6485,0.6678,0.6869,0.7065,0.7254,0.7437,0.7617,0.7795,0.7967
0.8133,0.8296,0.8446,0.8589,0.8720,0.8843,0.8955,0.9057,0.9148,0.9229
0.9305,0.9369,0.9424,0.9476,0.9521,0.9565,0.9605,0.9642,0.9674,0.9704
0.9731,0.9755,0.9778,0.9798,0.9815,0.9830,0.9843,0.9856,0.9868,0.9878
0.9887,0.9895,0.9903,0.9912,0.9919,0.9926,0.9931,0.9937,0.9942,0.9948
0.9951,0.9955,0.9959,0.9962,0.9965,0.9968,0.9971,0.9974,0.9976,0.9978
0.9980,0.9982,0.9984,0.9986,0.9987,0.9988,0.9989,0.9991,0.9992,0.9992
0.9993,0.9994,0.9995,0.9995,0.9996,0.9997,0.9997,0.9997,0.9998,0.9998
0.9998,0.9999,0.9999,0.9999,0.9999,0.9999,1.0000,1.0000,1.0000,1.0000
hwc1x2fract=0.0000,0.0001,0.0001,0.0002,0.0002,0.0002,0.0003,0.0004
0.0004,0.0005,0.0006,0.0008,0.0010,0.0013,0.0017,0.0023,0.0035,0.0056
0.0093,0.0150,0.0228,0.0337,0.0468,0.0623,0.0796,0.0980,0.1175,0.1383
0.1600,0.1825,0.2046,0.2279,0.2515,0.2748,0.2984,0.3214,0.3448,0.3682
0.3914,0.4137,0.4362,0.4587,0.4806,0.5022,0.5239,0.5452,0.5658,0.5866
0.6075,0.6278,0.6478,0.6679,0.6877,0.7071,0.7262,0.7453,0.7639,0.7817
0.7993,0.8161,0.8318,0.8471,0.8612,0.8741,0.8864,0.8974,0.9072,0.9165
0.9247,0.9320,0.9386,0.9445,0.9500,0.9554,0.9603,0.9646,0.9686,0.9721
0.9756,0.9786,0.9812,0.9835,0.9855,0.9871,0.9886,0.9899,0.9910,0.9920
0.9928,0.9936,0.9942,0.9948,0.9953,0.9958,0.9961,0.9965,0.9968,0.9971
0.9974,0.9976,0.9978,0.9980,0.9982,0.9983,0.9985,0.9986,0.9987,0.9988
0.9989,0.9990,0.9991,0.9992,0.9992,0.9993,0.9994,0.9994,0.9995,0.9995
0.9996,0.9996,0.9997,0.9997,0.9997,0.9997,0.9998,0.9998,0.9998,0.9998
0.9999,0.9999,0.9999,0.9999,0.9999,1.0000,1.0000,1.0000,1.0000,1.0000
hwc2x1fract=0.0001,0.0001,0.0002,0.0003,0.0004,0.0005,0.0005,0.0006
0.0008,0.0009,0.0011,0.0013,0.0015,0.0018,0.0022,0.0027,0.0034,0.0048
0.0072,0.0111,0.0168,0.0245,0.0342,0.0463,0.0602,0.0765,0.0937,0.1132
0.1335,0.1543,0.1758,0.1979,0.2202,0.2432,0.2660,0.2888,0.3120,0.3352
0.3588,0.3817,0.4048,0.4272,0.4494,0.4717,0.4938,0.5159,0.5378,0.5589
0.5801,0.6013,0.6225,0.6434,0.6640,0.6845,0.7047,0.7250,0.7442,0.7632
0.7818,0.8000,0.8178,0.8347,0.8504,0.8651,0.8782,0.8906,0.9017,0.9115
0.9207,0.9289,0.9364,0.9428,0.9490,0.9545,0.9596,0.9641,0.9684,0.9723
0.9758,0.9790,0.9818,0.9842,0.9861,0.9879,0.9893,0.9907,0.9917,0.9926
0.9934,0.9940,0.9946,0.9952,0.9957,0.9960,0.9964,0.9967,0.9970,0.9973
0.9975,0.9977,0.9979,0.9981,0.9983,0.9984,0.9986,0.9987,0.9988,0.9989
0.9990,0.9991,0.9992,0.9992,0.9993,0.9994,0.9994,0.9995,0.9995,0.9996
0.9996,0.9997,0.9997,0.9997,0.9998,0.9998,0.9998,0.9998,0.9999,0.9999
0.9999,0.9999,0.9999,0.9999,0.9999,1.0000,1.0000,1.0000,1.0000,1.0000
hwc2y1fract=0.0000,0.0000,0.0000,0.0000,0.0001,0.0001,0.0001,0.0002
0.0002,0.0003,0.0004,0.0004,0.0005,0.0007,0.0009,0.0011,0.0016,0.0026
0.0043,0.0081,0.0145,0.0246,0.0384,0.0553,0.0756,0.0984,0.1226,0.1475
0.1726,0.1988,0.2242,0.2494,0.2745,0.2990,0.3230,0.3470,0.3702,0.3934
0.4156,0.4372,0.4590,0.4806,0.5018,0.5233,0.5443,0.5651,0.5857,0.6064
0.6267,0.6468,0.6663,0.6859,0.7056,0.7248,0.7438,0.7623,0.7804,0.7983
0.8154,0.8322,0.8482,0.8631,0.8774,0.8906,0.9028,0.9134,0.9228,0.9312
0.9387,0.9451,0.9508,0.9558,0.9603,0.9643,0.9679,0.9709,0.9739,0.9767
0.9791,0.9810,0.9830,0.9847,0.9861,0.9874,0.9886,0.9895,0.9903,0.9911
0.9918,0.9925,0.9931,0.9936,0.9941,0.9945,0.9948,0.9952,0.9955,0.9959
0.9962,0.9964,0.9967,0.9969,0.9971,0.9974,0.9976,0.9978,0.9979,0.9981
0.9983,0.9984,0.9986,0.9987,0.9989,0.9990,0.9991,0.9992,0.9993,0.9994
0.9994,0.9995,0.9996,0.9996,0.9997,0.9997,0.9998,0.9998,0.9999,0.9999
0.9999,0.9999,0.9999,1.0000,1.0000,1.0000,1.0000,1.0000,1.0000,1.0000
hwc2u1fract=0.0000,0.0000,0.0000,0.0000,0.0000,0.0001,0.0001,0.0001
0.0001,0.0002,0.0002,0.0002,0.0003,0.0004,0.0005,0.0007,0.0009,0.0014
0.0029,0.0062,0.0131,0.0235,0.0382,0.0568,0.0781,0.1014,0.1263,0.1509
0.1758,0.2009,0.2258,0.2505,0.2746,0.2985,0.3219,0.3454,0.3686,0.3914
0.4136,0.4355,0.4571,0.4785,0.5002,0.5208,0.5418,0.5623,0.5824,0.6031
0.6233,0.6434,0.6630,0.6822,0.7016,0.7204,0.7398,0.7584,0.7765,0.7944
0.8122,0.8292,0.8455,0.8606,0.8752,0.8883,0.9007,0.9117,0.9213,0.9299
0.9372,0.9437,0.9490,0.9540,0.9585,0.9624,0.9659,0.9692,0.9722,0.9750
0.9777,0.9799,0.9819,0.9839,0.9854,0.9867,0.9879,0.9890,0.9899,0.9908
0.9915,0.9921,0.9927,0.9932,0.9936,0.9941,0.9945,0.9950,0.9953,0.9957
0.9960,0.9963,0.9965,0.9967,0.9970,0.9973,0.9975,0.9977,0.9979,0.9981
0.9983,0.9984,0.9986,0.9987,0.9988,0.9989,0.9990,0.9991,0.9992,0.9993
0.9994,0.9995,0.9996,0.9996,0.9997,0.9997,0.9998,0.9998,0.9998,0.9998
0.9999,0.9999,0.9999,0.9999,0.9999,1.0000,1.0000,1.0000,1.0000,1.0000
hwc2v1fract=0.0000,0.0000,0.0001,0.0001,0.0001,0.0002,0.0002,0.0002
0.0003,0.0003,0.0004,0.0004,0.0005,0.0007,0.0009,0.0012,0.0017,0.0028
0.0050,0.0098,0.0185,0.0311,0.0475,0.0673,0.0889,0.1121,0.1364,0.1611
0.1863,0.2116,0.2357,0.2607,0.2847,0.3082,0.3315,0.3547,0.3775,0.3997
0.4216,0.4437,0.4651,0.4871,0.5083,0.5292,0.5497,0.5702,0.5908,0.6111
0.6310,0.6505,0.6697,0.6895,0.7087,0.7274,0.7465,0.7652,0.7829,0.8007
0.8178,0.8345,0.8501,0.8653,0.8793,0.8921,0.9037,0.9141,0.9233,0.9315
0.9382,0.9444,0.9498,0.9547,0.9592,0.9630,0.9665,0.9698,0.9727,0.9753
0.9778,0.9801,0.9820,0.9838,0.9853,0.9868,0.9879,0.9888,0.9897,0.9905
0.9913,0.9920,0.9926,0.9932,0.9937,0.9942,0.9946,0.9950,0.9953,0.9957
0.9960,0.9963,0.9966,0.9968,0.9971,0.9973,0.9975,0.9977,0.9979,0.9981
0.9983,0.9985,0.9987,0.9988,0.9989,0.9990,0.9991,0.9993,0.9994,0.9995
0.9995,0.9996,0.9996,0.9997,0.9997,0.9998,0.9998,0.9998,0.9999,0.9999
0.9999,0.9999,0.9999,0.9999,0.9999,1.0000,1.0000,1.0000,1.0000,1.0000
hwc2y2fract=0.0000,0.0000,0.0000,0.0001,0.0001,0.0002,0.0002,0.0002
0.0003,0.0004,0.0005,0.0006,0.0007,0.0009,0.0012,0.0016,0.0023,0.0037
0.0060,0.0101,0.0172,0.0279,0.0427,0.0606,0.0813,0.1040,0.1287,0.1539
0.1794,0.2049,0.2303,0.2552,0.2801,0.3051,0.3285,0.3523,0.3749,0.3985
0.4208,0.4428,0.4645,0.4863,0.5077,0.5291,0.5495,0.5695,0.5906,0.6105
0.6305,0.6513,0.6711,0.6906,0.7106,0.7300,0.7490,0.7676,0.7857,0.8033
0.8198,0.8366,0.8520,0.8669,0.8809,0.8939,0.9051,0.9152,0.9241,0.9324
0.9396,0.9459,0.9513,0.9560,0.9601,0.9640,0.9677,0.9711,0.9741,0.9766
0.9791,0.9813,0.9832,0.9848,0.9863,0.9876,0.9887,0.9898,0.9906,0.9914
0.9921,0.9928,0.9933,0.9937,0.9943,0.9947,0.9950,0.9954,0.9957,0.9960
0.9963,0.9967,0.9969,0.9971,0.9973,0.9975,0.9978,0.9979,0.9981,0.9982
0.9984,0.9985,0.9987,0.9988,0.9989,0.9991,0.9992,0.9993,0.9994,0.9994
0.9995,0.9996,0.9996,0.9997,0.9997,0.9998,0.9998,0.9999,0.9999,0.9999
0.9999,0.9999,0.9999,1.0000,1.0000,1.0000,1.0000,1.0000,1.0000,1.0000
hwc2x2fract=0.0000,0.0001,0.0001,0.0002,0.0003,0.0003,0.0004,0.0004
0.0005,0.0006,0.0007,0.0009,0.0011,0.0013,0.0016,0.0020,0.0028,0.0041
0.0062,0.0096,0.0151,0.0227,0.0332,0.0467,0.0622,0.0793,0.0984,0.1186
0.1402,0.1619,0.1853,0.2082,0.2318,0.2550,0.2789,0.3024,0.3256,0.3489
0.3719,0.3951,0.4182,0.4405,0.4631,0.4849,0.5065,0.5284,0.5497,0.5707
0.5913,0.6120,0.6327,0.6532,0.6732,0.6932,0.7134,0.7330,0.7518,0.7705
0.7890,0.8068,0.8236,0.8396,0.8546,0.8686,0.8815,0.8934,0.9045,0.9137
0.9227,0.9305,0.9374,0.9436,0.9494,0.9547,0.9595,0.9639,0.9681,0.9718
0.9753,0.9781,0.9808,0.9831,0.9851,0.9869,0.9883,0.9896,0.9908,0.9918
0.9927,0.9933,0.9940,0.9946,0.9951,0.9956,0.9960,0.9963,0.9967,0.9970
0.9973,0.9975,0.9977,0.9979,0.9981,0.9983,0.9984,0.9986,0.9987,0.9989
0.9990,0.9991,0.9991,0.9992,0.9993,0.9993,0.9994,0.9995,0.9995,0.9996
0.9996,0.9997,0.9997,0.9997,0.9998,0.9998,0.9998,0.9999,0.9999,0.9999
0.9999,0.9999,0.9999,0.9999,1.0000,1.0000,1.0000,1.0000,1.0000,1.0000
