; Lookup table
;number of bins in Meek's time to distance lookup table
hdriftbins=138
;number of 1st bin in Meek's table in ns
hdrift1stbin=-24
;bin size in ns of Meek's table
hdriftbinsz=2
hwc1x1fract=0.0001,0.0001,0.0002,0.0003,0.0003,0.0004,0.0005,0.0006
0.0008,0.0009,0.0011,0.0013,0.0015,0.0018,0.0022,0.0028,0.0037,0.0050
0.0067,0.0094,0.0134,0.0195,0.0278,0.0384,0.0512,0.0657,0.0818,0.0993
0.1181,0.1379,0.1584,0.1796,0.2012,0.2236,0.2461,0.2692,0.2923,0.3158
0.3395,0.3627,0.3859,0.4091,0.4322,0.4547,0.4772,0.4999,0.5222,0.5439
0.5659,0.5874,0.6085,0.6298,0.6502,0.6707,0.6910,0.7111,0.7310,0.7502
0.7690,0.7872,0.8048,0.8217,0.8378,0.8529,0.8670,0.8799,0.8917,0.9028
0.9128,0.9216,0.9298,0.9374,0.9442,0.9504,0.9561,0.9613,0.9660,0.9702
0.9742,0.9775,0.9803,0.9829,0.9850,0.9869,0.9886,0.9900,0.9912,0.9922
0.9931,0.9939,0.9944,0.9950,0.9955,0.9959,0.9962,0.9965,0.9968,0.9971
0.9973,0.9975,0.9977,0.9979,0.9981,0.9983,0.9984,0.9985,0.9986,0.9987
0.9988,0.9989,0.9989,0.9990,0.9991,0.9992,0.9992,0.9993,0.9993,0.9994
0.9994,0.9995,0.9995,0.9996,0.9996,0.9997,0.9997,0.9997,0.9998,0.9998
0.9998,0.9998,0.9999,0.9999,0.9999,0.9999,0.9999,1.0000,1.0000,1.0000
hwc1y1fract=0.0000,0.0001,0.0001,0.0002,0.0003,0.0003,0.0004,0.0005
0.0006,0.0008,0.0009,0.0011,0.0013,0.0016,0.0019,0.0025,0.0033,0.0047
0.0067,0.0104,0.0166,0.0256,0.0383,0.0544,0.0731,0.0941,0.1171,0.1408
0.1652,0.1898,0.2144,0.2394,0.2641,0.2885,0.3124,0.3364,0.3600,0.3830
0.4059,0.4284,0.4502,0.4721,0.4938,0.5151,0.5357,0.5565,0.5770,0.5975
0.6176,0.6378,0.6580,0.6775,0.6974,0.7165,0.7356,0.7543,0.7729,0.7906
0.8079,0.8245,0.8404,0.8558,0.8703,0.8835,0.8958,0.9068,0.9166,0.9253
0.9331,0.9400,0.9463,0.9514,0.9562,0.9606,0.9644,0.9680,0.9712,0.9742
0.9768,0.9791,0.9812,0.9831,0.9848,0.9862,0.9875,0.9886,0.9897,0.9906
0.9914,0.9922,0.9929,0.9935,0.9940,0.9946,0.9950,0.9954,0.9957,0.9961
0.9964,0.9967,0.9970,0.9972,0.9974,0.9976,0.9978,0.9980,0.9982,0.9983
0.9985,0.9986,0.9988,0.9989,0.9990,0.9991,0.9992,0.9993,0.9993,0.9994
0.9995,0.9995,0.9996,0.9996,0.9996,0.9997,0.9997,0.9997,0.9998,0.9998
0.9998,0.9998,0.9999,0.9999,0.9999,0.9999,0.9999,1.0000,1.0000,1.0000
hwc1u1fract=0.0000,0.0000,0.0000,0.0001,0.0001,0.0001,0.0001,0.0001
0.0002,0.0002,0.0002,0.0003,0.0004,0.0005,0.0007,0.0011,0.0019,0.0031
0.0049,0.0076,0.0125,0.0203,0.0312,0.0452,0.0619,0.0806,0.1013,0.1232
0.1460,0.1692,0.1928,0.2167,0.2403,0.2640,0.2874,0.3108,0.3341,0.3574
0.3800,0.4027,0.4245,0.4464,0.4682,0.4899,0.5112,0.5320,0.5530,0.5739
0.5947,0.6149,0.6348,0.6549,0.6743,0.6938,0.7131,0.7322,0.7509,0.7695
0.7876,0.8051,0.8218,0.8375,0.8528,0.8668,0.8799,0.8917,0.9022,0.9118
0.9205,0.9281,0.9351,0.9412,0.9467,0.9518,0.9564,0.9607,0.9645,0.9681
0.9713,0.9743,0.9769,0.9794,0.9814,0.9833,0.9849,0.9863,0.9876,0.9887
0.9897,0.9906,0.9914,0.9920,0.9927,0.9933,0.9939,0.9943,0.9947,0.9952
0.9956,0.9959,0.9962,0.9966,0.9968,0.9971,0.9974,0.9976,0.9978,0.9980
0.9982,0.9984,0.9985,0.9986,0.9988,0.9989,0.9990,0.9991,0.9991,0.9992
0.9993,0.9994,0.9994,0.9995,0.9996,0.9996,0.9997,0.9997,0.9997,0.9998
0.9998,0.9998,0.9998,0.9999,0.9999,0.9999,1.0000,1.0000,1.0000,1.0000
hwc1v1fract=0.0000,0.0000,0.0000,0.0001,0.0001,0.0001,0.0002,0.0002
0.0002,0.0003,0.0004,0.0005,0.0006,0.0007,0.0010,0.0013,0.0020,0.0033
0.0057,0.0104,0.0180,0.0289,0.0428,0.0599,0.0790,0.0997,0.1209,0.1435
0.1662,0.1895,0.2132,0.2366,0.2600,0.2836,0.3066,0.3294,0.3519,0.3743
0.3967,0.4189,0.4406,0.4622,0.4835,0.5046,0.5258,0.5468,0.5676,0.5883
0.6086,0.6287,0.6489,0.6688,0.6884,0.7079,0.7274,0.7464,0.7653,0.7839
0.8019,0.8193,0.8360,0.8520,0.8668,0.8806,0.8930,0.9042,0.9139,0.9229
0.9308,0.9376,0.9435,0.9488,0.9536,0.9581,0.9622,0.9660,0.9694,0.9726
0.9756,0.9783,0.9806,0.9828,0.9847,0.9862,0.9876,0.9887,0.9898,0.9908
0.9915,0.9922,0.9929,0.9934,0.9939,0.9944,0.9949,0.9953,0.9957,0.9960
0.9963,0.9966,0.9969,0.9972,0.9974,0.9976,0.9978,0.9979,0.9981,0.9983
0.9984,0.9986,0.9987,0.9988,0.9989,0.9990,0.9991,0.9992,0.9993,0.9993
0.9994,0.9995,0.9995,0.9996,0.9996,0.9997,0.9997,0.9997,0.9998,0.9998
0.9998,0.9999,0.9999,0.9999,0.9999,0.9999,1.0000,1.0000,1.0000,1.0000
hwc1y2fract=0.0000,0.0000,0.0000,0.0001,0.0001,0.0001,0.0002,0.0002
0.0002,0.0003,0.0003,0.0004,0.0005,0.0006,0.0007,0.0010,0.0014,0.0022
0.0036,0.0062,0.0109,0.0185,0.0291,0.0430,0.0597,0.0789,0.1003,0.1233
0.1471,0.1716,0.1961,0.2206,0.2448,0.2693,0.2935,0.3168,0.3401,0.3630
0.3857,0.4083,0.4305,0.4525,0.4741,0.4954,0.5166,0.5372,0.5578,0.5785
0.5991,0.6196,0.6397,0.6597,0.6796,0.6991,0.7185,0.7377,0.7562,0.7742
0.7920,0.8091,0.8255,0.8411,0.8563,0.8700,0.8829,0.8945,0.9053,0.9147
0.9232,0.9310,0.9378,0.9437,0.9490,0.9539,0.9582,0.9620,0.9656,0.9689
0.9719,0.9747,0.9771,0.9792,0.9811,0.9828,0.9844,0.9858,0.9869,0.9880
0.9891,0.9900,0.9909,0.9916,0.9923,0.9930,0.9935,0.9941,0.9946,0.9950
0.9954,0.9957,0.9961,0.9963,0.9966,0.9969,0.9971,0.9974,0.9976,0.9978
0.9980,0.9982,0.9984,0.9985,0.9986,0.9988,0.9989,0.9990,0.9991,0.9992
0.9993,0.9993,0.9994,0.9995,0.9995,0.9996,0.9996,0.9997,0.9997,0.9998
0.9998,0.9998,0.9998,0.9999,0.9999,0.9999,0.9999,1.0000,1.0000,1.0000
hwc1x2fract=0.0000,0.0001,0.0001,0.0001,0.0002,0.0002,0.0003,0.0003
0.0004,0.0005,0.0005,0.0006,0.0008,0.0009,0.0011,0.0015,0.0021,0.0031
0.0050,0.0083,0.0134,0.0207,0.0305,0.0428,0.0570,0.0729,0.0900,0.1088
0.1286,0.1491,0.1708,0.1926,0.2150,0.2378,0.2610,0.2844,0.3077,0.3311
0.3548,0.3780,0.4011,0.4238,0.4463,0.4687,0.4909,0.5128,0.5345,0.5561
0.5774,0.5987,0.6198,0.6404,0.6607,0.6811,0.7008,0.7205,0.7399,0.7588
0.7773,0.7953,0.8128,0.8293,0.8451,0.8593,0.8729,0.8856,0.8971,0.9073
0.9166,0.9251,0.9329,0.9399,0.9462,0.9521,0.9576,0.9624,0.9670,0.9710
0.9747,0.9780,0.9808,0.9832,0.9852,0.9870,0.9886,0.9899,0.9910,0.9920
0.9928,0.9935,0.9942,0.9947,0.9951,0.9956,0.9960,0.9963,0.9966,0.9969
0.9971,0.9973,0.9975,0.9977,0.9978,0.9980,0.9981,0.9983,0.9984,0.9985
0.9986,0.9987,0.9988,0.9989,0.9989,0.9990,0.9991,0.9992,0.9993,0.9993
0.9994,0.9994,0.9995,0.9995,0.9995,0.9996,0.9996,0.9997,0.9997,0.9997
0.9998,0.9998,0.9998,0.9998,0.9999,0.9999,0.9999,0.9999,1.0000,1.0000
hwc2x1fract=0.0001,0.0001,0.0002,0.0003,0.0004,0.0005,0.0005,0.0007
0.0008,0.0009,0.0011,0.0013,0.0015,0.0019,0.0022,0.0026,0.0033,0.0044
0.0064,0.0096,0.0142,0.0209,0.0296,0.0405,0.0533,0.0681,0.0844,0.1022
0.1211,0.1410,0.1618,0.1833,0.2056,0.2281,0.2509,0.2741,0.2977,0.3209
0.3445,0.3681,0.3911,0.4140,0.4369,0.4591,0.4816,0.5038,0.5261,0.5484
0.5702,0.5916,0.6131,0.6340,0.6550,0.6756,0.6964,0.7166,0.7365,0.7556
0.7745,0.7931,0.8109,0.8279,0.8444,0.8596,0.8735,0.8864,0.8981,0.9088
0.9185,0.9270,0.9348,0.9418,0.9482,0.9540,0.9593,0.9642,0.9684,0.9722
0.9757,0.9789,0.9816,0.9841,0.9862,0.9879,0.9894,0.9907,0.9917,0.9926
0.9935,0.9941,0.9947,0.9952,0.9956,0.9960,0.9963,0.9966,0.9969,0.9972
0.9974,0.9976,0.9978,0.9980,0.9981,0.9983,0.9984,0.9985,0.9986,0.9987
0.9988,0.9989,0.9990,0.9991,0.9992,0.9993,0.9993,0.9994,0.9994,0.9995
0.9995,0.9996,0.9996,0.9997,0.9997,0.9997,0.9997,0.9998,0.9998,0.9998
0.9998,0.9999,0.9999,0.9999,0.9999,0.9999,1.0000,1.0000,1.0000,1.0000
hwc2y1fract=0.0000,0.0000,0.0001,0.0001,0.0001,0.0001,0.0002,0.0002
0.0003,0.0003,0.0004,0.0004,0.0005,0.0006,0.0008,0.0011,0.0015,0.0023
0.0038,0.0071,0.0128,0.0219,0.0345,0.0507,0.0698,0.0913,0.1146,0.1388
0.1642,0.1897,0.2151,0.2404,0.2652,0.2893,0.3138,0.3378,0.3614,0.3846
0.4075,0.4296,0.4516,0.4731,0.4947,0.5159,0.5370,0.5577,0.5786,0.5993
0.6200,0.6403,0.6604,0.6805,0.7002,0.7199,0.7395,0.7585,0.7770,0.7950
0.8127,0.8295,0.8460,0.8615,0.8760,0.8889,0.9013,0.9121,0.9221,0.9306
0.9384,0.9451,0.9510,0.9561,0.9608,0.9647,0.9684,0.9717,0.9747,0.9774
0.9797,0.9818,0.9836,0.9853,0.9867,0.9880,0.9891,0.9901,0.9910,0.9917
0.9924,0.9930,0.9936,0.9940,0.9945,0.9949,0.9952,0.9956,0.9958,0.9962
0.9964,0.9967,0.9970,0.9972,0.9974,0.9976,0.9977,0.9979,0.9981,0.9983
0.9984,0.9985,0.9987,0.9988,0.9989,0.9990,0.9991,0.9992,0.9993,0.9993
0.9994,0.9995,0.9995,0.9996,0.9996,0.9997,0.9997,0.9998,0.9998,0.9998
0.9998,0.9999,0.9999,0.9999,0.9999,0.9999,1.0000,1.0000,1.0000,1.0000
hwc2u1fract=0.0000,0.0000,0.0000,0.0001,0.0001,0.0001,0.0001,0.0002
0.0002,0.0002,0.0002,0.0003,0.0003,0.0004,0.0005,0.0006,0.0009,0.0015
0.0027,0.0057,0.0119,0.0216,0.0353,0.0527,0.0729,0.0952,0.1188,0.1436
0.1681,0.1935,0.2183,0.2433,0.2678,0.2919,0.3156,0.3389,0.3618,0.3848
0.4070,0.4296,0.4511,0.4727,0.4939,0.5151,0.5361,0.5569,0.5774,0.5979
0.6181,0.6381,0.6579,0.6776,0.6972,0.7162,0.7351,0.7540,0.7728,0.7913
0.8091,0.8262,0.8430,0.8587,0.8735,0.8873,0.8998,0.9110,0.9209,0.9296
0.9372,0.9436,0.9495,0.9546,0.9591,0.9631,0.9668,0.9702,0.9733,0.9759
0.9783,0.9806,0.9826,0.9843,0.9858,0.9872,0.9884,0.9894,0.9903,0.9911
0.9918,0.9925,0.9931,0.9936,0.9940,0.9945,0.9949,0.9952,0.9954,0.9957
0.9960,0.9963,0.9966,0.9969,0.9971,0.9973,0.9975,0.9977,0.9979,0.9981
0.9983,0.9984,0.9986,0.9987,0.9988,0.9989,0.9991,0.9991,0.9992,0.9993
0.9994,0.9994,0.9995,0.9996,0.9996,0.9996,0.9997,0.9997,0.9998,0.9998
0.9998,0.9998,0.9999,0.9999,0.9999,0.9999,0.9999,1.0000,1.0000,1.0000
hwc2v1fract=0.0000,0.0000,0.0001,0.0001,0.0001,0.0001,0.0002,0.0002
0.0003,0.0003,0.0004,0.0005,0.0006,0.0007,0.0009,0.0012,0.0016,0.0026
0.0045,0.0085,0.0160,0.0274,0.0422,0.0606,0.0815,0.1042,0.1281,0.1527
0.1775,0.2028,0.2276,0.2524,0.2762,0.3002,0.3239,0.3479,0.3707,0.3933
0.4155,0.4378,0.4594,0.4811,0.5022,0.5233,0.5441,0.5650,0.5854,0.6053
0.6253,0.6456,0.6652,0.6847,0.7043,0.7233,0.7420,0.7607,0.7788,0.7967
0.8141,0.8311,0.8475,0.8629,0.8771,0.8905,0.9026,0.9132,0.9227,0.9310
0.9383,0.9448,0.9503,0.9552,0.9595,0.9636,0.9672,0.9705,0.9735,0.9762
0.9787,0.9810,0.9830,0.9848,0.9862,0.9875,0.9886,0.9897,0.9906,0.9913
0.9920,0.9926,0.9931,0.9936,0.9941,0.9945,0.9949,0.9953,0.9957,0.9960
0.9962,0.9965,0.9968,0.9970,0.9973,0.9975,0.9977,0.9979,0.9980,0.9982
0.9985,0.9986,0.9987,0.9989,0.9990,0.9991,0.9992,0.9993,0.9993,0.9994
0.9995,0.9995,0.9996,0.9996,0.9997,0.9997,0.9997,0.9998,0.9998,0.9998
0.9998,0.9999,0.9999,0.9999,0.9999,0.9999,1.0000,1.0000,1.0000,1.0000
hwc2y2fract=0.0000,0.0000,0.0001,0.0001,0.0001,0.0001,0.0002,0.0002
0.0003,0.0003,0.0004,0.0005,0.0006,0.0008,0.0010,0.0013,0.0019,0.0029
0.0049,0.0085,0.0148,0.0248,0.0381,0.0549,0.0741,0.0960,0.1197,0.1444
0.1696,0.1949,0.2204,0.2459,0.2707,0.2953,0.3193,0.3431,0.3665,0.3896
0.4124,0.4344,0.4562,0.4779,0.4998,0.5214,0.5424,0.5629,0.5834,0.6040
0.6246,0.6448,0.6649,0.6846,0.7042,0.7238,0.7428,0.7615,0.7799,0.7981
0.8154,0.8324,0.8485,0.8638,0.8780,0.8912,0.9032,0.9140,0.9236,0.9321
0.9397,0.9461,0.9517,0.9568,0.9613,0.9654,0.9689,0.9720,0.9750,0.9776
0.9799,0.9820,0.9838,0.9855,0.9869,0.9882,0.9893,0.9902,0.9910,0.9919
0.9925,0.9931,0.9937,0.9941,0.9946,0.9950,0.9954,0.9958,0.9960,0.9963
0.9966,0.9968,0.9970,0.9972,0.9974,0.9976,0.9978,0.9980,0.9981,0.9983
0.9984,0.9985,0.9987,0.9988,0.9989,0.9990,0.9991,0.9992,0.9993,0.9994
0.9994,0.9995,0.9995,0.9996,0.9996,0.9997,0.9997,0.9998,0.9998,0.9998
0.9998,0.9999,0.9999,0.9999,0.9999,0.9999,1.0000,1.0000,1.0000,1.0000
hwc2x2fract=0.0000,0.0001,0.0001,0.0002,0.0002,0.0003,0.0004,0.0005
0.0006,0.0007,0.0008,0.0010,0.0012,0.0013,0.0016,0.0020,0.0025,0.0036
0.0054,0.0082,0.0127,0.0195,0.0288,0.0406,0.0546,0.0705,0.0883,0.1076
0.1279,0.1494,0.1718,0.1942,0.2173,0.2406,0.2639,0.2877,0.3114,0.3348
0.3580,0.3816,0.4049,0.4275,0.4504,0.4729,0.4954,0.5175,0.5394,0.5610
0.5822,0.6032,0.6240,0.6448,0.6653,0.6859,0.7062,0.7258,0.7452,0.7644
0.7830,0.8010,0.8188,0.8352,0.8508,0.8651,0.8788,0.8913,0.9026,0.9126
0.9221,0.9303,0.9377,0.9444,0.9503,0.9558,0.9606,0.9651,0.9694,0.9731
0.9764,0.9792,0.9818,0.9840,0.9860,0.9877,0.9890,0.9903,0.9914,0.9923
0.9931,0.9938,0.9944,0.9949,0.9953,0.9958,0.9961,0.9965,0.9967,0.9970
0.9972,0.9974,0.9976,0.9978,0.9980,0.9981,0.9983,0.9985,0.9986,0.9987
0.9988,0.9990,0.9990,0.9991,0.9992,0.9993,0.9993,0.9994,0.9994,0.9995
0.9995,0.9996,0.9996,0.9996,0.9997,0.9997,0.9997,0.9997,0.9998,0.9998
0.9998,0.9998,0.9999,0.9999,0.9999,0.9999,0.9999,1.0000,1.0000,1.0000
