; Lookup table
;number of bins in Meek's time to distance lookup table
hdriftbins=138
;number of 1st bin in Meek's table in ns
hdrift1stbin=-24
;bin size in ns of Meek's table
hdriftbinsz=2
hwc1x1fract=0.0013,0.0028,0.0042,0.0056,0.0073,0.0086,0.0101,0.0119
0.0136,0.0152,0.0166,0.0182,0.0200,0.0219,0.0241,0.0264,0.0289,0.0318
0.0352,0.0391,0.0440,0.0505,0.0577,0.0664,0.0752,0.0848,0.0957,0.1073
0.1198,0.1329,0.1463,0.1599,0.1750,0.1905,0.2062,0.2215,0.2377,0.2545
0.2712,0.2874,0.3039,0.3208,0.3387,0.3558,0.3736,0.3906,0.4076,0.4244
0.4413,0.4592,0.4768,0.4947,0.5120,0.5286,0.5452,0.5619,0.5775,0.5935
0.6097,0.6260,0.6401,0.6547,0.6684,0.6817,0.6949,0.7075,0.7194,0.7312
0.7413,0.7520,0.7629,0.7721,0.7812,0.7895,0.7974,0.8048,0.8120,0.8188
0.8245,0.8301,0.8356,0.8407,0.8455,0.8500,0.8542,0.8580,0.8618,0.8652
0.8687,0.8721,0.8755,0.8792,0.8825,0.8858,0.8891,0.8921,0.8953,0.8985
0.9014,0.9043,0.9076,0.9103,0.9133,0.9161,0.9188,0.9210,0.9237,0.9268
0.9298,0.9327,0.9355,0.9381,0.9407,0.9434,0.9465,0.9491,0.9518,0.9541
0.9566,0.9596,0.9622,0.9648,0.9671,0.9694,0.9717,0.9741,0.9763,0.9788
0.9808,0.9828,0.9853,0.9876,0.9899,0.9920,0.9940,0.9960,0.9981,1.0000
hwc1y1fract=0.0010,0.0024,0.0036,0.0049,0.0062,0.0076,0.0091,0.0105
0.0120,0.0134,0.0152,0.0167,0.0186,0.0206,0.0223,0.0246,0.0273,0.0299
0.0330,0.0366,0.0416,0.0474,0.0544,0.0634,0.0742,0.0860,0.0989,0.1118
0.1259,0.1406,0.1556,0.1713,0.1870,0.2037,0.2204,0.2364,0.2535,0.2704
0.2871,0.3041,0.3215,0.3383,0.3551,0.3728,0.3892,0.4057,0.4235,0.4408
0.4572,0.4746,0.4913,0.5081,0.5246,0.5402,0.5565,0.5734,0.5896,0.6052
0.6209,0.6357,0.6503,0.6641,0.6777,0.6915,0.7038,0.7161,0.7274,0.7381
0.7483,0.7578,0.7662,0.7741,0.7821,0.7901,0.7972,0.8038,0.8098,0.8163
0.8215,0.8272,0.8328,0.8376,0.8422,0.8467,0.8511,0.8550,0.8589,0.8629
0.8672,0.8709,0.8741,0.8775,0.8808,0.8837,0.8868,0.8899,0.8931,0.8964
0.8995,0.9027,0.9058,0.9089,0.9118,0.9150,0.9179,0.9209,0.9232,0.9258
0.9288,0.9310,0.9333,0.9359,0.9389,0.9417,0.9445,0.9471,0.9496,0.9520
0.9550,0.9574,0.9599,0.9624,0.9650,0.9678,0.9704,0.9726,0.9753,0.9779
0.9806,0.9829,0.9852,0.9878,0.9899,0.9919,0.9939,0.9961,0.9981,1.0000
hwc1u1fract=0.0014,0.0023,0.0036,0.0047,0.0058,0.0070,0.0081,0.0093
0.0104,0.0117,0.0128,0.0140,0.0151,0.0166,0.0178,0.0190,0.0204,0.0221
0.0245,0.0276,0.0321,0.0381,0.0459,0.0559,0.0657,0.0771,0.0896,0.1033
0.1173,0.1323,0.1471,0.1624,0.1773,0.1939,0.2096,0.2274,0.2444,0.2605
0.2784,0.2952,0.3134,0.3300,0.3469,0.3637,0.3804,0.3977,0.4156,0.4328
0.4498,0.4680,0.4850,0.5019,0.5196,0.5360,0.5530,0.5701,0.5871,0.6038
0.6196,0.6350,0.6505,0.6649,0.6790,0.6924,0.7056,0.7177,0.7293,0.7405
0.7514,0.7612,0.7706,0.7802,0.7887,0.7971,0.8047,0.8123,0.8192,0.8258
0.8319,0.8378,0.8434,0.8491,0.8533,0.8577,0.8619,0.8659,0.8699,0.8733
0.8765,0.8801,0.8833,0.8863,0.8897,0.8928,0.8958,0.8988,0.9020,0.9047
0.9073,0.9101,0.9130,0.9159,0.9186,0.9213,0.9241,0.9264,0.9290,0.9313
0.9340,0.9368,0.9395,0.9421,0.9442,0.9466,0.9487,0.9514,0.9537,0.9561
0.9584,0.9608,0.9632,0.9658,0.9679,0.9703,0.9727,0.9754,0.9777,0.9803
0.9821,0.9841,0.9861,0.9881,0.9903,0.9923,0.9940,0.9960,0.9982,1.0000
hwc1v1fract=0.0010,0.0021,0.0030,0.0042,0.0052,0.0063,0.0075,0.0086
0.0097,0.0109,0.0120,0.0132,0.0144,0.0155,0.0169,0.0179,0.0198,0.0219
0.0243,0.0280,0.0333,0.0399,0.0482,0.0582,0.0687,0.0810,0.0934,0.1074
0.1232,0.1377,0.1537,0.1694,0.1852,0.2024,0.2199,0.2377,0.2548,0.2715
0.2885,0.3059,0.3232,0.3408,0.3583,0.3759,0.3934,0.4100,0.4285,0.4461
0.4633,0.4803,0.4973,0.5146,0.5316,0.5491,0.5649,0.5824,0.5991,0.6158
0.6298,0.6458,0.6617,0.6766,0.6914,0.7054,0.7188,0.7307,0.7422,0.7535
0.7633,0.7730,0.7817,0.7898,0.7979,0.8061,0.8132,0.8205,0.8275,0.8333
0.8393,0.8446,0.8499,0.8554,0.8598,0.8637,0.8680,0.8717,0.8751,0.8785
0.8819,0.8854,0.8886,0.8918,0.8947,0.8977,0.9006,0.9036,0.9064,0.9092
0.9121,0.9147,0.9173,0.9198,0.9223,0.9246,0.9274,0.9303,0.9328,0.9353
0.9374,0.9399,0.9422,0.9444,0.9467,0.9491,0.9514,0.9539,0.9564,0.9589
0.9610,0.9633,0.9655,0.9675,0.9699,0.9722,0.9742,0.9762,0.9782,0.9803
0.9824,0.9843,0.9864,0.9885,0.9903,0.9925,0.9942,0.9961,0.9984,1.0000
hwc1y2fract=0.0012,0.0024,0.0037,0.0050,0.0064,0.0077,0.0089,0.0099
0.0113,0.0127,0.0141,0.0153,0.0167,0.0182,0.0197,0.0215,0.0235,0.0258
0.0289,0.0323,0.0373,0.0433,0.0505,0.0593,0.0700,0.0815,0.0944,0.1076
0.1214,0.1360,0.1513,0.1666,0.1824,0.1991,0.2152,0.2322,0.2505,0.2674
0.2844,0.3014,0.3183,0.3355,0.3532,0.3708,0.3882,0.4057,0.4229,0.4396
0.4561,0.4726,0.4902,0.5072,0.5247,0.5406,0.5570,0.5737,0.5885,0.6045
0.6197,0.6345,0.6491,0.6631,0.6771,0.6902,0.7027,0.7150,0.7270,0.7376
0.7478,0.7569,0.7656,0.7739,0.7820,0.7892,0.7959,0.8023,0.8094,0.8158
0.8214,0.8267,0.8318,0.8362,0.8410,0.8458,0.8497,0.8541,0.8578,0.8610
0.8645,0.8677,0.8715,0.8745,0.8780,0.8812,0.8844,0.8876,0.8907,0.8938
0.8968,0.9000,0.9026,0.9056,0.9083,0.9109,0.9141,0.9172,0.9203,0.9232
0.9258,0.9285,0.9310,0.9337,0.9366,0.9394,0.9421,0.9449,0.9475,0.9501
0.9530,0.9559,0.9586,0.9615,0.9644,0.9671,0.9695,0.9721,0.9745,0.9772
0.9795,0.9820,0.9845,0.9864,0.9889,0.9909,0.9929,0.9952,0.9974,1.0000
hwc1x2fract=0.0012,0.0028,0.0043,0.0057,0.0070,0.0085,0.0097,0.0110
0.0124,0.0136,0.0151,0.0167,0.0184,0.0204,0.0222,0.0245,0.0274,0.0306
0.0346,0.0392,0.0454,0.0527,0.0610,0.0704,0.0808,0.0917,0.1033,0.1167
0.1303,0.1444,0.1589,0.1736,0.1882,0.2041,0.2191,0.2355,0.2518,0.2688
0.2864,0.3031,0.3209,0.3382,0.3554,0.3739,0.3918,0.4094,0.4264,0.4442
0.4611,0.4782,0.4950,0.5119,0.5279,0.5447,0.5602,0.5768,0.5932,0.6091
0.6243,0.6396,0.6544,0.6682,0.6816,0.6951,0.7071,0.7191,0.7312,0.7419
0.7520,0.7615,0.7708,0.7790,0.7878,0.7951,0.8025,0.8102,0.8166,0.8229
0.8288,0.8341,0.8390,0.8432,0.8477,0.8518,0.8555,0.8593,0.8630,0.8670
0.8703,0.8732,0.8766,0.8800,0.8835,0.8864,0.8896,0.8929,0.8958,0.8992
0.9020,0.9051,0.9075,0.9102,0.9129,0.9153,0.9179,0.9207,0.9235,0.9261
0.9290,0.9319,0.9349,0.9377,0.9402,0.9430,0.9458,0.9487,0.9511,0.9539
0.9563,0.9585,0.9611,0.9638,0.9662,0.9687,0.9710,0.9731,0.9756,0.9779
0.9799,0.9822,0.9847,0.9872,0.9895,0.9914,0.9936,0.9957,0.9977,1.0000
hwc2x1fract=0.0012,0.0027,0.0037,0.0050,0.0064,0.0077,0.0090,0.0103
0.0116,0.0132,0.0147,0.0161,0.0178,0.0200,0.0221,0.0247,0.0276,0.0309
0.0353,0.0410,0.0473,0.0553,0.0633,0.0729,0.0830,0.0953,0.1080,0.1208
0.1351,0.1489,0.1626,0.1775,0.1936,0.2094,0.2252,0.2420,0.2597,0.2781
0.2960,0.3132,0.3314,0.3492,0.3672,0.3852,0.4036,0.4220,0.4401,0.4574
0.4753,0.4935,0.5111,0.5288,0.5466,0.5641,0.5813,0.5974,0.6139,0.6304
0.6458,0.6617,0.6761,0.6907,0.7049,0.7177,0.7301,0.7423,0.7546,0.7656
0.7766,0.7854,0.7944,0.8026,0.8107,0.8185,0.8256,0.8327,0.8387,0.8444
0.8495,0.8543,0.8589,0.8628,0.8672,0.8709,0.8748,0.8783,0.8820,0.8852
0.8883,0.8911,0.8941,0.8970,0.8993,0.9019,0.9044,0.9069,0.9100,0.9127
0.9154,0.9177,0.9200,0.9228,0.9254,0.9281,0.9308,0.9333,0.9360,0.9386
0.9410,0.9432,0.9454,0.9481,0.9504,0.9527,0.9551,0.9576,0.9597,0.9618
0.9639,0.9661,0.9680,0.9703,0.9726,0.9747,0.9767,0.9786,0.9805,0.9824
0.9841,0.9860,0.9879,0.9897,0.9916,0.9933,0.9951,0.9968,0.9982,1.0000
hwc2y1fract=0.0012,0.0024,0.0036,0.0047,0.0059,0.0071,0.0080,0.0090
0.0102,0.0113,0.0126,0.0139,0.0151,0.0164,0.0177,0.0194,0.0213,0.0234
0.0259,0.0294,0.0335,0.0391,0.0463,0.0560,0.0654,0.0772,0.0897,0.1037
0.1187,0.1339,0.1498,0.1656,0.1819,0.1987,0.2157,0.2325,0.2497,0.2665
0.2847,0.3020,0.3200,0.3386,0.3568,0.3747,0.3910,0.4084,0.4261,0.4431
0.4601,0.4774,0.4946,0.5113,0.5287,0.5455,0.5627,0.5792,0.5965,0.6127
0.6288,0.6448,0.6609,0.6758,0.6899,0.7032,0.7165,0.7292,0.7412,0.7518
0.7621,0.7719,0.7815,0.7897,0.7975,0.8048,0.8119,0.8184,0.8250,0.8310
0.8365,0.8412,0.8459,0.8505,0.8548,0.8590,0.8628,0.8666,0.8705,0.8736
0.8770,0.8806,0.8835,0.8865,0.8893,0.8921,0.8950,0.8978,0.9006,0.9036
0.9064,0.9094,0.9122,0.9149,0.9177,0.9205,0.9230,0.9255,0.9283,0.9311
0.9337,0.9361,0.9388,0.9412,0.9437,0.9464,0.9486,0.9511,0.9533,0.9556
0.9580,0.9602,0.9623,0.9647,0.9670,0.9693,0.9717,0.9740,0.9763,0.9786
0.9806,0.9829,0.9850,0.9875,0.9900,0.9921,0.9941,0.9961,0.9981,1.0000
hwc2u1fract=0.0010,0.0020,0.0032,0.0041,0.0052,0.0063,0.0072,0.0084
0.0095,0.0107,0.0118,0.0128,0.0137,0.0149,0.0160,0.0174,0.0189,0.0207
0.0233,0.0278,0.0341,0.0429,0.0527,0.0647,0.0772,0.0912,0.1058,0.1206
0.1364,0.1533,0.1710,0.1884,0.2048,0.2220,0.2398,0.2570,0.2751,0.2925
0.3103,0.3280,0.3459,0.3635,0.3814,0.3997,0.4179,0.4367,0.4543,0.4718
0.4893,0.5070,0.5240,0.5414,0.5601,0.5770,0.5931,0.6100,0.6271,0.6433
0.6584,0.6740,0.6893,0.7041,0.7178,0.7306,0.7437,0.7547,0.7657,0.7756
0.7857,0.7948,0.8028,0.8107,0.8183,0.8249,0.8317,0.8379,0.8430,0.8490
0.8545,0.8593,0.8636,0.8680,0.8723,0.8758,0.8794,0.8828,0.8854,0.8882
0.8914,0.8940,0.8972,0.9000,0.9027,0.9053,0.9080,0.9105,0.9133,0.9158
0.9184,0.9211,0.9237,0.9258,0.9282,0.9306,0.9326,0.9351,0.9370,0.9392
0.9411,0.9435,0.9458,0.9482,0.9505,0.9527,0.9548,0.9570,0.9591,0.9610
0.9630,0.9651,0.9671,0.9692,0.9711,0.9729,0.9750,0.9772,0.9791,0.9810
0.9828,0.9848,0.9867,0.9887,0.9907,0.9925,0.9945,0.9965,0.9983,1.0000
hwc2v1fract=0.0010,0.0021,0.0031,0.0041,0.0050,0.0061,0.0070,0.0079
0.0092,0.0102,0.0112,0.0122,0.0134,0.0145,0.0156,0.0170,0.0183,0.0201
0.0224,0.0260,0.0314,0.0383,0.0471,0.0574,0.0691,0.0835,0.0972,0.1118
0.1276,0.1447,0.1599,0.1771,0.1941,0.2121,0.2284,0.2460,0.2644,0.2822
0.3003,0.3183,0.3358,0.3543,0.3721,0.3893,0.4073,0.4247,0.4430,0.4611
0.4791,0.4960,0.5140,0.5321,0.5491,0.5667,0.5835,0.6000,0.6165,0.6330
0.6485,0.6632,0.6781,0.6931,0.7073,0.7210,0.7343,0.7471,0.7591,0.7703
0.7799,0.7895,0.7977,0.8054,0.8127,0.8200,0.8265,0.8334,0.8394,0.8450
0.8503,0.8552,0.8601,0.8647,0.8689,0.8731,0.8768,0.8802,0.8837,0.8868
0.8899,0.8925,0.8954,0.8982,0.9008,0.9035,0.9061,0.9089,0.9116,0.9142
0.9168,0.9194,0.9221,0.9245,0.9266,0.9291,0.9312,0.9338,0.9363,0.9384
0.9409,0.9432,0.9457,0.9482,0.9500,0.9522,0.9544,0.9566,0.9588,0.9608
0.9627,0.9649,0.9670,0.9694,0.9715,0.9734,0.9754,0.9774,0.9793,0.9813
0.9833,0.9851,0.9872,0.9894,0.9910,0.9930,0.9948,0.9967,0.9984,1.0000
hwc2y2fract=0.0013,0.0023,0.0036,0.0046,0.0057,0.0067,0.0081,0.0092
0.0102,0.0115,0.0128,0.0141,0.0155,0.0168,0.0185,0.0204,0.0224,0.0245
0.0269,0.0301,0.0344,0.0395,0.0461,0.0550,0.0658,0.0769,0.0895,0.1036
0.1190,0.1353,0.1512,0.1679,0.1843,0.2006,0.2186,0.2363,0.2525,0.2698
0.2884,0.3059,0.3235,0.3410,0.3601,0.3781,0.3955,0.4122,0.4293,0.4468
0.4635,0.4809,0.4980,0.5159,0.5331,0.5508,0.5675,0.5839,0.5997,0.6159
0.6318,0.6473,0.6626,0.6768,0.6908,0.7048,0.7177,0.7298,0.7409,0.7516
0.7614,0.7703,0.7787,0.7874,0.7954,0.8029,0.8103,0.8171,0.8231,0.8290
0.8345,0.8396,0.8451,0.8495,0.8537,0.8579,0.8618,0.8659,0.8696,0.8731
0.8765,0.8797,0.8828,0.8862,0.8894,0.8922,0.8954,0.8987,0.9018,0.9043
0.9069,0.9099,0.9130,0.9157,0.9183,0.9203,0.9231,0.9254,0.9280,0.9307
0.9332,0.9355,0.9377,0.9400,0.9427,0.9454,0.9482,0.9506,0.9533,0.9557
0.9582,0.9606,0.9630,0.9653,0.9678,0.9700,0.9725,0.9750,0.9770,0.9794
0.9818,0.9841,0.9862,0.9883,0.9902,0.9924,0.9941,0.9962,0.9980,1.0000
hwc2x2fract=0.0009,0.0026,0.0039,0.0053,0.0065,0.0077,0.0089,0.0101
0.0114,0.0126,0.0140,0.0157,0.0170,0.0188,0.0205,0.0223,0.0244,0.0273
0.0301,0.0346,0.0405,0.0475,0.0557,0.0653,0.0763,0.0874,0.0996,0.1139
0.1277,0.1427,0.1580,0.1728,0.1888,0.2051,0.2223,0.2405,0.2566,0.2740
0.2916,0.3092,0.3264,0.3445,0.3624,0.3797,0.3982,0.4159,0.4331,0.4505
0.4673,0.4861,0.5037,0.5205,0.5376,0.5558,0.5730,0.5899,0.6062,0.6226
0.6393,0.6560,0.6715,0.6857,0.7008,0.7148,0.7273,0.7395,0.7511,0.7621
0.7731,0.7823,0.7920,0.8005,0.8090,0.8165,0.8244,0.8315,0.8375,0.8435
0.8486,0.8535,0.8585,0.8626,0.8672,0.8712,0.8748,0.8779,0.8816,0.8845
0.8876,0.8909,0.8935,0.8962,0.8989,0.9013,0.9044,0.9073,0.9094,0.9120
0.9146,0.9171,0.9197,0.9228,0.9252,0.9275,0.9298,0.9319,0.9339,0.9361
0.9383,0.9407,0.9429,0.9451,0.9473,0.9497,0.9519,0.9542,0.9566,0.9588
0.9611,0.9631,0.9653,0.9676,0.9698,0.9721,0.9743,0.9766,0.9787,0.9809
0.9830,0.9851,0.9872,0.9889,0.9905,0.9923,0.9946,0.9963,0.9983,1.0000
