; Lookup table
;number of bins in Meek's time to distance lookup table
hdriftbins=138
;number of 1st bin in Meek's table in ns
hdrift1stbin=-24
;bin size in ns of Meek's table
hdriftbinsz=2
hwc1x1fract=0.0001,0.0003,0.0005,0.0006,0.0008,0.0010,0.0013,0.0015
0.0017,0.0020,0.0023,0.0026,0.0030,0.0037,0.0048,0.0064,0.0086,0.0116
0.0154,0.0206,0.0275,0.0361,0.0459,0.0577,0.0707,0.0850,0.1004,0.1165
0.1334,0.1512,0.1699,0.1887,0.2083,0.2284,0.2492,0.2701,0.2912,0.3128
0.3343,0.3563,0.3787,0.4009,0.4227,0.4448,0.4670,0.4898,0.5120,0.5337
0.5556,0.5770,0.5984,0.6198,0.6411,0.6620,0.6823,0.7025,0.7226,0.7421
0.7607,0.7790,0.7969,0.8140,0.8300,0.8453,0.8595,0.8731,0.8855,0.8970
0.9077,0.9173,0.9261,0.9342,0.9417,0.9482,0.9545,0.9599,0.9647,0.9690
0.9728,0.9760,0.9788,0.9812,0.9833,0.9850,0.9864,0.9874,0.9884,0.9893
0.9900,0.9906,0.9911,0.9916,0.9920,0.9924,0.9928,0.9931,0.9934,0.9937
0.9940,0.9943,0.9945,0.9948,0.9950,0.9952,0.9954,0.9956,0.9958,0.9959
0.9961,0.9963,0.9965,0.9967,0.9968,0.9970,0.9971,0.9972,0.9974,0.9976
0.9977,0.9979,0.9980,0.9981,0.9982,0.9984,0.9985,0.9986,0.9987,0.9989
0.9990,0.9991,0.9992,0.9994,0.9995,0.9996,0.9997,0.9998,0.9999,1.0000
hwc1y1fract=0.0002,0.0003,0.0005,0.0006,0.0008,0.0009,0.0011,0.0013
0.0016,0.0019,0.0022,0.0025,0.0029,0.0033,0.0040,0.0048,0.0060,0.0077
0.0104,0.0149,0.0218,0.0310,0.0434,0.0583,0.0752,0.0935,0.1134,0.1341
0.1551,0.1766,0.1989,0.2211,0.2434,0.2659,0.2883,0.3105,0.3328,0.3550
0.3766,0.3984,0.4198,0.4414,0.4628,0.4836,0.5049,0.5256,0.5464,0.5673
0.5877,0.6077,0.6277,0.6478,0.6676,0.6869,0.7064,0.7256,0.7441,0.7625
0.7806,0.7981,0.8149,0.8311,0.8464,0.8611,0.8748,0.8871,0.8988,0.9090
0.9182,0.9263,0.9337,0.9402,0.9462,0.9514,0.9561,0.9605,0.9645,0.9680
0.9710,0.9737,0.9761,0.9782,0.9800,0.9817,0.9831,0.9844,0.9856,0.9866
0.9876,0.9885,0.9892,0.9898,0.9905,0.9910,0.9916,0.9920,0.9925,0.9930
0.9933,0.9937,0.9940,0.9943,0.9946,0.9949,0.9952,0.9954,0.9957,0.9959
0.9961,0.9963,0.9965,0.9966,0.9968,0.9970,0.9972,0.9973,0.9975,0.9977
0.9978,0.9979,0.9981,0.9982,0.9984,0.9985,0.9986,0.9987,0.9988,0.9990
0.9991,0.9992,0.9993,0.9994,0.9995,0.9996,0.9997,0.9998,0.9999,1.0000
hwc1u1fract=0.0001,0.0002,0.0003,0.0004,0.0005,0.0007,0.0008,0.0010
0.0011,0.0013,0.0014,0.0015,0.0018,0.0022,0.0031,0.0046,0.0068,0.0098
0.0137,0.0194,0.0274,0.0381,0.0507,0.0654,0.0817,0.0992,0.1175,0.1368
0.1566,0.1772,0.1981,0.2189,0.2401,0.2621,0.2838,0.3052,0.3270,0.3491
0.3711,0.3930,0.4146,0.4366,0.4580,0.4797,0.5008,0.5223,0.5432,0.5637
0.5842,0.6045,0.6249,0.6453,0.6655,0.6854,0.7050,0.7244,0.7434,0.7614
0.7789,0.7964,0.8130,0.8292,0.8445,0.8586,0.8717,0.8839,0.8949,0.9051
0.9144,0.9227,0.9302,0.9370,0.9431,0.9487,0.9537,0.9584,0.9627,0.9666
0.9699,0.9731,0.9757,0.9779,0.9800,0.9816,0.9831,0.9844,0.9854,0.9865
0.9873,0.9882,0.9890,0.9896,0.9902,0.9908,0.9913,0.9918,0.9922,0.9927
0.9931,0.9935,0.9938,0.9942,0.9945,0.9948,0.9951,0.9954,0.9956,0.9958
0.9961,0.9963,0.9965,0.9967,0.9969,0.9970,0.9972,0.9974,0.9976,0.9977
0.9979,0.9980,0.9982,0.9983,0.9984,0.9985,0.9987,0.9988,0.9989,0.9990
0.9991,0.9992,0.9993,0.9994,0.9995,0.9996,0.9998,0.9998,0.9999,1.0000
hwc1v1fract=0.0001,0.0002,0.0004,0.0005,0.0006,0.0007,0.0009,0.0010
0.0011,0.0013,0.0014,0.0016,0.0018,0.0020,0.0023,0.0027,0.0033,0.0044
0.0066,0.0106,0.0169,0.0264,0.0386,0.0533,0.0698,0.0878,0.1070,0.1269
0.1475,0.1685,0.1898,0.2114,0.2334,0.2553,0.2770,0.2987,0.3208,0.3429
0.3647,0.3865,0.4083,0.4296,0.4507,0.4718,0.4928,0.5136,0.5341,0.5547
0.5752,0.5955,0.6158,0.6359,0.6555,0.6752,0.6946,0.7138,0.7325,0.7517
0.7703,0.7883,0.8057,0.8228,0.8389,0.8543,0.8683,0.8812,0.8932,0.9036
0.9130,0.9215,0.9291,0.9359,0.9422,0.9477,0.9528,0.9574,0.9616,0.9653
0.9687,0.9718,0.9746,0.9769,0.9789,0.9807,0.9823,0.9838,0.9850,0.9861
0.9869,0.9877,0.9885,0.9892,0.9899,0.9904,0.9909,0.9915,0.9919,0.9924
0.9928,0.9932,0.9936,0.9940,0.9942,0.9946,0.9949,0.9952,0.9954,0.9957
0.9960,0.9962,0.9964,0.9966,0.9968,0.9970,0.9972,0.9974,0.9975,0.9977
0.9978,0.9980,0.9981,0.9982,0.9984,0.9985,0.9986,0.9987,0.9989,0.9990
0.9991,0.9992,0.9993,0.9994,0.9995,0.9996,0.9997,0.9998,0.9999,1.0000
hwc1y2fract=0.0001,0.0002,0.0004,0.0005,0.0006,0.0008,0.0010,0.0011
0.0013,0.0015,0.0017,0.0020,0.0023,0.0026,0.0031,0.0039,0.0052,0.0073
0.0109,0.0165,0.0245,0.0349,0.0480,0.0637,0.0808,0.0995,0.1196,0.1400
0.1613,0.1832,0.2051,0.2274,0.2496,0.2715,0.2936,0.3159,0.3380,0.3600
0.3819,0.4034,0.4250,0.4461,0.4674,0.4884,0.5090,0.5299,0.5504,0.5710
0.5914,0.6117,0.6320,0.6521,0.6718,0.6917,0.7111,0.7300,0.7484,0.7663
0.7838,0.8008,0.8172,0.8329,0.8477,0.8619,0.8748,0.8867,0.8976,0.9075
0.9167,0.9249,0.9322,0.9386,0.9444,0.9497,0.9545,0.9587,0.9626,0.9662
0.9693,0.9721,0.9746,0.9768,0.9788,0.9804,0.9819,0.9832,0.9845,0.9856
0.9866,0.9875,0.9883,0.9890,0.9897,0.9903,0.9909,0.9914,0.9919,0.9923
0.9928,0.9932,0.9935,0.9939,0.9942,0.9945,0.9948,0.9951,0.9954,0.9956
0.9958,0.9961,0.9963,0.9965,0.9967,0.9969,0.9971,0.9973,0.9974,0.9976
0.9977,0.9979,0.9981,0.9982,0.9983,0.9984,0.9985,0.9987,0.9988,0.9989
0.9990,0.9991,0.9993,0.9994,0.9994,0.9996,0.9997,0.9998,0.9999,1.0000
hwc1x2fract=0.0001,0.0002,0.0004,0.0005,0.0006,0.0008,0.0009,0.0011
0.0013,0.0015,0.0016,0.0019,0.0021,0.0024,0.0030,0.0037,0.0050,0.0070
0.0100,0.0145,0.0208,0.0291,0.0392,0.0507,0.0639,0.0781,0.0934,0.1098
0.1270,0.1456,0.1643,0.1837,0.2041,0.2251,0.2461,0.2674,0.2887,0.3106
0.3326,0.3547,0.3767,0.3989,0.4206,0.4429,0.4651,0.4870,0.5088,0.5307
0.5524,0.5737,0.5952,0.6165,0.6377,0.6584,0.6791,0.6992,0.7191,0.7390
0.7582,0.7766,0.7948,0.8120,0.8284,0.8439,0.8587,0.8724,0.8849,0.8966
0.9073,0.9170,0.9260,0.9340,0.9412,0.9479,0.9539,0.9594,0.9642,0.9685
0.9724,0.9756,0.9784,0.9807,0.9827,0.9843,0.9857,0.9868,0.9877,0.9886
0.9893,0.9900,0.9906,0.9911,0.9915,0.9919,0.9923,0.9927,0.9931,0.9934
0.9938,0.9940,0.9943,0.9946,0.9948,0.9951,0.9953,0.9955,0.9957,0.9959
0.9961,0.9963,0.9964,0.9966,0.9968,0.9969,0.9971,0.9972,0.9974,0.9976
0.9977,0.9978,0.9979,0.9981,0.9982,0.9983,0.9985,0.9986,0.9987,0.9988
0.9990,0.9991,0.9992,0.9993,0.9994,0.9995,0.9997,0.9998,0.9999,1.0000
hwc2x1fract=0.0001,0.0003,0.0004,0.0006,0.0008,0.0010,0.0011,0.0013
0.0015,0.0018,0.0020,0.0022,0.0025,0.0029,0.0034,0.0040,0.0049,0.0065
0.0093,0.0136,0.0194,0.0269,0.0362,0.0470,0.0594,0.0730,0.0880,0.1042
0.1208,0.1382,0.1568,0.1758,0.1956,0.2160,0.2368,0.2580,0.2794,0.3008
0.3226,0.3448,0.3668,0.3893,0.4114,0.4338,0.4560,0.4782,0.5004,0.5224
0.5442,0.5662,0.5880,0.6098,0.6311,0.6522,0.6733,0.6942,0.7141,0.7343
0.7538,0.7731,0.7916,0.8094,0.8262,0.8426,0.8576,0.8713,0.8844,0.8963
0.9073,0.9171,0.9262,0.9343,0.9417,0.9484,0.9545,0.9597,0.9644,0.9686
0.9723,0.9755,0.9783,0.9808,0.9827,0.9844,0.9858,0.9869,0.9880,0.9888
0.9896,0.9902,0.9908,0.9914,0.9919,0.9923,0.9927,0.9931,0.9934,0.9938
0.9940,0.9943,0.9946,0.9948,0.9951,0.9953,0.9955,0.9957,0.9959,0.9961
0.9963,0.9965,0.9966,0.9968,0.9969,0.9971,0.9972,0.9974,0.9975,0.9977
0.9978,0.9979,0.9981,0.9983,0.9984,0.9985,0.9986,0.9988,0.9989,0.9990
0.9991,0.9992,0.9993,0.9994,0.9995,0.9996,0.9997,0.9998,0.9999,1.0000
hwc2y1fract=0.0001,0.0002,0.0003,0.0005,0.0006,0.0007,0.0008,0.0010
0.0012,0.0013,0.0015,0.0017,0.0019,0.0022,0.0025,0.0030,0.0038,0.0050
0.0072,0.0110,0.0175,0.0267,0.0393,0.0543,0.0717,0.0909,0.1117,0.1332
0.1553,0.1782,0.2011,0.2241,0.2472,0.2701,0.2930,0.3158,0.3384,0.3609
0.3830,0.4053,0.4271,0.4492,0.4705,0.4919,0.5128,0.5335,0.5539,0.5746
0.5951,0.6153,0.6359,0.6562,0.6760,0.6959,0.7152,0.7343,0.7532,0.7716
0.7895,0.8069,0.8241,0.8402,0.8556,0.8700,0.8834,0.8959,0.9069,0.9166
0.9256,0.9335,0.9406,0.9467,0.9521,0.9569,0.9612,0.9649,0.9683,0.9714
0.9740,0.9764,0.9784,0.9802,0.9817,0.9832,0.9845,0.9856,0.9865,0.9874
0.9882,0.9889,0.9896,0.9902,0.9908,0.9913,0.9917,0.9921,0.9925,0.9929
0.9933,0.9937,0.9940,0.9943,0.9947,0.9949,0.9952,0.9955,0.9957,0.9960
0.9962,0.9964,0.9966,0.9968,0.9970,0.9972,0.9974,0.9975,0.9977,0.9978
0.9979,0.9981,0.9982,0.9984,0.9985,0.9986,0.9988,0.9989,0.9990,0.9991
0.9992,0.9993,0.9994,0.9995,0.9996,0.9996,0.9997,0.9998,0.9999,1.0000
hwc2u1fract=0.0001,0.0002,0.0003,0.0004,0.0005,0.0006,0.0007,0.0008
0.0010,0.0011,0.0013,0.0014,0.0015,0.0017,0.0019,0.0021,0.0024,0.0031
0.0044,0.0072,0.0125,0.0211,0.0329,0.0480,0.0654,0.0849,0.1053,0.1268
0.1490,0.1718,0.1947,0.2175,0.2404,0.2632,0.2855,0.3079,0.3301,0.3524
0.3741,0.3961,0.4174,0.4390,0.4601,0.4812,0.5021,0.5230,0.5438,0.5643
0.5847,0.6048,0.6251,0.6449,0.6645,0.6841,0.7034,0.7227,0.7418,0.7605
0.7788,0.7967,0.8139,0.8307,0.8467,0.8616,0.8753,0.8883,0.8998,0.9103
0.9196,0.9278,0.9350,0.9415,0.9471,0.9523,0.9568,0.9608,0.9644,0.9678
0.9708,0.9734,0.9757,0.9778,0.9797,0.9813,0.9827,0.9840,0.9850,0.9860
0.9868,0.9876,0.9883,0.9889,0.9895,0.9901,0.9906,0.9911,0.9916,0.9921
0.9925,0.9929,0.9932,0.9936,0.9940,0.9943,0.9947,0.9950,0.9953,0.9956
0.9959,0.9961,0.9963,0.9965,0.9967,0.9970,0.9971,0.9973,0.9975,0.9976
0.9978,0.9979,0.9981,0.9982,0.9984,0.9985,0.9986,0.9988,0.9989,0.9990
0.9992,0.9993,0.9994,0.9995,0.9996,0.9997,0.9998,0.9998,0.9999,1.0000
hwc2v1fract=0.0001,0.0002,0.0003,0.0004,0.0005,0.0006,0.0008,0.0009
0.0010,0.0012,0.0013,0.0015,0.0017,0.0019,0.0021,0.0025,0.0030,0.0039
0.0059,0.0099,0.0167,0.0268,0.0403,0.0561,0.0743,0.0943,0.1149,0.1368
0.1590,0.1816,0.2041,0.2266,0.2493,0.2720,0.2945,0.3174,0.3396,0.3618
0.3834,0.4051,0.4262,0.4477,0.4690,0.4903,0.5110,0.5318,0.5522,0.5728
0.5929,0.6133,0.6333,0.6532,0.6729,0.6923,0.7117,0.7309,0.7494,0.7678
0.7858,0.8034,0.8207,0.8370,0.8526,0.8673,0.8808,0.8933,0.9042,0.9143
0.9228,0.9307,0.9377,0.9439,0.9494,0.9543,0.9587,0.9626,0.9662,0.9694
0.9723,0.9748,0.9771,0.9790,0.9808,0.9823,0.9837,0.9848,0.9858,0.9867
0.9876,0.9883,0.9890,0.9896,0.9901,0.9906,0.9912,0.9916,0.9921,0.9926
0.9930,0.9934,0.9937,0.9941,0.9944,0.9948,0.9950,0.9953,0.9956,0.9958
0.9961,0.9963,0.9965,0.9967,0.9969,0.9971,0.9972,0.9974,0.9976,0.9977
0.9979,0.9980,0.9982,0.9983,0.9984,0.9986,0.9987,0.9988,0.9989,0.9990
0.9992,0.9993,0.9994,0.9995,0.9996,0.9997,0.9997,0.9999,0.9999,1.0000
hwc2y2fract=0.0001,0.0002,0.0003,0.0005,0.0006,0.0007,0.0009,0.0010
0.0012,0.0014,0.0016,0.0019,0.0021,0.0024,0.0029,0.0035,0.0045,0.0061
0.0088,0.0134,0.0205,0.0306,0.0433,0.0591,0.0770,0.0967,0.1176,0.1395
0.1617,0.1846,0.2074,0.2306,0.2540,0.2772,0.3003,0.3230,0.3455,0.3678
0.3901,0.4120,0.4338,0.4555,0.4770,0.4981,0.5191,0.5396,0.5602,0.5809
0.6011,0.6214,0.6416,0.6613,0.6811,0.7008,0.7204,0.7392,0.7580,0.7761
0.7939,0.8112,0.8278,0.8439,0.8591,0.8735,0.8867,0.8987,0.9097,0.9193
0.9278,0.9352,0.9419,0.9480,0.9532,0.9580,0.9621,0.9659,0.9692,0.9720
0.9746,0.9768,0.9788,0.9806,0.9821,0.9835,0.9847,0.9858,0.9867,0.9876
0.9884,0.9891,0.9898,0.9903,0.9908,0.9913,0.9918,0.9922,0.9926,0.9930
0.9933,0.9937,0.9940,0.9943,0.9946,0.9949,0.9951,0.9954,0.9956,0.9959
0.9961,0.9963,0.9965,0.9967,0.9969,0.9971,0.9973,0.9975,0.9976,0.9978
0.9979,0.9981,0.9982,0.9983,0.9984,0.9986,0.9987,0.9988,0.9989,0.9990
0.9992,0.9992,0.9994,0.9995,0.9995,0.9997,0.9997,0.9998,0.9999,1.0000
hwc2x2fract=0.0001,0.0002,0.0004,0.0006,0.0007,0.0009,0.0010,0.0012
0.0014,0.0016,0.0018,0.0021,0.0024,0.0029,0.0034,0.0044,0.0060,0.0087
0.0126,0.0182,0.0258,0.0352,0.0467,0.0596,0.0736,0.0891,0.1056,0.1232
0.1411,0.1604,0.1803,0.2007,0.2215,0.2428,0.2642,0.2862,0.3082,0.3305
0.3528,0.3751,0.3974,0.4197,0.4419,0.4643,0.4860,0.5080,0.5297,0.5515
0.5731,0.5944,0.6153,0.6367,0.6577,0.6784,0.6987,0.7187,0.7382,0.7577
0.7766,0.7949,0.8125,0.8294,0.8453,0.8602,0.8740,0.8866,0.8981,0.9088
0.9185,0.9273,0.9352,0.9424,0.9490,0.9548,0.9600,0.9647,0.9690,0.9727
0.9758,0.9786,0.9808,0.9828,0.9844,0.9858,0.9870,0.9880,0.9889,0.9896
0.9903,0.9909,0.9914,0.9919,0.9923,0.9927,0.9931,0.9934,0.9937,0.9940
0.9943,0.9945,0.9948,0.9950,0.9952,0.9955,0.9957,0.9958,0.9960,0.9962
0.9964,0.9966,0.9968,0.9969,0.9971,0.9972,0.9974,0.9975,0.9976,0.9978
0.9979,0.9980,0.9982,0.9983,0.9984,0.9986,0.9987,0.9988,0.9989,0.9990
0.9991,0.9992,0.9993,0.9994,0.9995,0.9996,0.9997,0.9998,0.9999,1.0000
