; Lookup table
;number of bins in Meek's time to distance lookup table
hdriftbins=138
;number of 1st bin in Meek's table in ns
hdrift1stbin=-24
;bin size in ns of Meek's table
hdriftbinsz=2
hwc1x1fract=0.0000,0.0000,0.0000,0.0001,0.0001,0.0001,0.0001,0.0002
0.0003,0.0003,0.0005,0.0007,0.0009,0.0012,0.0015,0.0021,0.0038,0.0049
0.0067,0.0094,0.0133,0.0200,0.0279,0.0393,0.0517,0.0653,0.0804,0.0983
0.1161,0.1358,0.1560,0.1788,0.2000,0.2212,0.2433,0.2664,0.2897,0.3132
0.3379,0.3628,0.3823,0.4074,0.4310,0.4539,0.4765,0.4983,0.5183,0.5404
0.5641,0.5863,0.6055,0.6260,0.6460,0.6670,0.6858,0.7063,0.7261,0.7462
0.7653,0.7842,0.8021,0.8195,0.8373,0.8545,0.8696,0.8815,0.8949,0.9069
0.9157,0.9239,0.9333,0.9425,0.9482,0.9539,0.9597,0.9631,0.9667,0.9715
0.9754,0.9788,0.9819,0.9842,0.9859,0.9877,0.9900,0.9910,0.9917,0.9929
0.9938,0.9944,0.9952,0.9956,0.9961,0.9964,0.9966,0.9968,0.9973,0.9974
0.9976,0.9977,0.9981,0.9985,0.9986,0.9987,0.9988,0.9990,0.9990,0.9990
0.9992,0.9993,0.9993,0.9993,0.9993,0.9994,0.9995,0.9995,0.9996,0.9996
0.9996,0.9996,0.9997,0.9998,0.9998,0.9998,0.9998,0.9998,0.9998,0.9998
0.9999,0.9999,0.9999,0.9999,0.9999,0.9999,1.0000,1.0000,1.0000,1.0000
hwc1y1fract=0.0001,0.0001,0.0001,0.0002,0.0004,0.0005,0.0006,0.0006
0.0009,0.0013,0.0015,0.0017,0.0017,0.0018,0.0023,0.0026,0.0034,0.0053
0.0072,0.0100,0.0171,0.0251,0.0373,0.0518,0.0699,0.0911,0.1136,0.1388
0.1660,0.1903,0.2151,0.2389,0.2637,0.2858,0.3130,0.3382,0.3622,0.3837
0.4076,0.4289,0.4512,0.4724,0.4968,0.5197,0.5439,0.5666,0.5862,0.6038
0.6230,0.6423,0.6616,0.6824,0.7026,0.7194,0.7380,0.7562,0.7753,0.7937
0.8115,0.8287,0.8450,0.8595,0.8748,0.8879,0.8995,0.9107,0.9204,0.9285
0.9369,0.9442,0.9497,0.9540,0.9589,0.9633,0.9669,0.9709,0.9733,0.9766
0.9790,0.9814,0.9840,0.9857,0.9867,0.9877,0.9888,0.9901,0.9910,0.9919
0.9927,0.9932,0.9940,0.9945,0.9951,0.9955,0.9958,0.9964,0.9968,0.9973
0.9975,0.9976,0.9977,0.9979,0.9980,0.9980,0.9980,0.9983,0.9984,0.9989
0.9990,0.9991,0.9992,0.9992,0.9994,0.9994,0.9994,0.9995,0.9995,0.9996
0.9996,0.9996,0.9996,0.9998,0.9999,0.9999,0.9999,0.9999,0.9999,0.9999
0.9999,0.9999,0.9999,0.9999,1.0000,1.0000,1.0000,1.0000,1.0000,1.0000
hwc1u1fract=0.0000,0.0000,0.0000,0.0000,0.0000,0.0000,0.0000,0.0001
0.0001,0.0003,0.0003,0.0004,0.0005,0.0005,0.0008,0.0023,0.0033,0.0049
0.0063,0.0089,0.0140,0.0224,0.0338,0.0471,0.0603,0.0782,0.0993,0.1216
0.1416,0.1637,0.1877,0.2134,0.2369,0.2603,0.2829,0.3056,0.3324,0.3540
0.3773,0.3998,0.4213,0.4440,0.4651,0.4863,0.5066,0.5281,0.5494,0.5710
0.5928,0.6111,0.6304,0.6514,0.6721,0.6956,0.7154,0.7362,0.7542,0.7710
0.7887,0.8070,0.8248,0.8392,0.8547,0.8688,0.8806,0.8924,0.9027,0.9114
0.9201,0.9278,0.9362,0.9426,0.9477,0.9518,0.9567,0.9603,0.9646,0.9687
0.9727,0.9746,0.9763,0.9805,0.9824,0.9844,0.9860,0.9875,0.9885,0.9892
0.9896,0.9902,0.9913,0.9922,0.9929,0.9940,0.9941,0.9950,0.9952,0.9953
0.9955,0.9958,0.9960,0.9963,0.9968,0.9971,0.9971,0.9977,0.9977,0.9978
0.9983,0.9983,0.9986,0.9987,0.9988,0.9989,0.9990,0.9990,0.9990,0.9992
0.9993,0.9995,0.9995,0.9997,0.9997,0.9997,0.9997,0.9997,0.9997,0.9998
0.9999,0.9999,1.0000,1.0000,1.0000,1.0000,1.0000,1.0000,1.0000,1.0000
hwc1v1fract=0.0001,0.0001,0.0001,0.0002,0.0003,0.0003,0.0004,0.0004
0.0004,0.0004,0.0005,0.0005,0.0005,0.0006,0.0009,0.0012,0.0020,0.0037
0.0072,0.0123,0.0181,0.0301,0.0438,0.0606,0.0795,0.0995,0.1199,0.1435
0.1663,0.1880,0.2113,0.2334,0.2563,0.2794,0.3011,0.3262,0.3502,0.3725
0.3928,0.4150,0.4361,0.4557,0.4778,0.5018,0.5246,0.5463,0.5684,0.5881
0.6098,0.6310,0.6499,0.6698,0.6861,0.7061,0.7260,0.7456,0.7631,0.7849
0.8021,0.8192,0.8363,0.8541,0.8683,0.8810,0.8938,0.9056,0.9141,0.9234
0.9301,0.9372,0.9442,0.9489,0.9536,0.9587,0.9632,0.9676,0.9707,0.9736
0.9764,0.9786,0.9805,0.9829,0.9847,0.9859,0.9872,0.9880,0.9894,0.9905
0.9914,0.9919,0.9926,0.9936,0.9939,0.9943,0.9950,0.9956,0.9959,0.9960
0.9965,0.9967,0.9967,0.9970,0.9973,0.9975,0.9976,0.9978,0.9979,0.9980
0.9982,0.9982,0.9982,0.9982,0.9985,0.9988,0.9988,0.9988,0.9989,0.9991
0.9993,0.9994,0.9994,0.9995,0.9995,0.9996,0.9996,0.9996,0.9998,0.9998
0.9998,0.9998,0.9998,0.9998,0.9998,0.9998,0.9998,0.9998,0.9999,1.0000
hwc1y2fract=0.0000,0.0000,0.0001,0.0001,0.0001,0.0001,0.0002,0.0002
0.0002,0.0003,0.0005,0.0005,0.0007,0.0010,0.0010,0.0012,0.0017,0.0029
0.0047,0.0084,0.0128,0.0195,0.0295,0.0425,0.0577,0.0757,0.0956,0.1192
0.1423,0.1676,0.1917,0.2142,0.2378,0.2612,0.2850,0.3082,0.3312,0.3542
0.3793,0.4037,0.4229,0.4462,0.4701,0.4918,0.5156,0.5355,0.5554,0.5768
0.5981,0.6176,0.6370,0.6593,0.6794,0.6999,0.7201,0.7379,0.7598,0.7805
0.7975,0.8121,0.8292,0.8462,0.8606,0.8724,0.8848,0.8962,0.9077,0.9177
0.9251,0.9316,0.9381,0.9436,0.9492,0.9534,0.9571,0.9610,0.9645,0.9680
0.9709,0.9729,0.9757,0.9775,0.9795,0.9808,0.9828,0.9839,0.9853,0.9870
0.9881,0.9887,0.9899,0.9906,0.9911,0.9921,0.9931,0.9935,0.9939,0.9948
0.9953,0.9957,0.9960,0.9964,0.9966,0.9967,0.9971,0.9971,0.9976,0.9978
0.9979,0.9981,0.9986,0.9986,0.9986,0.9987,0.9988,0.9989,0.9991,0.9992
0.9992,0.9992,0.9992,0.9993,0.9994,0.9994,0.9994,0.9994,0.9994,0.9994
0.9995,0.9995,0.9995,0.9995,0.9997,0.9997,0.9998,0.9999,1.0000,1.0000
hwc1x2fract=0.0000,0.0000,0.0001,0.0001,0.0001,0.0002,0.0003,0.0004
0.0004,0.0004,0.0004,0.0006,0.0006,0.0008,0.0013,0.0018,0.0031,0.0059
0.0091,0.0138,0.0214,0.0308,0.0415,0.0590,0.0737,0.0916,0.1110,0.1307
0.1543,0.1740,0.1960,0.2183,0.2419,0.2653,0.2895,0.3134,0.3375,0.3568
0.3773,0.4000,0.4248,0.4468,0.4724,0.4952,0.5160,0.5357,0.5597,0.5815
0.6047,0.6293,0.6472,0.6709,0.6919,0.7120,0.7316,0.7506,0.7688,0.7888
0.8063,0.8220,0.8382,0.8521,0.8661,0.8778,0.8905,0.9013,0.9119,0.9211
0.9294,0.9355,0.9419,0.9495,0.9551,0.9608,0.9652,0.9691,0.9740,0.9771
0.9805,0.9826,0.9859,0.9878,0.9892,0.9907,0.9919,0.9925,0.9933,0.9941
0.9949,0.9956,0.9957,0.9961,0.9962,0.9967,0.9968,0.9969,0.9970,0.9970
0.9971,0.9972,0.9974,0.9976,0.9977,0.9980,0.9982,0.9984,0.9985,0.9986
0.9987,0.9987,0.9988,0.9990,0.9991,0.9992,0.9993,0.9993,0.9994,0.9995
0.9996,0.9997,0.9997,0.9997,0.9997,0.9997,0.9997,0.9997,0.9998,0.9998
0.9998,0.9998,0.9998,0.9998,0.9999,0.9999,1.0000,1.0000,1.0000,1.0000
hwc2x1fract=0.0001,0.0001,0.0001,0.0001,0.0003,0.0004,0.0004,0.0004
0.0005,0.0006,0.0006,0.0007,0.0009,0.0012,0.0015,0.0020,0.0027,0.0037
0.0057,0.0087,0.0138,0.0205,0.0286,0.0405,0.0550,0.0710,0.0907,0.1085
0.1259,0.1443,0.1645,0.1863,0.2074,0.2308,0.2554,0.2795,0.3038,0.3235
0.3468,0.3726,0.3945,0.4161,0.4383,0.4594,0.4812,0.5035,0.5250,0.5486
0.5710,0.5936,0.6181,0.6382,0.6605,0.6833,0.7037,0.7223,0.7423,0.7604
0.7807,0.7975,0.8156,0.8324,0.8496,0.8639,0.8781,0.8917,0.9036,0.9135
0.9217,0.9311,0.9399,0.9472,0.9524,0.9581,0.9623,0.9671,0.9708,0.9743
0.9767,0.9787,0.9821,0.9838,0.9864,0.9884,0.9902,0.9912,0.9922,0.9930
0.9935,0.9941,0.9950,0.9954,0.9959,0.9964,0.9968,0.9970,0.9973,0.9975
0.9978,0.9981,0.9983,0.9985,0.9985,0.9989,0.9990,0.9991,0.9992,0.9992
0.9992,0.9994,0.9994,0.9994,0.9994,0.9994,0.9995,0.9995,0.9995,0.9995
0.9995,0.9995,0.9995,0.9996,0.9997,0.9997,0.9998,0.9999,0.9999,0.9999
0.9999,0.9999,0.9999,0.9999,0.9999,0.9999,0.9999,0.9999,0.9999,1.0000
hwc2y1fract=0.0000,0.0000,0.0002,0.0002,0.0002,0.0002,0.0003,0.0003
0.0004,0.0005,0.0007,0.0007,0.0008,0.0010,0.0010,0.0017,0.0027,0.0032
0.0050,0.0090,0.0143,0.0219,0.0351,0.0503,0.0684,0.0916,0.1129,0.1377
0.1629,0.1857,0.2113,0.2397,0.2665,0.2891,0.3159,0.3404,0.3642,0.3847
0.4073,0.4300,0.4502,0.4706,0.4939,0.5157,0.5362,0.5572,0.5808,0.6009
0.6219,0.6442,0.6637,0.6841,0.7041,0.7223,0.7404,0.7599,0.7788,0.7967
0.8119,0.8281,0.8455,0.8608,0.8756,0.8883,0.9005,0.9127,0.9231,0.9318
0.9405,0.9470,0.9525,0.9572,0.9625,0.9672,0.9716,0.9750,0.9771,0.9795
0.9818,0.9835,0.9858,0.9874,0.9887,0.9894,0.9907,0.9910,0.9919,0.9928
0.9934,0.9936,0.9938,0.9942,0.9945,0.9953,0.9957,0.9960,0.9964,0.9965
0.9966,0.9967,0.9969,0.9969,0.9970,0.9970,0.9972,0.9973,0.9977,0.9978
0.9979,0.9980,0.9983,0.9984,0.9986,0.9986,0.9988,0.9989,0.9993,0.9994
0.9996,0.9996,0.9998,0.9998,0.9998,0.9998,0.9998,0.9998,0.9998,0.9998
0.9999,0.9999,1.0000,1.0000,1.0000,1.0000,1.0000,1.0000,1.0000,1.0000
hwc2u1fract=0.0000,0.0001,0.0001,0.0002,0.0002,0.0003,0.0003,0.0003
0.0004,0.0004,0.0004,0.0004,0.0004,0.0004,0.0004,0.0006,0.0006,0.0014
0.0030,0.0061,0.0117,0.0226,0.0362,0.0509,0.0670,0.0892,0.1128,0.1347
0.1592,0.1853,0.2081,0.2333,0.2606,0.2855,0.3100,0.3335,0.3588,0.3805
0.4031,0.4260,0.4480,0.4695,0.4899,0.5099,0.5288,0.5507,0.5740,0.5954
0.6158,0.6365,0.6557,0.6761,0.6948,0.7135,0.7308,0.7474,0.7655,0.7831
0.8036,0.8204,0.8384,0.8553,0.8695,0.8825,0.8954,0.9066,0.9175,0.9270
0.9356,0.9438,0.9496,0.9537,0.9574,0.9614,0.9647,0.9681,0.9717,0.9746
0.9776,0.9793,0.9814,0.9841,0.9857,0.9868,0.9881,0.9890,0.9901,0.9911
0.9919,0.9926,0.9929,0.9933,0.9943,0.9945,0.9947,0.9949,0.9955,0.9956
0.9960,0.9963,0.9965,0.9967,0.9968,0.9969,0.9974,0.9979,0.9982,0.9982
0.9985,0.9985,0.9985,0.9985,0.9986,0.9989,0.9991,0.9994,0.9995,0.9996
0.9996,0.9996,0.9997,0.9998,0.9998,0.9999,0.9999,0.9999,1.0000,1.0000
1.0000,1.0000,1.0000,1.0000,1.0000,1.0000,1.0000,1.0000,1.0000,1.0000
hwc2v1fract=0.0000,0.0000,0.0000,0.0001,0.0001,0.0003,0.0003,0.0004
0.0004,0.0004,0.0004,0.0006,0.0007,0.0010,0.0011,0.0013,0.0016,0.0029
0.0044,0.0086,0.0159,0.0268,0.0426,0.0603,0.0820,0.1038,0.1273,0.1517
0.1763,0.2017,0.2274,0.2517,0.2757,0.3000,0.3234,0.3464,0.3715,0.3969
0.4177,0.4392,0.4586,0.4826,0.5022,0.5230,0.5410,0.5610,0.5791,0.6016
0.6210,0.6408,0.6614,0.6816,0.7022,0.7242,0.7412,0.7603,0.7768,0.7943
0.8131,0.8316,0.8486,0.8631,0.8787,0.8915,0.9028,0.9126,0.9216,0.9296
0.9361,0.9429,0.9491,0.9549,0.9604,0.9645,0.9678,0.9710,0.9747,0.9775
0.9794,0.9812,0.9839,0.9853,0.9879,0.9888,0.9899,0.9905,0.9913,0.9919
0.9929,0.9935,0.9940,0.9944,0.9946,0.9950,0.9954,0.9958,0.9962,0.9964
0.9967,0.9970,0.9970,0.9973,0.9974,0.9979,0.9982,0.9985,0.9989,0.9989
0.9990,0.9990,0.9990,0.9991,0.9992,0.9993,0.9993,0.9993,0.9994,0.9994
0.9995,0.9996,0.9996,0.9997,0.9999,1.0000,1.0000,1.0000,1.0000,1.0000
1.0000,1.0000,1.0000,1.0000,1.0000,1.0000,1.0000,1.0000,1.0000,1.0000
hwc2y2fract=0.0000,0.0000,0.0000,0.0000,0.0001,0.0001,0.0001,0.0001
0.0003,0.0003,0.0003,0.0003,0.0005,0.0006,0.0011,0.0013,0.0028,0.0038
0.0061,0.0113,0.0178,0.0283,0.0406,0.0577,0.0782,0.0990,0.1222,0.1473
0.1698,0.1928,0.2183,0.2432,0.2679,0.2897,0.3155,0.3384,0.3610,0.3826
0.4055,0.4292,0.4521,0.4731,0.4960,0.5180,0.5411,0.5622,0.5840,0.6047
0.6257,0.6451,0.6637,0.6839,0.7031,0.7221,0.7417,0.7616,0.7808,0.8000
0.8209,0.8380,0.8534,0.8689,0.8834,0.8969,0.9083,0.9183,0.9274,0.9339
0.9411,0.9482,0.9533,0.9586,0.9626,0.9661,0.9688,0.9721,0.9748,0.9779
0.9799,0.9817,0.9835,0.9855,0.9868,0.9882,0.9900,0.9909,0.9914,0.9922
0.9931,0.9935,0.9942,0.9950,0.9956,0.9959,0.9965,0.9967,0.9971,0.9974
0.9975,0.9977,0.9980,0.9982,0.9984,0.9985,0.9986,0.9989,0.9989,0.9992
0.9992,0.9993,0.9994,0.9995,0.9995,0.9995,0.9995,0.9995,0.9996,0.9996
0.9996,0.9996,0.9996,0.9996,0.9996,0.9996,0.9996,0.9997,0.9998,0.9998
0.9998,0.9998,0.9998,0.9999,0.9999,0.9999,1.0000,1.0000,1.0000,1.0000
hwc2x2fract=0.0001,0.0001,0.0001,0.0001,0.0003,0.0003,0.0003,0.0004
0.0004,0.0005,0.0005,0.0006,0.0008,0.0008,0.0014,0.0016,0.0023,0.0033
0.0056,0.0085,0.0134,0.0214,0.0326,0.0429,0.0583,0.0732,0.0909,0.1101
0.1318,0.1546,0.1750,0.1979,0.2210,0.2452,0.2695,0.2927,0.3146,0.3359
0.3610,0.3833,0.4075,0.4310,0.4537,0.4760,0.4969,0.5182,0.5414,0.5609
0.5847,0.6073,0.6269,0.6452,0.6645,0.6832,0.7044,0.7215,0.7431,0.7649
0.7853,0.8024,0.8180,0.8346,0.8498,0.8636,0.8776,0.8916,0.9043,0.9143
0.9225,0.9307,0.9396,0.9464,0.9526,0.9582,0.9626,0.9668,0.9711,0.9752
0.9787,0.9810,0.9829,0.9851,0.9863,0.9878,0.9894,0.9907,0.9917,0.9925
0.9934,0.9941,0.9950,0.9954,0.9961,0.9966,0.9970,0.9973,0.9975,0.9977
0.9980,0.9984,0.9985,0.9987,0.9987,0.9988,0.9988,0.9989,0.9989,0.9991
0.9992,0.9992,0.9992,0.9992,0.9992,0.9992,0.9993,0.9994,0.9994,0.9994
0.9994,0.9994,0.9994,0.9994,0.9995,0.9996,0.9996,0.9997,0.9997,0.9998
0.9998,0.9998,0.9998,0.9998,0.9999,1.0000,1.0000,1.0000,1.0000,1.0000
