; Lookup table
;number of bins in Meek's time to distance lookup table
hdriftbins=138
;number of 1st bin in Meek's table in ns
hdrift1stbin=-24
;bin size in ns of Meek's table
hdriftbinsz=2
hwc1x1fract=0.0002,0.0005,0.0007,0.0010,0.0012,0.0015,0.0018,0.0021
0.0025,0.0028,0.0032,0.0037,0.0044,0.0053,0.0068,0.0090,0.0122,0.0163
0.0214,0.0279,0.0357,0.0458,0.0572,0.0705,0.0849,0.1005,0.1173,0.1345
0.1524,0.1712,0.1911,0.2114,0.2318,0.2532,0.2745,0.2964,0.3182,0.3401
0.3625,0.3843,0.4063,0.4284,0.4506,0.4723,0.4940,0.5163,0.5379,0.5590
0.5807,0.6015,0.6220,0.6427,0.6634,0.6831,0.7027,0.7221,0.7409,0.7590
0.7766,0.7938,0.8099,0.8251,0.8392,0.8525,0.8651,0.8769,0.8879,0.8979
0.9073,0.9157,0.9235,0.9307,0.9373,0.9435,0.9489,0.9536,0.9580,0.9619
0.9655,0.9687,0.9714,0.9736,0.9755,0.9772,0.9786,0.9798,0.9809,0.9819
0.9827,0.9836,0.9842,0.9849,0.9854,0.9860,0.9865,0.9870,0.9875,0.9879
0.9883,0.9887,0.9891,0.9895,0.9899,0.9902,0.9905,0.9909,0.9912,0.9916
0.9919,0.9922,0.9925,0.9929,0.9932,0.9935,0.9938,0.9941,0.9944,0.9947
0.9950,0.9953,0.9956,0.9958,0.9961,0.9964,0.9967,0.9970,0.9973,0.9975
0.9978,0.9981,0.9983,0.9986,0.9989,0.9991,0.9993,0.9996,0.9998,1.0000
hwc1y1fract=0.0002,0.0004,0.0007,0.0010,0.0012,0.0015,0.0017,0.0021
0.0024,0.0028,0.0032,0.0036,0.0041,0.0048,0.0056,0.0067,0.0080,0.0101
0.0131,0.0179,0.0252,0.0357,0.0489,0.0650,0.0836,0.1038,0.1250,0.1470
0.1695,0.1925,0.2152,0.2385,0.2614,0.2844,0.3069,0.3295,0.3517,0.3736
0.3955,0.4170,0.4382,0.4588,0.4796,0.4996,0.5199,0.5399,0.5597,0.5795
0.5996,0.6192,0.6389,0.6582,0.6773,0.6964,0.7148,0.7328,0.7505,0.7677
0.7850,0.8017,0.8176,0.8330,0.8475,0.8609,0.8732,0.8846,0.8949,0.9042
0.9124,0.9199,0.9265,0.9324,0.9377,0.9424,0.9468,0.9510,0.9548,0.9583
0.9614,0.9643,0.9668,0.9691,0.9712,0.9729,0.9745,0.9761,0.9774,0.9787
0.9798,0.9810,0.9820,0.9829,0.9837,0.9845,0.9853,0.9859,0.9865,0.9871
0.9877,0.9882,0.9887,0.9892,0.9897,0.9901,0.9905,0.9909,0.9913,0.9917
0.9920,0.9924,0.9927,0.9931,0.9934,0.9938,0.9941,0.9944,0.9947,0.9951
0.9954,0.9956,0.9959,0.9962,0.9965,0.9967,0.9970,0.9973,0.9975,0.9977
0.9980,0.9982,0.9985,0.9988,0.9990,0.9992,0.9994,0.9996,0.9998,1.0000
hwc1u1fract=0.0001,0.0003,0.0005,0.0006,0.0008,0.0010,0.0012,0.0013
0.0015,0.0017,0.0019,0.0021,0.0024,0.0030,0.0042,0.0064,0.0094,0.0137
0.0190,0.0259,0.0353,0.0467,0.0606,0.0762,0.0935,0.1117,0.1310,0.1511
0.1719,0.1928,0.2144,0.2361,0.2579,0.2800,0.3021,0.3242,0.3464,0.3682
0.3900,0.4115,0.4332,0.4548,0.4761,0.4972,0.5182,0.5386,0.5590,0.5793
0.5996,0.6194,0.6397,0.6595,0.6789,0.6980,0.7169,0.7353,0.7538,0.7713
0.7883,0.8046,0.8200,0.8347,0.8485,0.8611,0.8728,0.8838,0.8936,0.9028
0.9111,0.9186,0.9254,0.9317,0.9374,0.9427,0.9474,0.9520,0.9560,0.9598
0.9631,0.9660,0.9686,0.9710,0.9731,0.9748,0.9764,0.9777,0.9790,0.9801
0.9812,0.9820,0.9829,0.9836,0.9843,0.9850,0.9856,0.9863,0.9868,0.9873
0.9878,0.9883,0.9888,0.9892,0.9896,0.9900,0.9904,0.9908,0.9913,0.9916
0.9920,0.9924,0.9927,0.9930,0.9934,0.9937,0.9940,0.9943,0.9947,0.9949
0.9952,0.9955,0.9958,0.9961,0.9964,0.9966,0.9969,0.9972,0.9974,0.9977
0.9980,0.9982,0.9984,0.9986,0.9989,0.9991,0.9994,0.9996,0.9998,1.0000
hwc1v1fract=0.0001,0.0003,0.0005,0.0006,0.0008,0.0010,0.0012,0.0014
0.0016,0.0018,0.0020,0.0022,0.0024,0.0027,0.0030,0.0034,0.0040,0.0052
0.0072,0.0109,0.0173,0.0267,0.0395,0.0550,0.0720,0.0913,0.1114,0.1325
0.1543,0.1767,0.1991,0.2219,0.2445,0.2666,0.2889,0.3115,0.3332,0.3553
0.3771,0.3990,0.4203,0.4420,0.4629,0.4838,0.5041,0.5247,0.5448,0.5646
0.5842,0.6038,0.6233,0.6429,0.6623,0.6812,0.7001,0.7185,0.7372,0.7556
0.7729,0.7897,0.8063,0.8222,0.8375,0.8518,0.8649,0.8768,0.8879,0.8976
0.9065,0.9145,0.9214,0.9277,0.9335,0.9388,0.9437,0.9482,0.9524,0.9563
0.9598,0.9631,0.9659,0.9685,0.9708,0.9728,0.9747,0.9763,0.9777,0.9788
0.9799,0.9809,0.9818,0.9826,0.9834,0.9842,0.9849,0.9856,0.9862,0.9868
0.9873,0.9878,0.9883,0.9889,0.9894,0.9898,0.9903,0.9907,0.9911,0.9915
0.9919,0.9923,0.9926,0.9930,0.9934,0.9937,0.9940,0.9944,0.9947,0.9950
0.9953,0.9955,0.9958,0.9960,0.9963,0.9966,0.9969,0.9971,0.9974,0.9977
0.9979,0.9982,0.9984,0.9986,0.9988,0.9991,0.9993,0.9996,0.9998,1.0000
hwc1y2fract=0.0002,0.0003,0.0005,0.0007,0.0009,0.0011,0.0014,0.0016
0.0019,0.0021,0.0025,0.0028,0.0032,0.0037,0.0043,0.0053,0.0067,0.0091
0.0130,0.0190,0.0275,0.0389,0.0531,0.0696,0.0876,0.1071,0.1280,0.1499
0.1722,0.1945,0.2173,0.2399,0.2623,0.2846,0.3071,0.3296,0.3515,0.3733
0.3949,0.4165,0.4377,0.4585,0.4792,0.4998,0.5201,0.5402,0.5603,0.5803
0.6001,0.6197,0.6397,0.6589,0.6777,0.6966,0.7150,0.7326,0.7505,0.7679
0.7845,0.8009,0.8169,0.8319,0.8460,0.8589,0.8711,0.8822,0.8922,0.9011
0.9095,0.9168,0.9237,0.9297,0.9351,0.9401,0.9448,0.9489,0.9527,0.9564
0.9596,0.9624,0.9650,0.9673,0.9694,0.9713,0.9730,0.9745,0.9760,0.9773
0.9786,0.9797,0.9807,0.9816,0.9825,0.9833,0.9841,0.9848,0.9855,0.9861
0.9867,0.9874,0.9879,0.9884,0.9889,0.9893,0.9898,0.9903,0.9907,0.9911
0.9915,0.9919,0.9923,0.9927,0.9930,0.9934,0.9937,0.9941,0.9944,0.9946
0.9950,0.9953,0.9956,0.9959,0.9962,0.9964,0.9967,0.9970,0.9973,0.9975
0.9978,0.9980,0.9983,0.9986,0.9988,0.9990,0.9992,0.9995,0.9998,1.0000
hwc1x2fract=0.0002,0.0004,0.0005,0.0007,0.0010,0.0012,0.0014,0.0016
0.0019,0.0021,0.0024,0.0027,0.0030,0.0035,0.0041,0.0050,0.0064,0.0085
0.0117,0.0160,0.0223,0.0303,0.0402,0.0522,0.0658,0.0808,0.0970,0.1139
0.1318,0.1505,0.1701,0.1909,0.2115,0.2328,0.2542,0.2760,0.2980,0.3202
0.3426,0.3648,0.3871,0.4092,0.4315,0.4531,0.4749,0.4965,0.5176,0.5389
0.5602,0.5809,0.6017,0.6225,0.6430,0.6630,0.6832,0.7028,0.7220,0.7406
0.7590,0.7768,0.7938,0.8102,0.8255,0.8400,0.8537,0.8663,0.8780,0.8890
0.8989,0.9078,0.9161,0.9238,0.9311,0.9376,0.9435,0.9486,0.9537,0.9581
0.9620,0.9654,0.9684,0.9710,0.9732,0.9750,0.9768,0.9782,0.9794,0.9805
0.9816,0.9824,0.9832,0.9839,0.9846,0.9851,0.9857,0.9862,0.9867,0.9872
0.9876,0.9881,0.9885,0.9889,0.9894,0.9898,0.9901,0.9904,0.9908,0.9911
0.9915,0.9919,0.9923,0.9925,0.9929,0.9932,0.9936,0.9939,0.9941,0.9945
0.9948,0.9951,0.9954,0.9957,0.9960,0.9963,0.9965,0.9968,0.9971,0.9974
0.9977,0.9979,0.9982,0.9985,0.9987,0.9990,0.9993,0.9996,0.9998,1.0000
hwc2x1fract=0.0002,0.0004,0.0007,0.0009,0.0012,0.0015,0.0018,0.0021
0.0025,0.0028,0.0032,0.0037,0.0043,0.0051,0.0064,0.0085,0.0120,0.0169
0.0234,0.0314,0.0414,0.0528,0.0659,0.0804,0.0959,0.1127,0.1301,0.1484
0.1675,0.1872,0.2074,0.2278,0.2490,0.2706,0.2923,0.3142,0.3364,0.3585
0.3805,0.4026,0.4247,0.4468,0.4695,0.4916,0.5136,0.5353,0.5567,0.5776
0.5987,0.6197,0.6405,0.6611,0.6815,0.7014,0.7213,0.7405,0.7598,0.7780
0.7955,0.8121,0.8280,0.8430,0.8566,0.8692,0.8808,0.8916,0.9014,0.9102
0.9184,0.9262,0.9330,0.9394,0.9449,0.9501,0.9548,0.9592,0.9630,0.9666
0.9696,0.9723,0.9744,0.9764,0.9780,0.9793,0.9806,0.9816,0.9825,0.9834
0.9841,0.9848,0.9854,0.9860,0.9866,0.9872,0.9876,0.9881,0.9885,0.9889
0.9893,0.9897,0.9900,0.9904,0.9907,0.9911,0.9914,0.9917,0.9920,0.9924
0.9927,0.9930,0.9933,0.9935,0.9938,0.9941,0.9944,0.9947,0.9950,0.9953
0.9956,0.9958,0.9960,0.9963,0.9966,0.9968,0.9971,0.9973,0.9975,0.9978
0.9980,0.9982,0.9984,0.9987,0.9989,0.9992,0.9994,0.9996,0.9998,1.0000
hwc2y1fract=0.0002,0.0004,0.0005,0.0007,0.0009,0.0011,0.0012,0.0014
0.0017,0.0019,0.0022,0.0025,0.0028,0.0032,0.0037,0.0044,0.0054,0.0069
0.0094,0.0138,0.0208,0.0309,0.0442,0.0602,0.0785,0.0987,0.1209,0.1436
0.1666,0.1904,0.2140,0.2375,0.2605,0.2840,0.3070,0.3301,0.3527,0.3750
0.3971,0.4182,0.4395,0.4606,0.4817,0.5023,0.5225,0.5425,0.5626,0.5825
0.6022,0.6219,0.6417,0.6610,0.6802,0.6992,0.7180,0.7365,0.7546,0.7725
0.7898,0.8063,0.8225,0.8378,0.8520,0.8655,0.8779,0.8893,0.8996,0.9087
0.9167,0.9239,0.9304,0.9362,0.9413,0.9460,0.9502,0.9542,0.9576,0.9609
0.9637,0.9663,0.9686,0.9705,0.9724,0.9742,0.9756,0.9770,0.9782,0.9793
0.9804,0.9813,0.9821,0.9830,0.9838,0.9845,0.9852,0.9858,0.9864,0.9869
0.9875,0.9881,0.9886,0.9891,0.9895,0.9900,0.9904,0.9908,0.9912,0.9916
0.9920,0.9923,0.9927,0.9930,0.9934,0.9937,0.9940,0.9943,0.9946,0.9949
0.9952,0.9955,0.9957,0.9960,0.9963,0.9966,0.9969,0.9971,0.9973,0.9976
0.9978,0.9981,0.9983,0.9985,0.9988,0.9990,0.9993,0.9996,0.9998,1.0000
hwc2u1fract=0.0002,0.0003,0.0005,0.0007,0.0008,0.0010,0.0012,0.0014
0.0016,0.0018,0.0019,0.0021,0.0023,0.0025,0.0028,0.0031,0.0037,0.0048
0.0071,0.0119,0.0202,0.0323,0.0475,0.0655,0.0850,0.1065,0.1292,0.1520
0.1753,0.1986,0.2220,0.2454,0.2683,0.2910,0.3135,0.3359,0.3578,0.3793
0.4009,0.4222,0.4435,0.4641,0.4850,0.5058,0.5264,0.5467,0.5665,0.5864
0.6062,0.6254,0.6444,0.6638,0.6828,0.7016,0.7207,0.7388,0.7571,0.7748
0.7922,0.8088,0.8249,0.8400,0.8547,0.8679,0.8802,0.8917,0.9018,0.9104
0.9182,0.9252,0.9315,0.9371,0.9423,0.9469,0.9511,0.9549,0.9583,0.9614
0.9644,0.9670,0.9694,0.9715,0.9733,0.9749,0.9764,0.9777,0.9788,0.9799
0.9809,0.9818,0.9826,0.9834,0.9840,0.9847,0.9853,0.9859,0.9865,0.9871
0.9876,0.9881,0.9886,0.9891,0.9895,0.9900,0.9905,0.9908,0.9913,0.9917
0.9920,0.9924,0.9928,0.9932,0.9935,0.9938,0.9942,0.9945,0.9948,0.9951
0.9954,0.9957,0.9959,0.9962,0.9965,0.9967,0.9970,0.9973,0.9976,0.9978
0.9981,0.9983,0.9985,0.9988,0.9990,0.9992,0.9994,0.9996,0.9998,1.0000
hwc2v1fract=0.0002,0.0003,0.0005,0.0006,0.0008,0.0009,0.0011,0.0013
0.0015,0.0017,0.0019,0.0021,0.0023,0.0025,0.0029,0.0033,0.0039,0.0050
0.0071,0.0112,0.0185,0.0289,0.0427,0.0595,0.0782,0.0993,0.1215,0.1438
0.1666,0.1896,0.2126,0.2362,0.2592,0.2824,0.3051,0.3281,0.3505,0.3727
0.3942,0.4155,0.4365,0.4577,0.4785,0.4991,0.5190,0.5392,0.5589,0.5789
0.5984,0.6179,0.6370,0.6565,0.6753,0.6942,0.7129,0.7315,0.7496,0.7678
0.7852,0.8026,0.8187,0.8344,0.8488,0.8628,0.8752,0.8867,0.8969,0.9062
0.9144,0.9218,0.9282,0.9344,0.9397,0.9446,0.9490,0.9530,0.9566,0.9600
0.9630,0.9657,0.9681,0.9703,0.9722,0.9739,0.9755,0.9770,0.9782,0.9794
0.9804,0.9814,0.9823,0.9832,0.9839,0.9846,0.9852,0.9858,0.9864,0.9870
0.9875,0.9880,0.9885,0.9890,0.9894,0.9899,0.9904,0.9908,0.9912,0.9916
0.9919,0.9923,0.9927,0.9930,0.9934,0.9937,0.9940,0.9944,0.9947,0.9951
0.9954,0.9957,0.9959,0.9962,0.9965,0.9967,0.9970,0.9972,0.9975,0.9977
0.9980,0.9982,0.9984,0.9987,0.9989,0.9991,0.9994,0.9996,0.9998,1.0000
hwc2y2fract=0.0002,0.0004,0.0005,0.0007,0.0009,0.0011,0.0013,0.0015
0.0018,0.0020,0.0023,0.0026,0.0030,0.0034,0.0040,0.0048,0.0061,0.0081
0.0112,0.0162,0.0240,0.0350,0.0487,0.0655,0.0845,0.1052,0.1267,0.1498
0.1729,0.1963,0.2196,0.2428,0.2661,0.2896,0.3120,0.3345,0.3569,0.3791
0.4009,0.4222,0.4436,0.4647,0.4854,0.5062,0.5266,0.5470,0.5671,0.5871
0.6069,0.6268,0.6465,0.6655,0.6849,0.7040,0.7227,0.7411,0.7591,0.7765
0.7935,0.8099,0.8258,0.8407,0.8551,0.8682,0.8806,0.8916,0.9014,0.9104
0.9183,0.9253,0.9316,0.9371,0.9421,0.9467,0.9509,0.9547,0.9581,0.9612
0.9641,0.9667,0.9690,0.9710,0.9728,0.9745,0.9759,0.9773,0.9785,0.9795
0.9806,0.9815,0.9823,0.9832,0.9839,0.9846,0.9853,0.9859,0.9865,0.9870
0.9876,0.9881,0.9886,0.9891,0.9895,0.9900,0.9904,0.9908,0.9912,0.9916
0.9920,0.9923,0.9926,0.9930,0.9933,0.9937,0.9940,0.9943,0.9946,0.9950
0.9952,0.9955,0.9958,0.9961,0.9963,0.9966,0.9968,0.9970,0.9973,0.9976
0.9979,0.9981,0.9984,0.9986,0.9988,0.9990,0.9993,0.9995,0.9998,1.0000
hwc2x2fract=0.0002,0.0004,0.0005,0.0007,0.0010,0.0012,0.0014,0.0017
0.0019,0.0022,0.0024,0.0028,0.0032,0.0038,0.0046,0.0059,0.0082,0.0121
0.0172,0.0242,0.0331,0.0439,0.0563,0.0703,0.0856,0.1020,0.1193,0.1376
0.1568,0.1768,0.1974,0.2183,0.2395,0.2613,0.2831,0.3050,0.3272,0.3498
0.3718,0.3942,0.4165,0.4384,0.4603,0.4817,0.5035,0.5253,0.5467,0.5680
0.5896,0.6104,0.6308,0.6509,0.6713,0.6912,0.7112,0.7307,0.7496,0.7683
0.7862,0.8033,0.8194,0.8345,0.8488,0.8623,0.8745,0.8858,0.8960,0.9054
0.9137,0.9218,0.9289,0.9354,0.9413,0.9468,0.9518,0.9567,0.9608,0.9644
0.9676,0.9704,0.9729,0.9750,0.9768,0.9783,0.9796,0.9809,0.9819,0.9829
0.9837,0.9844,0.9851,0.9857,0.9862,0.9867,0.9872,0.9877,0.9881,0.9885
0.9889,0.9893,0.9897,0.9901,0.9905,0.9908,0.9912,0.9915,0.9918,0.9922
0.9924,0.9928,0.9932,0.9934,0.9937,0.9940,0.9943,0.9946,0.9948,0.9951
0.9954,0.9956,0.9959,0.9962,0.9964,0.9967,0.9970,0.9973,0.9975,0.9977
0.9979,0.9982,0.9984,0.9986,0.9989,0.9992,0.9994,0.9996,0.9998,1.0000
