; Lookup table
;number of bins in Meek's time to distance lookup table
hdriftbins=138
;number of 1st bin in Meek's table in ns
hdrift1stbin=-24
;bin size in ns of Meek's table
hdriftbinsz=2
hwc1x1fract=0.0001,0.0002,0.0004,0.0005,0.0007,0.0009,0.0011,0.0012
0.0014,0.0016,0.0019,0.0023,0.0028,0.0034,0.0045,0.0062,0.0085,0.0116
0.0156,0.0209,0.0279,0.0369,0.0476,0.0595,0.0731,0.0877,0.1032,0.1202
0.1375,0.1555,0.1744,0.1938,0.2138,0.2342,0.2547,0.2764,0.2981,0.3200
0.3421,0.3644,0.3865,0.4092,0.4311,0.4535,0.4757,0.4975,0.5195,0.5414
0.5630,0.5852,0.6065,0.6279,0.6487,0.6696,0.6905,0.7109,0.7307,0.7503
0.7692,0.7874,0.8050,0.8219,0.8381,0.8534,0.8676,0.8810,0.8933,0.9044
0.9150,0.9244,0.9330,0.9406,0.9475,0.9538,0.9595,0.9644,0.9689,0.9727
0.9761,0.9790,0.9815,0.9838,0.9855,0.9871,0.9883,0.9893,0.9901,0.9908
0.9915,0.9921,0.9925,0.9929,0.9933,0.9937,0.9939,0.9942,0.9945,0.9948
0.9951,0.9953,0.9956,0.9957,0.9959,0.9961,0.9963,0.9965,0.9966,0.9968
0.9969,0.9971,0.9973,0.9974,0.9975,0.9976,0.9977,0.9979,0.9980,0.9981
0.9982,0.9983,0.9984,0.9985,0.9986,0.9987,0.9988,0.9989,0.9990,0.9991
0.9992,0.9993,0.9994,0.9995,0.9996,0.9997,0.9997,0.9998,0.9999,1.0000
hwc1y1fract=0.0001,0.0003,0.0004,0.0006,0.0007,0.0008,0.0010,0.0012
0.0015,0.0018,0.0021,0.0024,0.0027,0.0032,0.0038,0.0047,0.0059,0.0076
0.0102,0.0151,0.0224,0.0324,0.0452,0.0609,0.0785,0.0978,0.1183,0.1396
0.1619,0.1849,0.2076,0.2304,0.2533,0.2762,0.2986,0.3208,0.3431,0.3651
0.3871,0.4089,0.4306,0.4524,0.4733,0.4941,0.5146,0.5352,0.5558,0.5761
0.5966,0.6166,0.6365,0.6564,0.6759,0.6952,0.7144,0.7332,0.7519,0.7704
0.7883,0.8062,0.8229,0.8391,0.8545,0.8690,0.8824,0.8948,0.9061,0.9161
0.9251,0.9330,0.9402,0.9465,0.9520,0.9569,0.9612,0.9650,0.9685,0.9716
0.9743,0.9767,0.9789,0.9808,0.9824,0.9839,0.9852,0.9863,0.9873,0.9883
0.9890,0.9897,0.9904,0.9911,0.9915,0.9920,0.9924,0.9929,0.9933,0.9936
0.9940,0.9943,0.9946,0.9950,0.9952,0.9955,0.9957,0.9960,0.9962,0.9964
0.9966,0.9968,0.9970,0.9972,0.9973,0.9975,0.9976,0.9977,0.9979,0.9980
0.9981,0.9982,0.9983,0.9985,0.9986,0.9987,0.9988,0.9989,0.9990,0.9991
0.9992,0.9993,0.9994,0.9995,0.9996,0.9996,0.9997,0.9998,0.9999,1.0000
hwc1u1fract=0.0001,0.0002,0.0002,0.0003,0.0004,0.0005,0.0006,0.0007
0.0008,0.0010,0.0011,0.0012,0.0013,0.0016,0.0019,0.0029,0.0045,0.0067
0.0100,0.0144,0.0205,0.0291,0.0400,0.0537,0.0691,0.0863,0.1041,0.1235
0.1433,0.1637,0.1844,0.2061,0.2278,0.2500,0.2716,0.2937,0.3160,0.3382
0.3600,0.3822,0.4040,0.4255,0.4471,0.4686,0.4899,0.5108,0.5318,0.5526
0.5732,0.5941,0.6142,0.6345,0.6545,0.6743,0.6942,0.7138,0.7329,0.7520
0.7704,0.7886,0.8059,0.8223,0.8382,0.8536,0.8678,0.8810,0.8927,0.9037
0.9136,0.9225,0.9304,0.9376,0.9439,0.9496,0.9548,0.9594,0.9634,0.9672
0.9706,0.9735,0.9762,0.9785,0.9806,0.9823,0.9838,0.9851,0.9863,0.9873
0.9881,0.9889,0.9895,0.9902,0.9908,0.9914,0.9919,0.9924,0.9928,0.9932
0.9936,0.9939,0.9943,0.9946,0.9949,0.9952,0.9955,0.9958,0.9960,0.9963
0.9965,0.9967,0.9969,0.9971,0.9973,0.9974,0.9976,0.9977,0.9979,0.9980
0.9981,0.9983,0.9984,0.9985,0.9986,0.9987,0.9988,0.9989,0.9990,0.9991
0.9992,0.9993,0.9994,0.9995,0.9996,0.9996,0.9998,0.9998,0.9999,1.0000
hwc1v1fract=0.0001,0.0002,0.0002,0.0003,0.0004,0.0005,0.0007,0.0008
0.0009,0.0010,0.0011,0.0012,0.0014,0.0016,0.0019,0.0023,0.0029,0.0041
0.0064,0.0108,0.0178,0.0281,0.0411,0.0567,0.0739,0.0928,0.1132,0.1339
0.1548,0.1763,0.1983,0.2203,0.2423,0.2646,0.2868,0.3086,0.3301,0.3521
0.3738,0.3953,0.4168,0.4382,0.4593,0.4805,0.5012,0.5221,0.5429,0.5639
0.5841,0.6044,0.6243,0.6442,0.6641,0.6837,0.7030,0.7224,0.7416,0.7606
0.7791,0.7973,0.8150,0.8318,0.8478,0.8629,0.8769,0.8894,0.9010,0.9113
0.9206,0.9288,0.9360,0.9426,0.9485,0.9536,0.9584,0.9626,0.9664,0.9697
0.9728,0.9756,0.9779,0.9800,0.9818,0.9833,0.9846,0.9858,0.9868,0.9876
0.9885,0.9892,0.9898,0.9904,0.9910,0.9915,0.9920,0.9924,0.9928,0.9932
0.9937,0.9940,0.9944,0.9947,0.9950,0.9952,0.9955,0.9958,0.9960,0.9963
0.9965,0.9967,0.9969,0.9970,0.9972,0.9973,0.9975,0.9977,0.9978,0.9980
0.9981,0.9982,0.9983,0.9985,0.9986,0.9987,0.9988,0.9989,0.9990,0.9991
0.9992,0.9993,0.9994,0.9995,0.9996,0.9996,0.9997,0.9998,0.9999,1.0000
hwc1y2fract=0.0001,0.0002,0.0003,0.0004,0.0005,0.0006,0.0008,0.0009
0.0011,0.0012,0.0014,0.0016,0.0018,0.0021,0.0024,0.0030,0.0039,0.0052
0.0075,0.0113,0.0171,0.0255,0.0367,0.0503,0.0665,0.0845,0.1037,0.1247
0.1463,0.1680,0.1901,0.2127,0.2353,0.2577,0.2798,0.3021,0.3243,0.3465
0.3686,0.3908,0.4123,0.4338,0.4550,0.4762,0.4972,0.5180,0.5387,0.5593
0.5799,0.6005,0.6209,0.6408,0.6607,0.6803,0.6997,0.7187,0.7375,0.7559
0.7743,0.7918,0.8087,0.8254,0.8413,0.8562,0.8700,0.8826,0.8945,0.9051
0.9149,0.9236,0.9314,0.9382,0.9444,0.9502,0.9553,0.9598,0.9638,0.9674
0.9705,0.9731,0.9756,0.9777,0.9796,0.9813,0.9827,0.9840,0.9853,0.9863
0.9873,0.9881,0.9888,0.9895,0.9901,0.9907,0.9913,0.9918,0.9922,0.9926
0.9930,0.9934,0.9937,0.9941,0.9944,0.9947,0.9950,0.9953,0.9956,0.9959
0.9961,0.9964,0.9966,0.9968,0.9969,0.9971,0.9973,0.9975,0.9976,0.9978
0.9979,0.9980,0.9982,0.9983,0.9984,0.9985,0.9986,0.9987,0.9988,0.9990
0.9991,0.9992,0.9993,0.9994,0.9995,0.9996,0.9997,0.9998,0.9999,1.0000
hwc1x2fract=0.0001,0.0002,0.0003,0.0004,0.0005,0.0006,0.0007,0.0009
0.0010,0.0011,0.0013,0.0016,0.0019,0.0022,0.0027,0.0034,0.0047,0.0068
0.0100,0.0146,0.0211,0.0296,0.0399,0.0519,0.0656,0.0807,0.0969,0.1139
0.1318,0.1505,0.1701,0.1900,0.2102,0.2311,0.2525,0.2740,0.2964,0.3183
0.3407,0.3628,0.3854,0.4078,0.4299,0.4522,0.4745,0.4963,0.5179,0.5392
0.5608,0.5822,0.6033,0.6245,0.6455,0.6665,0.6868,0.7068,0.7267,0.7463
0.7655,0.7838,0.8019,0.8193,0.8357,0.8513,0.8657,0.8794,0.8920,0.9035
0.9141,0.9235,0.9321,0.9399,0.9466,0.9528,0.9585,0.9634,0.9677,0.9718
0.9752,0.9784,0.9809,0.9829,0.9847,0.9862,0.9875,0.9885,0.9893,0.9900
0.9907,0.9912,0.9917,0.9922,0.9926,0.9930,0.9933,0.9937,0.9939,0.9942
0.9945,0.9947,0.9950,0.9953,0.9955,0.9957,0.9959,0.9961,0.9963,0.9964
0.9966,0.9967,0.9969,0.9971,0.9972,0.9973,0.9975,0.9976,0.9978,0.9979
0.9980,0.9981,0.9983,0.9984,0.9985,0.9986,0.9987,0.9988,0.9989,0.9990
0.9992,0.9992,0.9994,0.9995,0.9995,0.9996,0.9997,0.9998,0.9999,1.0000
hwc2x1fract=0.0001,0.0002,0.0004,0.0005,0.0006,0.0008,0.0010,0.0011
0.0013,0.0015,0.0018,0.0020,0.0023,0.0027,0.0032,0.0038,0.0048,0.0064
0.0093,0.0136,0.0193,0.0269,0.0363,0.0471,0.0599,0.0737,0.0890,0.1053
0.1226,0.1409,0.1594,0.1787,0.1989,0.2194,0.2401,0.2615,0.2832,0.3053
0.3273,0.3492,0.3716,0.3938,0.4164,0.4388,0.4611,0.4832,0.5056,0.5274
0.5497,0.5716,0.5936,0.6150,0.6365,0.6575,0.6783,0.6988,0.7195,0.7394
0.7589,0.7782,0.7966,0.8143,0.8310,0.8471,0.8624,0.8764,0.8892,0.9013
0.9122,0.9220,0.9307,0.9386,0.9459,0.9522,0.9579,0.9629,0.9677,0.9716
0.9750,0.9780,0.9806,0.9828,0.9847,0.9863,0.9876,0.9887,0.9896,0.9905
0.9912,0.9918,0.9923,0.9928,0.9933,0.9937,0.9940,0.9944,0.9947,0.9949
0.9952,0.9954,0.9956,0.9958,0.9960,0.9962,0.9964,0.9966,0.9968,0.9969
0.9971,0.9972,0.9974,0.9975,0.9977,0.9978,0.9979,0.9980,0.9981,0.9982
0.9983,0.9984,0.9985,0.9986,0.9988,0.9988,0.9989,0.9990,0.9991,0.9992
0.9993,0.9994,0.9994,0.9995,0.9996,0.9997,0.9998,0.9998,0.9999,1.0000
hwc2y1fract=0.0001,0.0002,0.0003,0.0004,0.0005,0.0006,0.0007,0.0009
0.0010,0.0012,0.0013,0.0015,0.0017,0.0020,0.0023,0.0028,0.0036,0.0049
0.0072,0.0113,0.0179,0.0279,0.0409,0.0566,0.0749,0.0949,0.1160,0.1384
0.1614,0.1845,0.2079,0.2311,0.2545,0.2776,0.3006,0.3230,0.3453,0.3674
0.3892,0.4113,0.4334,0.4550,0.4766,0.4976,0.5185,0.5393,0.5599,0.5805
0.6008,0.6210,0.6413,0.6614,0.6815,0.7011,0.7208,0.7401,0.7592,0.7776
0.7955,0.8125,0.8298,0.8463,0.8619,0.8763,0.8897,0.9020,0.9130,0.9227
0.9315,0.9391,0.9458,0.9517,0.9566,0.9612,0.9652,0.9688,0.9720,0.9748
0.9772,0.9793,0.9812,0.9828,0.9843,0.9855,0.9866,0.9875,0.9883,0.9890
0.9897,0.9902,0.9908,0.9913,0.9917,0.9922,0.9926,0.9929,0.9933,0.9936
0.9939,0.9942,0.9945,0.9948,0.9950,0.9953,0.9955,0.9957,0.9960,0.9962
0.9964,0.9965,0.9967,0.9969,0.9971,0.9973,0.9975,0.9976,0.9978,0.9979
0.9980,0.9982,0.9983,0.9984,0.9985,0.9986,0.9987,0.9988,0.9989,0.9990
0.9992,0.9992,0.9993,0.9994,0.9995,0.9996,0.9997,0.9998,0.9999,1.0000
hwc2u1fract=0.0001,0.0002,0.0003,0.0004,0.0005,0.0005,0.0006,0.0007
0.0008,0.0009,0.0010,0.0012,0.0013,0.0014,0.0016,0.0018,0.0021,0.0028
0.0040,0.0069,0.0125,0.0217,0.0345,0.0505,0.0685,0.0888,0.1105,0.1327
0.1554,0.1785,0.2016,0.2245,0.2476,0.2707,0.2935,0.3164,0.3384,0.3608
0.3827,0.4045,0.4263,0.4478,0.4689,0.4901,0.5108,0.5316,0.5522,0.5723
0.5927,0.6125,0.6327,0.6526,0.6724,0.6918,0.7111,0.7303,0.7492,0.7678
0.7860,0.8036,0.8208,0.8374,0.8534,0.8685,0.8823,0.8948,0.9063,0.9167
0.9257,0.9338,0.9408,0.9469,0.9523,0.9573,0.9616,0.9654,0.9688,0.9717
0.9746,0.9769,0.9790,0.9809,0.9825,0.9839,0.9851,0.9863,0.9872,0.9880
0.9888,0.9895,0.9901,0.9906,0.9911,0.9916,0.9920,0.9924,0.9928,0.9933
0.9937,0.9940,0.9943,0.9946,0.9949,0.9952,0.9954,0.9957,0.9959,0.9962
0.9964,0.9967,0.9969,0.9971,0.9972,0.9974,0.9975,0.9977,0.9978,0.9980
0.9981,0.9982,0.9984,0.9985,0.9986,0.9987,0.9988,0.9989,0.9990,0.9991
0.9992,0.9993,0.9994,0.9995,0.9996,0.9996,0.9997,0.9998,0.9999,1.0000
hwc2v1fract=0.0001,0.0002,0.0003,0.0004,0.0005,0.0006,0.0007,0.0008
0.0009,0.0010,0.0012,0.0014,0.0015,0.0018,0.0020,0.0024,0.0029,0.0039
0.0061,0.0103,0.0177,0.0286,0.0428,0.0600,0.0791,0.0997,0.1212,0.1435
0.1661,0.1893,0.2119,0.2348,0.2576,0.2806,0.3034,0.3259,0.3478,0.3706
0.3923,0.4142,0.4354,0.4568,0.4779,0.4988,0.5194,0.5399,0.5602,0.5804
0.6005,0.6204,0.6402,0.6603,0.6799,0.6994,0.7188,0.7377,0.7566,0.7750
0.7932,0.8107,0.8277,0.8442,0.8594,0.8739,0.8874,0.8995,0.9104,0.9201
0.9286,0.9361,0.9429,0.9487,0.9540,0.9587,0.9629,0.9666,0.9700,0.9730
0.9755,0.9779,0.9799,0.9818,0.9834,0.9847,0.9859,0.9870,0.9879,0.9888
0.9895,0.9901,0.9907,0.9912,0.9917,0.9922,0.9926,0.9930,0.9934,0.9938
0.9941,0.9944,0.9947,0.9951,0.9953,0.9956,0.9959,0.9961,0.9964,0.9966
0.9968,0.9970,0.9971,0.9973,0.9975,0.9977,0.9978,0.9979,0.9980,0.9982
0.9983,0.9984,0.9985,0.9986,0.9987,0.9988,0.9989,0.9990,0.9992,0.9992
0.9993,0.9994,0.9995,0.9996,0.9996,0.9997,0.9997,0.9998,0.9999,1.0000
hwc2y2fract=0.0001,0.0002,0.0003,0.0004,0.0005,0.0007,0.0008,0.0010
0.0011,0.0013,0.0015,0.0017,0.0019,0.0023,0.0027,0.0034,0.0044,0.0061
0.0088,0.0136,0.0210,0.0314,0.0449,0.0613,0.0797,0.1002,0.1220,0.1448
0.1683,0.1917,0.2150,0.2384,0.2619,0.2852,0.3082,0.3314,0.3540,0.3766
0.3984,0.4206,0.4422,0.4638,0.4853,0.5060,0.5268,0.5479,0.5689,0.5891
0.6092,0.6295,0.6493,0.6692,0.6891,0.7085,0.7278,0.7467,0.7650,0.7832
0.8010,0.8183,0.8347,0.8505,0.8654,0.8795,0.8928,0.9047,0.9151,0.9246
0.9329,0.9404,0.9469,0.9527,0.9578,0.9623,0.9662,0.9698,0.9727,0.9752
0.9776,0.9797,0.9815,0.9831,0.9845,0.9857,0.9867,0.9876,0.9884,0.9891
0.9898,0.9904,0.9910,0.9914,0.9918,0.9923,0.9927,0.9930,0.9934,0.9937
0.9940,0.9943,0.9946,0.9948,0.9951,0.9954,0.9957,0.9959,0.9961,0.9963
0.9966,0.9967,0.9969,0.9971,0.9972,0.9974,0.9975,0.9977,0.9978,0.9979
0.9981,0.9982,0.9983,0.9984,0.9985,0.9986,0.9988,0.9988,0.9990,0.9991
0.9991,0.9992,0.9994,0.9995,0.9996,0.9996,0.9997,0.9998,0.9999,1.0000
hwc2x2fract=0.0001,0.0002,0.0004,0.0005,0.0006,0.0008,0.0009,0.0010
0.0012,0.0014,0.0016,0.0018,0.0021,0.0024,0.0028,0.0034,0.0044,0.0063
0.0091,0.0133,0.0193,0.0269,0.0371,0.0489,0.0626,0.0776,0.0937,0.1109
0.1291,0.1477,0.1671,0.1870,0.2076,0.2288,0.2498,0.2712,0.2932,0.3152
0.3378,0.3600,0.3825,0.4048,0.4269,0.4494,0.4715,0.4937,0.5158,0.5376
0.5590,0.5804,0.6013,0.6226,0.6435,0.6645,0.6855,0.7057,0.7258,0.7459
0.7656,0.7844,0.8027,0.8199,0.8364,0.8521,0.8669,0.8806,0.8930,0.9047
0.9150,0.9245,0.9329,0.9405,0.9475,0.9537,0.9593,0.9643,0.9687,0.9725
0.9757,0.9787,0.9812,0.9833,0.9851,0.9866,0.9878,0.9889,0.9897,0.9905
0.9912,0.9918,0.9923,0.9927,0.9931,0.9935,0.9939,0.9942,0.9945,0.9948
0.9951,0.9953,0.9955,0.9957,0.9960,0.9962,0.9964,0.9966,0.9967,0.9969
0.9971,0.9972,0.9973,0.9975,0.9976,0.9977,0.9978,0.9979,0.9981,0.9982
0.9983,0.9984,0.9985,0.9986,0.9987,0.9988,0.9989,0.9990,0.9991,0.9992
0.9993,0.9994,0.9995,0.9995,0.9996,0.9997,0.9998,0.9998,0.9999,1.0000
