; Lookup table
;number of bins in Meek's time to distance lookup table
hdriftbins=138
;number of 1st bin in Meek's table in ns
hdrift1stbin=-24
;bin size in ns of Meek's table
hdriftbinsz=2
hwc1x1fract=0.0001,0.0001,0.0002,0.0003,0.0004,0.0005,0.0007,0.0008
0.0010,0.0012,0.0014,0.0016,0.0019,0.0024,0.0030,0.0042,0.0060,0.0086
0.0120,0.0162,0.0220,0.0296,0.0395,0.0513,0.0648,0.0800,0.0966,0.1145
0.1337,0.1534,0.1742,0.1953,0.2171,0.2395,0.2626,0.2852,0.3084,0.3315
0.3550,0.3782,0.4010,0.4240,0.4472,0.4700,0.4926,0.5149,0.5369,0.5588
0.5804,0.6020,0.6233,0.6446,0.6653,0.6857,0.7062,0.7261,0.7454,0.7644
0.7828,0.8005,0.8173,0.8333,0.8485,0.8627,0.8758,0.8878,0.8991,0.9093
0.9186,0.9270,0.9344,0.9414,0.9476,0.9535,0.9589,0.9635,0.9680,0.9720
0.9755,0.9786,0.9813,0.9836,0.9855,0.9873,0.9887,0.9900,0.9909,0.9918
0.9926,0.9933,0.9938,0.9943,0.9947,0.9950,0.9954,0.9957,0.9961,0.9963
0.9966,0.9968,0.9970,0.9971,0.9973,0.9975,0.9976,0.9977,0.9979,0.9980
0.9981,0.9982,0.9983,0.9984,0.9985,0.9986,0.9986,0.9987,0.9988,0.9989
0.9990,0.9991,0.9991,0.9992,0.9993,0.9993,0.9994,0.9994,0.9995,0.9995
0.9996,0.9996,0.9997,0.9997,0.9998,0.9998,0.9999,0.9999,0.9999,1.0000
hwc1y1fract=0.0001,0.0001,0.0002,0.0003,0.0004,0.0005,0.0007,0.0008
0.0010,0.0012,0.0014,0.0017,0.0019,0.0024,0.0030,0.0037,0.0049,0.0066
0.0096,0.0141,0.0215,0.0320,0.0458,0.0625,0.0820,0.1037,0.1268,0.1508
0.1751,0.1996,0.2242,0.2491,0.2736,0.2978,0.3215,0.3449,0.3680,0.3909
0.4134,0.4354,0.4573,0.4792,0.5004,0.5216,0.5422,0.5630,0.5836,0.6039
0.6242,0.6446,0.6644,0.6839,0.7035,0.7226,0.7418,0.7603,0.7787,0.7964
0.8136,0.8301,0.8458,0.8605,0.8746,0.8877,0.8995,0.9104,0.9199,0.9282
0.9356,0.9420,0.9479,0.9530,0.9574,0.9615,0.9653,0.9688,0.9717,0.9744
0.9769,0.9790,0.9809,0.9826,0.9842,0.9856,0.9868,0.9879,0.9889,0.9898
0.9905,0.9912,0.9919,0.9925,0.9931,0.9936,0.9941,0.9945,0.9948,0.9952
0.9956,0.9959,0.9962,0.9964,0.9967,0.9970,0.9972,0.9974,0.9976,0.9978
0.9979,0.9981,0.9983,0.9984,0.9986,0.9987,0.9988,0.9989,0.9989,0.9990
0.9991,0.9992,0.9993,0.9993,0.9994,0.9994,0.9995,0.9996,0.9996,0.9996
0.9997,0.9997,0.9997,0.9998,0.9998,0.9999,0.9999,0.9999,1.0000,1.0000
hwc1u1fract=0.0000,0.0000,0.0001,0.0001,0.0002,0.0002,0.0002,0.0003
0.0003,0.0004,0.0004,0.0005,0.0006,0.0008,0.0012,0.0021,0.0037,0.0062
0.0095,0.0140,0.0206,0.0294,0.0414,0.0561,0.0731,0.0921,0.1124,0.1338
0.1563,0.1791,0.2020,0.2258,0.2493,0.2731,0.2964,0.3197,0.3428,0.3660
0.3887,0.4108,0.4330,0.4556,0.4777,0.4996,0.5207,0.5418,0.5628,0.5834
0.6037,0.6239,0.6443,0.6646,0.6844,0.7037,0.7231,0.7422,0.7609,0.7792
0.7970,0.8142,0.8307,0.8461,0.8608,0.8741,0.8862,0.8974,0.9076,0.9167
0.9247,0.9318,0.9382,0.9440,0.9494,0.9542,0.9587,0.9627,0.9665,0.9699
0.9729,0.9756,0.9780,0.9802,0.9821,0.9838,0.9852,0.9864,0.9875,0.9886
0.9895,0.9903,0.9910,0.9917,0.9923,0.9929,0.9934,0.9939,0.9943,0.9946
0.9950,0.9954,0.9957,0.9960,0.9963,0.9966,0.9968,0.9971,0.9973,0.9974
0.9976,0.9978,0.9979,0.9981,0.9982,0.9984,0.9985,0.9986,0.9987,0.9988
0.9989,0.9990,0.9991,0.9992,0.9992,0.9993,0.9994,0.9995,0.9995,0.9996
0.9996,0.9997,0.9997,0.9998,0.9998,0.9999,0.9999,0.9999,1.0000,1.0000
hwc1v1fract=0.0000,0.0001,0.0001,0.0002,0.0002,0.0002,0.0003,0.0003
0.0004,0.0005,0.0005,0.0006,0.0007,0.0008,0.0010,0.0013,0.0019,0.0031
0.0053,0.0096,0.0167,0.0271,0.0410,0.0575,0.0764,0.0976,0.1197,0.1425
0.1658,0.1893,0.2130,0.2365,0.2604,0.2841,0.3074,0.3304,0.3535,0.3761
0.3980,0.4199,0.4416,0.4629,0.4845,0.5056,0.5271,0.5478,0.5682,0.5886
0.6086,0.6288,0.6487,0.6688,0.6887,0.7081,0.7270,0.7460,0.7647,0.7831
0.8011,0.8184,0.8344,0.8504,0.8651,0.8789,0.8913,0.9026,0.9124,0.9210
0.9288,0.9356,0.9417,0.9474,0.9522,0.9568,0.9608,0.9644,0.9679,0.9712
0.9741,0.9766,0.9789,0.9809,0.9827,0.9843,0.9856,0.9868,0.9879,0.9888
0.9897,0.9904,0.9911,0.9917,0.9923,0.9928,0.9933,0.9937,0.9941,0.9945
0.9948,0.9952,0.9955,0.9959,0.9962,0.9964,0.9966,0.9969,0.9971,0.9973
0.9975,0.9977,0.9978,0.9980,0.9982,0.9983,0.9984,0.9985,0.9987,0.9988
0.9989,0.9990,0.9990,0.9991,0.9992,0.9992,0.9993,0.9994,0.9995,0.9995
0.9996,0.9996,0.9997,0.9997,0.9998,0.9998,0.9999,0.9999,1.0000,1.0000
hwc1y2fract=0.0000,0.0001,0.0001,0.0001,0.0002,0.0002,0.0003,0.0004
0.0004,0.0005,0.0006,0.0007,0.0009,0.0011,0.0014,0.0018,0.0025,0.0036
0.0056,0.0092,0.0146,0.0232,0.0350,0.0498,0.0675,0.0873,0.1090,0.1320
0.1559,0.1799,0.2044,0.2286,0.2534,0.2775,0.3014,0.3251,0.3487,0.3718
0.3948,0.4171,0.4394,0.4615,0.4829,0.5042,0.5251,0.5457,0.5663,0.5865
0.6065,0.6264,0.6465,0.6665,0.6863,0.7058,0.7247,0.7435,0.7620,0.7799
0.7975,0.8147,0.8312,0.8466,0.8608,0.8746,0.8869,0.8984,0.9085,0.9175
0.9257,0.9329,0.9391,0.9447,0.9497,0.9543,0.9583,0.9621,0.9656,0.9686
0.9715,0.9742,0.9765,0.9786,0.9804,0.9820,0.9836,0.9848,0.9860,0.9871
0.9880,0.9889,0.9897,0.9904,0.9911,0.9917,0.9922,0.9928,0.9933,0.9937
0.9942,0.9946,0.9949,0.9953,0.9956,0.9959,0.9962,0.9965,0.9967,0.9969
0.9972,0.9974,0.9976,0.9978,0.9980,0.9981,0.9983,0.9984,0.9985,0.9987
0.9988,0.9989,0.9990,0.9991,0.9992,0.9993,0.9994,0.9994,0.9995,0.9995
0.9996,0.9997,0.9997,0.9998,0.9998,0.9998,0.9999,0.9999,1.0000,1.0000
hwc1x2fract=0.0000,0.0001,0.0002,0.0002,0.0003,0.0003,0.0004,0.0005
0.0005,0.0006,0.0007,0.0009,0.0010,0.0012,0.0014,0.0018,0.0026,0.0039
0.0059,0.0091,0.0141,0.0211,0.0304,0.0421,0.0557,0.0711,0.0881,0.1067
0.1259,0.1462,0.1673,0.1891,0.2116,0.2344,0.2572,0.2804,0.3039,0.3270
0.3499,0.3735,0.3965,0.4194,0.4421,0.4647,0.4871,0.5091,0.5305,0.5525
0.5737,0.5947,0.6157,0.6366,0.6572,0.6778,0.6978,0.7175,0.7373,0.7562
0.7747,0.7929,0.8104,0.8270,0.8427,0.8576,0.8712,0.8839,0.8954,0.9056
0.9150,0.9236,0.9312,0.9384,0.9448,0.9508,0.9561,0.9610,0.9654,0.9696
0.9732,0.9764,0.9792,0.9818,0.9839,0.9858,0.9874,0.9887,0.9898,0.9908
0.9916,0.9923,0.9929,0.9935,0.9940,0.9945,0.9949,0.9952,0.9955,0.9959
0.9961,0.9963,0.9965,0.9967,0.9969,0.9971,0.9973,0.9974,0.9976,0.9977
0.9979,0.9980,0.9982,0.9983,0.9984,0.9985,0.9986,0.9987,0.9988,0.9988
0.9989,0.9990,0.9991,0.9991,0.9992,0.9992,0.9993,0.9994,0.9994,0.9995
0.9995,0.9996,0.9996,0.9997,0.9997,0.9998,0.9999,0.9999,1.0000,1.0000
hwc2x1fract=0.0001,0.0001,0.0002,0.0003,0.0004,0.0005,0.0006,0.0008
0.0010,0.0011,0.0013,0.0016,0.0018,0.0022,0.0026,0.0033,0.0043,0.0060
0.0091,0.0135,0.0196,0.0276,0.0374,0.0494,0.0631,0.0786,0.0955,0.1137
0.1327,0.1528,0.1735,0.1945,0.2166,0.2387,0.2614,0.2841,0.3071,0.3300
0.3530,0.3761,0.3995,0.4224,0.4449,0.4676,0.4903,0.5127,0.5348,0.5566
0.5786,0.5999,0.6216,0.6428,0.6638,0.6844,0.7048,0.7250,0.7450,0.7644
0.7833,0.8016,0.8190,0.8361,0.8520,0.8663,0.8797,0.8922,0.9033,0.9137
0.9226,0.9310,0.9384,0.9450,0.9509,0.9563,0.9612,0.9655,0.9697,0.9733
0.9767,0.9795,0.9822,0.9843,0.9862,0.9877,0.9890,0.9901,0.9910,0.9919
0.9926,0.9932,0.9938,0.9944,0.9948,0.9951,0.9955,0.9958,0.9961,0.9963
0.9965,0.9968,0.9970,0.9972,0.9974,0.9975,0.9977,0.9978,0.9979,0.9981
0.9982,0.9983,0.9984,0.9985,0.9986,0.9986,0.9987,0.9988,0.9989,0.9989
0.9990,0.9991,0.9992,0.9992,0.9993,0.9994,0.9994,0.9995,0.9996,0.9996
0.9996,0.9997,0.9997,0.9998,0.9998,0.9999,0.9999,0.9999,1.0000,1.0000
hwc2y1fract=0.0000,0.0001,0.0001,0.0002,0.0003,0.0003,0.0004,0.0005
0.0005,0.0007,0.0008,0.0009,0.0011,0.0014,0.0017,0.0022,0.0030,0.0044
0.0067,0.0110,0.0184,0.0291,0.0432,0.0605,0.0805,0.1027,0.1266,0.1512
0.1763,0.2016,0.2267,0.2516,0.2766,0.3011,0.3252,0.3489,0.3722,0.3949
0.4175,0.4399,0.4620,0.4838,0.5052,0.5263,0.5471,0.5679,0.5884,0.6089
0.6294,0.6498,0.6698,0.6898,0.7096,0.7290,0.7481,0.7669,0.7851,0.8031
0.8206,0.8373,0.8528,0.8677,0.8818,0.8947,0.9067,0.9171,0.9263,0.9344
0.9416,0.9478,0.9531,0.9576,0.9617,0.9655,0.9690,0.9720,0.9748,0.9772
0.9795,0.9816,0.9833,0.9848,0.9861,0.9873,0.9883,0.9893,0.9901,0.9908
0.9914,0.9920,0.9926,0.9931,0.9935,0.9940,0.9943,0.9947,0.9950,0.9953
0.9955,0.9958,0.9961,0.9964,0.9966,0.9968,0.9970,0.9972,0.9974,0.9976
0.9978,0.9979,0.9980,0.9982,0.9983,0.9985,0.9986,0.9987,0.9988,0.9989
0.9990,0.9991,0.9991,0.9992,0.9993,0.9994,0.9994,0.9995,0.9995,0.9996
0.9996,0.9997,0.9997,0.9997,0.9998,0.9998,0.9999,0.9999,1.0000,1.0000
hwc2u1fract=0.0000,0.0001,0.0001,0.0001,0.0001,0.0002,0.0002,0.0002
0.0003,0.0003,0.0004,0.0004,0.0005,0.0006,0.0007,0.0008,0.0011,0.0017
0.0029,0.0057,0.0113,0.0208,0.0340,0.0509,0.0708,0.0930,0.1164,0.1410
0.1657,0.1907,0.2155,0.2404,0.2648,0.2887,0.3123,0.3361,0.3587,0.3817
0.4039,0.4263,0.4483,0.4699,0.4912,0.5126,0.5334,0.5543,0.5750,0.5954
0.6158,0.6356,0.6554,0.6752,0.6941,0.7138,0.7329,0.7519,0.7706,0.7890
0.8069,0.8242,0.8411,0.8568,0.8720,0.8861,0.8984,0.9098,0.9200,0.9286
0.9362,0.9428,0.9485,0.9537,0.9581,0.9621,0.9656,0.9688,0.9719,0.9746
0.9770,0.9792,0.9812,0.9829,0.9845,0.9858,0.9870,0.9880,0.9889,0.9897
0.9904,0.9911,0.9916,0.9921,0.9926,0.9930,0.9934,0.9938,0.9941,0.9945
0.9948,0.9952,0.9955,0.9958,0.9961,0.9964,0.9967,0.9969,0.9971,0.9973
0.9975,0.9977,0.9979,0.9980,0.9982,0.9983,0.9985,0.9986,0.9988,0.9989
0.9990,0.9991,0.9992,0.9992,0.9993,0.9994,0.9994,0.9995,0.9995,0.9996
0.9997,0.9997,0.9997,0.9998,0.9998,0.9999,0.9999,0.9999,1.0000,1.0000
hwc2v1fract=0.0000,0.0001,0.0001,0.0001,0.0002,0.0002,0.0003,0.0003
0.0004,0.0005,0.0006,0.0007,0.0009,0.0010,0.0012,0.0015,0.0020,0.0030
0.0049,0.0092,0.0167,0.0284,0.0431,0.0614,0.0819,0.1049,0.1287,0.1536
0.1784,0.2036,0.2283,0.2532,0.2773,0.3015,0.3252,0.3489,0.3720,0.3946
0.4171,0.4389,0.4605,0.4823,0.5036,0.5245,0.5453,0.5657,0.5858,0.6062
0.6263,0.6462,0.6657,0.6850,0.7043,0.7240,0.7430,0.7615,0.7800,0.7981
0.8155,0.8323,0.8484,0.8640,0.8780,0.8913,0.9031,0.9138,0.9232,0.9314
0.9385,0.9447,0.9501,0.9548,0.9592,0.9631,0.9667,0.9700,0.9729,0.9756
0.9778,0.9799,0.9818,0.9836,0.9851,0.9864,0.9875,0.9885,0.9894,0.9902
0.9908,0.9914,0.9920,0.9925,0.9930,0.9934,0.9938,0.9941,0.9945,0.9949
0.9952,0.9955,0.9958,0.9961,0.9964,0.9967,0.9969,0.9971,0.9973,0.9976
0.9977,0.9979,0.9981,0.9982,0.9984,0.9985,0.9987,0.9988,0.9989,0.9990
0.9990,0.9991,0.9992,0.9993,0.9994,0.9994,0.9994,0.9995,0.9996,0.9996
0.9996,0.9997,0.9997,0.9998,0.9998,0.9998,0.9999,0.9999,1.0000,1.0000
hwc2y2fract=0.0001,0.0001,0.0001,0.0002,0.0003,0.0003,0.0004,0.0005
0.0006,0.0008,0.0009,0.0011,0.0013,0.0015,0.0019,0.0025,0.0036,0.0053
0.0082,0.0131,0.0209,0.0318,0.0465,0.0645,0.0847,0.1070,0.1307,0.1548
0.1800,0.2054,0.2303,0.2552,0.2796,0.3037,0.3277,0.3512,0.3743,0.3974
0.4200,0.4422,0.4641,0.4857,0.5069,0.5280,0.5490,0.5696,0.5905,0.6111
0.6311,0.6516,0.6715,0.6914,0.7111,0.7306,0.7495,0.7680,0.7866,0.8045
0.8214,0.8380,0.8539,0.8687,0.8827,0.8953,0.9071,0.9175,0.9266,0.9346
0.9417,0.9477,0.9532,0.9580,0.9622,0.9659,0.9692,0.9723,0.9751,0.9776
0.9797,0.9817,0.9833,0.9849,0.9861,0.9873,0.9883,0.9892,0.9900,0.9907
0.9914,0.9919,0.9925,0.9930,0.9934,0.9939,0.9943,0.9946,0.9949,0.9952
0.9955,0.9958,0.9961,0.9963,0.9965,0.9968,0.9970,0.9972,0.9974,0.9975
0.9977,0.9979,0.9980,0.9982,0.9983,0.9985,0.9986,0.9987,0.9988,0.9989
0.9990,0.9991,0.9992,0.9992,0.9993,0.9994,0.9994,0.9995,0.9995,0.9996
0.9997,0.9997,0.9997,0.9998,0.9998,0.9999,0.9999,0.9999,1.0000,1.0000
hwc2x2fract=0.0001,0.0001,0.0002,0.0002,0.0003,0.0004,0.0005,0.0006
0.0007,0.0009,0.0011,0.0013,0.0015,0.0017,0.0022,0.0028,0.0039,0.0059
0.0091,0.0137,0.0202,0.0288,0.0397,0.0526,0.0674,0.0839,0.1021,0.1212
0.1417,0.1630,0.1848,0.2073,0.2303,0.2537,0.2773,0.3007,0.3245,0.3476
0.3707,0.3937,0.4167,0.4396,0.4623,0.4845,0.5066,0.5285,0.5504,0.5720
0.5937,0.6150,0.6362,0.6571,0.6778,0.6982,0.7184,0.7386,0.7579,0.7769
0.7954,0.8132,0.8302,0.8462,0.8612,0.8747,0.8875,0.8992,0.9094,0.9188
0.9273,0.9346,0.9417,0.9477,0.9533,0.9586,0.9633,0.9673,0.9711,0.9745
0.9775,0.9804,0.9828,0.9849,0.9866,0.9880,0.9893,0.9904,0.9913,0.9921
0.9928,0.9934,0.9939,0.9944,0.9948,0.9952,0.9956,0.9959,0.9962,0.9964
0.9966,0.9968,0.9970,0.9972,0.9973,0.9975,0.9976,0.9977,0.9979,0.9980
0.9981,0.9982,0.9984,0.9985,0.9986,0.9986,0.9987,0.9988,0.9989,0.9990
0.9990,0.9991,0.9992,0.9992,0.9993,0.9994,0.9994,0.9995,0.9995,0.9996
0.9996,0.9997,0.9997,0.9998,0.9998,0.9998,0.9999,0.9999,1.0000,1.0000
