; Lookup table
;number of bins in Meek's time to distance lookup table
hdriftbins=138
;number of 1st bin in Meek's table in ns
hdrift1stbin=-24
;bin size in ns of Meek's table
hdriftbinsz=2
hwc1x1fract=0.0003,0.0005,0.0008,0.0011,0.0014,0.0018,0.0021,0.0024
0.0028,0.0032,0.0036,0.0041,0.0046,0.0053,0.0061,0.0074,0.0092,0.0116
0.0148,0.0189,0.0244,0.0314,0.0402,0.0507,0.0630,0.0764,0.0912,0.1070
0.1235,0.1406,0.1589,0.1776,0.1966,0.2163,0.2367,0.2576,0.2787,0.3001
0.3214,0.3427,0.3648,0.3866,0.4085,0.4303,0.4516,0.4729,0.4944,0.5158
0.5369,0.5575,0.5784,0.5990,0.6198,0.6402,0.6601,0.6799,0.6995,0.7185
0.7372,0.7559,0.7738,0.7905,0.8068,0.8222,0.8367,0.8503,0.8631,0.8748
0.8858,0.8957,0.9050,0.9132,0.9207,0.9276,0.9342,0.9398,0.9451,0.9496
0.9536,0.9573,0.9605,0.9634,0.9658,0.9678,0.9696,0.9712,0.9726,0.9738
0.9750,0.9760,0.9769,0.9778,0.9786,0.9793,0.9800,0.9807,0.9814,0.9821
0.9827,0.9833,0.9839,0.9845,0.9850,0.9856,0.9861,0.9866,0.9871,0.9876
0.9881,0.9885,0.9891,0.9896,0.9901,0.9905,0.9910,0.9915,0.9919,0.9924
0.9928,0.9932,0.9936,0.9940,0.9945,0.9948,0.9952,0.9956,0.9960,0.9964
0.9968,0.9972,0.9976,0.9980,0.9983,0.9987,0.9990,0.9994,0.9997,1.0000
hwc1y1fract=0.0002,0.0005,0.0008,0.0011,0.0014,0.0018,0.0021,0.0025
0.0029,0.0033,0.0038,0.0043,0.0048,0.0055,0.0063,0.0074,0.0090,0.0110
0.0138,0.0184,0.0252,0.0353,0.0480,0.0638,0.0813,0.1005,0.1211,0.1428
0.1645,0.1867,0.2088,0.2314,0.2535,0.2757,0.2980,0.3200,0.3415,0.3631
0.3845,0.4060,0.4266,0.4474,0.4679,0.4881,0.5080,0.5275,0.5474,0.5673
0.5869,0.6063,0.6256,0.6447,0.6642,0.6830,0.7016,0.7201,0.7383,0.7559
0.7733,0.7904,0.8069,0.8227,0.8376,0.8516,0.8647,0.8766,0.8875,0.8972
0.9062,0.9141,0.9212,0.9274,0.9330,0.9380,0.9426,0.9465,0.9500,0.9536
0.9565,0.9592,0.9616,0.9639,0.9658,0.9676,0.9692,0.9706,0.9720,0.9733
0.9744,0.9755,0.9765,0.9774,0.9783,0.9791,0.9799,0.9807,0.9814,0.9821
0.9828,0.9834,0.9840,0.9846,0.9852,0.9858,0.9864,0.9869,0.9874,0.9880
0.9885,0.9889,0.9894,0.9900,0.9904,0.9909,0.9913,0.9918,0.9922,0.9926
0.9931,0.9935,0.9940,0.9944,0.9948,0.9952,0.9956,0.9959,0.9963,0.9966
0.9969,0.9973,0.9977,0.9980,0.9983,0.9987,0.9990,0.9994,0.9997,1.0000
hwc1u1fract=0.0002,0.0004,0.0006,0.0008,0.0011,0.0013,0.0016,0.0018
0.0020,0.0022,0.0025,0.0027,0.0030,0.0034,0.0039,0.0050,0.0067,0.0091
0.0123,0.0166,0.0226,0.0307,0.0415,0.0545,0.0700,0.0869,0.1052,0.1244
0.1448,0.1653,0.1862,0.2073,0.2286,0.2502,0.2720,0.2939,0.3152,0.3372
0.3586,0.3798,0.4013,0.4224,0.4434,0.4643,0.4850,0.5054,0.5258,0.5461
0.5660,0.5857,0.6054,0.6253,0.6447,0.6640,0.6830,0.7017,0.7204,0.7387
0.7563,0.7740,0.7910,0.8071,0.8225,0.8369,0.8506,0.8633,0.8750,0.8856
0.8953,0.9041,0.9117,0.9190,0.9250,0.9308,0.9361,0.9411,0.9456,0.9496
0.9533,0.9565,0.9594,0.9620,0.9644,0.9663,0.9680,0.9697,0.9712,0.9725
0.9738,0.9749,0.9759,0.9769,0.9779,0.9788,0.9796,0.9804,0.9810,0.9817
0.9824,0.9830,0.9837,0.9843,0.9849,0.9855,0.9861,0.9866,0.9871,0.9877
0.9882,0.9887,0.9892,0.9897,0.9902,0.9907,0.9911,0.9916,0.9920,0.9925
0.9929,0.9933,0.9938,0.9942,0.9946,0.9950,0.9953,0.9957,0.9961,0.9965
0.9969,0.9973,0.9977,0.9980,0.9984,0.9987,0.9990,0.9994,0.9997,1.0000
hwc1v1fract=0.0002,0.0004,0.0007,0.0009,0.0012,0.0014,0.0016,0.0019
0.0022,0.0024,0.0027,0.0029,0.0032,0.0036,0.0039,0.0045,0.0053,0.0066
0.0089,0.0132,0.0205,0.0306,0.0436,0.0592,0.0765,0.0956,0.1156,0.1363
0.1577,0.1792,0.2009,0.2225,0.2443,0.2661,0.2876,0.3092,0.3310,0.3524
0.3733,0.3943,0.4149,0.4354,0.4563,0.4765,0.4971,0.5171,0.5372,0.5572
0.5769,0.5964,0.6160,0.6350,0.6544,0.6736,0.6924,0.7112,0.7299,0.7482
0.7659,0.7837,0.8005,0.8166,0.8322,0.8468,0.8601,0.8728,0.8839,0.8940
0.9032,0.9113,0.9185,0.9250,0.9306,0.9359,0.9407,0.9450,0.9488,0.9524
0.9556,0.9585,0.9611,0.9635,0.9656,0.9676,0.9693,0.9708,0.9721,0.9733
0.9745,0.9755,0.9766,0.9775,0.9784,0.9792,0.9799,0.9807,0.9814,0.9821
0.9828,0.9834,0.9840,0.9846,0.9852,0.9857,0.9863,0.9869,0.9874,0.9879
0.9884,0.9890,0.9895,0.9900,0.9904,0.9909,0.9914,0.9918,0.9922,0.9926
0.9931,0.9935,0.9939,0.9943,0.9947,0.9951,0.9955,0.9959,0.9963,0.9966
0.9970,0.9974,0.9978,0.9981,0.9985,0.9988,0.9991,0.9994,0.9997,1.0000
hwc1y2fract=0.0002,0.0004,0.0007,0.0009,0.0012,0.0014,0.0017,0.0020
0.0023,0.0026,0.0030,0.0034,0.0038,0.0042,0.0047,0.0054,0.0063,0.0077
0.0099,0.0134,0.0188,0.0271,0.0376,0.0509,0.0670,0.0848,0.1043,0.1250
0.1464,0.1681,0.1903,0.2126,0.2352,0.2576,0.2797,0.3015,0.3234,0.3451
0.3665,0.3880,0.4089,0.4295,0.4501,0.4707,0.4907,0.5105,0.5306,0.5503
0.5703,0.5896,0.6094,0.6286,0.6479,0.6670,0.6860,0.7048,0.7232,0.7410
0.7585,0.7758,0.7921,0.8084,0.8235,0.8377,0.8516,0.8642,0.8758,0.8865
0.8961,0.9049,0.9128,0.9197,0.9260,0.9317,0.9366,0.9412,0.9452,0.9489
0.9522,0.9553,0.9579,0.9605,0.9627,0.9648,0.9666,0.9683,0.9698,0.9711
0.9725,0.9737,0.9748,0.9759,0.9768,0.9777,0.9786,0.9794,0.9802,0.9810
0.9817,0.9825,0.9831,0.9837,0.9844,0.9850,0.9856,0.9862,0.9868,0.9873
0.9879,0.9884,0.9890,0.9895,0.9900,0.9904,0.9909,0.9914,0.9918,0.9923
0.9927,0.9932,0.9936,0.9940,0.9945,0.9949,0.9953,0.9957,0.9961,0.9964
0.9968,0.9972,0.9976,0.9979,0.9983,0.9986,0.9990,0.9993,0.9997,1.0000
hwc1x2fract=0.0003,0.0005,0.0008,0.0010,0.0012,0.0015,0.0018,0.0020
0.0024,0.0027,0.0031,0.0035,0.0038,0.0043,0.0050,0.0059,0.0074,0.0094
0.0125,0.0171,0.0236,0.0323,0.0428,0.0552,0.0686,0.0836,0.0996,0.1165
0.1343,0.1530,0.1725,0.1922,0.2123,0.2327,0.2537,0.2752,0.2965,0.3180
0.3399,0.3617,0.3836,0.4052,0.4266,0.4481,0.4694,0.4911,0.5127,0.5334
0.5537,0.5743,0.5948,0.6151,0.6356,0.6555,0.6754,0.6949,0.7142,0.7332
0.7514,0.7694,0.7866,0.8030,0.8186,0.8335,0.8474,0.8604,0.8724,0.8835
0.8935,0.9028,0.9113,0.9191,0.9262,0.9325,0.9381,0.9433,0.9480,0.9522
0.9558,0.9590,0.9618,0.9643,0.9664,0.9682,0.9698,0.9712,0.9726,0.9738
0.9749,0.9758,0.9767,0.9775,0.9783,0.9791,0.9798,0.9805,0.9811,0.9817
0.9823,0.9829,0.9835,0.9840,0.9846,0.9851,0.9857,0.9862,0.9867,0.9872
0.9877,0.9882,0.9887,0.9892,0.9897,0.9901,0.9906,0.9911,0.9916,0.9920
0.9924,0.9929,0.9933,0.9938,0.9942,0.9946,0.9950,0.9954,0.9958,0.9962
0.9966,0.9971,0.9975,0.9979,0.9983,0.9986,0.9989,0.9993,0.9997,1.0000
hwc2x1fract=0.0003,0.0005,0.0008,0.0011,0.0014,0.0016,0.0020,0.0023
0.0027,0.0030,0.0034,0.0038,0.0043,0.0049,0.0055,0.0063,0.0075,0.0094
0.0124,0.0168,0.0225,0.0300,0.0395,0.0502,0.0628,0.0768,0.0919,0.1081
0.1254,0.1432,0.1623,0.1813,0.2012,0.2211,0.2419,0.2629,0.2843,0.3055
0.3268,0.3484,0.3698,0.3912,0.4127,0.4345,0.4564,0.4781,0.4995,0.5207
0.5419,0.5630,0.5838,0.6047,0.6253,0.6455,0.6657,0.6852,0.7051,0.7244
0.7437,0.7620,0.7802,0.7971,0.8138,0.8293,0.8439,0.8575,0.8701,0.8818
0.8923,0.9018,0.9106,0.9185,0.9256,0.9321,0.9379,0.9433,0.9481,0.9524
0.9562,0.9596,0.9624,0.9649,0.9671,0.9690,0.9706,0.9721,0.9734,0.9747
0.9758,0.9767,0.9775,0.9783,0.9791,0.9799,0.9806,0.9813,0.9819,0.9826
0.9831,0.9837,0.9842,0.9847,0.9853,0.9858,0.9862,0.9867,0.9872,0.9877
0.9882,0.9887,0.9891,0.9896,0.9900,0.9905,0.9909,0.9913,0.9918,0.9922
0.9926,0.9931,0.9935,0.9940,0.9944,0.9948,0.9951,0.9956,0.9960,0.9964
0.9968,0.9971,0.9975,0.9979,0.9982,0.9986,0.9989,0.9993,0.9997,1.0000
hwc2y1fract=0.0002,0.0004,0.0007,0.0009,0.0012,0.0014,0.0017,0.0020
0.0023,0.0026,0.0030,0.0034,0.0038,0.0042,0.0047,0.0054,0.0063,0.0077
0.0100,0.0142,0.0209,0.0305,0.0434,0.0591,0.0776,0.0977,0.1189,0.1413
0.1641,0.1873,0.2103,0.2336,0.2567,0.2792,0.3020,0.3241,0.3465,0.3683
0.3901,0.4112,0.4325,0.4533,0.4739,0.4940,0.5139,0.5338,0.5538,0.5736
0.5936,0.6130,0.6327,0.6523,0.6717,0.6906,0.7093,0.7279,0.7464,0.7641
0.7816,0.7986,0.8147,0.8303,0.8453,0.8592,0.8722,0.8843,0.8951,0.9043
0.9127,0.9202,0.9271,0.9328,0.9380,0.9428,0.9470,0.9506,0.9540,0.9570
0.9598,0.9622,0.9644,0.9663,0.9680,0.9695,0.9709,0.9721,0.9734,0.9745
0.9755,0.9765,0.9774,0.9782,0.9790,0.9797,0.9804,0.9811,0.9818,0.9824
0.9830,0.9836,0.9841,0.9848,0.9853,0.9858,0.9864,0.9869,0.9874,0.9879
0.9884,0.9888,0.9893,0.9898,0.9903,0.9908,0.9913,0.9917,0.9921,0.9926
0.9930,0.9934,0.9939,0.9943,0.9947,0.9951,0.9955,0.9959,0.9963,0.9966
0.9970,0.9973,0.9977,0.9980,0.9984,0.9987,0.9990,0.9994,0.9997,1.0000
hwc2u1fract=0.0002,0.0004,0.0007,0.0009,0.0011,0.0013,0.0016,0.0018
0.0021,0.0023,0.0026,0.0028,0.0031,0.0034,0.0037,0.0040,0.0045,0.0052
0.0066,0.0095,0.0151,0.0242,0.0373,0.0532,0.0719,0.0928,0.1144,0.1366
0.1594,0.1825,0.2056,0.2286,0.2511,0.2738,0.2960,0.3179,0.3394,0.3609
0.3819,0.4029,0.4237,0.4444,0.4648,0.4853,0.5053,0.5258,0.5452,0.5648
0.5845,0.6037,0.6229,0.6419,0.6610,0.6795,0.6984,0.7169,0.7353,0.7535
0.7710,0.7884,0.8053,0.8216,0.8371,0.8516,0.8647,0.8771,0.8886,0.8988
0.9075,0.9155,0.9225,0.9288,0.9343,0.9393,0.9437,0.9475,0.9510,0.9542
0.9569,0.9596,0.9620,0.9640,0.9659,0.9677,0.9694,0.9709,0.9721,0.9732
0.9743,0.9753,0.9762,0.9771,0.9779,0.9787,0.9795,0.9802,0.9809,0.9817
0.9823,0.9830,0.9836,0.9842,0.9848,0.9854,0.9860,0.9866,0.9872,0.9877
0.9882,0.9887,0.9892,0.9896,0.9902,0.9906,0.9912,0.9916,0.9921,0.9925
0.9929,0.9933,0.9937,0.9941,0.9946,0.9950,0.9954,0.9959,0.9963,0.9966
0.9970,0.9973,0.9977,0.9980,0.9983,0.9987,0.9990,0.9994,0.9997,1.0000
hwc2v1fract=0.0002,0.0004,0.0006,0.0009,0.0012,0.0014,0.0017,0.0019
0.0022,0.0025,0.0028,0.0031,0.0034,0.0037,0.0041,0.0046,0.0052,0.0064
0.0085,0.0128,0.0201,0.0311,0.0456,0.0626,0.0819,0.1025,0.1242,0.1467
0.1690,0.1917,0.2145,0.2378,0.2601,0.2823,0.3046,0.3267,0.3487,0.3700
0.3908,0.4121,0.4327,0.4533,0.4738,0.4943,0.5139,0.5339,0.5537,0.5732
0.5924,0.6121,0.6315,0.6507,0.6697,0.6888,0.7074,0.7258,0.7438,0.7618
0.7790,0.7962,0.8126,0.8285,0.8436,0.8575,0.8705,0.8822,0.8928,0.9024
0.9108,0.9181,0.9249,0.9307,0.9359,0.9406,0.9448,0.9485,0.9519,0.9549
0.9578,0.9603,0.9626,0.9647,0.9667,0.9684,0.9699,0.9713,0.9725,0.9736
0.9747,0.9757,0.9766,0.9774,0.9782,0.9790,0.9798,0.9805,0.9812,0.9819
0.9825,0.9832,0.9838,0.9845,0.9851,0.9857,0.9863,0.9868,0.9873,0.9878
0.9883,0.9887,0.9892,0.9898,0.9902,0.9907,0.9912,0.9916,0.9921,0.9926
0.9930,0.9934,0.9938,0.9942,0.9947,0.9950,0.9954,0.9958,0.9962,0.9966
0.9969,0.9973,0.9976,0.9980,0.9984,0.9987,0.9990,0.9994,0.9997,1.0000
hwc2y2fract=0.0003,0.0005,0.0008,0.0010,0.0013,0.0016,0.0019,0.0022
0.0025,0.0028,0.0032,0.0036,0.0040,0.0045,0.0051,0.0059,0.0071,0.0089
0.0120,0.0166,0.0238,0.0340,0.0474,0.0634,0.0821,0.1023,0.1240,0.1462
0.1692,0.1924,0.2155,0.2384,0.2614,0.2844,0.3068,0.3288,0.3507,0.3720
0.3938,0.4148,0.4357,0.4566,0.4770,0.4967,0.5168,0.5368,0.5567,0.5764
0.5964,0.6163,0.6363,0.6559,0.6751,0.6940,0.7126,0.7313,0.7494,0.7671
0.7844,0.8010,0.8170,0.8323,0.8471,0.8610,0.8734,0.8852,0.8957,0.9052
0.9134,0.9208,0.9272,0.9331,0.9384,0.9430,0.9473,0.9509,0.9541,0.9570
0.9597,0.9621,0.9641,0.9661,0.9677,0.9693,0.9707,0.9720,0.9732,0.9743
0.9752,0.9762,0.9771,0.9780,0.9787,0.9796,0.9803,0.9810,0.9816,0.9823
0.9829,0.9835,0.9840,0.9846,0.9851,0.9857,0.9863,0.9868,0.9873,0.9878
0.9885,0.9890,0.9895,0.9900,0.9904,0.9909,0.9914,0.9918,0.9923,0.9927
0.9931,0.9935,0.9939,0.9943,0.9947,0.9951,0.9954,0.9958,0.9962,0.9966
0.9969,0.9973,0.9976,0.9980,0.9983,0.9987,0.9990,0.9994,0.9997,1.0000
hwc2x2fract=0.0002,0.0004,0.0007,0.0010,0.0013,0.0016,0.0019,0.0021
0.0024,0.0027,0.0030,0.0035,0.0038,0.0043,0.0049,0.0056,0.0068,0.0089
0.0120,0.0165,0.0222,0.0299,0.0397,0.0513,0.0646,0.0799,0.0962,0.1138
0.1320,0.1508,0.1700,0.1900,0.2106,0.2316,0.2528,0.2739,0.2954,0.3174
0.3392,0.3610,0.3827,0.4044,0.4263,0.4479,0.4694,0.4911,0.5127,0.5338
0.5547,0.5754,0.5962,0.6165,0.6366,0.6568,0.6766,0.6960,0.7155,0.7349
0.7536,0.7715,0.7889,0.8057,0.8217,0.8369,0.8510,0.8640,0.8761,0.8871
0.8971,0.9062,0.9144,0.9220,0.9287,0.9348,0.9404,0.9453,0.9497,0.9538
0.9573,0.9604,0.9632,0.9656,0.9678,0.9697,0.9712,0.9727,0.9739,0.9750
0.9760,0.9770,0.9778,0.9787,0.9794,0.9802,0.9809,0.9815,0.9821,0.9827
0.9832,0.9839,0.9844,0.9849,0.9854,0.9859,0.9864,0.9870,0.9875,0.9879
0.9884,0.9889,0.9893,0.9899,0.9903,0.9908,0.9912,0.9916,0.9921,0.9925
0.9929,0.9933,0.9937,0.9941,0.9945,0.9949,0.9953,0.9957,0.9961,0.9966
0.9970,0.9973,0.9976,0.9980,0.9983,0.9987,0.9990,0.9994,0.9997,1.0000
