; Lookup table
;number of bins in Meek's time to distance lookup table
hdriftbins=138
;number of 1st bin in Meek's table in ns
hdrift1stbin=-24
;bin size in ns of Meek's table
hdriftbinsz=2
hwc1x1fract=0.0003,0.0006,0.0009,0.0012,0.0015,0.0019,0.0023,0.0027
0.0031,0.0036,0.0040,0.0046,0.0052,0.0059,0.0068,0.0081,0.0101,0.0128
0.0163,0.0205,0.0260,0.0328,0.0408,0.0506,0.0616,0.0738,0.0871,0.1016
0.1172,0.1333,0.1506,0.1681,0.1864,0.2051,0.2244,0.2444,0.2651,0.2856
0.3068,0.3280,0.3496,0.3711,0.3927,0.4146,0.4365,0.4581,0.4801,0.5016
0.5231,0.5445,0.5661,0.5876,0.6089,0.6301,0.6508,0.6711,0.6912,0.7105
0.7297,0.7487,0.7666,0.7840,0.8008,0.8164,0.8314,0.8454,0.8588,0.8711
0.8823,0.8928,0.9025,0.9112,0.9190,0.9263,0.9328,0.9387,0.9441,0.9489
0.9533,0.9569,0.9602,0.9628,0.9653,0.9673,0.9691,0.9706,0.9719,0.9731
0.9741,0.9751,0.9760,0.9769,0.9777,0.9785,0.9792,0.9799,0.9807,0.9813
0.9819,0.9825,0.9831,0.9837,0.9843,0.9848,0.9854,0.9860,0.9865,0.9870
0.9875,0.9880,0.9884,0.9890,0.9895,0.9899,0.9904,0.9909,0.9913,0.9918
0.9923,0.9928,0.9932,0.9937,0.9942,0.9947,0.9951,0.9956,0.9959,0.9963
0.9967,0.9971,0.9975,0.9979,0.9983,0.9986,0.9990,0.9993,0.9997,1.0000
hwc1y1fract=0.0003,0.0006,0.0009,0.0013,0.0016,0.0020,0.0024,0.0028
0.0032,0.0037,0.0042,0.0047,0.0054,0.0061,0.0068,0.0079,0.0093,0.0112
0.0139,0.0182,0.0244,0.0331,0.0441,0.0575,0.0733,0.0904,0.1092,0.1288
0.1490,0.1701,0.1916,0.2134,0.2353,0.2574,0.2793,0.3014,0.3232,0.3452
0.3667,0.3880,0.4092,0.4303,0.4514,0.4719,0.4925,0.5130,0.5335,0.5537
0.5733,0.5936,0.6137,0.6332,0.6530,0.6720,0.6911,0.7099,0.7282,0.7464
0.7642,0.7816,0.7985,0.8145,0.8299,0.8444,0.8580,0.8706,0.8821,0.8926
0.9020,0.9104,0.9178,0.9246,0.9308,0.9362,0.9411,0.9454,0.9494,0.9530
0.9561,0.9589,0.9614,0.9637,0.9659,0.9676,0.9693,0.9708,0.9722,0.9735
0.9747,0.9757,0.9767,0.9777,0.9785,0.9794,0.9802,0.9809,0.9816,0.9823
0.9831,0.9837,0.9844,0.9850,0.9856,0.9862,0.9867,0.9873,0.9878,0.9884
0.9889,0.9894,0.9899,0.9903,0.9908,0.9912,0.9917,0.9921,0.9925,0.9929
0.9933,0.9937,0.9941,0.9945,0.9949,0.9953,0.9957,0.9961,0.9964,0.9967
0.9971,0.9974,0.9977,0.9981,0.9984,0.9987,0.9991,0.9994,0.9997,1.0000
hwc1u1fract=0.0002,0.0005,0.0008,0.0010,0.0013,0.0015,0.0018,0.0021
0.0023,0.0027,0.0030,0.0033,0.0036,0.0041,0.0047,0.0057,0.0075,0.0101
0.0135,0.0178,0.0234,0.0312,0.0411,0.0529,0.0664,0.0813,0.0976,0.1149
0.1333,0.1523,0.1718,0.1918,0.2124,0.2333,0.2541,0.2758,0.2972,0.3186
0.3401,0.3616,0.3832,0.4048,0.4261,0.4473,0.4682,0.4891,0.5103,0.5312
0.5520,0.5722,0.5926,0.6130,0.6328,0.6526,0.6719,0.6916,0.7106,0.7294
0.7476,0.7657,0.7829,0.7997,0.8155,0.8305,0.8446,0.8579,0.8702,0.8816
0.8917,0.9010,0.9092,0.9169,0.9235,0.9297,0.9351,0.9404,0.9450,0.9492
0.9530,0.9564,0.9594,0.9621,0.9645,0.9665,0.9683,0.9699,0.9714,0.9728
0.9741,0.9752,0.9763,0.9772,0.9782,0.9791,0.9799,0.9806,0.9814,0.9820
0.9827,0.9834,0.9841,0.9847,0.9853,0.9858,0.9864,0.9869,0.9875,0.9880
0.9886,0.9890,0.9895,0.9900,0.9905,0.9909,0.9913,0.9918,0.9922,0.9926
0.9930,0.9934,0.9938,0.9943,0.9946,0.9950,0.9954,0.9958,0.9961,0.9965
0.9968,0.9972,0.9975,0.9979,0.9983,0.9986,0.9989,0.9993,0.9997,1.0000
hwc1v1fract=0.0002,0.0005,0.0007,0.0010,0.0013,0.0016,0.0018,0.0021
0.0024,0.0027,0.0030,0.0033,0.0037,0.0040,0.0045,0.0051,0.0058,0.0069
0.0088,0.0122,0.0179,0.0260,0.0367,0.0500,0.0651,0.0819,0.1001,0.1196
0.1395,0.1595,0.1804,0.2014,0.2227,0.2442,0.2659,0.2874,0.3089,0.3302
0.3516,0.3732,0.3943,0.4153,0.4362,0.4570,0.4780,0.4988,0.5193,0.5396
0.5595,0.5800,0.5998,0.6195,0.6391,0.6588,0.6780,0.6968,0.7154,0.7341
0.7525,0.7703,0.7876,0.8048,0.8208,0.8359,0.8501,0.8633,0.8754,0.8864
0.8963,0.9051,0.9131,0.9203,0.9269,0.9327,0.9378,0.9425,0.9467,0.9506
0.9542,0.9575,0.9602,0.9628,0.9649,0.9669,0.9688,0.9705,0.9720,0.9732
0.9744,0.9755,0.9765,0.9774,0.9783,0.9791,0.9799,0.9807,0.9815,0.9822
0.9830,0.9836,0.9843,0.9849,0.9855,0.9861,0.9867,0.9873,0.9878,0.9884
0.9889,0.9893,0.9898,0.9903,0.9907,0.9911,0.9916,0.9920,0.9925,0.9929
0.9933,0.9937,0.9941,0.9945,0.9949,0.9953,0.9957,0.9960,0.9964,0.9968
0.9971,0.9975,0.9978,0.9981,0.9984,0.9987,0.9990,0.9994,0.9997,1.0000
hwc1y2fract=0.0003,0.0005,0.0008,0.0011,0.0014,0.0017,0.0020,0.0024
0.0027,0.0030,0.0034,0.0038,0.0043,0.0048,0.0053,0.0060,0.0070,0.0084
0.0105,0.0138,0.0186,0.0259,0.0354,0.0472,0.0614,0.0776,0.0949,0.1134
0.1330,0.1532,0.1740,0.1948,0.2166,0.2381,0.2596,0.2813,0.3031,0.3248
0.3464,0.3679,0.3895,0.4110,0.4320,0.4529,0.4736,0.4940,0.5143,0.5343
0.5544,0.5744,0.5947,0.6146,0.6348,0.6546,0.6736,0.6928,0.7117,0.7303
0.7482,0.7655,0.7825,0.7992,0.8147,0.8297,0.8441,0.8574,0.8697,0.8809
0.8912,0.9003,0.9086,0.9161,0.9226,0.9285,0.9341,0.9390,0.9434,0.9474
0.9512,0.9545,0.9575,0.9601,0.9624,0.9645,0.9664,0.9682,0.9698,0.9713
0.9727,0.9739,0.9751,0.9761,0.9770,0.9780,0.9789,0.9797,0.9805,0.9813
0.9820,0.9827,0.9834,0.9841,0.9847,0.9854,0.9860,0.9866,0.9872,0.9878
0.9883,0.9888,0.9893,0.9899,0.9903,0.9908,0.9913,0.9917,0.9922,0.9926
0.9930,0.9934,0.9938,0.9942,0.9946,0.9949,0.9953,0.9957,0.9961,0.9964
0.9968,0.9972,0.9976,0.9979,0.9983,0.9987,0.9990,0.9993,0.9997,1.0000
hwc1x2fract=0.0003,0.0006,0.0008,0.0011,0.0015,0.0018,0.0021,0.0025
0.0028,0.0032,0.0036,0.0040,0.0045,0.0051,0.0058,0.0067,0.0082,0.0103
0.0132,0.0172,0.0227,0.0298,0.0387,0.0489,0.0606,0.0736,0.0878,0.1026
0.1188,0.1357,0.1530,0.1717,0.1903,0.2098,0.2297,0.2499,0.2711,0.2922
0.3137,0.3352,0.3572,0.3788,0.4007,0.4226,0.4442,0.4662,0.4881,0.5097
0.5310,0.5522,0.5734,0.5943,0.6153,0.6364,0.6570,0.6773,0.6975,0.7169
0.7362,0.7546,0.7724,0.7897,0.8062,0.8219,0.8368,0.8507,0.8637,0.8762
0.8873,0.8975,0.9065,0.9149,0.9225,0.9294,0.9356,0.9413,0.9462,0.9506
0.9546,0.9580,0.9611,0.9638,0.9661,0.9679,0.9695,0.9710,0.9722,0.9733
0.9744,0.9754,0.9762,0.9771,0.9778,0.9786,0.9794,0.9800,0.9807,0.9814
0.9820,0.9826,0.9832,0.9837,0.9843,0.9849,0.9854,0.9860,0.9865,0.9870
0.9875,0.9881,0.9885,0.9891,0.9895,0.9901,0.9905,0.9910,0.9915,0.9919
0.9923,0.9928,0.9933,0.9937,0.9942,0.9946,0.9950,0.9954,0.9958,0.9962
0.9966,0.9970,0.9974,0.9978,0.9982,0.9986,0.9989,0.9993,0.9996,1.0000
hwc2x1fract=0.0003,0.0006,0.0008,0.0011,0.0015,0.0018,0.0021,0.0025
0.0029,0.0033,0.0037,0.0042,0.0047,0.0052,0.0059,0.0069,0.0081,0.0100
0.0131,0.0174,0.0231,0.0304,0.0392,0.0494,0.0608,0.0735,0.0876,0.1024
0.1183,0.1347,0.1524,0.1704,0.1891,0.2084,0.2280,0.2482,0.2688,0.2895
0.3108,0.3322,0.3536,0.3753,0.3972,0.4191,0.4409,0.4626,0.4848,0.5062
0.5280,0.5497,0.5712,0.5923,0.6138,0.6346,0.6556,0.6761,0.6966,0.7166
0.7362,0.7548,0.7732,0.7906,0.8076,0.8236,0.8390,0.8530,0.8660,0.8781
0.8892,0.8992,0.9084,0.9168,0.9243,0.9311,0.9374,0.9430,0.9479,0.9524
0.9562,0.9596,0.9625,0.9651,0.9673,0.9692,0.9708,0.9723,0.9735,0.9747
0.9758,0.9766,0.9775,0.9784,0.9793,0.9800,0.9806,0.9813,0.9819,0.9825
0.9831,0.9837,0.9843,0.9849,0.9854,0.9859,0.9864,0.9869,0.9874,0.9879
0.9884,0.9888,0.9892,0.9897,0.9902,0.9907,0.9912,0.9916,0.9920,0.9924
0.9928,0.9932,0.9936,0.9940,0.9944,0.9948,0.9953,0.9957,0.9961,0.9965
0.9968,0.9972,0.9976,0.9980,0.9983,0.9987,0.9990,0.9993,0.9997,1.0000
hwc2y1fract=0.0003,0.0005,0.0007,0.0010,0.0013,0.0016,0.0019,0.0021
0.0025,0.0028,0.0032,0.0036,0.0040,0.0044,0.0050,0.0057,0.0067,0.0082
0.0104,0.0142,0.0201,0.0287,0.0401,0.0541,0.0703,0.0884,0.1077,0.1284
0.1497,0.1717,0.1938,0.2165,0.2387,0.2613,0.2835,0.3058,0.3283,0.3508
0.3726,0.3944,0.4160,0.4374,0.4586,0.4796,0.5003,0.5207,0.5409,0.5613
0.5818,0.6016,0.6217,0.6413,0.6610,0.6805,0.6997,0.7184,0.7367,0.7548
0.7727,0.7898,0.8066,0.8228,0.8383,0.8525,0.8659,0.8781,0.8892,0.8995
0.9086,0.9167,0.9239,0.9303,0.9360,0.9411,0.9456,0.9496,0.9532,0.9563
0.9592,0.9618,0.9641,0.9661,0.9680,0.9697,0.9711,0.9724,0.9736,0.9748
0.9759,0.9768,0.9777,0.9786,0.9794,0.9802,0.9810,0.9817,0.9823,0.9829
0.9835,0.9841,0.9847,0.9853,0.9859,0.9864,0.9869,0.9874,0.9879,0.9884
0.9889,0.9894,0.9899,0.9904,0.9909,0.9913,0.9918,0.9922,0.9927,0.9931
0.9935,0.9938,0.9942,0.9946,0.9950,0.9953,0.9957,0.9961,0.9965,0.9968
0.9971,0.9975,0.9978,0.9981,0.9985,0.9988,0.9991,0.9994,0.9997,1.0000
hwc2u1fract=0.0002,0.0005,0.0007,0.0010,0.0012,0.0014,0.0017,0.0020
0.0022,0.0025,0.0028,0.0031,0.0034,0.0037,0.0041,0.0046,0.0053,0.0064
0.0085,0.0129,0.0204,0.0309,0.0440,0.0593,0.0774,0.0967,0.1170,0.1379
0.1599,0.1821,0.2044,0.2268,0.2492,0.2716,0.2940,0.3159,0.3376,0.3593
0.3813,0.4024,0.4238,0.4446,0.4654,0.4860,0.5066,0.5271,0.5474,0.5677
0.5876,0.6073,0.6269,0.6461,0.6655,0.6847,0.7035,0.7223,0.7408,0.7588
0.7770,0.7942,0.8107,0.8267,0.8419,0.8564,0.8697,0.8818,0.8927,0.9024
0.9111,0.9187,0.9255,0.9315,0.9369,0.9417,0.9460,0.9498,0.9532,0.9564
0.9592,0.9617,0.9640,0.9660,0.9679,0.9695,0.9708,0.9722,0.9734,0.9745
0.9755,0.9764,0.9774,0.9782,0.9790,0.9798,0.9805,0.9812,0.9820,0.9827
0.9834,0.9839,0.9845,0.9851,0.9857,0.9862,0.9868,0.9874,0.9880,0.9885
0.9890,0.9896,0.9901,0.9905,0.9910,0.9914,0.9918,0.9922,0.9926,0.9930
0.9934,0.9938,0.9943,0.9946,0.9950,0.9954,0.9958,0.9962,0.9965,0.9969
0.9972,0.9975,0.9979,0.9982,0.9986,0.9988,0.9992,0.9994,0.9997,1.0000
hwc2v1fract=0.0002,0.0005,0.0007,0.0010,0.0013,0.0016,0.0018,0.0021
0.0025,0.0028,0.0031,0.0035,0.0038,0.0041,0.0046,0.0051,0.0058,0.0068
0.0086,0.0121,0.0181,0.0273,0.0393,0.0540,0.0708,0.0895,0.1093,0.1301
0.1516,0.1735,0.1953,0.2174,0.2395,0.2620,0.2843,0.3064,0.3279,0.3498
0.3713,0.3931,0.4139,0.4348,0.4554,0.4766,0.4970,0.5173,0.5376,0.5580
0.5778,0.5978,0.6174,0.6371,0.6562,0.6753,0.6943,0.7132,0.7318,0.7500
0.7678,0.7853,0.8021,0.8185,0.8344,0.8491,0.8628,0.8755,0.8867,0.8969
0.9059,0.9140,0.9214,0.9279,0.9335,0.9388,0.9431,0.9473,0.9509,0.9543
0.9572,0.9601,0.9625,0.9647,0.9666,0.9684,0.9699,0.9713,0.9727,0.9740
0.9750,0.9760,0.9770,0.9779,0.9787,0.9795,0.9803,0.9811,0.9818,0.9826
0.9833,0.9839,0.9846,0.9852,0.9858,0.9864,0.9869,0.9875,0.9880,0.9885
0.9890,0.9895,0.9899,0.9903,0.9907,0.9912,0.9916,0.9921,0.9925,0.9929
0.9933,0.9938,0.9942,0.9946,0.9949,0.9953,0.9957,0.9961,0.9965,0.9968
0.9972,0.9975,0.9979,0.9982,0.9986,0.9989,0.9991,0.9994,0.9997,1.0000
hwc2y2fract=0.0003,0.0005,0.0008,0.0011,0.0014,0.0017,0.0020,0.0023
0.0027,0.0031,0.0035,0.0039,0.0044,0.0049,0.0056,0.0065,0.0078,0.0095
0.0123,0.0166,0.0229,0.0320,0.0440,0.0583,0.0747,0.0928,0.1126,0.1333
0.1548,0.1768,0.1994,0.2220,0.2442,0.2666,0.2889,0.3111,0.3334,0.3555
0.3774,0.3989,0.4203,0.4414,0.4627,0.4836,0.5041,0.5245,0.5451,0.5652
0.5853,0.6055,0.6253,0.6452,0.6647,0.6840,0.7030,0.7217,0.7402,0.7584
0.7762,0.7933,0.8097,0.8258,0.8412,0.8553,0.8684,0.8804,0.8916,0.9015
0.9104,0.9181,0.9250,0.9310,0.9365,0.9414,0.9458,0.9497,0.9532,0.9565
0.9593,0.9619,0.9641,0.9661,0.9679,0.9695,0.9709,0.9723,0.9735,0.9746
0.9757,0.9768,0.9776,0.9785,0.9793,0.9800,0.9807,0.9814,0.9821,0.9827
0.9833,0.9839,0.9845,0.9850,0.9857,0.9862,0.9868,0.9873,0.9878,0.9882
0.9887,0.9892,0.9896,0.9901,0.9906,0.9910,0.9914,0.9919,0.9923,0.9927
0.9931,0.9935,0.9940,0.9944,0.9948,0.9952,0.9955,0.9959,0.9963,0.9966
0.9970,0.9974,0.9977,0.9980,0.9984,0.9987,0.9991,0.9994,0.9997,1.0000
hwc2x2fract=0.0002,0.0005,0.0008,0.0011,0.0014,0.0017,0.0021,0.0024
0.0027,0.0030,0.0034,0.0039,0.0043,0.0049,0.0055,0.0064,0.0076,0.0097
0.0128,0.0172,0.0231,0.0306,0.0397,0.0507,0.0630,0.0762,0.0910,0.1067
0.1229,0.1403,0.1584,0.1773,0.1966,0.2164,0.2369,0.2577,0.2785,0.2999
0.3212,0.3426,0.3641,0.3862,0.4083,0.4300,0.4519,0.4735,0.4956,0.5172
0.5384,0.5599,0.5812,0.6027,0.6236,0.6444,0.6649,0.6849,0.7051,0.7249
0.7441,0.7631,0.7809,0.7984,0.8151,0.8308,0.8455,0.8593,0.8718,0.8834
0.8941,0.9036,0.9124,0.9200,0.9273,0.9337,0.9394,0.9446,0.9493,0.9536
0.9573,0.9604,0.9632,0.9658,0.9679,0.9698,0.9714,0.9729,0.9741,0.9752
0.9763,0.9772,0.9781,0.9789,0.9796,0.9804,0.9812,0.9818,0.9824,0.9831
0.9837,0.9842,0.9847,0.9853,0.9858,0.9863,0.9868,0.9873,0.9878,0.9883
0.9887,0.9892,0.9895,0.9899,0.9904,0.9908,0.9912,0.9916,0.9920,0.9924
0.9928,0.9932,0.9936,0.9940,0.9944,0.9948,0.9952,0.9956,0.9960,0.9963
0.9968,0.9972,0.9975,0.9979,0.9983,0.9987,0.9990,0.9993,0.9997,1.0000
