; Lookup table
;number of bins in Meek's time to distance lookup table
hdriftbins=138
;number of 1st bin in Meek's table in ns
hdrift1stbin=-24
;bin size in ns of Meek's table
hdriftbinsz=2
hwc1x1fract=0.0003,0.0007,0.0010,0.0013,0.0016,0.0019,0.0023,0.0026
0.0031,0.0036,0.0040,0.0045,0.0051,0.0058,0.0066,0.0078,0.0094,0.0117
0.0148,0.0187,0.0236,0.0298,0.0377,0.0467,0.0574,0.0692,0.0823,0.0962
0.1113,0.1270,0.1436,0.1609,0.1790,0.1985,0.2176,0.2366,0.2562,0.2772
0.2985,0.3192,0.3409,0.3625,0.3844,0.4058,0.4285,0.4500,0.4721,0.4937
0.5154,0.5378,0.5593,0.5808,0.6025,0.6234,0.6441,0.6649,0.6854,0.7056
0.7249,0.7435,0.7622,0.7806,0.7975,0.8140,0.8294,0.8442,0.8578,0.8704
0.8823,0.8932,0.9035,0.9129,0.9212,0.9291,0.9361,0.9424,0.9481,0.9531
0.9577,0.9617,0.9653,0.9683,0.9708,0.9729,0.9745,0.9761,0.9774,0.9786
0.9796,0.9804,0.9813,0.9820,0.9827,0.9833,0.9839,0.9845,0.9850,0.9857
0.9862,0.9867,0.9871,0.9875,0.9879,0.9883,0.9888,0.9893,0.9897,0.9901
0.9905,0.9909,0.9913,0.9917,0.9921,0.9926,0.9929,0.9932,0.9937,0.9940
0.9943,0.9946,0.9948,0.9951,0.9955,0.9959,0.9961,0.9966,0.9969,0.9972
0.9975,0.9978,0.9980,0.9983,0.9986,0.9988,0.9991,0.9995,0.9998,1.0000
hwc1y1fract=0.0003,0.0006,0.0009,0.0012,0.0016,0.0020,0.0024,0.0028
0.0032,0.0037,0.0041,0.0046,0.0051,0.0057,0.0065,0.0074,0.0086,0.0104
0.0128,0.0166,0.0223,0.0301,0.0406,0.0529,0.0675,0.0844,0.1025,0.1214
0.1415,0.1620,0.1833,0.2050,0.2276,0.2492,0.2710,0.2927,0.3147,0.3363
0.3582,0.3800,0.4014,0.4231,0.4436,0.4649,0.4861,0.5068,0.5275,0.5477
0.5684,0.5884,0.6088,0.6283,0.6486,0.6685,0.6873,0.7066,0.7254,0.7437
0.7620,0.7796,0.7967,0.8135,0.8294,0.8449,0.8588,0.8715,0.8832,0.8939
0.9036,0.9126,0.9202,0.9269,0.9329,0.9384,0.9435,0.9482,0.9525,0.9563
0.9597,0.9628,0.9655,0.9681,0.9701,0.9720,0.9736,0.9751,0.9764,0.9777
0.9787,0.9797,0.9808,0.9817,0.9825,0.9833,0.9839,0.9846,0.9852,0.9858
0.9864,0.9869,0.9874,0.9879,0.9883,0.9888,0.9892,0.9896,0.9901,0.9905
0.9910,0.9915,0.9919,0.9923,0.9928,0.9932,0.9936,0.9939,0.9942,0.9946
0.9949,0.9952,0.9955,0.9958,0.9961,0.9963,0.9966,0.9968,0.9971,0.9974
0.9977,0.9980,0.9983,0.9986,0.9989,0.9991,0.9994,0.9996,0.9998,1.0000
hwc1u1fract=0.0003,0.0006,0.0009,0.0011,0.0014,0.0017,0.0019,0.0022
0.0025,0.0027,0.0031,0.0034,0.0038,0.0042,0.0049,0.0058,0.0073,0.0094
0.0125,0.0165,0.0216,0.0290,0.0377,0.0489,0.0617,0.0761,0.0920,0.1089
0.1269,0.1458,0.1648,0.1846,0.2054,0.2258,0.2466,0.2680,0.2893,0.3110
0.3323,0.3540,0.3764,0.3978,0.4196,0.4410,0.4622,0.4829,0.5044,0.5253
0.5460,0.5670,0.5881,0.6090,0.6293,0.6491,0.6693,0.6894,0.7087,0.7282
0.7469,0.7647,0.7820,0.7990,0.8151,0.8305,0.8453,0.8587,0.8709,0.8824
0.8926,0.9020,0.9106,0.9183,0.9256,0.9322,0.9375,0.9430,0.9477,0.9521
0.9562,0.9596,0.9629,0.9657,0.9686,0.9707,0.9727,0.9744,0.9758,0.9770
0.9781,0.9792,0.9801,0.9810,0.9818,0.9826,0.9833,0.9840,0.9847,0.9854
0.9861,0.9866,0.9871,0.9876,0.9881,0.9886,0.9891,0.9897,0.9901,0.9906
0.9910,0.9914,0.9918,0.9922,0.9925,0.9929,0.9932,0.9935,0.9938,0.9941
0.9945,0.9948,0.9951,0.9954,0.9958,0.9961,0.9965,0.9967,0.9970,0.9974
0.9977,0.9979,0.9982,0.9984,0.9987,0.9990,0.9992,0.9995,0.9997,1.0000
hwc1v1fract=0.0002,0.0005,0.0008,0.0011,0.0014,0.0017,0.0020,0.0023
0.0026,0.0029,0.0033,0.0037,0.0040,0.0044,0.0048,0.0054,0.0061,0.0072
0.0095,0.0129,0.0189,0.0268,0.0376,0.0507,0.0649,0.0815,0.0989,0.1171
0.1364,0.1565,0.1775,0.1983,0.2196,0.2418,0.2634,0.2850,0.3068,0.3288
0.3510,0.3726,0.3941,0.4155,0.4364,0.4575,0.4783,0.4989,0.5197,0.5404
0.5603,0.5801,0.6005,0.6203,0.6403,0.6605,0.6798,0.6995,0.7190,0.7380
0.7566,0.7745,0.7920,0.8090,0.8251,0.8399,0.8542,0.8669,0.8785,0.8895
0.8991,0.9076,0.9159,0.9232,0.9297,0.9358,0.9410,0.9460,0.9504,0.9545
0.9584,0.9619,0.9648,0.9675,0.9696,0.9714,0.9731,0.9746,0.9759,0.9772
0.9784,0.9795,0.9803,0.9812,0.9820,0.9828,0.9836,0.9843,0.9848,0.9854
0.9861,0.9867,0.9873,0.9878,0.9883,0.9889,0.9895,0.9900,0.9905,0.9910
0.9914,0.9918,0.9921,0.9925,0.9929,0.9933,0.9936,0.9939,0.9942,0.9945
0.9948,0.9950,0.9953,0.9957,0.9959,0.9963,0.9966,0.9969,0.9972,0.9975
0.9977,0.9980,0.9983,0.9985,0.9987,0.9990,0.9993,0.9995,0.9998,1.0000
hwc1y2fract=0.0003,0.0006,0.0009,0.0012,0.0015,0.0019,0.0021,0.0025
0.0029,0.0033,0.0037,0.0041,0.0046,0.0050,0.0058,0.0065,0.0078,0.0096
0.0126,0.0169,0.0232,0.0318,0.0426,0.0556,0.0707,0.0874,0.1054,0.1250
0.1452,0.1651,0.1864,0.2078,0.2296,0.2516,0.2735,0.2960,0.3180,0.3394
0.3618,0.3832,0.4048,0.4260,0.4469,0.4680,0.4888,0.5091,0.5295,0.5494
0.5697,0.5900,0.6097,0.6295,0.6499,0.6698,0.6896,0.7083,0.7279,0.7466
0.7649,0.7823,0.7991,0.8147,0.8297,0.8443,0.8583,0.8708,0.8823,0.8924
0.9019,0.9104,0.9180,0.9250,0.9314,0.9373,0.9425,0.9473,0.9514,0.9554
0.9587,0.9618,0.9644,0.9669,0.9690,0.9710,0.9727,0.9743,0.9757,0.9769
0.9780,0.9791,0.9800,0.9809,0.9817,0.9825,0.9833,0.9839,0.9847,0.9853
0.9859,0.9866,0.9871,0.9878,0.9883,0.9887,0.9892,0.9897,0.9903,0.9907
0.9911,0.9915,0.9919,0.9923,0.9927,0.9930,0.9934,0.9937,0.9940,0.9943
0.9945,0.9949,0.9952,0.9955,0.9959,0.9961,0.9964,0.9968,0.9970,0.9973
0.9976,0.9979,0.9982,0.9985,0.9987,0.9990,0.9993,0.9995,0.9997,1.0000
hwc1x2fract=0.0003,0.0005,0.0008,0.0012,0.0016,0.0019,0.0022,0.0025
0.0028,0.0032,0.0036,0.0040,0.0044,0.0050,0.0057,0.0069,0.0082,0.0103
0.0133,0.0176,0.0230,0.0303,0.0396,0.0505,0.0627,0.0756,0.0902,0.1051
0.1208,0.1376,0.1549,0.1730,0.1920,0.2112,0.2318,0.2523,0.2725,0.2930
0.3146,0.3367,0.3580,0.3801,0.4018,0.4237,0.4454,0.4676,0.4897,0.5123
0.5341,0.5556,0.5769,0.5980,0.6192,0.6398,0.6609,0.6815,0.7012,0.7208
0.7402,0.7586,0.7767,0.7935,0.8098,0.8258,0.8402,0.8541,0.8673,0.8794
0.8908,0.9011,0.9105,0.9191,0.9271,0.9347,0.9412,0.9472,0.9524,0.9568
0.9609,0.9643,0.9673,0.9699,0.9721,0.9739,0.9756,0.9768,0.9780,0.9792
0.9801,0.9810,0.9818,0.9825,0.9832,0.9838,0.9845,0.9850,0.9855,0.9860
0.9865,0.9870,0.9875,0.9879,0.9884,0.9887,0.9893,0.9897,0.9901,0.9905
0.9908,0.9913,0.9916,0.9921,0.9924,0.9927,0.9931,0.9935,0.9940,0.9943
0.9946,0.9950,0.9952,0.9956,0.9958,0.9962,0.9965,0.9967,0.9970,0.9972
0.9976,0.9978,0.9981,0.9983,0.9986,0.9989,0.9991,0.9994,0.9997,1.0000
hwc2x1fract=0.0003,0.0006,0.0010,0.0014,0.0017,0.0022,0.0025,0.0029
0.0033,0.0038,0.0043,0.0048,0.0053,0.0059,0.0066,0.0075,0.0086,0.0102
0.0129,0.0170,0.0225,0.0293,0.0376,0.0478,0.0594,0.0719,0.0859,0.1008
0.1163,0.1332,0.1507,0.1695,0.1882,0.2071,0.2272,0.2480,0.2689,0.2895
0.3107,0.3327,0.3541,0.3756,0.3975,0.4196,0.4421,0.4646,0.4870,0.5095
0.5313,0.5534,0.5758,0.5981,0.6202,0.6413,0.6622,0.6818,0.7020,0.7219
0.7414,0.7602,0.7787,0.7964,0.8130,0.8290,0.8443,0.8581,0.8716,0.8838
0.8946,0.9050,0.9146,0.9232,0.9308,0.9374,0.9437,0.9491,0.9539,0.9582
0.9620,0.9653,0.9683,0.9708,0.9730,0.9749,0.9766,0.9779,0.9791,0.9800
0.9811,0.9821,0.9828,0.9836,0.9842,0.9847,0.9853,0.9859,0.9864,0.9869
0.9873,0.9878,0.9883,0.9887,0.9891,0.9894,0.9898,0.9902,0.9905,0.9909
0.9913,0.9917,0.9920,0.9923,0.9927,0.9931,0.9934,0.9938,0.9941,0.9944
0.9946,0.9950,0.9952,0.9955,0.9958,0.9962,0.9964,0.9967,0.9970,0.9973
0.9976,0.9979,0.9981,0.9984,0.9986,0.9989,0.9992,0.9995,0.9998,1.0000
hwc2y1fract=0.0003,0.0006,0.0009,0.0011,0.0014,0.0017,0.0021,0.0024
0.0028,0.0031,0.0035,0.0038,0.0042,0.0047,0.0052,0.0059,0.0068,0.0080
0.0102,0.0134,0.0189,0.0272,0.0379,0.0512,0.0672,0.0847,0.1038,0.1239
0.1458,0.1673,0.1883,0.2106,0.2329,0.2560,0.2785,0.3014,0.3236,0.3466
0.3694,0.3910,0.4133,0.4353,0.4568,0.4775,0.4981,0.5193,0.5404,0.5618
0.5824,0.6022,0.6222,0.6428,0.6627,0.6828,0.7026,0.7226,0.7418,0.7602
0.7782,0.7958,0.8127,0.8284,0.8434,0.8583,0.8715,0.8835,0.8948,0.9050
0.9139,0.9214,0.9288,0.9350,0.9406,0.9455,0.9502,0.9545,0.9582,0.9612
0.9643,0.9668,0.9691,0.9711,0.9729,0.9746,0.9760,0.9773,0.9785,0.9796
0.9806,0.9815,0.9823,0.9831,0.9837,0.9843,0.9850,0.9855,0.9860,0.9866
0.9872,0.9877,0.9881,0.9886,0.9890,0.9895,0.9899,0.9903,0.9908,0.9912
0.9916,0.9920,0.9924,0.9927,0.9930,0.9934,0.9938,0.9941,0.9945,0.9948
0.9951,0.9953,0.9956,0.9959,0.9961,0.9963,0.9966,0.9969,0.9972,0.9975
0.9978,0.9980,0.9983,0.9985,0.9988,0.9990,0.9993,0.9995,0.9997,1.0000
hwc2u1fract=0.0002,0.0004,0.0007,0.0010,0.0012,0.0015,0.0017,0.0019
0.0022,0.0025,0.0028,0.0030,0.0034,0.0037,0.0041,0.0044,0.0049,0.0057
0.0069,0.0093,0.0139,0.0218,0.0323,0.0455,0.0607,0.0780,0.0971,0.1175
0.1386,0.1600,0.1814,0.2031,0.2248,0.2471,0.2691,0.2906,0.3123,0.3340
0.3549,0.3763,0.3977,0.4192,0.4401,0.4611,0.4816,0.5016,0.5222,0.5420
0.5613,0.5807,0.6006,0.6205,0.6393,0.6587,0.6772,0.6954,0.7139,0.7325
0.7504,0.7681,0.7854,0.8022,0.8179,0.8331,0.8471,0.8604,0.8729,0.8836
0.8928,0.9013,0.9091,0.9160,0.9220,0.9276,0.9324,0.9371,0.9413,0.9447
0.9483,0.9515,0.9544,0.9571,0.9595,0.9618,0.9638,0.9657,0.9675,0.9690
0.9702,0.9717,0.9729,0.9741,0.9753,0.9764,0.9775,0.9786,0.9796,0.9806
0.9814,0.9823,0.9832,0.9840,0.9849,0.9857,0.9865,0.9872,0.9880,0.9887
0.9893,0.9899,0.9904,0.9909,0.9914,0.9919,0.9923,0.9928,0.9931,0.9935
0.9939,0.9943,0.9947,0.9951,0.9955,0.9959,0.9962,0.9965,0.9969,0.9971
0.9975,0.9977,0.9981,0.9985,0.9987,0.9989,0.9992,0.9994,0.9997,1.0000
hwc2v1fract=0.0003,0.0006,0.0009,0.0012,0.0015,0.0018,0.0022,0.0025
0.0027,0.0030,0.0034,0.0037,0.0041,0.0045,0.0049,0.0054,0.0060,0.0072
0.0091,0.0127,0.0187,0.0277,0.0395,0.0540,0.0709,0.0895,0.1090,0.1297
0.1512,0.1731,0.1949,0.2168,0.2395,0.2617,0.2839,0.3055,0.3279,0.3504
0.3716,0.3937,0.4156,0.4367,0.4580,0.4793,0.5001,0.5206,0.5413,0.5621
0.5819,0.6021,0.6213,0.6419,0.6620,0.6809,0.7004,0.7198,0.7383,0.7567
0.7749,0.7925,0.8095,0.8266,0.8422,0.8569,0.8702,0.8828,0.8938,0.9035
0.9120,0.9198,0.9268,0.9331,0.9387,0.9438,0.9484,0.9528,0.9567,0.9602
0.9631,0.9657,0.9681,0.9703,0.9721,0.9737,0.9753,0.9768,0.9779,0.9791
0.9801,0.9808,0.9818,0.9825,0.9831,0.9838,0.9845,0.9851,0.9856,0.9863
0.9869,0.9874,0.9879,0.9885,0.9890,0.9894,0.9899,0.9904,0.9909,0.9914
0.9917,0.9921,0.9924,0.9928,0.9931,0.9934,0.9938,0.9941,0.9944,0.9946
0.9949,0.9953,0.9956,0.9959,0.9961,0.9964,0.9967,0.9970,0.9973,0.9975
0.9978,0.9981,0.9984,0.9986,0.9989,0.9991,0.9993,0.9995,0.9998,1.0000
hwc2y2fract=0.0003,0.0004,0.0007,0.0010,0.0013,0.0016,0.0019,0.0023
0.0027,0.0031,0.0034,0.0038,0.0043,0.0047,0.0052,0.0061,0.0071,0.0087
0.0110,0.0150,0.0209,0.0294,0.0407,0.0544,0.0704,0.0876,0.1077,0.1283
0.1499,0.1723,0.1937,0.2164,0.2389,0.2619,0.2843,0.3072,0.3297,0.3521
0.3748,0.3968,0.4190,0.4404,0.4621,0.4829,0.5039,0.5247,0.5454,0.5656
0.5857,0.6061,0.6263,0.6466,0.6664,0.6859,0.7051,0.7246,0.7432,0.7612
0.7793,0.7966,0.8134,0.8295,0.8450,0.8593,0.8725,0.8846,0.8960,0.9062
0.9149,0.9231,0.9297,0.9361,0.9417,0.9467,0.9511,0.9550,0.9582,0.9617
0.9645,0.9669,0.9693,0.9713,0.9731,0.9747,0.9760,0.9772,0.9784,0.9794
0.9803,0.9812,0.9819,0.9827,0.9834,0.9840,0.9847,0.9853,0.9859,0.9864
0.9869,0.9875,0.9881,0.9886,0.9890,0.9894,0.9899,0.9903,0.9907,0.9911
0.9915,0.9919,0.9923,0.9926,0.9930,0.9932,0.9935,0.9937,0.9941,0.9944
0.9947,0.9951,0.9954,0.9957,0.9960,0.9963,0.9965,0.9968,0.9970,0.9973
0.9976,0.9978,0.9981,0.9984,0.9987,0.9990,0.9992,0.9995,0.9998,1.0000
hwc2x2fract=0.0003,0.0006,0.0010,0.0013,0.0016,0.0020,0.0023,0.0027
0.0030,0.0034,0.0038,0.0042,0.0046,0.0053,0.0059,0.0068,0.0080,0.0099
0.0126,0.0167,0.0219,0.0288,0.0375,0.0479,0.0601,0.0732,0.0873,0.1032
0.1193,0.1366,0.1554,0.1739,0.1928,0.2129,0.2339,0.2552,0.2763,0.2981
0.3191,0.3409,0.3633,0.3852,0.4081,0.4302,0.4522,0.4741,0.4962,0.5183
0.5395,0.5606,0.5822,0.6035,0.6245,0.6451,0.6657,0.6862,0.7069,0.7265
0.7460,0.7654,0.7834,0.8014,0.8184,0.8339,0.8483,0.8625,0.8753,0.8868
0.8976,0.9071,0.9164,0.9244,0.9320,0.9388,0.9453,0.9507,0.9554,0.9597
0.9636,0.9669,0.9697,0.9718,0.9739,0.9756,0.9770,0.9785,0.9797,0.9807
0.9816,0.9824,0.9831,0.9837,0.9844,0.9850,0.9855,0.9860,0.9865,0.9870
0.9875,0.9880,0.9885,0.9890,0.9893,0.9898,0.9902,0.9906,0.9909,0.9913
0.9917,0.9922,0.9925,0.9928,0.9931,0.9934,0.9937,0.9940,0.9943,0.9946
0.9949,0.9952,0.9955,0.9959,0.9961,0.9965,0.9967,0.9969,0.9973,0.9976
0.9979,0.9981,0.9984,0.9986,0.9989,0.9991,0.9993,0.9996,0.9998,1.0000
