; Lookup table
;number of bins in Meek's time to distance lookup table
hdriftbins=138
;number of 1st bin in Meek's table in ns
hdrift1stbin=-24
;bin size in ns of Meek's table
hdriftbinsz=2
hwc1x1fract=0.0000,0.0001,0.0001,0.0002,0.0003,0.0003,0.0005,0.0006
0.0007,0.0008,0.0009,0.0011,0.0013,0.0016,0.0021,0.0028,0.0039,0.0059
0.0085,0.0121,0.0168,0.0225,0.0299,0.0396,0.0509,0.0640,0.0783,0.0944
0.1116,0.1297,0.1477,0.1670,0.1874,0.2086,0.2299,0.2515,0.2729,0.2945
0.3174,0.3403,0.3620,0.3849,0.4079,0.4306,0.4534,0.4754,0.4970,0.5194
0.5413,0.5636,0.5852,0.6062,0.6270,0.6482,0.6685,0.6888,0.7089,0.7293
0.7487,0.7679,0.7864,0.8037,0.8212,0.8372,0.8524,0.8671,0.8806,0.8934
0.9049,0.9155,0.9251,0.9336,0.9417,0.9489,0.9555,0.9614,0.9665,0.9713
0.9755,0.9792,0.9825,0.9852,0.9876,0.9897,0.9912,0.9924,0.9934,0.9943
0.9951,0.9958,0.9964,0.9968,0.9971,0.9975,0.9977,0.9980,0.9982,0.9984
0.9986,0.9987,0.9989,0.9990,0.9991,0.9992,0.9993,0.9994,0.9994,0.9995
0.9995,0.9996,0.9996,0.9997,0.9997,0.9997,0.9998,0.9998,0.9998,0.9998
0.9998,0.9999,0.9999,0.9999,0.9999,0.9999,0.9999,0.9999,1.0000,1.0000
1.0000,1.0000,1.0000,1.0000,1.0000,1.0000,1.0000,1.0000,1.0000,1.0000
hwc1y1fract=0.0001,0.0001,0.0001,0.0002,0.0002,0.0003,0.0003,0.0004
0.0006,0.0007,0.0008,0.0010,0.0011,0.0014,0.0017,0.0022,0.0028,0.0038
0.0055,0.0079,0.0128,0.0204,0.0312,0.0453,0.0623,0.0820,0.1028,0.1249
0.1478,0.1710,0.1943,0.2184,0.2417,0.2657,0.2891,0.3118,0.3341,0.3568
0.3793,0.4009,0.4223,0.4437,0.4646,0.4855,0.5064,0.5272,0.5481,0.5687
0.5888,0.6100,0.6297,0.6503,0.6702,0.6895,0.7088,0.7276,0.7465,0.7648
0.7834,0.8014,0.8190,0.8354,0.8515,0.8668,0.8805,0.8935,0.9056,0.9161
0.9255,0.9337,0.9415,0.9483,0.9540,0.9590,0.9635,0.9678,0.9714,0.9746
0.9776,0.9803,0.9826,0.9845,0.9863,0.9878,0.9891,0.9904,0.9914,0.9925
0.9932,0.9939,0.9946,0.9952,0.9957,0.9960,0.9964,0.9968,0.9971,0.9974
0.9977,0.9980,0.9982,0.9984,0.9985,0.9987,0.9988,0.9990,0.9991,0.9992
0.9993,0.9994,0.9995,0.9996,0.9996,0.9996,0.9997,0.9997,0.9998,0.9998
0.9998,0.9999,0.9999,0.9999,0.9999,0.9999,0.9999,1.0000,1.0000,1.0000
1.0000,1.0000,1.0000,1.0000,1.0000,1.0000,1.0000,1.0000,1.0000,1.0000
hwc1u1fract=0.0000,0.0000,0.0000,0.0000,0.0001,0.0001,0.0001,0.0001
0.0001,0.0001,0.0002,0.0002,0.0002,0.0003,0.0004,0.0009,0.0021,0.0041
0.0071,0.0107,0.0157,0.0227,0.0320,0.0438,0.0583,0.0748,0.0925,0.1119
0.1320,0.1526,0.1743,0.1967,0.2189,0.2410,0.2638,0.2862,0.3087,0.3318
0.3539,0.3761,0.3982,0.4203,0.4423,0.4645,0.4857,0.5075,0.5284,0.5489
0.5696,0.5912,0.6115,0.6318,0.6513,0.6714,0.6905,0.7097,0.7292,0.7482
0.7668,0.7858,0.8026,0.8198,0.8365,0.8517,0.8662,0.8791,0.8912,0.9030
0.9130,0.9222,0.9304,0.9376,0.9442,0.9506,0.9559,0.9610,0.9651,0.9690
0.9728,0.9762,0.9789,0.9815,0.9836,0.9856,0.9874,0.9888,0.9900,0.9910
0.9918,0.9927,0.9933,0.9940,0.9946,0.9951,0.9955,0.9959,0.9963,0.9966
0.9970,0.9973,0.9975,0.9977,0.9980,0.9982,0.9984,0.9986,0.9987,0.9989
0.9990,0.9992,0.9993,0.9994,0.9994,0.9995,0.9996,0.9997,0.9997,0.9997
0.9998,0.9998,0.9998,0.9999,0.9999,0.9999,0.9999,0.9999,0.9999,1.0000
1.0000,1.0000,1.0000,1.0000,1.0000,1.0000,1.0000,1.0000,1.0000,1.0000
hwc1v1fract=0.0000,0.0000,0.0000,0.0000,0.0001,0.0001,0.0001,0.0001
0.0002,0.0002,0.0003,0.0003,0.0004,0.0005,0.0006,0.0008,0.0012,0.0019
0.0033,0.0063,0.0111,0.0185,0.0296,0.0437,0.0600,0.0783,0.0978,0.1183
0.1396,0.1613,0.1832,0.2056,0.2285,0.2515,0.2736,0.2959,0.3183,0.3408
0.3626,0.3847,0.4063,0.4279,0.4493,0.4704,0.4913,0.5123,0.5335,0.5544
0.5750,0.5952,0.6146,0.6349,0.6547,0.6750,0.6943,0.7133,0.7329,0.7515
0.7704,0.7889,0.8074,0.8244,0.8415,0.8575,0.8724,0.8865,0.8990,0.9101
0.9201,0.9291,0.9371,0.9442,0.9500,0.9553,0.9602,0.9648,0.9687,0.9725
0.9758,0.9787,0.9815,0.9837,0.9857,0.9875,0.9890,0.9904,0.9914,0.9923
0.9931,0.9938,0.9944,0.9950,0.9955,0.9959,0.9963,0.9967,0.9970,0.9972
0.9975,0.9977,0.9979,0.9981,0.9983,0.9985,0.9986,0.9987,0.9989,0.9990
0.9991,0.9992,0.9993,0.9994,0.9995,0.9996,0.9996,0.9996,0.9997,0.9997
0.9997,0.9998,0.9998,0.9998,0.9998,0.9999,0.9999,0.9999,0.9999,0.9999
1.0000,1.0000,1.0000,1.0000,1.0000,1.0000,1.0000,1.0000,1.0000,1.0000
hwc1y2fract=0.0000,0.0000,0.0000,0.0001,0.0001,0.0001,0.0001,0.0001
0.0002,0.0002,0.0002,0.0003,0.0004,0.0005,0.0007,0.0010,0.0017,0.0030
0.0051,0.0088,0.0150,0.0241,0.0361,0.0512,0.0691,0.0888,0.1090,0.1299
0.1524,0.1751,0.1985,0.2221,0.2465,0.2692,0.2923,0.3156,0.3381,0.3612
0.3836,0.4053,0.4269,0.4483,0.4695,0.4906,0.5116,0.5317,0.5516,0.5726
0.5922,0.6125,0.6333,0.6530,0.6727,0.6921,0.7107,0.7305,0.7488,0.7672
0.7850,0.8021,0.8189,0.8351,0.8505,0.8648,0.8787,0.8916,0.9033,0.9136
0.9227,0.9314,0.9389,0.9457,0.9519,0.9572,0.9618,0.9661,0.9695,0.9730
0.9759,0.9786,0.9809,0.9829,0.9846,0.9862,0.9878,0.9889,0.9900,0.9909
0.9918,0.9927,0.9933,0.9940,0.9945,0.9950,0.9956,0.9959,0.9963,0.9967
0.9970,0.9973,0.9976,0.9978,0.9980,0.9982,0.9984,0.9986,0.9988,0.9990
0.9991,0.9992,0.9994,0.9994,0.9995,0.9996,0.9996,0.9997,0.9997,0.9998
0.9998,0.9998,0.9999,0.9999,0.9999,0.9999,0.9999,0.9999,0.9999,0.9999
1.0000,1.0000,1.0000,1.0000,1.0000,1.0000,1.0000,1.0000,1.0000,1.0000
hwc1x2fract=0.0000,0.0000,0.0001,0.0001,0.0001,0.0002,0.0002,0.0003
0.0003,0.0004,0.0004,0.0005,0.0006,0.0007,0.0009,0.0012,0.0016,0.0023
0.0037,0.0061,0.0101,0.0161,0.0247,0.0354,0.0485,0.0630,0.0790,0.0967
0.1153,0.1344,0.1538,0.1742,0.1951,0.2163,0.2379,0.2605,0.2830,0.3056
0.3282,0.3507,0.3726,0.3950,0.4177,0.4392,0.4610,0.4834,0.5054,0.5273
0.5489,0.5706,0.5917,0.6130,0.6331,0.6534,0.6739,0.6944,0.7144,0.7344
0.7538,0.7732,0.7915,0.8097,0.8274,0.8433,0.8589,0.8738,0.8870,0.8994
0.9104,0.9210,0.9304,0.9383,0.9458,0.9523,0.9584,0.9639,0.9690,0.9737
0.9775,0.9808,0.9837,0.9862,0.9883,0.9900,0.9915,0.9926,0.9936,0.9943
0.9950,0.9956,0.9961,0.9966,0.9969,0.9972,0.9974,0.9977,0.9979,0.9981
0.9983,0.9985,0.9986,0.9987,0.9989,0.9990,0.9991,0.9992,0.9992,0.9993
0.9994,0.9994,0.9995,0.9995,0.9996,0.9996,0.9997,0.9997,0.9998,0.9998
0.9998,0.9998,0.9998,0.9999,0.9999,0.9999,0.9999,0.9999,0.9999,1.0000
1.0000,1.0000,1.0000,1.0000,1.0000,1.0000,1.0000,1.0000,1.0000,1.0000
hwc2x1fract=0.0000,0.0001,0.0001,0.0001,0.0002,0.0003,0.0003,0.0004
0.0005,0.0007,0.0008,0.0009,0.0011,0.0013,0.0015,0.0019,0.0024,0.0031
0.0044,0.0070,0.0113,0.0171,0.0247,0.0344,0.0458,0.0586,0.0735,0.0896
0.1074,0.1255,0.1443,0.1641,0.1846,0.2052,0.2262,0.2483,0.2703,0.2927
0.3151,0.3370,0.3603,0.3830,0.4048,0.4268,0.4492,0.4709,0.4925,0.5142
0.5357,0.5577,0.5787,0.6010,0.6221,0.6439,0.6650,0.6858,0.7063,0.7269
0.7468,0.7663,0.7845,0.8031,0.8207,0.8373,0.8534,0.8685,0.8827,0.8958
0.9075,0.9180,0.9273,0.9361,0.9444,0.9511,0.9573,0.9630,0.9680,0.9724
0.9762,0.9797,0.9828,0.9856,0.9878,0.9899,0.9915,0.9927,0.9938,0.9946
0.9952,0.9958,0.9962,0.9966,0.9970,0.9973,0.9975,0.9979,0.9980,0.9982
0.9983,0.9985,0.9987,0.9988,0.9989,0.9991,0.9991,0.9992,0.9993,0.9994
0.9995,0.9995,0.9996,0.9997,0.9997,0.9997,0.9998,0.9998,0.9998,0.9998
0.9999,0.9999,0.9999,1.0000,1.0000,1.0000,1.0000,1.0000,1.0000,1.0000
1.0000,1.0000,1.0000,1.0000,1.0000,1.0000,1.0000,1.0000,1.0000,1.0000
hwc2y1fract=0.0000,0.0000,0.0000,0.0001,0.0001,0.0001,0.0001,0.0001
0.0002,0.0002,0.0003,0.0004,0.0005,0.0006,0.0007,0.0009,0.0013,0.0019
0.0030,0.0053,0.0094,0.0168,0.0274,0.0414,0.0587,0.0779,0.0994,0.1232
0.1472,0.1710,0.1961,0.2205,0.2450,0.2701,0.2939,0.3168,0.3404,0.3638
0.3861,0.4084,0.4307,0.4528,0.4743,0.4946,0.5153,0.5365,0.5570,0.5779
0.5977,0.6179,0.6382,0.6581,0.6778,0.6974,0.7168,0.7364,0.7552,0.7738
0.7914,0.8091,0.8260,0.8425,0.8588,0.8736,0.8876,0.9002,0.9117,0.9226
0.9322,0.9407,0.9477,0.9544,0.9601,0.9648,0.9690,0.9729,0.9761,0.9789
0.9815,0.9835,0.9855,0.9871,0.9885,0.9898,0.9910,0.9921,0.9929,0.9936
0.9942,0.9948,0.9952,0.9957,0.9961,0.9963,0.9966,0.9969,0.9972,0.9974
0.9976,0.9978,0.9980,0.9982,0.9984,0.9984,0.9986,0.9987,0.9989,0.9990
0.9991,0.9992,0.9993,0.9994,0.9995,0.9995,0.9996,0.9997,0.9997,0.9997
0.9998,0.9998,0.9998,0.9999,0.9999,0.9999,0.9999,0.9999,0.9999,1.0000
1.0000,1.0000,1.0000,1.0000,1.0000,1.0000,1.0000,1.0000,1.0000,1.0000
hwc2u1fract=0.0000,0.0000,0.0000,0.0000,0.0000,0.0001,0.0001,0.0001
0.0001,0.0001,0.0002,0.0002,0.0002,0.0003,0.0003,0.0005,0.0008,0.0014
0.0028,0.0057,0.0116,0.0217,0.0358,0.0531,0.0728,0.0943,0.1168,0.1399
0.1636,0.1878,0.2115,0.2359,0.2592,0.2827,0.3061,0.3284,0.3515,0.3732
0.3955,0.4173,0.4387,0.4598,0.4812,0.5022,0.5228,0.5433,0.5629,0.5830
0.6027,0.6227,0.6427,0.6628,0.6824,0.7024,0.7218,0.7412,0.7594,0.7777
0.7957,0.8130,0.8308,0.8480,0.8634,0.8782,0.8916,0.9044,0.9157,0.9261
0.9346,0.9423,0.9488,0.9545,0.9595,0.9641,0.9682,0.9719,0.9754,0.9783
0.9807,0.9829,0.9848,0.9865,0.9880,0.9891,0.9902,0.9911,0.9921,0.9929
0.9935,0.9940,0.9946,0.9950,0.9954,0.9957,0.9960,0.9963,0.9966,0.9969
0.9971,0.9973,0.9976,0.9978,0.9980,0.9983,0.9985,0.9986,0.9988,0.9989
0.9991,0.9992,0.9993,0.9994,0.9994,0.9996,0.9996,0.9997,0.9997,0.9997
0.9998,0.9998,0.9998,0.9999,0.9999,0.9999,0.9999,0.9999,0.9999,1.0000
1.0000,1.0000,1.0000,1.0000,1.0000,1.0000,1.0000,1.0000,1.0000,1.0000
hwc2v1fract=0.0000,0.0000,0.0000,0.0000,0.0001,0.0001,0.0001,0.0001
0.0001,0.0002,0.0002,0.0002,0.0003,0.0004,0.0006,0.0008,0.0011,0.0015
0.0026,0.0047,0.0095,0.0176,0.0299,0.0457,0.0644,0.0850,0.1067,0.1297
0.1532,0.1765,0.2003,0.2232,0.2481,0.2716,0.2952,0.3179,0.3411,0.3641
0.3863,0.4081,0.4299,0.4513,0.4727,0.4929,0.5145,0.5352,0.5559,0.5761
0.5963,0.6168,0.6370,0.6568,0.6762,0.6955,0.7149,0.7339,0.7529,0.7713
0.7893,0.8068,0.8243,0.8410,0.8570,0.8719,0.8862,0.8994,0.9109,0.9213
0.9304,0.9383,0.9457,0.9517,0.9569,0.9617,0.9660,0.9699,0.9736,0.9763
0.9788,0.9812,0.9835,0.9854,0.9872,0.9885,0.9899,0.9909,0.9918,0.9925
0.9932,0.9939,0.9944,0.9949,0.9952,0.9957,0.9960,0.9962,0.9966,0.9969
0.9972,0.9974,0.9977,0.9979,0.9982,0.9984,0.9986,0.9987,0.9989,0.9990
0.9992,0.9993,0.9994,0.9995,0.9995,0.9996,0.9997,0.9997,0.9998,0.9998
0.9998,0.9998,0.9999,0.9999,0.9999,0.9999,0.9999,1.0000,1.0000,1.0000
1.0000,1.0000,1.0000,1.0000,1.0000,1.0000,1.0000,1.0000,1.0000,1.0000
hwc2y2fract=0.0000,0.0000,0.0000,0.0001,0.0001,0.0001,0.0001,0.0001
0.0002,0.0002,0.0003,0.0004,0.0005,0.0006,0.0008,0.0011,0.0016,0.0024
0.0039,0.0066,0.0113,0.0194,0.0301,0.0446,0.0622,0.0819,0.1037,0.1269
0.1509,0.1751,0.1995,0.2234,0.2473,0.2710,0.2948,0.3179,0.3406,0.3632
0.3861,0.4086,0.4306,0.4519,0.4737,0.4948,0.5159,0.5364,0.5571,0.5775
0.5974,0.6181,0.6377,0.6576,0.6770,0.6963,0.7157,0.7352,0.7540,0.7724
0.7908,0.8085,0.8259,0.8427,0.8590,0.8745,0.8882,0.9012,0.9129,0.9236
0.9330,0.9414,0.9486,0.9548,0.9599,0.9647,0.9689,0.9725,0.9754,0.9783
0.9807,0.9831,0.9850,0.9866,0.9881,0.9895,0.9906,0.9916,0.9924,0.9932
0.9938,0.9944,0.9949,0.9953,0.9957,0.9961,0.9964,0.9967,0.9970,0.9972
0.9974,0.9976,0.9979,0.9980,0.9981,0.9983,0.9985,0.9986,0.9987,0.9988
0.9990,0.9991,0.9992,0.9993,0.9994,0.9995,0.9996,0.9996,0.9997,0.9997
0.9998,0.9998,0.9998,0.9999,0.9999,0.9999,0.9999,0.9999,0.9999,1.0000
1.0000,1.0000,1.0000,1.0000,1.0000,1.0000,1.0000,1.0000,1.0000,1.0000
hwc2x2fract=0.0000,0.0000,0.0001,0.0001,0.0002,0.0002,0.0002,0.0003
0.0004,0.0005,0.0006,0.0008,0.0009,0.0010,0.0012,0.0016,0.0023,0.0035
0.0057,0.0086,0.0131,0.0191,0.0270,0.0376,0.0498,0.0639,0.0796,0.0960
0.1141,0.1330,0.1525,0.1730,0.1948,0.2162,0.2379,0.2606,0.2834,0.3054
0.3278,0.3498,0.3724,0.3949,0.4175,0.4401,0.4626,0.4846,0.5067,0.5287
0.5505,0.5720,0.5935,0.6148,0.6357,0.6569,0.6774,0.6980,0.7181,0.7385
0.7577,0.7767,0.7954,0.8129,0.8300,0.8461,0.8615,0.8764,0.8894,0.9015
0.9125,0.9225,0.9317,0.9397,0.9472,0.9539,0.9597,0.9649,0.9697,0.9739
0.9776,0.9809,0.9837,0.9861,0.9882,0.9898,0.9912,0.9924,0.9934,0.9942
0.9949,0.9955,0.9959,0.9964,0.9968,0.9971,0.9974,0.9977,0.9979,0.9981
0.9983,0.9985,0.9987,0.9988,0.9989,0.9990,0.9991,0.9992,0.9993,0.9994
0.9995,0.9995,0.9996,0.9997,0.9997,0.9997,0.9998,0.9998,0.9998,0.9998
0.9999,0.9999,0.9999,0.9999,0.9999,1.0000,1.0000,1.0000,1.0000,1.0000
1.0000,1.0000,1.0000,1.0000,1.0000,1.0000,1.0000,1.0000,1.0000,1.0000
