; Lookup table
;number of bins in Meek's time to distance lookup table
hdriftbins=138
;number of 1st bin in Meek's table in ns
hdrift1stbin=-24
;bin size in ns of Meek's table
hdriftbinsz=2
hwc1x1fract=0.0000,0.0001,0.0001,0.0002,0.0002,0.0003,0.0004,0.0005
0.0005,0.0006,0.0007,0.0008,0.0010,0.0011,0.0014,0.0017,0.0024,0.0034
0.0047,0.0066,0.0092,0.0131,0.0186,0.0260,0.0353,0.0462,0.0584,0.0721
0.0864,0.1023,0.1188,0.1365,0.1544,0.1741,0.1942,0.2147,0.2356,0.2565
0.2785,0.2997,0.3216,0.3444,0.3667,0.3896,0.4117,0.4331,0.4556,0.4776
0.4997,0.5217,0.5435,0.5658,0.5878,0.6088,0.6295,0.6506,0.6716,0.6926
0.7131,0.7333,0.7526,0.7716,0.7899,0.8073,0.8243,0.8401,0.8554,0.8696
0.8826,0.8950,0.9057,0.9158,0.9255,0.9343,0.9428,0.9500,0.9566,0.9624
0.9676,0.9723,0.9765,0.9801,0.9832,0.9857,0.9877,0.9895,0.9910,0.9922
0.9933,0.9941,0.9950,0.9956,0.9961,0.9965,0.9968,0.9972,0.9974,0.9977
0.9979,0.9980,0.9982,0.9983,0.9985,0.9987,0.9987,0.9989,0.9990,0.9992
0.9992,0.9993,0.9994,0.9994,0.9995,0.9995,0.9996,0.9996,0.9997,0.9997
0.9998,0.9998,0.9998,0.9998,0.9999,0.9999,0.9999,0.9999,0.9999,0.9999
1.0000,1.0000,1.0000,1.0000,1.0000,1.0000,1.0000,1.0000,1.0000,1.0000
hwc1y1fract=0.0000,0.0000,0.0001,0.0001,0.0002,0.0002,0.0003,0.0003
0.0004,0.0004,0.0005,0.0006,0.0008,0.0010,0.0012,0.0015,0.0020,0.0026
0.0037,0.0056,0.0091,0.0145,0.0228,0.0342,0.0481,0.0639,0.0817,0.1008
0.1210,0.1424,0.1646,0.1871,0.2096,0.2323,0.2552,0.2775,0.3008,0.3232
0.3454,0.3671,0.3892,0.4119,0.4333,0.4545,0.4759,0.4968,0.5175,0.5384
0.5590,0.5791,0.6001,0.6206,0.6405,0.6610,0.6814,0.7006,0.7201,0.7388
0.7580,0.7761,0.7944,0.8115,0.8285,0.8444,0.8595,0.8736,0.8865,0.8987
0.9094,0.9191,0.9280,0.9360,0.9428,0.9492,0.9550,0.9602,0.9644,0.9686
0.9722,0.9757,0.9785,0.9811,0.9834,0.9855,0.9873,0.9887,0.9901,0.9912
0.9921,0.9929,0.9937,0.9944,0.9951,0.9956,0.9961,0.9965,0.9969,0.9973
0.9976,0.9978,0.9980,0.9982,0.9984,0.9986,0.9987,0.9989,0.9990,0.9991
0.9992,0.9993,0.9994,0.9995,0.9996,0.9997,0.9997,0.9998,0.9998,0.9998
0.9999,0.9999,0.9999,0.9999,0.9999,1.0000,1.0000,1.0000,1.0000,1.0000
1.0000,1.0000,1.0000,1.0000,1.0000,1.0000,1.0000,1.0000,1.0000,1.0000
hwc1u1fract=0.0000,0.0000,0.0000,0.0000,0.0000,0.0000,0.0000,0.0001
0.0001,0.0001,0.0001,0.0002,0.0002,0.0002,0.0003,0.0006,0.0010,0.0018
0.0030,0.0048,0.0078,0.0124,0.0196,0.0294,0.0419,0.0560,0.0716,0.0891
0.1074,0.1264,0.1464,0.1674,0.1884,0.2099,0.2313,0.2528,0.2743,0.2959
0.3181,0.3405,0.3625,0.3846,0.4068,0.4287,0.4508,0.4725,0.4932,0.5137
0.5346,0.5555,0.5764,0.5970,0.6170,0.6379,0.6574,0.6777,0.6975,0.7167
0.7362,0.7551,0.7732,0.7910,0.8085,0.8252,0.8412,0.8560,0.8701,0.8831
0.8951,0.9055,0.9149,0.9236,0.9316,0.9385,0.9454,0.9513,0.9568,0.9615
0.9661,0.9700,0.9735,0.9769,0.9798,0.9823,0.9844,0.9862,0.9879,0.9893
0.9904,0.9914,0.9923,0.9931,0.9939,0.9944,0.9949,0.9954,0.9959,0.9963
0.9966,0.9970,0.9973,0.9976,0.9978,0.9980,0.9982,0.9985,0.9986,0.9988
0.9989,0.9991,0.9992,0.9993,0.9994,0.9994,0.9995,0.9995,0.9996,0.9996
0.9997,0.9997,0.9998,0.9998,0.9998,0.9998,0.9998,0.9999,0.9999,0.9999
0.9999,0.9999,0.9999,0.9999,0.9999,1.0000,1.0000,1.0000,1.0000,1.0000
hwc1v1fract=0.0000,0.0000,0.0000,0.0000,0.0001,0.0001,0.0001,0.0001
0.0001,0.0001,0.0002,0.0002,0.0003,0.0003,0.0004,0.0006,0.0008,0.0015
0.0027,0.0051,0.0095,0.0166,0.0266,0.0389,0.0542,0.0708,0.0888,0.1075
0.1278,0.1483,0.1694,0.1909,0.2129,0.2341,0.2558,0.2777,0.2996,0.3218
0.3437,0.3656,0.3880,0.4098,0.4317,0.4528,0.4744,0.4951,0.5161,0.5367
0.5576,0.5780,0.5989,0.6193,0.6395,0.6595,0.6802,0.6997,0.7200,0.7393
0.7582,0.7767,0.7946,0.8123,0.8297,0.8456,0.8611,0.8754,0.8882,0.8999
0.9102,0.9197,0.9278,0.9352,0.9420,0.9480,0.9537,0.9588,0.9635,0.9679
0.9717,0.9752,0.9785,0.9811,0.9833,0.9852,0.9869,0.9885,0.9900,0.9911
0.9921,0.9929,0.9936,0.9942,0.9948,0.9953,0.9957,0.9961,0.9964,0.9968
0.9971,0.9974,0.9976,0.9978,0.9981,0.9983,0.9984,0.9986,0.9988,0.9989
0.9991,0.9991,0.9993,0.9993,0.9994,0.9995,0.9996,0.9996,0.9997,0.9997
0.9998,0.9998,0.9999,0.9999,0.9999,0.9999,0.9999,1.0000,1.0000,1.0000
1.0000,1.0000,1.0000,1.0000,1.0000,1.0000,1.0000,1.0000,1.0000,1.0000
hwc1y2fract=0.0000,0.0000,0.0000,0.0001,0.0001,0.0001,0.0002,0.0002
0.0002,0.0002,0.0002,0.0003,0.0004,0.0005,0.0007,0.0009,0.0013,0.0021
0.0034,0.0061,0.0106,0.0176,0.0271,0.0389,0.0537,0.0699,0.0879,0.1075
0.1281,0.1491,0.1705,0.1930,0.2153,0.2381,0.2607,0.2831,0.3058,0.3290
0.3516,0.3741,0.3966,0.4182,0.4402,0.4620,0.4831,0.5049,0.5260,0.5473
0.5680,0.5888,0.6091,0.6293,0.6497,0.6698,0.6898,0.7093,0.7281,0.7463
0.7646,0.7826,0.7994,0.8160,0.8320,0.8473,0.8619,0.8752,0.8878,0.8988
0.9092,0.9188,0.9269,0.9346,0.9414,0.9475,0.9531,0.9583,0.9628,0.9670
0.9710,0.9744,0.9772,0.9799,0.9823,0.9841,0.9858,0.9873,0.9886,0.9898
0.9908,0.9917,0.9925,0.9934,0.9941,0.9946,0.9951,0.9956,0.9961,0.9964
0.9968,0.9970,0.9973,0.9977,0.9979,0.9981,0.9983,0.9984,0.9986,0.9988
0.9989,0.9991,0.9992,0.9993,0.9994,0.9994,0.9995,0.9995,0.9996,0.9997
0.9997,0.9998,0.9998,0.9998,0.9998,0.9999,0.9999,0.9999,0.9999,1.0000
1.0000,1.0000,1.0000,1.0000,1.0000,1.0000,1.0000,1.0000,1.0000,1.0000
hwc1x2fract=0.0000,0.0000,0.0000,0.0001,0.0001,0.0001,0.0001,0.0002
0.0003,0.0003,0.0004,0.0005,0.0006,0.0007,0.0009,0.0011,0.0017,0.0027
0.0045,0.0075,0.0121,0.0188,0.0269,0.0373,0.0494,0.0629,0.0780,0.0938
0.1107,0.1280,0.1465,0.1656,0.1851,0.2049,0.2257,0.2474,0.2692,0.2914
0.3125,0.3353,0.3572,0.3795,0.4022,0.4245,0.4469,0.4687,0.4912,0.5135
0.5354,0.5579,0.5795,0.6013,0.6224,0.6432,0.6639,0.6842,0.7039,0.7241
0.7432,0.7624,0.7811,0.7991,0.8163,0.8329,0.8486,0.8637,0.8777,0.8899
0.9019,0.9126,0.9225,0.9315,0.9399,0.9472,0.9539,0.9603,0.9658,0.9707
0.9749,0.9785,0.9820,0.9848,0.9874,0.9893,0.9908,0.9920,0.9931,0.9941
0.9949,0.9955,0.9959,0.9964,0.9968,0.9971,0.9974,0.9976,0.9979,0.9981
0.9982,0.9985,0.9986,0.9987,0.9989,0.9990,0.9991,0.9992,0.9993,0.9993
0.9994,0.9995,0.9996,0.9996,0.9997,0.9997,0.9998,0.9998,0.9998,0.9999
0.9999,0.9999,0.9999,0.9999,0.9999,1.0000,1.0000,1.0000,1.0000,1.0000
1.0000,1.0000,1.0000,1.0000,1.0000,1.0000,1.0000,1.0000,1.0000,1.0000
hwc2x1fract=0.0000,0.0001,0.0001,0.0001,0.0002,0.0003,0.0003,0.0004
0.0005,0.0005,0.0006,0.0007,0.0009,0.0010,0.0013,0.0015,0.0019,0.0025
0.0038,0.0060,0.0097,0.0147,0.0215,0.0301,0.0407,0.0528,0.0670,0.0823
0.0979,0.1150,0.1331,0.1521,0.1717,0.1913,0.2116,0.2329,0.2540,0.2759
0.2980,0.3201,0.3427,0.3646,0.3869,0.4093,0.4311,0.4537,0.4761,0.4977
0.5202,0.5421,0.5636,0.5856,0.6076,0.6299,0.6517,0.6731,0.6942,0.7150
0.7348,0.7546,0.7738,0.7927,0.8111,0.8285,0.8449,0.8598,0.8741,0.8871
0.8998,0.9108,0.9211,0.9300,0.9383,0.9456,0.9525,0.9583,0.9636,0.9687
0.9731,0.9770,0.9804,0.9833,0.9857,0.9877,0.9896,0.9910,0.9921,0.9931
0.9941,0.9949,0.9954,0.9959,0.9963,0.9968,0.9972,0.9974,0.9978,0.9980
0.9982,0.9984,0.9985,0.9987,0.9987,0.9989,0.9990,0.9992,0.9993,0.9993
0.9994,0.9994,0.9995,0.9996,0.9996,0.9997,0.9997,0.9998,0.9998,0.9998
0.9998,0.9999,0.9999,0.9999,0.9999,0.9999,0.9999,0.9999,0.9999,1.0000
1.0000,1.0000,1.0000,1.0000,1.0000,1.0000,1.0000,1.0000,1.0000,1.0000
hwc2y1fract=0.0000,0.0000,0.0000,0.0000,0.0001,0.0001,0.0001,0.0001
0.0001,0.0001,0.0001,0.0002,0.0002,0.0003,0.0004,0.0006,0.0007,0.0011
0.0018,0.0034,0.0065,0.0118,0.0200,0.0315,0.0457,0.0631,0.0822,0.1031
0.1252,0.1474,0.1708,0.1944,0.2179,0.2418,0.2652,0.2882,0.3114,0.3344
0.3580,0.3811,0.4038,0.4259,0.4480,0.4698,0.4919,0.5139,0.5348,0.5560
0.5765,0.5970,0.6177,0.6379,0.6586,0.6789,0.6988,0.7191,0.7382,0.7573
0.7761,0.7944,0.8124,0.8298,0.8458,0.8612,0.8756,0.8890,0.9012,0.9125
0.9228,0.9314,0.9395,0.9464,0.9523,0.9580,0.9626,0.9666,0.9703,0.9738
0.9767,0.9794,0.9817,0.9836,0.9853,0.9868,0.9882,0.9894,0.9905,0.9914
0.9922,0.9930,0.9938,0.9943,0.9948,0.9953,0.9957,0.9961,0.9965,0.9967
0.9970,0.9973,0.9975,0.9978,0.9980,0.9983,0.9984,0.9986,0.9987,0.9989
0.9990,0.9991,0.9992,0.9993,0.9994,0.9995,0.9996,0.9996,0.9997,0.9997
0.9998,0.9998,0.9999,0.9999,0.9999,0.9999,0.9999,0.9999,0.9999,0.9999
1.0000,1.0000,1.0000,1.0000,1.0000,1.0000,1.0000,1.0000,1.0000,1.0000
hwc2u1fract=0.0000,0.0000,0.0000,0.0000,0.0000,0.0000,0.0000,0.0001
0.0001,0.0001,0.0001,0.0002,0.0002,0.0003,0.0003,0.0004,0.0006,0.0012
0.0025,0.0053,0.0109,0.0202,0.0322,0.0478,0.0659,0.0863,0.1079,0.1301
0.1526,0.1756,0.1987,0.2214,0.2447,0.2673,0.2900,0.3121,0.3352,0.3578
0.3797,0.4014,0.4225,0.4442,0.4657,0.4868,0.5081,0.5288,0.5497,0.5702
0.5913,0.6115,0.6318,0.6520,0.6717,0.6917,0.7111,0.7305,0.7496,0.7681
0.7868,0.8046,0.8219,0.8391,0.8551,0.8701,0.8841,0.8970,0.9086,0.9190
0.9281,0.9359,0.9429,0.9491,0.9546,0.9595,0.9640,0.9681,0.9717,0.9749
0.9775,0.9800,0.9823,0.9842,0.9860,0.9874,0.9887,0.9899,0.9909,0.9919
0.9926,0.9933,0.9938,0.9943,0.9948,0.9953,0.9957,0.9961,0.9963,0.9967
0.9970,0.9973,0.9975,0.9978,0.9980,0.9982,0.9985,0.9986,0.9988,0.9989
0.9990,0.9991,0.9992,0.9993,0.9994,0.9995,0.9995,0.9996,0.9997,0.9997
0.9998,0.9998,0.9998,0.9999,0.9999,0.9999,0.9999,0.9999,0.9999,0.9999
0.9999,0.9999,1.0000,1.0000,1.0000,1.0000,1.0000,1.0000,1.0000,1.0000
hwc2v1fract=0.0000,0.0000,0.0000,0.0000,0.0001,0.0001,0.0001,0.0001
0.0002,0.0002,0.0002,0.0003,0.0003,0.0004,0.0005,0.0006,0.0009,0.0013
0.0022,0.0040,0.0082,0.0153,0.0254,0.0390,0.0553,0.0740,0.0943,0.1155
0.1380,0.1609,0.1835,0.2067,0.2298,0.2526,0.2758,0.2986,0.3213,0.3430
0.3654,0.3875,0.4098,0.4315,0.4537,0.4745,0.4959,0.5173,0.5384,0.5587
0.5788,0.5991,0.6190,0.6394,0.6598,0.6792,0.6991,0.7181,0.7376,0.7563
0.7756,0.7935,0.8115,0.8284,0.8446,0.8598,0.8751,0.8883,0.9010,0.9116
0.9211,0.9296,0.9374,0.9444,0.9504,0.9555,0.9604,0.9647,0.9687,0.9723
0.9753,0.9781,0.9806,0.9829,0.9848,0.9864,0.9877,0.9891,0.9901,0.9911
0.9919,0.9927,0.9934,0.9939,0.9945,0.9949,0.9954,0.9958,0.9963,0.9966
0.9969,0.9972,0.9975,0.9978,0.9981,0.9982,0.9984,0.9986,0.9988,0.9989
0.9990,0.9991,0.9993,0.9994,0.9995,0.9995,0.9996,0.9996,0.9997,0.9998
0.9998,0.9999,0.9999,0.9999,0.9999,0.9999,1.0000,1.0000,1.0000,1.0000
1.0000,1.0000,1.0000,1.0000,1.0000,1.0000,1.0000,1.0000,1.0000,1.0000
hwc2y2fract=0.0000,0.0000,0.0000,0.0000,0.0001,0.0001,0.0001,0.0001
0.0002,0.0002,0.0003,0.0003,0.0004,0.0004,0.0005,0.0008,0.0011,0.0017
0.0027,0.0046,0.0083,0.0145,0.0237,0.0360,0.0513,0.0687,0.0878,0.1083
0.1307,0.1535,0.1765,0.1996,0.2223,0.2462,0.2695,0.2926,0.3159,0.3389
0.3614,0.3846,0.4068,0.4293,0.4512,0.4732,0.4945,0.5157,0.5361,0.5570
0.5776,0.5980,0.6185,0.6390,0.6594,0.6793,0.7001,0.7200,0.7395,0.7591
0.7777,0.7963,0.8132,0.8300,0.8462,0.8618,0.8761,0.8894,0.9017,0.9126
0.9229,0.9314,0.9392,0.9462,0.9522,0.9577,0.9625,0.9671,0.9710,0.9743
0.9772,0.9798,0.9821,0.9839,0.9858,0.9873,0.9886,0.9898,0.9907,0.9917
0.9924,0.9932,0.9939,0.9945,0.9950,0.9954,0.9959,0.9962,0.9965,0.9968
0.9971,0.9974,0.9977,0.9979,0.9982,0.9983,0.9985,0.9987,0.9988,0.9990
0.9991,0.9992,0.9993,0.9994,0.9994,0.9995,0.9996,0.9997,0.9997,0.9997
0.9998,0.9998,0.9998,0.9998,0.9999,0.9999,0.9999,0.9999,0.9999,0.9999
0.9999,1.0000,1.0000,1.0000,1.0000,1.0000,1.0000,1.0000,1.0000,1.0000
hwc2x2fract=0.0000,0.0000,0.0001,0.0001,0.0001,0.0002,0.0002,0.0003
0.0003,0.0003,0.0004,0.0005,0.0006,0.0007,0.0008,0.0010,0.0014,0.0020
0.0030,0.0049,0.0076,0.0118,0.0184,0.0271,0.0379,0.0505,0.0642,0.0797
0.0965,0.1142,0.1327,0.1522,0.1723,0.1932,0.2140,0.2360,0.2579,0.2803
0.3024,0.3250,0.3477,0.3709,0.3933,0.4156,0.4378,0.4602,0.4828,0.5056
0.5271,0.5493,0.5708,0.5919,0.6132,0.6349,0.6560,0.6772,0.6968,0.7168
0.7359,0.7558,0.7746,0.7935,0.8111,0.8282,0.8448,0.8600,0.8745,0.8871
0.8996,0.9106,0.9204,0.9292,0.9377,0.9455,0.9521,0.9579,0.9633,0.9682
0.9728,0.9765,0.9801,0.9829,0.9852,0.9872,0.9890,0.9903,0.9916,0.9926
0.9935,0.9943,0.9949,0.9955,0.9959,0.9964,0.9968,0.9972,0.9975,0.9978
0.9980,0.9982,0.9985,0.9986,0.9987,0.9989,0.9989,0.9991,0.9992,0.9993
0.9994,0.9995,0.9995,0.9996,0.9996,0.9997,0.9997,0.9998,0.9998,0.9998
0.9998,0.9999,0.9999,0.9999,0.9999,0.9999,0.9999,1.0000,1.0000,1.0000
1.0000,1.0000,1.0000,1.0000,1.0000,1.0000,1.0000,1.0000,1.0000,1.0000
