; Lookup table
;number of bins in Meek's time to distance lookup table
hdriftbins=138
;number of 1st bin in Meek's table in ns
hdrift1stbin=-24
;bin size in ns of Meek's table
hdriftbinsz=2
hwc1x1fract=0.0001,0.0001,0.0002,0.0002,0.0003,0.0004,0.0005,0.0007
0.0008,0.0009,0.0011,0.0013,0.0016,0.0019,0.0023,0.0030,0.0043,0.0063
0.0091,0.0126,0.0172,0.0234,0.0314,0.0414,0.0532,0.0665,0.0815,0.0976
0.1150,0.1331,0.1515,0.1710,0.1915,0.2122,0.2332,0.2550,0.2770,0.2994
0.3218,0.3444,0.3665,0.3894,0.4119,0.4345,0.4570,0.4791,0.5013,0.5232
0.5449,0.5667,0.5879,0.6091,0.6299,0.6511,0.6718,0.6923,0.7128,0.7321
0.7515,0.7703,0.7886,0.8064,0.8236,0.8397,0.8552,0.8696,0.8831,0.8953
0.9064,0.9166,0.9258,0.9344,0.9422,0.9492,0.9556,0.9613,0.9664,0.9709
0.9748,0.9784,0.9815,0.9841,0.9864,0.9883,0.9900,0.9914,0.9924,0.9933
0.9941,0.9948,0.9953,0.9957,0.9962,0.9966,0.9968,0.9971,0.9974,0.9976
0.9978,0.9980,0.9981,0.9982,0.9984,0.9985,0.9986,0.9988,0.9989,0.9990
0.9990,0.9991,0.9992,0.9993,0.9993,0.9994,0.9994,0.9994,0.9995,0.9995
0.9996,0.9996,0.9997,0.9997,0.9998,0.9998,0.9998,0.9998,0.9998,0.9999
0.9999,0.9999,0.9999,0.9999,1.0000,1.0000,1.0000,1.0000,1.0000,1.0000
hwc1y1fract=0.0001,0.0001,0.0002,0.0003,0.0004,0.0005,0.0006,0.0007
0.0008,0.0010,0.0011,0.0013,0.0016,0.0019,0.0024,0.0030,0.0040,0.0052
0.0072,0.0106,0.0159,0.0241,0.0356,0.0505,0.0680,0.0876,0.1092,0.1316
0.1548,0.1782,0.2016,0.2255,0.2490,0.2722,0.2949,0.3178,0.3404,0.3624
0.3847,0.4068,0.4287,0.4503,0.4721,0.4933,0.5140,0.5346,0.5550,0.5751
0.5952,0.6153,0.6356,0.6557,0.6752,0.6949,0.7143,0.7330,0.7516,0.7701
0.7882,0.8060,0.8229,0.8392,0.8545,0.8697,0.8833,0.8960,0.9075,0.9177
0.9271,0.9354,0.9425,0.9489,0.9547,0.9597,0.9641,0.9680,0.9716,0.9747
0.9775,0.9800,0.9821,0.9840,0.9857,0.9873,0.9886,0.9897,0.9907,0.9916
0.9924,0.9931,0.9937,0.9942,0.9948,0.9953,0.9957,0.9960,0.9963,0.9966
0.9969,0.9972,0.9974,0.9977,0.9978,0.9980,0.9982,0.9983,0.9985,0.9986
0.9987,0.9989,0.9990,0.9991,0.9992,0.9993,0.9993,0.9994,0.9994,0.9995
0.9995,0.9996,0.9996,0.9997,0.9997,0.9997,0.9997,0.9998,0.9998,0.9998
0.9998,0.9998,0.9999,0.9999,0.9999,0.9999,0.9999,1.0000,1.0000,1.0000
hwc1u1fract=0.0000,0.0000,0.0001,0.0001,0.0001,0.0001,0.0001,0.0002
0.0002,0.0002,0.0003,0.0003,0.0004,0.0004,0.0006,0.0011,0.0022,0.0042
0.0071,0.0108,0.0158,0.0228,0.0327,0.0452,0.0602,0.0771,0.0958,0.1154
0.1364,0.1578,0.1799,0.2016,0.2239,0.2465,0.2691,0.2913,0.3136,0.3362
0.3585,0.3802,0.4023,0.4243,0.4464,0.4680,0.4892,0.5104,0.5313,0.5525
0.5729,0.5934,0.6142,0.6345,0.6546,0.6742,0.6939,0.7135,0.7327,0.7515
0.7702,0.7879,0.8056,0.8223,0.8384,0.8536,0.8680,0.8814,0.8935,0.9046
0.9146,0.9235,0.9316,0.9389,0.9453,0.9509,0.9562,0.9611,0.9653,0.9691
0.9725,0.9757,0.9785,0.9810,0.9831,0.9850,0.9868,0.9882,0.9895,0.9905
0.9914,0.9922,0.9929,0.9935,0.9940,0.9945,0.9949,0.9953,0.9957,0.9960
0.9964,0.9966,0.9969,0.9972,0.9974,0.9976,0.9978,0.9980,0.9982,0.9984
0.9985,0.9987,0.9988,0.9989,0.9990,0.9991,0.9992,0.9993,0.9994,0.9994
0.9995,0.9995,0.9996,0.9996,0.9997,0.9997,0.9997,0.9997,0.9998,0.9998
0.9998,0.9999,0.9999,0.9999,0.9999,0.9999,1.0000,1.0000,1.0000,1.0000
hwc1v1fract=0.0000,0.0000,0.0001,0.0001,0.0001,0.0002,0.0002,0.0002
0.0003,0.0003,0.0004,0.0004,0.0005,0.0006,0.0008,0.0010,0.0013,0.0020
0.0033,0.0058,0.0108,0.0185,0.0298,0.0441,0.0610,0.0801,0.1006,0.1225
0.1448,0.1673,0.1902,0.2128,0.2356,0.2581,0.2808,0.3033,0.3255,0.3477
0.3698,0.3915,0.4132,0.4345,0.4558,0.4768,0.4975,0.5183,0.5390,0.5595
0.5800,0.6002,0.6203,0.6401,0.6599,0.6798,0.6997,0.7194,0.7384,0.7571
0.7754,0.7936,0.8109,0.8279,0.8444,0.8598,0.8744,0.8881,0.9003,0.9113
0.9212,0.9297,0.9373,0.9440,0.9500,0.9553,0.9600,0.9642,0.9681,0.9715
0.9747,0.9775,0.9799,0.9823,0.9841,0.9858,0.9874,0.9887,0.9898,0.9907
0.9916,0.9922,0.9929,0.9935,0.9940,0.9945,0.9949,0.9953,0.9956,0.9960
0.9963,0.9966,0.9969,0.9972,0.9974,0.9976,0.9978,0.9980,0.9982,0.9984
0.9986,0.9987,0.9988,0.9989,0.9990,0.9991,0.9992,0.9993,0.9994,0.9994
0.9995,0.9995,0.9996,0.9996,0.9996,0.9997,0.9997,0.9998,0.9998,0.9998
0.9999,0.9999,0.9999,0.9999,0.9999,0.9999,1.0000,1.0000,1.0000,1.0000
hwc1y2fract=0.0000,0.0001,0.0001,0.0001,0.0002,0.0003,0.0003,0.0004
0.0005,0.0006,0.0007,0.0009,0.0010,0.0012,0.0016,0.0021,0.0029,0.0042
0.0067,0.0107,0.0171,0.0265,0.0391,0.0548,0.0732,0.0931,0.1143,0.1365
0.1593,0.1825,0.2057,0.2290,0.2520,0.2751,0.2981,0.3211,0.3432,0.3654
0.3873,0.4093,0.4311,0.4524,0.4737,0.4946,0.5153,0.5356,0.5560,0.5764
0.5967,0.6167,0.6370,0.6567,0.6763,0.6959,0.7150,0.7340,0.7525,0.7707
0.7885,0.8059,0.8229,0.8391,0.8542,0.8685,0.8822,0.8946,0.9056,0.9157
0.9246,0.9324,0.9397,0.9461,0.9519,0.9569,0.9615,0.9654,0.9691,0.9723
0.9753,0.9781,0.9805,0.9825,0.9842,0.9858,0.9871,0.9884,0.9895,0.9904
0.9913,0.9920,0.9927,0.9934,0.9939,0.9944,0.9948,0.9952,0.9957,0.9960
0.9963,0.9967,0.9970,0.9972,0.9974,0.9977,0.9979,0.9981,0.9982,0.9984
0.9985,0.9987,0.9988,0.9989,0.9990,0.9991,0.9992,0.9993,0.9994,0.9995
0.9995,0.9996,0.9996,0.9997,0.9997,0.9997,0.9998,0.9998,0.9998,0.9998
0.9999,0.9999,0.9999,0.9999,0.9999,0.9999,0.9999,1.0000,1.0000,1.0000
hwc1x2fract=0.0000,0.0001,0.0001,0.0002,0.0002,0.0002,0.0003,0.0004
0.0004,0.0005,0.0006,0.0007,0.0009,0.0011,0.0014,0.0018,0.0026,0.0040
0.0063,0.0099,0.0151,0.0222,0.0318,0.0437,0.0570,0.0720,0.0883,0.1059
0.1240,0.1430,0.1629,0.1836,0.2047,0.2260,0.2480,0.2702,0.2926,0.3149
0.3373,0.3598,0.3825,0.4048,0.4274,0.4497,0.4713,0.4933,0.5153,0.5367
0.5584,0.5798,0.6009,0.6216,0.6427,0.6635,0.6841,0.7044,0.7242,0.7438
0.7629,0.7814,0.7996,0.8170,0.8338,0.8495,0.8640,0.8781,0.8906,0.9026
0.9130,0.9228,0.9314,0.9394,0.9464,0.9529,0.9587,0.9640,0.9687,0.9730
0.9768,0.9799,0.9827,0.9851,0.9871,0.9889,0.9903,0.9914,0.9924,0.9933
0.9940,0.9946,0.9951,0.9956,0.9960,0.9964,0.9967,0.9970,0.9972,0.9974
0.9976,0.9978,0.9979,0.9981,0.9983,0.9984,0.9985,0.9986,0.9987,0.9988
0.9989,0.9990,0.9991,0.9991,0.9992,0.9993,0.9993,0.9994,0.9994,0.9995
0.9995,0.9995,0.9996,0.9996,0.9996,0.9997,0.9997,0.9998,0.9998,0.9998
0.9998,0.9998,0.9999,0.9999,0.9999,0.9999,1.0000,1.0000,1.0000,1.0000
hwc2x1fract=0.0000,0.0001,0.0002,0.0003,0.0003,0.0004,0.0005,0.0007
0.0008,0.0009,0.0010,0.0012,0.0014,0.0017,0.0020,0.0025,0.0031,0.0041
0.0059,0.0093,0.0142,0.0208,0.0291,0.0393,0.0516,0.0657,0.0811,0.0979
0.1153,0.1339,0.1534,0.1735,0.1939,0.2150,0.2361,0.2577,0.2792,0.3011
0.3231,0.3451,0.3675,0.3901,0.4125,0.4349,0.4573,0.4800,0.5020,0.5239
0.5456,0.5671,0.5886,0.6100,0.6313,0.6526,0.6735,0.6948,0.7154,0.7352
0.7547,0.7739,0.7926,0.8105,0.8278,0.8443,0.8598,0.8745,0.8876,0.8997
0.9108,0.9211,0.9299,0.9381,0.9456,0.9522,0.9582,0.9637,0.9684,0.9726
0.9764,0.9797,0.9827,0.9852,0.9872,0.9890,0.9906,0.9918,0.9928,0.9937
0.9945,0.9951,0.9955,0.9960,0.9964,0.9967,0.9969,0.9972,0.9974,0.9977
0.9979,0.9981,0.9982,0.9984,0.9985,0.9986,0.9987,0.9989,0.9989,0.9990
0.9991,0.9992,0.9992,0.9993,0.9994,0.9994,0.9995,0.9995,0.9995,0.9996
0.9996,0.9996,0.9997,0.9997,0.9998,0.9998,0.9998,0.9998,0.9998,0.9999
0.9999,0.9999,0.9999,0.9999,0.9999,0.9999,1.0000,1.0000,1.0000,1.0000
hwc2y1fract=0.0000,0.0000,0.0001,0.0001,0.0002,0.0002,0.0002,0.0003
0.0004,0.0005,0.0005,0.0007,0.0008,0.0010,0.0012,0.0015,0.0021,0.0029
0.0044,0.0071,0.0121,0.0203,0.0322,0.0472,0.0650,0.0853,0.1075,0.1305
0.1544,0.1785,0.2024,0.2265,0.2507,0.2748,0.2981,0.3218,0.3444,0.3674
0.3900,0.4121,0.4338,0.4552,0.4765,0.4971,0.5180,0.5388,0.5592,0.5794
0.5999,0.6201,0.6402,0.6602,0.6801,0.6998,0.7193,0.7385,0.7572,0.7755
0.7940,0.8116,0.8285,0.8447,0.8606,0.8753,0.8891,0.9017,0.9133,0.9236
0.9326,0.9407,0.9477,0.9537,0.9592,0.9638,0.9679,0.9716,0.9748,0.9777
0.9803,0.9825,0.9844,0.9861,0.9875,0.9888,0.9901,0.9910,0.9918,0.9926
0.9933,0.9939,0.9944,0.9949,0.9953,0.9956,0.9960,0.9963,0.9966,0.9969
0.9971,0.9973,0.9974,0.9976,0.9978,0.9979,0.9981,0.9982,0.9984,0.9985
0.9987,0.9988,0.9989,0.9990,0.9991,0.9992,0.9993,0.9993,0.9994,0.9994
0.9995,0.9996,0.9996,0.9996,0.9997,0.9997,0.9997,0.9997,0.9998,0.9998
0.9998,0.9998,0.9999,0.9999,0.9999,0.9999,1.0000,1.0000,1.0000,1.0000
hwc2u1fract=0.0000,0.0000,0.0001,0.0001,0.0001,0.0001,0.0002,0.0002
0.0002,0.0002,0.0003,0.0003,0.0004,0.0005,0.0006,0.0007,0.0010,0.0016
0.0031,0.0064,0.0128,0.0232,0.0371,0.0546,0.0748,0.0968,0.1199,0.1436
0.1674,0.1914,0.2153,0.2389,0.2627,0.2859,0.3088,0.3315,0.3539,0.3763
0.3981,0.4195,0.4409,0.4620,0.4830,0.5040,0.5244,0.5450,0.5651,0.5855
0.6056,0.6255,0.6455,0.6652,0.6849,0.7045,0.7240,0.7431,0.7617,0.7797
0.7977,0.8155,0.8325,0.8490,0.8644,0.8791,0.8926,0.9050,0.9161,0.9259
0.9343,0.9419,0.9483,0.9541,0.9590,0.9635,0.9673,0.9707,0.9740,0.9768
0.9792,0.9814,0.9834,0.9851,0.9865,0.9879,0.9891,0.9902,0.9910,0.9919
0.9924,0.9931,0.9936,0.9941,0.9945,0.9949,0.9953,0.9956,0.9959,0.9962
0.9965,0.9967,0.9970,0.9972,0.9974,0.9976,0.9979,0.9980,0.9982,0.9984
0.9985,0.9987,0.9988,0.9989,0.9990,0.9991,0.9992,0.9993,0.9994,0.9994
0.9995,0.9995,0.9996,0.9996,0.9996,0.9997,0.9997,0.9997,0.9998,0.9998
0.9998,0.9998,0.9999,0.9999,0.9999,0.9999,0.9999,1.0000,1.0000,1.0000
hwc2v1fract=0.0000,0.0000,0.0001,0.0001,0.0001,0.0002,0.0002,0.0002
0.0003,0.0003,0.0004,0.0005,0.0006,0.0007,0.0008,0.0010,0.0014,0.0020
0.0031,0.0054,0.0103,0.0189,0.0315,0.0475,0.0664,0.0875,0.1102,0.1335
0.1574,0.1812,0.2053,0.2293,0.2529,0.2764,0.2994,0.3224,0.3448,0.3672
0.3895,0.4108,0.4329,0.4543,0.4757,0.4965,0.5175,0.5378,0.5580,0.5783
0.5984,0.6183,0.6378,0.6572,0.6766,0.6958,0.7150,0.7341,0.7530,0.7717
0.7898,0.8074,0.8245,0.8414,0.8573,0.8719,0.8860,0.8986,0.9103,0.9207
0.9298,0.9375,0.9444,0.9507,0.9563,0.9610,0.9653,0.9689,0.9722,0.9753
0.9779,0.9803,0.9825,0.9844,0.9862,0.9877,0.9889,0.9900,0.9910,0.9918
0.9925,0.9931,0.9936,0.9941,0.9946,0.9950,0.9954,0.9957,0.9960,0.9963
0.9966,0.9969,0.9972,0.9974,0.9977,0.9978,0.9980,0.9982,0.9984,0.9985
0.9987,0.9988,0.9989,0.9991,0.9992,0.9992,0.9993,0.9994,0.9994,0.9995
0.9995,0.9996,0.9996,0.9997,0.9997,0.9997,0.9998,0.9998,0.9998,0.9998
0.9999,0.9999,0.9999,0.9999,0.9999,0.9999,1.0000,1.0000,1.0000,1.0000
hwc2y2fract=0.0000,0.0001,0.0001,0.0001,0.0002,0.0002,0.0003,0.0004
0.0004,0.0005,0.0007,0.0008,0.0010,0.0012,0.0014,0.0019,0.0026,0.0037
0.0055,0.0087,0.0143,0.0229,0.0348,0.0501,0.0686,0.0892,0.1118,0.1351
0.1589,0.1833,0.2076,0.2321,0.2561,0.2797,0.3034,0.3263,0.3490,0.3715
0.3938,0.4155,0.4375,0.4589,0.4802,0.5013,0.5221,0.5426,0.5634,0.5838
0.6040,0.6242,0.6440,0.6639,0.6837,0.7029,0.7222,0.7413,0.7601,0.7789
0.7968,0.8140,0.8312,0.8473,0.8629,0.8774,0.8912,0.9034,0.9148,0.9247
0.9336,0.9414,0.9483,0.9544,0.9595,0.9640,0.9680,0.9717,0.9749,0.9778
0.9803,0.9825,0.9844,0.9861,0.9874,0.9887,0.9898,0.9909,0.9917,0.9924
0.9931,0.9937,0.9942,0.9947,0.9951,0.9955,0.9958,0.9961,0.9964,0.9966
0.9969,0.9971,0.9973,0.9975,0.9977,0.9979,0.9980,0.9982,0.9983,0.9985
0.9986,0.9987,0.9989,0.9990,0.9991,0.9992,0.9992,0.9993,0.9994,0.9994
0.9995,0.9995,0.9996,0.9996,0.9997,0.9997,0.9997,0.9998,0.9998,0.9998
0.9998,0.9999,0.9999,0.9999,0.9999,0.9999,0.9999,1.0000,1.0000,1.0000
hwc2x2fract=0.0001,0.0001,0.0002,0.0002,0.0003,0.0003,0.0004,0.0004
0.0005,0.0006,0.0008,0.0009,0.0011,0.0013,0.0016,0.0019,0.0026,0.0037
0.0058,0.0094,0.0144,0.0213,0.0303,0.0417,0.0551,0.0703,0.0864,0.1041
0.1225,0.1417,0.1620,0.1826,0.2037,0.2252,0.2470,0.2688,0.2911,0.3139
0.3362,0.3590,0.3816,0.4041,0.4267,0.4488,0.4707,0.4928,0.5149,0.5365
0.5580,0.5795,0.6007,0.6216,0.6424,0.6629,0.6838,0.7040,0.7242,0.7440
0.7633,0.7822,0.8005,0.8182,0.8352,0.8511,0.8658,0.8799,0.8928,0.9044
0.9149,0.9246,0.9334,0.9413,0.9483,0.9545,0.9602,0.9654,0.9699,0.9739
0.9776,0.9809,0.9835,0.9857,0.9877,0.9893,0.9907,0.9919,0.9929,0.9937
0.9944,0.9949,0.9954,0.9959,0.9963,0.9966,0.9969,0.9972,0.9974,0.9976
0.9979,0.9980,0.9982,0.9984,0.9985,0.9987,0.9988,0.9989,0.9990,0.9991
0.9991,0.9992,0.9993,0.9993,0.9994,0.9994,0.9995,0.9995,0.9995,0.9996
0.9996,0.9997,0.9997,0.9997,0.9998,0.9998,0.9998,0.9998,0.9998,0.9998
0.9999,0.9999,0.9999,0.9999,0.9999,0.9999,1.0000,1.0000,1.0000,1.0000
