; Lookup table
;number of bins in Meek's time to distance lookup table
hdriftbins=138
;number of 1st bin in Meek's table in ns
hdrift1stbin=-24
;bin size in ns of Meek's table
hdriftbinsz=2
hwc1x1fract=0.0000,0.0001,0.0002,0.0002,0.0003,0.0003,0.0004,0.0005
0.0006,0.0007,0.0009,0.0010,0.0013,0.0016,0.0020,0.0027,0.0043,0.0067
0.0102,0.0148,0.0204,0.0274,0.0356,0.0454,0.0567,0.0695,0.0835,0.0988
0.1147,0.1321,0.1499,0.1687,0.1878,0.2079,0.2288,0.2503,0.2716,0.2934
0.3157,0.3381,0.3607,0.3834,0.4064,0.4295,0.4519,0.4743,0.4972,0.5197
0.5420,0.5646,0.5868,0.6091,0.6308,0.6527,0.6739,0.6946,0.7155,0.7357
0.7557,0.7752,0.7936,0.8113,0.8282,0.8445,0.8594,0.8734,0.8865,0.8985
0.9097,0.9201,0.9293,0.9379,0.9459,0.9531,0.9595,0.9652,0.9703,0.9746
0.9786,0.9819,0.9849,0.9874,0.9894,0.9911,0.9925,0.9936,0.9945,0.9953
0.9959,0.9964,0.9967,0.9971,0.9974,0.9977,0.9979,0.9981,0.9983,0.9984
0.9986,0.9987,0.9988,0.9989,0.9990,0.9991,0.9992,0.9993,0.9993,0.9994
0.9995,0.9995,0.9996,0.9996,0.9996,0.9997,0.9997,0.9997,0.9997,0.9998
0.9998,0.9998,0.9998,0.9999,0.9999,0.9999,0.9999,0.9999,0.9999,0.9999
0.9999,0.9999,1.0000,1.0000,1.0000,1.0000,1.0000,1.0000,1.0000,1.0000
hwc1y1fract=0.0001,0.0001,0.0002,0.0004,0.0005,0.0006,0.0007,0.0009
0.0010,0.0013,0.0014,0.0017,0.0020,0.0026,0.0033,0.0042,0.0055,0.0077
0.0110,0.0163,0.0241,0.0347,0.0480,0.0641,0.0820,0.1016,0.1221,0.1438
0.1663,0.1895,0.2126,0.2362,0.2594,0.2828,0.3060,0.3289,0.3516,0.3742
0.3967,0.4188,0.4408,0.4624,0.4838,0.5049,0.5261,0.5470,0.5676,0.5882
0.6087,0.6292,0.6496,0.6694,0.6896,0.7090,0.7283,0.7474,0.7659,0.7842
0.8020,0.8191,0.8358,0.8516,0.8664,0.8804,0.8932,0.9050,0.9153,0.9246
0.9328,0.9403,0.9472,0.9527,0.9581,0.9628,0.9668,0.9706,0.9739,0.9769
0.9796,0.9819,0.9840,0.9858,0.9874,0.9889,0.9900,0.9911,0.9920,0.9928
0.9936,0.9942,0.9947,0.9953,0.9958,0.9961,0.9965,0.9968,0.9971,0.9974
0.9977,0.9979,0.9981,0.9983,0.9985,0.9987,0.9988,0.9990,0.9991,0.9992
0.9993,0.9994,0.9995,0.9995,0.9996,0.9996,0.9997,0.9997,0.9998,0.9998
0.9998,0.9998,0.9998,0.9999,0.9999,0.9999,0.9999,0.9999,0.9999,0.9999
0.9999,0.9999,0.9999,0.9999,0.9999,1.0000,1.0000,1.0000,1.0000,1.0000
hwc1u1fract=0.0000,0.0000,0.0000,0.0000,0.0000,0.0000,0.0001,0.0001
0.0001,0.0001,0.0001,0.0002,0.0002,0.0003,0.0005,0.0010,0.0023,0.0048
0.0084,0.0134,0.0195,0.0271,0.0369,0.0486,0.0619,0.0773,0.0946,0.1128
0.1322,0.1527,0.1733,0.1945,0.2158,0.2378,0.2603,0.2824,0.3049,0.3278
0.3502,0.3725,0.3951,0.4174,0.4397,0.4619,0.4843,0.5058,0.5277,0.5495
0.5712,0.5922,0.6136,0.6342,0.6547,0.6753,0.6956,0.7153,0.7347,0.7537
0.7724,0.7902,0.8083,0.8251,0.8414,0.8564,0.8707,0.8837,0.8958,0.9065
0.9163,0.9255,0.9336,0.9411,0.9477,0.9537,0.9591,0.9640,0.9683,0.9723
0.9757,0.9789,0.9816,0.9838,0.9859,0.9877,0.9892,0.9904,0.9915,0.9924
0.9932,0.9940,0.9945,0.9950,0.9955,0.9959,0.9963,0.9966,0.9969,0.9972
0.9975,0.9977,0.9979,0.9981,0.9983,0.9984,0.9986,0.9988,0.9989,0.9990
0.9991,0.9992,0.9993,0.9994,0.9995,0.9995,0.9996,0.9996,0.9997,0.9997
0.9997,0.9998,0.9998,0.9998,0.9998,0.9999,0.9999,0.9999,0.9999,0.9999
0.9999,1.0000,1.0000,1.0000,1.0000,1.0000,1.0000,1.0000,1.0000,1.0000
hwc1v1fract=0.0000,0.0000,0.0000,0.0000,0.0001,0.0001,0.0001,0.0001
0.0001,0.0002,0.0002,0.0003,0.0004,0.0005,0.0006,0.0009,0.0015,0.0025
0.0044,0.0085,0.0152,0.0250,0.0376,0.0528,0.0703,0.0892,0.1095,0.1305
0.1522,0.1742,0.1966,0.2198,0.2425,0.2655,0.2885,0.3111,0.3335,0.3560
0.3783,0.4004,0.4223,0.4443,0.4662,0.4877,0.5092,0.5304,0.5512,0.5718
0.5925,0.6131,0.6330,0.6532,0.6732,0.6928,0.7124,0.7318,0.7513,0.7701
0.7887,0.8067,0.8242,0.8411,0.8567,0.8715,0.8851,0.8978,0.9089,0.9189
0.9279,0.9357,0.9428,0.9491,0.9547,0.9598,0.9644,0.9684,0.9722,0.9756
0.9785,0.9811,0.9834,0.9853,0.9869,0.9884,0.9897,0.9908,0.9917,0.9925
0.9932,0.9938,0.9943,0.9948,0.9953,0.9957,0.9961,0.9964,0.9968,0.9971
0.9974,0.9976,0.9979,0.9981,0.9983,0.9984,0.9986,0.9988,0.9989,0.9991
0.9992,0.9992,0.9993,0.9994,0.9995,0.9995,0.9996,0.9996,0.9997,0.9997
0.9997,0.9998,0.9998,0.9999,0.9999,0.9999,0.9999,0.9999,0.9999,0.9999
0.9999,1.0000,1.0000,1.0000,1.0000,1.0000,1.0000,1.0000,1.0000,1.0000
hwc1y2fract=0.0000,0.0000,0.0001,0.0001,0.0001,0.0002,0.0002,0.0003
0.0004,0.0005,0.0006,0.0007,0.0010,0.0012,0.0016,0.0023,0.0032,0.0048
0.0076,0.0121,0.0188,0.0280,0.0400,0.0544,0.0710,0.0892,0.1090,0.1301
0.1520,0.1740,0.1967,0.2195,0.2426,0.2656,0.2891,0.3118,0.3343,0.3567
0.3793,0.4018,0.4238,0.4456,0.4675,0.4889,0.5098,0.5307,0.5517,0.5722
0.5930,0.6136,0.6336,0.6539,0.6737,0.6937,0.7131,0.7325,0.7512,0.7692
0.7870,0.8043,0.8211,0.8373,0.8526,0.8669,0.8801,0.8923,0.9036,0.9135
0.9226,0.9309,0.9383,0.9448,0.9506,0.9556,0.9603,0.9645,0.9682,0.9716
0.9747,0.9776,0.9800,0.9821,0.9841,0.9858,0.9872,0.9885,0.9897,0.9907
0.9915,0.9923,0.9931,0.9937,0.9943,0.9948,0.9953,0.9957,0.9961,0.9965
0.9968,0.9971,0.9974,0.9976,0.9979,0.9981,0.9983,0.9985,0.9987,0.9988
0.9990,0.9991,0.9992,0.9993,0.9994,0.9994,0.9995,0.9996,0.9996,0.9997
0.9997,0.9998,0.9998,0.9998,0.9998,0.9999,0.9999,0.9999,0.9999,0.9999
0.9999,0.9999,0.9999,1.0000,1.0000,1.0000,1.0000,1.0000,1.0000,1.0000
hwc1x2fract=0.0000,0.0000,0.0001,0.0001,0.0001,0.0002,0.0002,0.0002
0.0003,0.0004,0.0004,0.0005,0.0006,0.0008,0.0011,0.0016,0.0026,0.0041
0.0063,0.0095,0.0140,0.0200,0.0278,0.0372,0.0489,0.0619,0.0762,0.0916
0.1083,0.1254,0.1438,0.1632,0.1833,0.2042,0.2254,0.2471,0.2691,0.2916
0.3139,0.3369,0.3595,0.3827,0.4058,0.4287,0.4518,0.4747,0.4970,0.5199
0.5425,0.5650,0.5868,0.6087,0.6308,0.6523,0.6738,0.6951,0.7159,0.7363
0.7566,0.7757,0.7944,0.8127,0.8297,0.8460,0.8615,0.8760,0.8888,0.9011
0.9121,0.9219,0.9312,0.9395,0.9472,0.9539,0.9602,0.9656,0.9705,0.9749
0.9786,0.9819,0.9846,0.9870,0.9890,0.9907,0.9921,0.9930,0.9938,0.9946
0.9952,0.9957,0.9961,0.9965,0.9969,0.9971,0.9974,0.9976,0.9978,0.9980
0.9982,0.9984,0.9985,0.9987,0.9987,0.9989,0.9990,0.9991,0.9991,0.9992
0.9993,0.9993,0.9994,0.9995,0.9995,0.9995,0.9996,0.9996,0.9997,0.9997
0.9997,0.9998,0.9998,0.9998,0.9998,0.9999,0.9999,0.9999,0.9999,0.9999
0.9999,0.9999,0.9999,1.0000,1.0000,1.0000,1.0000,1.0000,1.0000,1.0000
hwc2x1fract=0.0000,0.0001,0.0001,0.0002,0.0003,0.0003,0.0004,0.0005
0.0006,0.0007,0.0008,0.0010,0.0012,0.0014,0.0017,0.0021,0.0027,0.0040
0.0065,0.0103,0.0161,0.0237,0.0329,0.0436,0.0556,0.0689,0.0836,0.0995
0.1163,0.1338,0.1524,0.1709,0.1900,0.2106,0.2311,0.2521,0.2734,0.2952
0.3175,0.3401,0.3625,0.3855,0.4084,0.4313,0.4540,0.4769,0.4994,0.5225
0.5451,0.5675,0.5896,0.6117,0.6335,0.6554,0.6771,0.6983,0.7192,0.7400
0.7603,0.7802,0.7988,0.8173,0.8347,0.8511,0.8665,0.8805,0.8931,0.9051
0.9157,0.9254,0.9344,0.9425,0.9499,0.9564,0.9622,0.9675,0.9723,0.9764
0.9802,0.9834,0.9860,0.9884,0.9903,0.9918,0.9930,0.9939,0.9948,0.9955
0.9960,0.9965,0.9969,0.9972,0.9975,0.9978,0.9979,0.9981,0.9983,0.9985
0.9986,0.9988,0.9989,0.9990,0.9991,0.9992,0.9992,0.9993,0.9994,0.9995
0.9995,0.9996,0.9996,0.9996,0.9997,0.9997,0.9997,0.9998,0.9998,0.9998
0.9998,0.9998,0.9999,0.9999,0.9999,0.9999,0.9999,0.9999,0.9999,0.9999
0.9999,0.9999,1.0000,1.0000,1.0000,1.0000,1.0000,1.0000,1.0000,1.0000
hwc2y1fract=0.0000,0.0001,0.0001,0.0001,0.0001,0.0002,0.0003,0.0003
0.0004,0.0005,0.0006,0.0007,0.0009,0.0012,0.0015,0.0021,0.0031,0.0047
0.0075,0.0122,0.0195,0.0300,0.0432,0.0599,0.0783,0.0985,0.1202,0.1430
0.1662,0.1899,0.2133,0.2370,0.2610,0.2845,0.3081,0.3315,0.3544,0.3772
0.3997,0.4220,0.4441,0.4659,0.4876,0.5087,0.5302,0.5510,0.5718,0.5923
0.6126,0.6332,0.6533,0.6738,0.6936,0.7133,0.7327,0.7516,0.7703,0.7888
0.8067,0.8237,0.8405,0.8562,0.8711,0.8850,0.8979,0.9094,0.9200,0.9290
0.9370,0.9443,0.9508,0.9564,0.9614,0.9658,0.9697,0.9733,0.9763,0.9791
0.9815,0.9837,0.9856,0.9872,0.9886,0.9898,0.9909,0.9918,0.9927,0.9934
0.9940,0.9945,0.9950,0.9955,0.9959,0.9963,0.9966,0.9969,0.9971,0.9974
0.9976,0.9978,0.9980,0.9982,0.9984,0.9985,0.9987,0.9988,0.9989,0.9991
0.9991,0.9993,0.9993,0.9994,0.9995,0.9995,0.9996,0.9996,0.9997,0.9997
0.9998,0.9998,0.9998,0.9999,0.9999,0.9999,0.9999,0.9999,0.9999,0.9999
1.0000,1.0000,1.0000,1.0000,1.0000,1.0000,1.0000,1.0000,1.0000,1.0000
hwc2u1fract=0.0000,0.0000,0.0000,0.0000,0.0000,0.0001,0.0001,0.0001
0.0001,0.0001,0.0002,0.0002,0.0003,0.0003,0.0004,0.0005,0.0007,0.0010
0.0019,0.0039,0.0081,0.0156,0.0265,0.0412,0.0584,0.0775,0.0981,0.1205
0.1431,0.1666,0.1901,0.2140,0.2378,0.2614,0.2850,0.3086,0.3314,0.3546
0.3775,0.4002,0.4219,0.4444,0.4656,0.4869,0.5082,0.5289,0.5498,0.5703
0.5908,0.6110,0.6313,0.6514,0.6713,0.6909,0.7104,0.7299,0.7490,0.7678
0.7863,0.8043,0.8218,0.8387,0.8546,0.8699,0.8840,0.8971,0.9088,0.9191
0.9283,0.9366,0.9438,0.9501,0.9558,0.9607,0.9653,0.9690,0.9726,0.9757
0.9785,0.9810,0.9833,0.9852,0.9868,0.9882,0.9895,0.9906,0.9915,0.9923
0.9930,0.9936,0.9941,0.9946,0.9950,0.9954,0.9957,0.9961,0.9964,0.9967
0.9970,0.9973,0.9975,0.9977,0.9979,0.9981,0.9983,0.9985,0.9987,0.9988
0.9990,0.9991,0.9992,0.9993,0.9994,0.9995,0.9995,0.9996,0.9996,0.9997
0.9997,0.9998,0.9998,0.9998,0.9999,0.9999,0.9999,0.9999,0.9999,0.9999
0.9999,0.9999,1.0000,1.0000,1.0000,1.0000,1.0000,1.0000,1.0000,1.0000
hwc2v1fract=0.0000,0.0000,0.0000,0.0001,0.0001,0.0001,0.0001,0.0001
0.0002,0.0002,0.0002,0.0003,0.0004,0.0005,0.0006,0.0008,0.0013,0.0022
0.0042,0.0082,0.0152,0.0260,0.0396,0.0558,0.0744,0.0949,0.1166,0.1388
0.1621,0.1856,0.2090,0.2324,0.2559,0.2797,0.3033,0.3266,0.3497,0.3726
0.3949,0.4170,0.4389,0.4610,0.4823,0.5034,0.5247,0.5455,0.5662,0.5866
0.6067,0.6272,0.6471,0.6671,0.6867,0.7061,0.7252,0.7442,0.7629,0.7816
0.7996,0.8173,0.8343,0.8504,0.8659,0.8800,0.8930,0.9048,0.9155,0.9250
0.9335,0.9411,0.9476,0.9535,0.9587,0.9635,0.9677,0.9714,0.9747,0.9776
0.9802,0.9824,0.9845,0.9864,0.9879,0.9892,0.9902,0.9912,0.9921,0.9928
0.9934,0.9940,0.9945,0.9950,0.9954,0.9959,0.9963,0.9966,0.9969,0.9972
0.9974,0.9977,0.9979,0.9981,0.9984,0.9985,0.9987,0.9988,0.9990,0.9991
0.9992,0.9993,0.9994,0.9995,0.9995,0.9996,0.9996,0.9997,0.9997,0.9998
0.9998,0.9998,0.9998,0.9999,0.9999,0.9999,0.9999,0.9999,0.9999,0.9999
0.9999,1.0000,1.0000,1.0000,1.0000,1.0000,1.0000,1.0000,1.0000,1.0000
hwc2y2fract=0.0000,0.0000,0.0001,0.0001,0.0001,0.0002,0.0002,0.0003
0.0004,0.0005,0.0006,0.0007,0.0009,0.0011,0.0015,0.0019,0.0026,0.0040
0.0059,0.0094,0.0147,0.0230,0.0341,0.0486,0.0653,0.0843,0.1048,0.1270
0.1502,0.1733,0.1970,0.2207,0.2445,0.2682,0.2918,0.3153,0.3389,0.3622
0.3850,0.4077,0.4299,0.4519,0.4739,0.4956,0.5168,0.5382,0.5590,0.5797
0.6002,0.6207,0.6407,0.6607,0.6807,0.7006,0.7199,0.7390,0.7577,0.7762
0.7943,0.8121,0.8294,0.8456,0.8612,0.8757,0.8892,0.9017,0.9127,0.9229
0.9318,0.9397,0.9467,0.9529,0.9584,0.9631,0.9672,0.9708,0.9741,0.9771
0.9796,0.9820,0.9839,0.9858,0.9873,0.9887,0.9898,0.9909,0.9918,0.9927
0.9934,0.9940,0.9945,0.9950,0.9954,0.9958,0.9962,0.9965,0.9968,0.9971
0.9973,0.9975,0.9978,0.9980,0.9981,0.9983,0.9985,0.9986,0.9988,0.9989
0.9990,0.9992,0.9993,0.9994,0.9995,0.9995,0.9996,0.9996,0.9997,0.9997
0.9997,0.9998,0.9998,0.9998,0.9998,0.9999,0.9999,0.9999,0.9999,0.9999
0.9999,0.9999,0.9999,0.9999,0.9999,1.0000,1.0000,1.0000,1.0000,1.0000
hwc2x2fract=0.0000,0.0001,0.0001,0.0001,0.0001,0.0002,0.0003,0.0003
0.0004,0.0005,0.0006,0.0007,0.0008,0.0010,0.0012,0.0015,0.0021,0.0032
0.0054,0.0094,0.0151,0.0223,0.0313,0.0421,0.0545,0.0685,0.0837,0.0998
0.1168,0.1346,0.1535,0.1730,0.1929,0.2138,0.2347,0.2564,0.2782,0.3006
0.3232,0.3461,0.3687,0.3918,0.4147,0.4380,0.4609,0.4841,0.5072,0.5299
0.5528,0.5751,0.5976,0.6198,0.6416,0.6635,0.6849,0.7062,0.7267,0.7469
0.7665,0.7860,0.8047,0.8223,0.8390,0.8549,0.8698,0.8837,0.8961,0.9075
0.9181,0.9276,0.9361,0.9441,0.9510,0.9573,0.9630,0.9682,0.9728,0.9768
0.9805,0.9837,0.9863,0.9885,0.9902,0.9917,0.9930,0.9940,0.9948,0.9955
0.9961,0.9966,0.9970,0.9973,0.9976,0.9979,0.9981,0.9983,0.9984,0.9986
0.9987,0.9988,0.9990,0.9991,0.9992,0.9993,0.9993,0.9994,0.9995,0.9995
0.9995,0.9996,0.9996,0.9997,0.9997,0.9997,0.9998,0.9998,0.9998,0.9998
0.9998,0.9998,0.9999,0.9999,0.9999,0.9999,0.9999,0.9999,0.9999,0.9999
0.9999,1.0000,1.0000,1.0000,1.0000,1.0000,1.0000,1.0000,1.0000,1.0000
