; Lookup table
;number of bins in Meek's time to distance lookup table
hdriftbins=138
;number of 1st bin in Meek's table in ns
hdrift1stbin=-24
;bin size in ns of Meek's table
hdriftbinsz=2
hwc1x1fract=0.0003,0.0007,0.0010,0.0013,0.0017,0.0021,0.0025,0.0029
0.0033,0.0037,0.0042,0.0047,0.0054,0.0061,0.0071,0.0085,0.0105,0.0135
0.0171,0.0219,0.0285,0.0367,0.0472,0.0599,0.0739,0.0898,0.1072,0.1255
0.1450,0.1651,0.1860,0.2077,0.2297,0.2516,0.2741,0.2963,0.3188,0.3409
0.3633,0.3856,0.4078,0.4296,0.4515,0.4728,0.4944,0.5159,0.5369,0.5577
0.5782,0.5989,0.6194,0.6394,0.6593,0.6788,0.6979,0.7166,0.7352,0.7534
0.7710,0.7876,0.8033,0.8183,0.8325,0.8457,0.8583,0.8696,0.8801,0.8897
0.8985,0.9064,0.9137,0.9205,0.9267,0.9326,0.9379,0.9428,0.9472,0.9514
0.9552,0.9586,0.9617,0.9646,0.9669,0.9692,0.9711,0.9727,0.9743,0.9757
0.9769,0.9779,0.9788,0.9797,0.9806,0.9813,0.9821,0.9828,0.9835,0.9841
0.9847,0.9853,0.9858,0.9863,0.9868,0.9874,0.9879,0.9883,0.9888,0.9892
0.9896,0.9900,0.9904,0.9908,0.9913,0.9917,0.9921,0.9924,0.9928,0.9932
0.9935,0.9939,0.9943,0.9946,0.9950,0.9954,0.9957,0.9961,0.9965,0.9968
0.9971,0.9975,0.9978,0.9981,0.9985,0.9987,0.9991,0.9994,0.9997,1.0000
hwc1y1fract=0.0004,0.0007,0.0010,0.0013,0.0017,0.0021,0.0025,0.0030
0.0035,0.0040,0.0045,0.0051,0.0058,0.0066,0.0076,0.0090,0.0107,0.0130
0.0164,0.0218,0.0302,0.0415,0.0564,0.0742,0.0940,0.1158,0.1392,0.1630
0.1869,0.2110,0.2349,0.2589,0.2824,0.3056,0.3284,0.3507,0.3728,0.3946
0.4163,0.4373,0.4585,0.4793,0.4997,0.5199,0.5401,0.5599,0.5798,0.5992
0.6185,0.6378,0.6567,0.6756,0.6942,0.7126,0.7303,0.7480,0.7654,0.7823
0.7987,0.8142,0.8294,0.8434,0.8565,0.8689,0.8802,0.8904,0.8994,0.9074
0.9146,0.9209,0.9267,0.9317,0.9362,0.9403,0.9442,0.9477,0.9513,0.9541
0.9569,0.9593,0.9617,0.9638,0.9658,0.9676,0.9692,0.9707,0.9720,0.9732
0.9744,0.9755,0.9766,0.9775,0.9785,0.9795,0.9803,0.9811,0.9818,0.9825
0.9832,0.9838,0.9845,0.9852,0.9858,0.9863,0.9869,0.9875,0.9881,0.9887
0.9891,0.9896,0.9901,0.9906,0.9911,0.9915,0.9920,0.9925,0.9929,0.9933
0.9937,0.9941,0.9945,0.9949,0.9953,0.9957,0.9961,0.9964,0.9967,0.9970
0.9973,0.9976,0.9980,0.9982,0.9986,0.9988,0.9991,0.9994,0.9997,1.0000
hwc1u1fract=0.0003,0.0006,0.0009,0.0011,0.0014,0.0016,0.0019,0.0021
0.0024,0.0027,0.0030,0.0034,0.0037,0.0041,0.0047,0.0059,0.0077,0.0104
0.0141,0.0189,0.0259,0.0355,0.0478,0.0631,0.0806,0.1001,0.1210,0.1425
0.1645,0.1873,0.2103,0.2333,0.2562,0.2788,0.3014,0.3238,0.3462,0.3680
0.3897,0.4116,0.4329,0.4538,0.4746,0.4951,0.5157,0.5359,0.5562,0.5760
0.5961,0.6154,0.6350,0.6543,0.6737,0.6925,0.7111,0.7293,0.7470,0.7644
0.7811,0.7978,0.8134,0.8280,0.8419,0.8549,0.8669,0.8778,0.8874,0.8958
0.9035,0.9103,0.9166,0.9225,0.9278,0.9327,0.9370,0.9412,0.9452,0.9490
0.9525,0.9555,0.9583,0.9609,0.9632,0.9654,0.9672,0.9689,0.9705,0.9718
0.9731,0.9743,0.9755,0.9764,0.9775,0.9785,0.9794,0.9803,0.9811,0.9819
0.9826,0.9833,0.9840,0.9846,0.9852,0.9858,0.9864,0.9870,0.9876,0.9882
0.9888,0.9893,0.9898,0.9903,0.9907,0.9912,0.9916,0.9920,0.9925,0.9929
0.9934,0.9938,0.9942,0.9946,0.9950,0.9953,0.9957,0.9961,0.9964,0.9968
0.9970,0.9975,0.9978,0.9981,0.9985,0.9988,0.9991,0.9994,0.9997,1.0000
hwc1v1fract=0.0003,0.0006,0.0009,0.0011,0.0014,0.0017,0.0020,0.0024
0.0027,0.0030,0.0033,0.0036,0.0040,0.0044,0.0049,0.0055,0.0064,0.0078
0.0106,0.0155,0.0233,0.0346,0.0491,0.0665,0.0864,0.1076,0.1299,0.1530
0.1761,0.1993,0.2224,0.2452,0.2677,0.2903,0.3126,0.3346,0.3563,0.3776
0.3988,0.4202,0.4409,0.4615,0.4818,0.5019,0.5223,0.5424,0.5624,0.5820
0.6013,0.6203,0.6396,0.6587,0.6775,0.6962,0.7148,0.7334,0.7512,0.7685
0.7855,0.8022,0.8178,0.8329,0.8473,0.8604,0.8724,0.8831,0.8926,0.9009
0.9082,0.9147,0.9207,0.9262,0.9311,0.9356,0.9400,0.9440,0.9477,0.9512
0.9544,0.9575,0.9601,0.9624,0.9645,0.9666,0.9682,0.9698,0.9712,0.9724
0.9736,0.9748,0.9759,0.9769,0.9778,0.9787,0.9795,0.9804,0.9811,0.9819
0.9826,0.9833,0.9839,0.9846,0.9853,0.9859,0.9865,0.9871,0.9877,0.9882
0.9887,0.9893,0.9898,0.9903,0.9907,0.9912,0.9916,0.9920,0.9925,0.9929
0.9933,0.9937,0.9941,0.9945,0.9949,0.9953,0.9956,0.9960,0.9964,0.9967
0.9971,0.9974,0.9978,0.9981,0.9985,0.9988,0.9991,0.9994,0.9997,1.0000
hwc1y2fract=0.0003,0.0005,0.0008,0.0011,0.0014,0.0017,0.0020,0.0024
0.0027,0.0031,0.0036,0.0040,0.0045,0.0052,0.0061,0.0072,0.0088,0.0115
0.0158,0.0226,0.0321,0.0449,0.0606,0.0788,0.0994,0.1214,0.1446,0.1683
0.1923,0.2161,0.2394,0.2631,0.2865,0.3096,0.3325,0.3546,0.3767,0.3985
0.4201,0.4412,0.4618,0.4825,0.5028,0.5226,0.5427,0.5625,0.5819,0.6017
0.6211,0.6406,0.6595,0.6785,0.6971,0.7153,0.7332,0.7508,0.7678,0.7844
0.8002,0.8157,0.8305,0.8443,0.8567,0.8686,0.8792,0.8888,0.8973,0.9048
0.9117,0.9178,0.9233,0.9285,0.9330,0.9373,0.9411,0.9448,0.9482,0.9513
0.9542,0.9568,0.9593,0.9615,0.9635,0.9654,0.9671,0.9688,0.9701,0.9715
0.9728,0.9740,0.9751,0.9761,0.9772,0.9781,0.9790,0.9798,0.9806,0.9814
0.9822,0.9830,0.9837,0.9843,0.9850,0.9857,0.9863,0.9869,0.9874,0.9879
0.9885,0.9891,0.9896,0.9902,0.9906,0.9911,0.9915,0.9919,0.9924,0.9928
0.9933,0.9937,0.9941,0.9945,0.9949,0.9953,0.9957,0.9960,0.9964,0.9967
0.9971,0.9974,0.9978,0.9981,0.9984,0.9987,0.9991,0.9994,0.9997,1.0000
hwc1x2fract=0.0003,0.0006,0.0009,0.0012,0.0015,0.0018,0.0022,0.0025
0.0028,0.0032,0.0036,0.0040,0.0045,0.0051,0.0058,0.0068,0.0085,0.0111
0.0148,0.0204,0.0283,0.0385,0.0512,0.0657,0.0822,0.0998,0.1193,0.1392
0.1603,0.1820,0.2040,0.2264,0.2487,0.2717,0.2943,0.3167,0.3393,0.3615
0.3839,0.4060,0.4278,0.4491,0.4708,0.4922,0.5133,0.5341,0.5548,0.5754
0.5952,0.6148,0.6347,0.6543,0.6735,0.6927,0.7114,0.7297,0.7476,0.7648
0.7819,0.7981,0.8138,0.8285,0.8420,0.8549,0.8665,0.8773,0.8869,0.8959
0.9039,0.9111,0.9178,0.9239,0.9295,0.9348,0.9398,0.9444,0.9486,0.9525
0.9561,0.9593,0.9621,0.9646,0.9670,0.9690,0.9708,0.9724,0.9738,0.9750
0.9762,0.9773,0.9782,0.9791,0.9799,0.9808,0.9815,0.9822,0.9828,0.9835
0.9840,0.9846,0.9851,0.9857,0.9862,0.9867,0.9872,0.9877,0.9882,0.9886
0.9890,0.9895,0.9900,0.9905,0.9909,0.9914,0.9918,0.9922,0.9926,0.9930
0.9934,0.9938,0.9941,0.9945,0.9949,0.9953,0.9957,0.9961,0.9965,0.9969
0.9972,0.9975,0.9979,0.9982,0.9986,0.9989,0.9992,0.9995,0.9998,1.0000
hwc2x1fract=0.0003,0.0007,0.0010,0.0014,0.0018,0.0021,0.0025,0.0029
0.0033,0.0037,0.0043,0.0048,0.0054,0.0061,0.0069,0.0079,0.0093,0.0115
0.0151,0.0200,0.0268,0.0353,0.0461,0.0586,0.0732,0.0894,0.1070,0.1258
0.1455,0.1658,0.1865,0.2079,0.2293,0.2510,0.2735,0.2958,0.3182,0.3406
0.3627,0.3846,0.4064,0.4282,0.4496,0.4713,0.4929,0.5141,0.5354,0.5563
0.5771,0.5982,0.6185,0.6388,0.6587,0.6788,0.6985,0.7176,0.7365,0.7547
0.7730,0.7902,0.8070,0.8228,0.8374,0.8518,0.8643,0.8757,0.8860,0.8955
0.9043,0.9122,0.9193,0.9257,0.9316,0.9370,0.9419,0.9465,0.9508,0.9546
0.9581,0.9613,0.9642,0.9667,0.9690,0.9709,0.9725,0.9741,0.9754,0.9766
0.9777,0.9787,0.9796,0.9805,0.9813,0.9821,0.9828,0.9834,0.9840,0.9846
0.9853,0.9858,0.9863,0.9868,0.9873,0.9878,0.9882,0.9887,0.9891,0.9895
0.9900,0.9904,0.9908,0.9912,0.9917,0.9920,0.9924,0.9928,0.9932,0.9935
0.9939,0.9942,0.9946,0.9949,0.9953,0.9957,0.9960,0.9963,0.9966,0.9970
0.9973,0.9977,0.9980,0.9983,0.9986,0.9989,0.9991,0.9994,0.9997,1.0000
hwc2y1fract=0.0003,0.0005,0.0008,0.0010,0.0013,0.0016,0.0020,0.0023
0.0026,0.0030,0.0034,0.0038,0.0043,0.0048,0.0054,0.0062,0.0075,0.0092
0.0121,0.0170,0.0247,0.0362,0.0511,0.0689,0.0893,0.1116,0.1354,0.1598
0.1843,0.2088,0.2330,0.2570,0.2805,0.3040,0.3268,0.3495,0.3717,0.3936
0.4154,0.4370,0.4582,0.4788,0.5000,0.5203,0.5405,0.5605,0.5803,0.6000
0.6196,0.6391,0.6586,0.6778,0.6968,0.7156,0.7339,0.7523,0.7700,0.7874
0.8040,0.8201,0.8351,0.8496,0.8631,0.8754,0.8866,0.8970,0.9058,0.9137
0.9206,0.9267,0.9322,0.9370,0.9414,0.9452,0.9489,0.9522,0.9554,0.9581
0.9608,0.9631,0.9651,0.9670,0.9687,0.9702,0.9716,0.9728,0.9740,0.9751
0.9761,0.9771,0.9780,0.9788,0.9797,0.9804,0.9811,0.9817,0.9824,0.9830
0.9836,0.9843,0.9849,0.9854,0.9860,0.9865,0.9870,0.9876,0.9882,0.9887
0.9892,0.9896,0.9901,0.9906,0.9911,0.9915,0.9919,0.9924,0.9928,0.9932
0.9936,0.9940,0.9944,0.9948,0.9951,0.9956,0.9959,0.9963,0.9967,0.9970
0.9973,0.9976,0.9979,0.9983,0.9986,0.9989,0.9992,0.9994,0.9997,1.0000
hwc2u1fract=0.0002,0.0005,0.0007,0.0010,0.0012,0.0015,0.0017,0.0020
0.0024,0.0027,0.0030,0.0033,0.0035,0.0039,0.0042,0.0046,0.0052,0.0060
0.0076,0.0110,0.0175,0.0277,0.0419,0.0594,0.0797,0.1019,0.1251,0.1496
0.1743,0.1990,0.2231,0.2469,0.2707,0.2940,0.3167,0.3393,0.3615,0.3832
0.4044,0.4255,0.4462,0.4672,0.4878,0.5085,0.5289,0.5487,0.5683,0.5879
0.6073,0.6262,0.6457,0.6645,0.6834,0.7021,0.7207,0.7388,0.7565,0.7740
0.7912,0.8081,0.8241,0.8393,0.8535,0.8666,0.8788,0.8898,0.8996,0.9080
0.9152,0.9218,0.9276,0.9326,0.9372,0.9414,0.9453,0.9489,0.9520,0.9551
0.9579,0.9603,0.9627,0.9649,0.9668,0.9685,0.9700,0.9713,0.9726,0.9737
0.9748,0.9758,0.9767,0.9776,0.9784,0.9792,0.9800,0.9807,0.9814,0.9822
0.9829,0.9836,0.9842,0.9848,0.9854,0.9860,0.9866,0.9872,0.9878,0.9883
0.9888,0.9893,0.9898,0.9904,0.9908,0.9913,0.9918,0.9923,0.9927,0.9931
0.9936,0.9940,0.9944,0.9948,0.9952,0.9956,0.9959,0.9962,0.9966,0.9970
0.9973,0.9976,0.9979,0.9983,0.9986,0.9989,0.9991,0.9994,0.9997,1.0000
hwc2v1fract=0.0003,0.0006,0.0008,0.0011,0.0014,0.0017,0.0020,0.0023
0.0026,0.0029,0.0032,0.0036,0.0039,0.0043,0.0048,0.0054,0.0063,0.0078
0.0103,0.0152,0.0236,0.0359,0.0516,0.0711,0.0923,0.1154,0.1387,0.1630
0.1874,0.2116,0.2355,0.2594,0.2832,0.3065,0.3289,0.3512,0.3732,0.3950
0.4160,0.4375,0.4582,0.4790,0.4990,0.5195,0.5397,0.5596,0.5796,0.5994
0.6186,0.6376,0.6564,0.6755,0.6939,0.7127,0.7309,0.7490,0.7662,0.7836
0.8003,0.8164,0.8321,0.8468,0.8603,0.8729,0.8842,0.8944,0.9029,0.9109
0.9177,0.9237,0.9292,0.9341,0.9384,0.9424,0.9461,0.9496,0.9527,0.9556
0.9583,0.9609,0.9631,0.9652,0.9671,0.9687,0.9702,0.9717,0.9729,0.9740
0.9751,0.9760,0.9769,0.9779,0.9788,0.9796,0.9803,0.9811,0.9818,0.9824
0.9831,0.9837,0.9844,0.9850,0.9856,0.9862,0.9868,0.9874,0.9879,0.9884
0.9889,0.9894,0.9899,0.9904,0.9909,0.9913,0.9918,0.9922,0.9927,0.9931
0.9935,0.9939,0.9944,0.9948,0.9951,0.9956,0.9959,0.9963,0.9966,0.9969
0.9973,0.9976,0.9979,0.9983,0.9986,0.9989,0.9992,0.9995,0.9997,1.0000
hwc2y2fract=0.0003,0.0006,0.0009,0.0012,0.0015,0.0018,0.0021,0.0025
0.0029,0.0033,0.0037,0.0041,0.0046,0.0053,0.0060,0.0071,0.0085,0.0108
0.0143,0.0197,0.0282,0.0403,0.0557,0.0743,0.0950,0.1177,0.1412,0.1654
0.1900,0.2150,0.2393,0.2634,0.2871,0.3105,0.3334,0.3560,0.3781,0.4000
0.4216,0.4428,0.4637,0.4846,0.5049,0.5252,0.5456,0.5657,0.5854,0.6051
0.6241,0.6435,0.6629,0.6820,0.7009,0.7197,0.7380,0.7559,0.7732,0.7903
0.8066,0.8224,0.8376,0.8516,0.8648,0.8770,0.8879,0.8978,0.9065,0.9142
0.9209,0.9268,0.9320,0.9369,0.9411,0.9450,0.9487,0.9519,0.9549,0.9578
0.9603,0.9627,0.9648,0.9666,0.9683,0.9698,0.9712,0.9724,0.9736,0.9747
0.9757,0.9766,0.9775,0.9784,0.9792,0.9799,0.9807,0.9814,0.9821,0.9827
0.9834,0.9840,0.9846,0.9852,0.9857,0.9863,0.9869,0.9875,0.9880,0.9885
0.9889,0.9895,0.9900,0.9904,0.9909,0.9913,0.9918,0.9923,0.9927,0.9931
0.9935,0.9939,0.9942,0.9946,0.9950,0.9954,0.9958,0.9961,0.9964,0.9968
0.9971,0.9975,0.9978,0.9981,0.9984,0.9987,0.9991,0.9994,0.9998,1.0000
hwc2x2fract=0.0003,0.0006,0.0009,0.0012,0.0015,0.0018,0.0022,0.0025
0.0029,0.0033,0.0037,0.0042,0.0048,0.0053,0.0060,0.0069,0.0085,0.0110
0.0147,0.0198,0.0267,0.0360,0.0476,0.0612,0.0767,0.0939,0.1126,0.1324
0.1531,0.1745,0.1964,0.2188,0.2415,0.2640,0.2868,0.3095,0.3319,0.3543
0.3765,0.3986,0.4207,0.4426,0.4644,0.4859,0.5072,0.5284,0.5492,0.5696
0.5903,0.6106,0.6306,0.6507,0.6705,0.6899,0.7091,0.7280,0.7464,0.7646
0.7817,0.7985,0.8150,0.8302,0.8445,0.8576,0.8697,0.8805,0.8907,0.8996
0.9079,0.9152,0.9218,0.9278,0.9333,0.9383,0.9431,0.9474,0.9515,0.9553
0.9584,0.9614,0.9641,0.9665,0.9686,0.9705,0.9722,0.9736,0.9750,0.9762
0.9773,0.9783,0.9793,0.9801,0.9810,0.9817,0.9823,0.9830,0.9837,0.9843
0.9849,0.9854,0.9860,0.9865,0.9870,0.9875,0.9880,0.9884,0.9889,0.9893
0.9898,0.9902,0.9906,0.9910,0.9914,0.9918,0.9922,0.9926,0.9930,0.9933
0.9937,0.9940,0.9944,0.9947,0.9951,0.9955,0.9958,0.9962,0.9965,0.9968
0.9972,0.9975,0.9979,0.9982,0.9985,0.9988,0.9991,0.9994,0.9997,1.0000
