; Lookup table
;number of bins in Meek's time to distance lookup table
hdriftbins=138
;number of 1st bin in Meek's table in ns
hdrift1stbin=-24
;bin size in ns of Meek's table
hdriftbinsz=2
hwc1x1fract=0.0000,0.0001,0.0002,0.0002,0.0002,0.0003,0.0004,0.0005
0.0005,0.0007,0.0008,0.0009,0.0012,0.0015,0.0020,0.0027,0.0039,0.0058
0.0081,0.0113,0.0156,0.0215,0.0289,0.0372,0.0476,0.0593,0.0715,0.0850
0.0998,0.1154,0.1322,0.1497,0.1682,0.1874,0.2072,0.2282,0.2489,0.2709
0.2929,0.3154,0.3379,0.3607,0.3837,0.4066,0.4300,0.4534,0.4766,0.4995
0.5224,0.5451,0.5671,0.5898,0.6118,0.6339,0.6555,0.6764,0.6978,0.7187
0.7389,0.7585,0.7771,0.7954,0.8126,0.8294,0.8449,0.8597,0.8732,0.8861
0.8979,0.9088,0.9186,0.9282,0.9368,0.9448,0.9524,0.9588,0.9649,0.9702
0.9750,0.9788,0.9823,0.9851,0.9873,0.9890,0.9907,0.9917,0.9927,0.9935
0.9943,0.9948,0.9953,0.9958,0.9961,0.9964,0.9967,0.9970,0.9972,0.9974
0.9976,0.9978,0.9979,0.9981,0.9982,0.9983,0.9985,0.9986,0.9987,0.9988
0.9989,0.9989,0.9990,0.9991,0.9992,0.9993,0.9993,0.9993,0.9994,0.9995
0.9995,0.9996,0.9997,0.9997,0.9997,0.9997,0.9998,0.9998,0.9998,0.9998
0.9999,0.9999,0.9999,0.9999,0.9999,0.9999,0.9999,1.0000,1.0000,1.0000
hwc1y1fract=0.0000,0.0001,0.0001,0.0002,0.0003,0.0003,0.0004,0.0005
0.0006,0.0007,0.0009,0.0010,0.0012,0.0014,0.0018,0.0024,0.0032,0.0044
0.0064,0.0098,0.0153,0.0228,0.0329,0.0452,0.0589,0.0746,0.0917,0.1100
0.1294,0.1496,0.1706,0.1925,0.2148,0.2373,0.2600,0.2832,0.3060,0.3291
0.3519,0.3752,0.3987,0.4216,0.4448,0.4675,0.4903,0.5126,0.5340,0.5555
0.5769,0.5989,0.6203,0.6413,0.6621,0.6825,0.7026,0.7223,0.7418,0.7605
0.7793,0.7970,0.8142,0.8306,0.8460,0.8601,0.8739,0.8865,0.8979,0.9079
0.9171,0.9254,0.9333,0.9403,0.9466,0.9526,0.9579,0.9628,0.9670,0.9708
0.9742,0.9774,0.9800,0.9822,0.9841,0.9859,0.9875,0.9890,0.9901,0.9911
0.9920,0.9929,0.9936,0.9943,0.9949,0.9953,0.9958,0.9961,0.9965,0.9968
0.9970,0.9973,0.9976,0.9978,0.9980,0.9982,0.9983,0.9985,0.9987,0.9988
0.9989,0.9990,0.9991,0.9991,0.9992,0.9993,0.9993,0.9994,0.9995,0.9995
0.9995,0.9996,0.9996,0.9997,0.9997,0.9997,0.9997,0.9998,0.9998,0.9998
0.9998,0.9999,0.9999,0.9999,0.9999,0.9999,0.9999,1.0000,1.0000,1.0000
hwc1u1fract=0.0000,0.0000,0.0000,0.0001,0.0001,0.0001,0.0001,0.0002
0.0002,0.0003,0.0003,0.0004,0.0004,0.0006,0.0009,0.0017,0.0028,0.0045
0.0068,0.0102,0.0152,0.0222,0.0316,0.0420,0.0541,0.0674,0.0823,0.0981
0.1157,0.1341,0.1530,0.1726,0.1929,0.2135,0.2350,0.2570,0.2797,0.3020
0.3245,0.3475,0.3700,0.3926,0.4150,0.4380,0.4603,0.4825,0.5052,0.5272
0.5491,0.5705,0.5924,0.6141,0.6351,0.6560,0.6768,0.6968,0.7167,0.7364
0.7557,0.7745,0.7920,0.8094,0.8256,0.8411,0.8551,0.8685,0.8809,0.8925
0.9030,0.9124,0.9212,0.9293,0.9370,0.9439,0.9502,0.9559,0.9614,0.9665
0.9708,0.9746,0.9779,0.9805,0.9830,0.9851,0.9869,0.9883,0.9895,0.9905
0.9916,0.9923,0.9931,0.9936,0.9942,0.9948,0.9952,0.9956,0.9960,0.9963
0.9966,0.9969,0.9971,0.9974,0.9975,0.9978,0.9979,0.9982,0.9983,0.9984
0.9986,0.9987,0.9988,0.9989,0.9990,0.9991,0.9992,0.9992,0.9993,0.9993
0.9994,0.9994,0.9995,0.9995,0.9996,0.9996,0.9997,0.9997,0.9998,0.9998
0.9998,0.9999,0.9999,0.9999,0.9999,1.0000,1.0000,1.0000,1.0000,1.0000
hwc1v1fract=0.0000,0.0000,0.0001,0.0001,0.0001,0.0002,0.0002,0.0002
0.0002,0.0003,0.0003,0.0004,0.0005,0.0005,0.0007,0.0008,0.0011,0.0017
0.0029,0.0051,0.0090,0.0150,0.0229,0.0329,0.0452,0.0585,0.0740,0.0911
0.1096,0.1286,0.1484,0.1685,0.1898,0.2113,0.2334,0.2560,0.2780,0.3000
0.3223,0.3448,0.3681,0.3906,0.4129,0.4363,0.4586,0.4807,0.5026,0.5244
0.5461,0.5676,0.5891,0.6099,0.6313,0.6518,0.6725,0.6926,0.7128,0.7323
0.7518,0.7706,0.7889,0.8067,0.8232,0.8387,0.8537,0.8681,0.8804,0.8917
0.9021,0.9120,0.9209,0.9289,0.9360,0.9429,0.9488,0.9546,0.9600,0.9646
0.9688,0.9726,0.9762,0.9790,0.9815,0.9835,0.9853,0.9869,0.9883,0.9894
0.9904,0.9913,0.9922,0.9929,0.9934,0.9940,0.9946,0.9951,0.9954,0.9959
0.9962,0.9965,0.9968,0.9970,0.9973,0.9976,0.9978,0.9980,0.9982,0.9983
0.9984,0.9986,0.9987,0.9988,0.9989,0.9990,0.9991,0.9992,0.9992,0.9993
0.9993,0.9994,0.9994,0.9995,0.9995,0.9996,0.9997,0.9997,0.9997,0.9998
0.9998,0.9998,0.9999,0.9999,0.9999,0.9999,1.0000,1.0000,1.0000,1.0000
hwc1y2fract=0.0000,0.0000,0.0001,0.0001,0.0001,0.0002,0.0002,0.0003
0.0004,0.0004,0.0005,0.0006,0.0007,0.0008,0.0010,0.0013,0.0019,0.0029
0.0047,0.0078,0.0123,0.0187,0.0274,0.0380,0.0504,0.0647,0.0806,0.0977
0.1155,0.1345,0.1549,0.1754,0.1971,0.2184,0.2409,0.2640,0.2868,0.3098
0.3329,0.3553,0.3783,0.4010,0.4240,0.4466,0.4691,0.4913,0.5135,0.5358
0.5583,0.5799,0.6014,0.6227,0.6434,0.6642,0.6849,0.7053,0.7248,0.7441
0.7629,0.7811,0.7985,0.8155,0.8312,0.8460,0.8601,0.8735,0.8854,0.8964
0.9065,0.9155,0.9239,0.9314,0.9382,0.9446,0.9502,0.9555,0.9604,0.9649
0.9690,0.9726,0.9757,0.9785,0.9810,0.9830,0.9846,0.9863,0.9876,0.9889
0.9901,0.9911,0.9919,0.9927,0.9933,0.9939,0.9945,0.9950,0.9955,0.9960
0.9963,0.9967,0.9970,0.9973,0.9976,0.9978,0.9980,0.9981,0.9983,0.9985
0.9986,0.9987,0.9989,0.9990,0.9990,0.9991,0.9992,0.9993,0.9994,0.9994
0.9995,0.9995,0.9996,0.9996,0.9997,0.9997,0.9997,0.9998,0.9998,0.9998
0.9998,0.9999,0.9999,0.9999,0.9999,0.9999,1.0000,1.0000,1.0000,1.0000
hwc1x2fract=0.0000,0.0001,0.0001,0.0002,0.0002,0.0003,0.0003,0.0003
0.0004,0.0004,0.0005,0.0006,0.0007,0.0008,0.0011,0.0015,0.0022,0.0035
0.0056,0.0088,0.0133,0.0189,0.0261,0.0347,0.0451,0.0564,0.0696,0.0832
0.0981,0.1139,0.1310,0.1491,0.1675,0.1868,0.2070,0.2280,0.2493,0.2707
0.2932,0.3156,0.3386,0.3613,0.3850,0.4082,0.4312,0.4543,0.4767,0.4997
0.5227,0.5455,0.5678,0.5898,0.6123,0.6338,0.6554,0.6765,0.6976,0.7176
0.7383,0.7576,0.7766,0.7947,0.8121,0.8278,0.8434,0.8584,0.8722,0.8850
0.8969,0.9080,0.9183,0.9279,0.9367,0.9447,0.9517,0.9584,0.9640,0.9691
0.9736,0.9776,0.9810,0.9839,0.9863,0.9882,0.9897,0.9911,0.9922,0.9931
0.9938,0.9945,0.9950,0.9956,0.9961,0.9965,0.9968,0.9971,0.9973,0.9975
0.9976,0.9979,0.9981,0.9982,0.9984,0.9985,0.9986,0.9987,0.9988,0.9989
0.9989,0.9990,0.9991,0.9992,0.9992,0.9993,0.9993,0.9994,0.9994,0.9995
0.9996,0.9996,0.9996,0.9996,0.9997,0.9997,0.9997,0.9998,0.9998,0.9998
0.9998,0.9999,0.9999,0.9999,0.9999,0.9999,0.9999,1.0000,1.0000,1.0000
hwc2x1fract=0.0001,0.0001,0.0002,0.0002,0.0003,0.0004,0.0004,0.0005
0.0006,0.0007,0.0008,0.0009,0.0011,0.0013,0.0016,0.0021,0.0029,0.0045
0.0070,0.0107,0.0160,0.0226,0.0309,0.0398,0.0505,0.0626,0.0757,0.0901
0.1054,0.1215,0.1389,0.1564,0.1755,0.1952,0.2158,0.2367,0.2581,0.2801
0.3023,0.3251,0.3480,0.3708,0.3938,0.4169,0.4395,0.4623,0.4856,0.5093
0.5327,0.5557,0.5783,0.6009,0.6237,0.6462,0.6681,0.6892,0.7109,0.7317
0.7514,0.7713,0.7902,0.8080,0.8256,0.8415,0.8563,0.8705,0.8831,0.8950
0.9062,0.9165,0.9261,0.9348,0.9426,0.9500,0.9568,0.9631,0.9682,0.9727
0.9766,0.9805,0.9834,0.9858,0.9878,0.9894,0.9906,0.9919,0.9928,0.9936
0.9942,0.9948,0.9952,0.9957,0.9961,0.9965,0.9967,0.9970,0.9973,0.9975
0.9977,0.9979,0.9981,0.9982,0.9984,0.9985,0.9986,0.9987,0.9988,0.9989
0.9990,0.9990,0.9991,0.9992,0.9992,0.9993,0.9994,0.9995,0.9995,0.9995
0.9996,0.9996,0.9996,0.9997,0.9997,0.9997,0.9998,0.9998,0.9998,0.9998
0.9998,0.9999,0.9999,0.9999,0.9999,0.9999,0.9999,1.0000,1.0000,1.0000
hwc2y1fract=0.0000,0.0000,0.0001,0.0001,0.0001,0.0001,0.0002,0.0002
0.0002,0.0003,0.0004,0.0004,0.0005,0.0007,0.0008,0.0011,0.0016,0.0025
0.0044,0.0072,0.0120,0.0192,0.0284,0.0398,0.0531,0.0683,0.0854,0.1042
0.1245,0.1454,0.1667,0.1885,0.2109,0.2337,0.2567,0.2803,0.3043,0.3276
0.3503,0.3742,0.3969,0.4194,0.4424,0.4647,0.4871,0.5092,0.5317,0.5539
0.5754,0.5963,0.6175,0.6392,0.6600,0.6804,0.7009,0.7212,0.7408,0.7602
0.7791,0.7975,0.8150,0.8319,0.8476,0.8622,0.8761,0.8882,0.8997,0.9100
0.9192,0.9273,0.9349,0.9418,0.9482,0.9538,0.9588,0.9636,0.9677,0.9710
0.9741,0.9770,0.9794,0.9816,0.9836,0.9853,0.9868,0.9881,0.9893,0.9904
0.9914,0.9922,0.9930,0.9935,0.9941,0.9946,0.9951,0.9955,0.9958,0.9962
0.9965,0.9968,0.9970,0.9973,0.9976,0.9978,0.9980,0.9982,0.9984,0.9986
0.9988,0.9989,0.9990,0.9991,0.9992,0.9992,0.9993,0.9994,0.9994,0.9995
0.9996,0.9996,0.9996,0.9997,0.9997,0.9997,0.9997,0.9998,0.9998,0.9998
0.9999,0.9999,0.9999,0.9999,0.9999,0.9999,1.0000,1.0000,1.0000,1.0000
hwc2u1fract=0.0000,0.0000,0.0000,0.0001,0.0001,0.0001,0.0002,0.0002
0.0002,0.0002,0.0003,0.0003,0.0004,0.0004,0.0005,0.0006,0.0009,0.0015
0.0025,0.0051,0.0101,0.0173,0.0269,0.0388,0.0528,0.0688,0.0863,0.1050
0.1249,0.1452,0.1661,0.1879,0.2102,0.2328,0.2556,0.2779,0.3014,0.3241
0.3477,0.3706,0.3934,0.4162,0.4389,0.4615,0.4836,0.5051,0.5269,0.5483
0.5695,0.5907,0.6125,0.6332,0.6536,0.6739,0.6943,0.7147,0.7345,0.7539
0.7726,0.7911,0.8086,0.8253,0.8411,0.8562,0.8702,0.8827,0.8947,0.9048
0.9144,0.9231,0.9310,0.9381,0.9447,0.9506,0.9558,0.9608,0.9652,0.9692
0.9727,0.9759,0.9785,0.9809,0.9829,0.9848,0.9864,0.9878,0.9889,0.9900
0.9910,0.9918,0.9927,0.9933,0.9939,0.9944,0.9948,0.9952,0.9956,0.9960
0.9964,0.9967,0.9970,0.9972,0.9974,0.9977,0.9979,0.9980,0.9982,0.9984
0.9985,0.9987,0.9988,0.9990,0.9991,0.9992,0.9993,0.9993,0.9994,0.9994
0.9995,0.9996,0.9996,0.9996,0.9997,0.9997,0.9997,0.9998,0.9998,0.9998
0.9998,0.9999,0.9999,0.9999,0.9999,1.0000,1.0000,1.0000,1.0000,1.0000
hwc2v1fract=0.0000,0.0000,0.0000,0.0001,0.0001,0.0001,0.0001,0.0001
0.0002,0.0002,0.0003,0.0003,0.0004,0.0005,0.0006,0.0009,0.0014,0.0023
0.0043,0.0078,0.0137,0.0215,0.0317,0.0442,0.0590,0.0750,0.0932,0.1117
0.1313,0.1517,0.1724,0.1941,0.2166,0.2390,0.2616,0.2848,0.3085,0.3309
0.3545,0.3775,0.4005,0.4230,0.4456,0.4672,0.4893,0.5116,0.5335,0.5551
0.5765,0.5974,0.6181,0.6388,0.6594,0.6798,0.7004,0.7198,0.7391,0.7582
0.7771,0.7951,0.8127,0.8296,0.8455,0.8600,0.8735,0.8860,0.8970,0.9074
0.9170,0.9254,0.9328,0.9399,0.9463,0.9520,0.9572,0.9619,0.9666,0.9705
0.9740,0.9769,0.9795,0.9817,0.9838,0.9855,0.9871,0.9883,0.9894,0.9905
0.9913,0.9920,0.9928,0.9935,0.9941,0.9946,0.9951,0.9955,0.9959,0.9963
0.9966,0.9969,0.9972,0.9974,0.9977,0.9979,0.9982,0.9983,0.9985,0.9986
0.9987,0.9989,0.9991,0.9991,0.9992,0.9993,0.9994,0.9994,0.9995,0.9995
0.9996,0.9996,0.9997,0.9997,0.9998,0.9998,0.9998,0.9998,0.9999,0.9999
0.9999,0.9999,0.9999,0.9999,0.9999,0.9999,1.0000,1.0000,1.0000,1.0000
hwc2y2fract=0.0000,0.0000,0.0001,0.0001,0.0001,0.0002,0.0002,0.0003
0.0003,0.0004,0.0004,0.0005,0.0007,0.0008,0.0010,0.0015,0.0022,0.0035
0.0056,0.0091,0.0146,0.0225,0.0326,0.0450,0.0595,0.0751,0.0932,0.1124
0.1325,0.1534,0.1748,0.1970,0.2194,0.2420,0.2652,0.2890,0.3122,0.3359
0.3598,0.3828,0.4063,0.4291,0.4518,0.4742,0.4966,0.5190,0.5410,0.5629
0.5850,0.6063,0.6279,0.6493,0.6703,0.6909,0.7109,0.7304,0.7499,0.7685
0.7864,0.8044,0.8213,0.8380,0.8531,0.8666,0.8799,0.8918,0.9030,0.9128
0.9216,0.9297,0.9372,0.9440,0.9499,0.9552,0.9601,0.9646,0.9686,0.9721
0.9751,0.9776,0.9801,0.9821,0.9840,0.9856,0.9872,0.9886,0.9896,0.9905
0.9914,0.9924,0.9932,0.9938,0.9944,0.9950,0.9955,0.9959,0.9963,0.9966
0.9969,0.9972,0.9974,0.9977,0.9979,0.9980,0.9982,0.9984,0.9986,0.9987
0.9988,0.9989,0.9991,0.9991,0.9992,0.9993,0.9994,0.9994,0.9995,0.9995
0.9996,0.9996,0.9997,0.9997,0.9997,0.9997,0.9998,0.9998,0.9998,0.9998
0.9999,0.9999,0.9999,0.9999,0.9999,0.9999,0.9999,1.0000,1.0000,1.0000
hwc2x2fract=0.0000,0.0000,0.0001,0.0001,0.0002,0.0002,0.0003,0.0004
0.0005,0.0005,0.0006,0.0007,0.0009,0.0010,0.0013,0.0017,0.0025,0.0040
0.0063,0.0099,0.0147,0.0209,0.0286,0.0379,0.0485,0.0610,0.0741,0.0889
0.1044,0.1209,0.1378,0.1558,0.1744,0.1940,0.2148,0.2360,0.2572,0.2795
0.3022,0.3249,0.3482,0.3713,0.3941,0.4173,0.4409,0.4636,0.4865,0.5095
0.5323,0.5551,0.5780,0.6006,0.6227,0.6449,0.6662,0.6881,0.7084,0.7292
0.7488,0.7682,0.7867,0.8047,0.8219,0.8385,0.8532,0.8675,0.8806,0.8928
0.9039,0.9142,0.9241,0.9330,0.9413,0.9487,0.9557,0.9619,0.9672,0.9720
0.9759,0.9795,0.9824,0.9848,0.9870,0.9888,0.9903,0.9916,0.9926,0.9933
0.9940,0.9946,0.9952,0.9956,0.9960,0.9964,0.9967,0.9970,0.9972,0.9975
0.9977,0.9979,0.9981,0.9982,0.9983,0.9985,0.9986,0.9987,0.9988,0.9989
0.9990,0.9991,0.9992,0.9992,0.9992,0.9993,0.9993,0.9994,0.9994,0.9994
0.9995,0.9995,0.9995,0.9996,0.9996,0.9997,0.9997,0.9997,0.9998,0.9998
0.9998,0.9998,0.9999,0.9999,0.9999,0.9999,0.9999,0.9999,1.0000,1.0000
