; Lookup table
;number of bins in Meek's time to distance lookup table
hdriftbins=138
;number of 1st bin in Meek's table in ns
hdrift1stbin=-24
;bin size in ns of Meek's table
hdriftbinsz=2
hwc1x1fract=0.0001,0.0003,0.0004,0.0005,0.0007,0.0009,0.0010,0.0012
0.0013,0.0015,0.0017,0.0019,0.0022,0.0026,0.0030,0.0035,0.0043,0.0056
0.0072,0.0094,0.0130,0.0187,0.0265,0.0362,0.0479,0.0610,0.0755,0.0909
0.1076,0.1248,0.1431,0.1623,0.1816,0.2014,0.2223,0.2437,0.2654,0.2873
0.3092,0.3310,0.3535,0.3757,0.3980,0.4198,0.4419,0.4638,0.4858,0.5078
0.5295,0.5509,0.5723,0.5932,0.6140,0.6348,0.6556,0.6756,0.6959,0.7160
0.7353,0.7544,0.7728,0.7905,0.8079,0.8241,0.8396,0.8545,0.8679,0.8807
0.8928,0.9037,0.9135,0.9224,0.9308,0.9382,0.9454,0.9516,0.9572,0.9622
0.9665,0.9705,0.9739,0.9770,0.9795,0.9816,0.9834,0.9848,0.9861,0.9871
0.9880,0.9888,0.9895,0.9900,0.9905,0.9909,0.9914,0.9918,0.9921,0.9925
0.9928,0.9932,0.9935,0.9938,0.9941,0.9943,0.9946,0.9948,0.9950,0.9952
0.9955,0.9957,0.9959,0.9961,0.9963,0.9965,0.9966,0.9968,0.9970,0.9971
0.9973,0.9974,0.9976,0.9978,0.9979,0.9981,0.9982,0.9984,0.9985,0.9987
0.9988,0.9990,0.9991,0.9993,0.9994,0.9995,0.9997,0.9998,0.9999,1.0000
hwc1y1fract=0.0001,0.0003,0.0004,0.0005,0.0006,0.0008,0.0009,0.0011
0.0013,0.0015,0.0017,0.0019,0.0022,0.0026,0.0030,0.0036,0.0046,0.0060
0.0081,0.0116,0.0173,0.0260,0.0378,0.0524,0.0698,0.0889,0.1096,0.1313
0.1541,0.1764,0.1995,0.2221,0.2455,0.2685,0.2914,0.3134,0.3361,0.3584
0.3805,0.4026,0.4245,0.4453,0.4659,0.4866,0.5072,0.5275,0.5476,0.5679
0.5886,0.6084,0.6285,0.6481,0.6680,0.6872,0.7062,0.7248,0.7437,0.7621
0.7803,0.7977,0.8144,0.8306,0.8462,0.8607,0.8744,0.8869,0.8982,0.9087
0.9181,0.9267,0.9340,0.9407,0.9465,0.9515,0.9561,0.9603,0.9642,0.9678
0.9705,0.9733,0.9757,0.9778,0.9796,0.9813,0.9826,0.9839,0.9851,0.9862
0.9872,0.9879,0.9886,0.9893,0.9899,0.9904,0.9909,0.9914,0.9919,0.9923
0.9927,0.9931,0.9934,0.9937,0.9941,0.9943,0.9946,0.9948,0.9951,0.9953
0.9955,0.9957,0.9960,0.9962,0.9964,0.9966,0.9967,0.9969,0.9971,0.9973
0.9974,0.9976,0.9977,0.9979,0.9980,0.9982,0.9983,0.9985,0.9986,0.9987
0.9988,0.9989,0.9991,0.9993,0.9994,0.9995,0.9996,0.9998,0.9999,1.0000
hwc1u1fract=0.0001,0.0002,0.0002,0.0003,0.0005,0.0006,0.0007,0.0008
0.0009,0.0009,0.0011,0.0012,0.0013,0.0014,0.0016,0.0020,0.0026,0.0037
0.0053,0.0077,0.0120,0.0192,0.0294,0.0423,0.0576,0.0745,0.0926,0.1128
0.1333,0.1547,0.1767,0.1986,0.2209,0.2428,0.2655,0.2878,0.3098,0.3321
0.3542,0.3757,0.3974,0.4190,0.4405,0.4616,0.4826,0.5032,0.5239,0.5440
0.5643,0.5850,0.6048,0.6246,0.6443,0.6643,0.6836,0.7030,0.7220,0.7409
0.7594,0.7773,0.7946,0.8113,0.8277,0.8430,0.8577,0.8712,0.8837,0.8950
0.9050,0.9141,0.9224,0.9298,0.9364,0.9426,0.9480,0.9529,0.9575,0.9616
0.9653,0.9686,0.9715,0.9742,0.9764,0.9784,0.9802,0.9818,0.9832,0.9843
0.9855,0.9864,0.9871,0.9879,0.9887,0.9893,0.9899,0.9905,0.9909,0.9914
0.9918,0.9922,0.9926,0.9929,0.9933,0.9936,0.9939,0.9942,0.9945,0.9948
0.9950,0.9953,0.9955,0.9958,0.9960,0.9963,0.9964,0.9966,0.9968,0.9970
0.9972,0.9974,0.9975,0.9977,0.9979,0.9980,0.9982,0.9983,0.9985,0.9986
0.9988,0.9990,0.9991,0.9992,0.9994,0.9995,0.9996,0.9997,0.9998,1.0000
hwc1v1fract=0.0001,0.0002,0.0003,0.0004,0.0005,0.0006,0.0007,0.0008
0.0009,0.0010,0.0012,0.0013,0.0015,0.0017,0.0020,0.0024,0.0030,0.0043
0.0067,0.0112,0.0183,0.0286,0.0417,0.0575,0.0747,0.0941,0.1141,0.1347
0.1560,0.1776,0.2001,0.2221,0.2446,0.2670,0.2886,0.3109,0.3328,0.3549
0.3766,0.3979,0.4191,0.4406,0.4613,0.4825,0.5028,0.5237,0.5436,0.5640
0.5839,0.6039,0.6238,0.6435,0.6626,0.6822,0.7018,0.7213,0.7401,0.7583
0.7768,0.7947,0.8122,0.8289,0.8445,0.8592,0.8730,0.8856,0.8971,0.9077
0.9169,0.9251,0.9324,0.9390,0.9447,0.9501,0.9550,0.9592,0.9631,0.9666
0.9697,0.9726,0.9751,0.9774,0.9793,0.9812,0.9826,0.9840,0.9852,0.9862
0.9870,0.9878,0.9885,0.9893,0.9898,0.9904,0.9908,0.9914,0.9918,0.9923
0.9926,0.9929,0.9933,0.9936,0.9939,0.9942,0.9945,0.9948,0.9950,0.9953
0.9955,0.9957,0.9960,0.9962,0.9964,0.9967,0.9969,0.9970,0.9972,0.9973
0.9975,0.9976,0.9978,0.9980,0.9981,0.9983,0.9984,0.9986,0.9987,0.9988
0.9990,0.9991,0.9992,0.9993,0.9994,0.9996,0.9997,0.9998,0.9999,1.0000
hwc1y2fract=0.0001,0.0002,0.0003,0.0004,0.0005,0.0006,0.0007,0.0008
0.0009,0.0010,0.0011,0.0013,0.0014,0.0016,0.0018,0.0022,0.0027,0.0035
0.0050,0.0076,0.0120,0.0194,0.0298,0.0428,0.0583,0.0760,0.0952,0.1156
0.1373,0.1593,0.1817,0.2050,0.2278,0.2504,0.2731,0.2952,0.3175,0.3402
0.3624,0.3842,0.4056,0.4272,0.4483,0.4693,0.4900,0.5108,0.5312,0.5516
0.5715,0.5915,0.6112,0.6313,0.6514,0.6710,0.6903,0.7095,0.7284,0.7466
0.7647,0.7824,0.7992,0.8159,0.8315,0.8468,0.8609,0.8743,0.8868,0.8976
0.9077,0.9170,0.9252,0.9324,0.9388,0.9447,0.9499,0.9547,0.9589,0.9626
0.9659,0.9691,0.9717,0.9742,0.9762,0.9780,0.9796,0.9813,0.9826,0.9838
0.9848,0.9859,0.9868,0.9875,0.9883,0.9891,0.9896,0.9901,0.9906,0.9910
0.9915,0.9919,0.9923,0.9926,0.9929,0.9933,0.9937,0.9940,0.9943,0.9946
0.9949,0.9952,0.9954,0.9957,0.9959,0.9961,0.9963,0.9965,0.9966,0.9968
0.9971,0.9972,0.9974,0.9975,0.9977,0.9978,0.9980,0.9982,0.9984,0.9985
0.9987,0.9988,0.9990,0.9991,0.9993,0.9994,0.9996,0.9997,0.9999,1.0000
hwc1x2fract=0.0001,0.0002,0.0003,0.0004,0.0005,0.0006,0.0008,0.0009
0.0010,0.0012,0.0014,0.0015,0.0018,0.0021,0.0025,0.0032,0.0043,0.0063
0.0096,0.0146,0.0217,0.0309,0.0420,0.0553,0.0696,0.0853,0.1020,0.1195
0.1380,0.1568,0.1767,0.1969,0.2178,0.2394,0.2608,0.2822,0.3042,0.3265
0.3487,0.3713,0.3939,0.4154,0.4372,0.4587,0.4803,0.5022,0.5235,0.5450
0.5660,0.5868,0.6080,0.6289,0.6495,0.6702,0.6901,0.7101,0.7291,0.7483
0.7669,0.7850,0.8025,0.8193,0.8352,0.8500,0.8642,0.8774,0.8892,0.9005
0.9108,0.9200,0.9283,0.9359,0.9430,0.9495,0.9553,0.9604,0.9648,0.9687
0.9722,0.9753,0.9779,0.9801,0.9821,0.9836,0.9849,0.9862,0.9871,0.9879
0.9886,0.9891,0.9897,0.9902,0.9907,0.9912,0.9915,0.9919,0.9922,0.9925
0.9928,0.9931,0.9934,0.9936,0.9939,0.9941,0.9944,0.9946,0.9948,0.9950
0.9952,0.9954,0.9955,0.9957,0.9960,0.9961,0.9963,0.9965,0.9966,0.9968
0.9970,0.9971,0.9973,0.9975,0.9977,0.9979,0.9981,0.9983,0.9985,0.9987
0.9988,0.9990,0.9991,0.9993,0.9994,0.9995,0.9996,0.9998,0.9999,1.0000
hwc2x1fract=0.0001,0.0003,0.0004,0.0006,0.0007,0.0008,0.0010,0.0012
0.0014,0.0016,0.0018,0.0021,0.0024,0.0027,0.0031,0.0037,0.0043,0.0054
0.0074,0.0106,0.0151,0.0213,0.0297,0.0400,0.0521,0.0661,0.0815,0.0983
0.1161,0.1345,0.1537,0.1737,0.1940,0.2152,0.2365,0.2579,0.2802,0.3020
0.3241,0.3463,0.3688,0.3908,0.4132,0.4354,0.4575,0.4795,0.5016,0.5229
0.5444,0.5657,0.5872,0.6081,0.6285,0.6493,0.6703,0.6903,0.7108,0.7304
0.7499,0.7685,0.7870,0.8046,0.8216,0.8380,0.8536,0.8675,0.8805,0.8924
0.9035,0.9137,0.9227,0.9309,0.9384,0.9449,0.9510,0.9564,0.9614,0.9658
0.9696,0.9730,0.9760,0.9786,0.9807,0.9825,0.9842,0.9855,0.9867,0.9876
0.9884,0.9891,0.9898,0.9904,0.9910,0.9915,0.9919,0.9922,0.9926,0.9929
0.9932,0.9935,0.9938,0.9941,0.9943,0.9946,0.9948,0.9951,0.9953,0.9956
0.9958,0.9959,0.9961,0.9963,0.9965,0.9967,0.9968,0.9970,0.9972,0.9974
0.9975,0.9977,0.9978,0.9980,0.9981,0.9982,0.9984,0.9986,0.9987,0.9988
0.9989,0.9991,0.9992,0.9993,0.9994,0.9995,0.9997,0.9998,0.9999,1.0000
hwc2y1fract=0.0001,0.0001,0.0002,0.0004,0.0004,0.0005,0.0006,0.0007
0.0008,0.0009,0.0010,0.0012,0.0014,0.0016,0.0018,0.0021,0.0025,0.0034
0.0050,0.0080,0.0135,0.0220,0.0340,0.0491,0.0671,0.0872,0.1089,0.1318
0.1556,0.1793,0.2031,0.2267,0.2502,0.2735,0.2967,0.3195,0.3426,0.3653
0.3874,0.4092,0.4313,0.4528,0.4742,0.4953,0.5161,0.5365,0.5566,0.5767
0.5973,0.6177,0.6374,0.6576,0.6769,0.6962,0.7151,0.7337,0.7527,0.7709
0.7890,0.8065,0.8233,0.8395,0.8546,0.8691,0.8827,0.8953,0.9064,0.9163
0.9252,0.9329,0.9400,0.9464,0.9516,0.9563,0.9606,0.9644,0.9678,0.9707
0.9734,0.9757,0.9778,0.9796,0.9813,0.9828,0.9840,0.9850,0.9860,0.9868
0.9875,0.9882,0.9888,0.9894,0.9900,0.9904,0.9909,0.9914,0.9918,0.9921
0.9925,0.9928,0.9932,0.9935,0.9937,0.9941,0.9944,0.9947,0.9950,0.9952
0.9954,0.9957,0.9959,0.9961,0.9963,0.9965,0.9967,0.9969,0.9970,0.9973
0.9974,0.9976,0.9978,0.9980,0.9981,0.9983,0.9985,0.9986,0.9987,0.9988
0.9989,0.9991,0.9992,0.9993,0.9994,0.9995,0.9996,0.9998,0.9999,1.0000
hwc2u1fract=0.0000,0.0001,0.0002,0.0003,0.0004,0.0004,0.0006,0.0007
0.0008,0.0008,0.0009,0.0010,0.0012,0.0013,0.0015,0.0017,0.0020,0.0027
0.0040,0.0074,0.0137,0.0237,0.0372,0.0534,0.0722,0.0935,0.1158,0.1389
0.1622,0.1862,0.2092,0.2325,0.2558,0.2794,0.3018,0.3246,0.3468,0.3691
0.3911,0.4128,0.4342,0.4552,0.4754,0.4962,0.5166,0.5369,0.5572,0.5768
0.5964,0.6165,0.6360,0.6557,0.6751,0.6941,0.7130,0.7322,0.7508,0.7695
0.7875,0.8048,0.8217,0.8379,0.8534,0.8676,0.8808,0.8936,0.9047,0.9150
0.9239,0.9317,0.9386,0.9450,0.9505,0.9552,0.9595,0.9635,0.9669,0.9699
0.9726,0.9750,0.9771,0.9790,0.9807,0.9821,0.9833,0.9844,0.9855,0.9864
0.9872,0.9879,0.9886,0.9891,0.9896,0.9902,0.9907,0.9911,0.9915,0.9919
0.9923,0.9926,0.9930,0.9934,0.9937,0.9940,0.9943,0.9947,0.9950,0.9953
0.9956,0.9958,0.9961,0.9963,0.9965,0.9967,0.9969,0.9971,0.9973,0.9974
0.9976,0.9978,0.9979,0.9981,0.9982,0.9984,0.9985,0.9986,0.9987,0.9989
0.9990,0.9991,0.9992,0.9994,0.9995,0.9996,0.9997,0.9998,0.9999,1.0000
hwc2v1fract=0.0001,0.0001,0.0002,0.0003,0.0004,0.0005,0.0006,0.0007
0.0008,0.0010,0.0011,0.0012,0.0014,0.0016,0.0018,0.0021,0.0026,0.0036
0.0053,0.0094,0.0164,0.0277,0.0422,0.0599,0.0790,0.1002,0.1220,0.1448
0.1676,0.1912,0.2147,0.2382,0.2612,0.2846,0.3074,0.3300,0.3525,0.3749
0.3970,0.4185,0.4397,0.4609,0.4810,0.5021,0.5224,0.5430,0.5624,0.5823
0.6020,0.6215,0.6406,0.6602,0.6792,0.6984,0.7173,0.7363,0.7546,0.7730
0.7908,0.8085,0.8252,0.8416,0.8571,0.8718,0.8849,0.8972,0.9079,0.9176
0.9262,0.9338,0.9404,0.9461,0.9510,0.9558,0.9599,0.9637,0.9671,0.9702
0.9728,0.9751,0.9772,0.9790,0.9806,0.9821,0.9834,0.9845,0.9855,0.9864
0.9872,0.9878,0.9885,0.9891,0.9897,0.9901,0.9906,0.9911,0.9916,0.9920
0.9924,0.9928,0.9931,0.9934,0.9938,0.9941,0.9943,0.9947,0.9950,0.9952
0.9954,0.9957,0.9959,0.9961,0.9964,0.9966,0.9968,0.9970,0.9971,0.9973
0.9975,0.9976,0.9978,0.9979,0.9981,0.9982,0.9983,0.9985,0.9986,0.9987
0.9989,0.9990,0.9992,0.9993,0.9994,0.9995,0.9996,0.9998,0.9999,1.0000
hwc2y2fract=0.0001,0.0002,0.0003,0.0004,0.0005,0.0006,0.0007,0.0008
0.0010,0.0011,0.0013,0.0014,0.0016,0.0019,0.0021,0.0025,0.0031,0.0042
0.0059,0.0093,0.0152,0.0241,0.0362,0.0522,0.0700,0.0903,0.1117,0.1342
0.1576,0.1812,0.2054,0.2294,0.2531,0.2766,0.2997,0.3223,0.3449,0.3671
0.3889,0.4104,0.4319,0.4535,0.4748,0.4955,0.5163,0.5366,0.5572,0.5772
0.5975,0.6175,0.6372,0.6575,0.6772,0.6971,0.7160,0.7349,0.7534,0.7714
0.7894,0.8073,0.8239,0.8401,0.8553,0.8697,0.8832,0.8952,0.9061,0.9161
0.9249,0.9328,0.9396,0.9456,0.9513,0.9561,0.9604,0.9642,0.9674,0.9705
0.9733,0.9757,0.9776,0.9793,0.9809,0.9824,0.9836,0.9846,0.9856,0.9864
0.9873,0.9880,0.9886,0.9892,0.9898,0.9904,0.9908,0.9913,0.9917,0.9920
0.9924,0.9927,0.9931,0.9934,0.9937,0.9939,0.9942,0.9945,0.9948,0.9951
0.9953,0.9955,0.9958,0.9960,0.9963,0.9965,0.9967,0.9969,0.9971,0.9973
0.9974,0.9976,0.9977,0.9979,0.9980,0.9982,0.9984,0.9985,0.9986,0.9988
0.9989,0.9990,0.9992,0.9993,0.9994,0.9995,0.9997,0.9998,0.9999,1.0000
hwc2x2fract=0.0001,0.0002,0.0003,0.0004,0.0006,0.0007,0.0008,0.0010
0.0011,0.0013,0.0015,0.0017,0.0019,0.0022,0.0025,0.0029,0.0035,0.0046
0.0063,0.0090,0.0133,0.0198,0.0285,0.0396,0.0528,0.0678,0.0843,0.1018
0.1202,0.1396,0.1600,0.1801,0.2016,0.2230,0.2447,0.2665,0.2889,0.3114
0.3336,0.3561,0.3782,0.4007,0.4230,0.4452,0.4675,0.4893,0.5106,0.5322
0.5537,0.5746,0.5956,0.6162,0.6373,0.6579,0.6784,0.6979,0.7180,0.7371
0.7558,0.7742,0.7924,0.8096,0.8267,0.8424,0.8572,0.8708,0.8839,0.8956
0.9063,0.9158,0.9247,0.9326,0.9399,0.9461,0.9519,0.9569,0.9617,0.9659
0.9698,0.9731,0.9759,0.9784,0.9806,0.9823,0.9839,0.9852,0.9864,0.9875
0.9883,0.9891,0.9897,0.9903,0.9908,0.9913,0.9917,0.9922,0.9926,0.9929
0.9933,0.9936,0.9939,0.9942,0.9944,0.9947,0.9949,0.9952,0.9954,0.9956
0.9958,0.9960,0.9962,0.9964,0.9965,0.9967,0.9969,0.9970,0.9972,0.9974
0.9976,0.9977,0.9978,0.9980,0.9981,0.9983,0.9984,0.9985,0.9987,0.9988
0.9989,0.9990,0.9992,0.9993,0.9994,0.9996,0.9997,0.9998,0.9999,1.0000
