; Lookup table
;number of bins in Meek's time to distance lookup table
hdriftbins=138
;number of 1st bin in Meek's table in ns
hdrift1stbin=-24
;bin size in ns of Meek's table
hdriftbinsz=2
hwc1x1fract=0.0004,0.0007,0.0011,0.0014,0.0019,0.0022,0.0027,0.0032
0.0038,0.0043,0.0050,0.0057,0.0067,0.0080,0.0099,0.0131,0.0173,0.0227
0.0291,0.0370,0.0462,0.0569,0.0691,0.0827,0.0972,0.1131,0.1297,0.1474
0.1659,0.1850,0.2046,0.2250,0.2450,0.2655,0.2863,0.3081,0.3297,0.3514
0.3734,0.3949,0.4166,0.4382,0.4597,0.4817,0.5032,0.5247,0.5453,0.5667
0.5875,0.6081,0.6283,0.6483,0.6683,0.6880,0.7070,0.7258,0.7441,0.7620
0.7789,0.7953,0.8103,0.8246,0.8379,0.8504,0.8619,0.8726,0.8826,0.8919
0.9003,0.9082,0.9155,0.9221,0.9283,0.9338,0.9390,0.9434,0.9474,0.9509
0.9542,0.9570,0.9596,0.9618,0.9638,0.9655,0.9670,0.9683,0.9695,0.9705
0.9715,0.9723,0.9733,0.9742,0.9749,0.9758,0.9765,0.9771,0.9779,0.9786
0.9792,0.9798,0.9805,0.9812,0.9818,0.9825,0.9831,0.9837,0.9843,0.9850
0.9856,0.9861,0.9866,0.9872,0.9878,0.9883,0.9889,0.9894,0.9900,0.9905
0.9910,0.9915,0.9920,0.9925,0.9930,0.9935,0.9940,0.9946,0.9950,0.9956
0.9960,0.9965,0.9970,0.9974,0.9979,0.9983,0.9988,0.9992,0.9996,1.0000
hwc1y1fract=0.0004,0.0007,0.0011,0.0016,0.0021,0.0026,0.0031,0.0036
0.0042,0.0048,0.0054,0.0060,0.0068,0.0077,0.0090,0.0106,0.0127,0.0154
0.0194,0.0254,0.0338,0.0450,0.0590,0.0759,0.0945,0.1143,0.1355,0.1573
0.1796,0.2022,0.2250,0.2476,0.2698,0.2920,0.3140,0.3360,0.3581,0.3795
0.4007,0.4212,0.4419,0.4625,0.4829,0.5028,0.5224,0.5415,0.5610,0.5807
0.6003,0.6196,0.6388,0.6577,0.6761,0.6950,0.7131,0.7307,0.7481,0.7652
0.7819,0.7979,0.8131,0.8277,0.8413,0.8539,0.8658,0.8768,0.8864,0.8953
0.9033,0.9104,0.9168,0.9225,0.9277,0.9326,0.9369,0.9409,0.9445,0.9479
0.9510,0.9537,0.9563,0.9586,0.9606,0.9626,0.9645,0.9661,0.9676,0.9690
0.9703,0.9715,0.9727,0.9737,0.9748,0.9757,0.9767,0.9775,0.9783,0.9792
0.9799,0.9806,0.9813,0.9820,0.9827,0.9834,0.9840,0.9846,0.9853,0.9859
0.9865,0.9870,0.9876,0.9881,0.9886,0.9892,0.9897,0.9902,0.9908,0.9913
0.9918,0.9923,0.9928,0.9932,0.9937,0.9941,0.9946,0.9951,0.9956,0.9961
0.9965,0.9969,0.9973,0.9978,0.9981,0.9985,0.9989,0.9992,0.9996,1.0000
hwc1u1fract=0.0002,0.0005,0.0009,0.0011,0.0014,0.0017,0.0020,0.0023
0.0026,0.0030,0.0033,0.0037,0.0042,0.0050,0.0065,0.0093,0.0136,0.0187
0.0253,0.0334,0.0435,0.0559,0.0699,0.0856,0.1030,0.1212,0.1405,0.1603
0.1809,0.2016,0.2232,0.2447,0.2666,0.2882,0.3098,0.3315,0.3531,0.3744
0.3960,0.4174,0.4388,0.4596,0.4803,0.5006,0.5208,0.5415,0.5620,0.5818
0.6019,0.6218,0.6415,0.6607,0.6798,0.6986,0.7173,0.7354,0.7532,0.7706
0.7877,0.8033,0.8182,0.8322,0.8452,0.8570,0.8678,0.8781,0.8873,0.8959
0.9037,0.9110,0.9178,0.9237,0.9291,0.9342,0.9389,0.9432,0.9470,0.9504
0.9537,0.9565,0.9589,0.9612,0.9631,0.9648,0.9664,0.9679,0.9692,0.9704
0.9715,0.9725,0.9735,0.9745,0.9753,0.9762,0.9770,0.9778,0.9785,0.9793
0.9800,0.9807,0.9813,0.9820,0.9827,0.9833,0.9840,0.9845,0.9852,0.9858
0.9863,0.9869,0.9874,0.9880,0.9885,0.9890,0.9896,0.9901,0.9906,0.9911
0.9917,0.9921,0.9926,0.9931,0.9936,0.9941,0.9946,0.9950,0.9955,0.9960
0.9964,0.9969,0.9973,0.9977,0.9981,0.9985,0.9989,0.9993,0.9997,1.0000
hwc1v1fract=0.0003,0.0005,0.0008,0.0011,0.0014,0.0016,0.0020,0.0023
0.0026,0.0030,0.0033,0.0036,0.0040,0.0043,0.0048,0.0054,0.0063,0.0077
0.0100,0.0143,0.0213,0.0313,0.0443,0.0599,0.0776,0.0966,0.1173,0.1380
0.1597,0.1819,0.2040,0.2264,0.2482,0.2705,0.2925,0.3145,0.3360,0.3575
0.3787,0.3999,0.4207,0.4417,0.4623,0.4827,0.5027,0.5228,0.5429,0.5621
0.5816,0.6009,0.6200,0.6390,0.6580,0.6766,0.6955,0.7137,0.7319,0.7496
0.7670,0.7840,0.8005,0.8160,0.8307,0.8443,0.8572,0.8686,0.8795,0.8889
0.8974,0.9052,0.9120,0.9181,0.9238,0.9291,0.9337,0.9382,0.9424,0.9463
0.9498,0.9528,0.9556,0.9581,0.9604,0.9625,0.9644,0.9660,0.9675,0.9690
0.9703,0.9714,0.9725,0.9736,0.9746,0.9755,0.9764,0.9773,0.9781,0.9788
0.9796,0.9804,0.9811,0.9818,0.9825,0.9831,0.9838,0.9845,0.9851,0.9857
0.9863,0.9870,0.9875,0.9881,0.9885,0.9891,0.9897,0.9903,0.9908,0.9913
0.9918,0.9923,0.9928,0.9933,0.9938,0.9942,0.9946,0.9951,0.9956,0.9961
0.9965,0.9969,0.9974,0.9978,0.9981,0.9985,0.9989,0.9993,0.9997,1.0000
hwc1y2fract=0.0003,0.0006,0.0009,0.0013,0.0017,0.0020,0.0024,0.0028
0.0032,0.0037,0.0042,0.0048,0.0053,0.0061,0.0071,0.0086,0.0108,0.0140
0.0192,0.0264,0.0363,0.0487,0.0637,0.0809,0.0995,0.1194,0.1406,0.1622
0.1846,0.2071,0.2294,0.2517,0.2736,0.2956,0.3173,0.3393,0.3606,0.3815
0.4029,0.4240,0.4443,0.4648,0.4848,0.5050,0.5248,0.5444,0.5638,0.5836
0.6029,0.6220,0.6412,0.6602,0.6787,0.6967,0.7149,0.7326,0.7501,0.7670
0.7834,0.7988,0.8135,0.8275,0.8408,0.8533,0.8647,0.8752,0.8847,0.8930
0.9006,0.9076,0.9139,0.9198,0.9252,0.9299,0.9345,0.9386,0.9423,0.9458
0.9491,0.9520,0.9547,0.9572,0.9592,0.9612,0.9630,0.9648,0.9664,0.9677
0.9691,0.9703,0.9715,0.9726,0.9736,0.9746,0.9756,0.9765,0.9775,0.9783
0.9791,0.9799,0.9807,0.9814,0.9822,0.9829,0.9835,0.9842,0.9848,0.9855
0.9861,0.9867,0.9872,0.9879,0.9885,0.9890,0.9895,0.9900,0.9905,0.9911
0.9916,0.9921,0.9926,0.9931,0.9936,0.9941,0.9945,0.9950,0.9954,0.9958
0.9963,0.9967,0.9971,0.9975,0.9980,0.9984,0.9988,0.9992,0.9996,1.0000
hwc1x2fract=0.0003,0.0006,0.0009,0.0012,0.0015,0.0019,0.0023,0.0026
0.0030,0.0034,0.0038,0.0043,0.0048,0.0055,0.0064,0.0077,0.0097,0.0125
0.0161,0.0210,0.0275,0.0360,0.0461,0.0579,0.0710,0.0857,0.1018,0.1192
0.1370,0.1552,0.1745,0.1944,0.2148,0.2356,0.2566,0.2781,0.3002,0.3217
0.3440,0.3660,0.3877,0.4094,0.4311,0.4526,0.4747,0.4961,0.5171,0.5384
0.5595,0.5800,0.6006,0.6209,0.6410,0.6606,0.6807,0.7003,0.7192,0.7374
0.7552,0.7726,0.7892,0.8050,0.8201,0.8337,0.8472,0.8596,0.8708,0.8812
0.8907,0.8990,0.9069,0.9143,0.9210,0.9273,0.9330,0.9382,0.9428,0.9470
0.9508,0.9541,0.9572,0.9597,0.9619,0.9638,0.9655,0.9671,0.9685,0.9697
0.9708,0.9718,0.9728,0.9737,0.9746,0.9754,0.9763,0.9771,0.9778,0.9785
0.9792,0.9799,0.9805,0.9811,0.9817,0.9823,0.9829,0.9835,0.9842,0.9848
0.9854,0.9859,0.9865,0.9871,0.9876,0.9882,0.9887,0.9892,0.9897,0.9903
0.9908,0.9914,0.9919,0.9924,0.9929,0.9934,0.9940,0.9944,0.9950,0.9954
0.9959,0.9964,0.9969,0.9974,0.9979,0.9983,0.9988,0.9992,0.9996,1.0000
hwc2x1fract=0.0004,0.0008,0.0011,0.0015,0.0019,0.0024,0.0028,0.0033
0.0039,0.0045,0.0052,0.0059,0.0068,0.0080,0.0098,0.0127,0.0174,0.0237
0.0320,0.0418,0.0534,0.0660,0.0800,0.0948,0.1112,0.1280,0.1455,0.1637
0.1828,0.2023,0.2224,0.2428,0.2633,0.2844,0.3060,0.3274,0.3490,0.3706
0.3926,0.4143,0.4363,0.4578,0.4796,0.5008,0.5225,0.5436,0.5649,0.5860
0.6067,0.6273,0.6474,0.6679,0.6878,0.7074,0.7267,0.7455,0.7635,0.7810
0.7976,0.8133,0.8280,0.8417,0.8543,0.8660,0.8767,0.8866,0.8956,0.9038
0.9115,0.9185,0.9248,0.9306,0.9362,0.9412,0.9455,0.9494,0.9530,0.9561
0.9589,0.9614,0.9633,0.9651,0.9666,0.9681,0.9694,0.9706,0.9717,0.9726
0.9735,0.9744,0.9753,0.9760,0.9768,0.9776,0.9782,0.9789,0.9796,0.9803
0.9809,0.9815,0.9821,0.9827,0.9832,0.9837,0.9843,0.9849,0.9854,0.9860
0.9865,0.9871,0.9875,0.9880,0.9885,0.9890,0.9895,0.9900,0.9905,0.9910
0.9915,0.9921,0.9925,0.9930,0.9935,0.9940,0.9945,0.9949,0.9954,0.9959
0.9963,0.9968,0.9972,0.9976,0.9980,0.9984,0.9988,0.9992,0.9996,1.0000
hwc2y1fract=0.0003,0.0006,0.0009,0.0012,0.0016,0.0019,0.0023,0.0027
0.0031,0.0035,0.0040,0.0045,0.0050,0.0056,0.0064,0.0075,0.0091,0.0113
0.0148,0.0204,0.0287,0.0402,0.0544,0.0710,0.0901,0.1108,0.1331,0.1556
0.1786,0.2015,0.2242,0.2471,0.2704,0.2932,0.3153,0.3377,0.3593,0.3811
0.4024,0.4238,0.4447,0.4651,0.4855,0.5056,0.5255,0.5453,0.5646,0.5844
0.6040,0.6235,0.6424,0.6616,0.6806,0.6991,0.7175,0.7354,0.7531,0.7702
0.7871,0.8035,0.8188,0.8335,0.8474,0.8605,0.8721,0.8829,0.8926,0.9013
0.9090,0.9156,0.9217,0.9273,0.9322,0.9366,0.9405,0.9441,0.9475,0.9507
0.9535,0.9562,0.9585,0.9605,0.9624,0.9641,0.9657,0.9672,0.9686,0.9698
0.9710,0.9722,0.9733,0.9742,0.9751,0.9760,0.9769,0.9777,0.9785,0.9792
0.9800,0.9807,0.9814,0.9821,0.9827,0.9834,0.9841,0.9847,0.9853,0.9859
0.9866,0.9871,0.9877,0.9882,0.9888,0.9894,0.9899,0.9904,0.9909,0.9914
0.9920,0.9925,0.9929,0.9934,0.9939,0.9944,0.9948,0.9953,0.9957,0.9961
0.9966,0.9970,0.9974,0.9978,0.9982,0.9986,0.9989,0.9993,0.9996,1.0000
hwc2u1fract=0.0003,0.0006,0.0009,0.0012,0.0015,0.0017,0.0020,0.0023
0.0026,0.0029,0.0032,0.0035,0.0039,0.0042,0.0046,0.0051,0.0059,0.0071
0.0097,0.0146,0.0226,0.0343,0.0494,0.0673,0.0872,0.1084,0.1304,0.1529
0.1762,0.1994,0.2229,0.2459,0.2687,0.2911,0.3136,0.3355,0.3572,0.3787
0.3998,0.4208,0.4415,0.4618,0.4819,0.5019,0.5219,0.5417,0.5611,0.5809
0.6002,0.6195,0.6385,0.6574,0.6760,0.6943,0.7126,0.7304,0.7486,0.7658
0.7830,0.7993,0.8152,0.8302,0.8448,0.8582,0.8701,0.8809,0.8906,0.8993
0.9070,0.9139,0.9200,0.9255,0.9306,0.9353,0.9396,0.9434,0.9469,0.9501
0.9532,0.9558,0.9582,0.9604,0.9625,0.9643,0.9659,0.9673,0.9686,0.9699
0.9710,0.9719,0.9730,0.9739,0.9748,0.9757,0.9766,0.9773,0.9781,0.9788
0.9796,0.9803,0.9810,0.9817,0.9825,0.9831,0.9838,0.9845,0.9850,0.9856
0.9863,0.9869,0.9875,0.9880,0.9886,0.9892,0.9898,0.9904,0.9910,0.9915
0.9920,0.9925,0.9930,0.9935,0.9939,0.9944,0.9948,0.9952,0.9957,0.9961
0.9965,0.9969,0.9973,0.9977,0.9981,0.9986,0.9989,0.9993,0.9997,1.0000
hwc2v1fract=0.0003,0.0005,0.0008,0.0011,0.0014,0.0017,0.0020,0.0024
0.0027,0.0030,0.0033,0.0037,0.0041,0.0045,0.0049,0.0056,0.0065,0.0078
0.0102,0.0149,0.0226,0.0338,0.0484,0.0651,0.0840,0.1047,0.1262,0.1489
0.1714,0.1944,0.2172,0.2399,0.2624,0.2849,0.3072,0.3291,0.3510,0.3726
0.3939,0.4150,0.4355,0.4563,0.4766,0.4967,0.5166,0.5365,0.5560,0.5756
0.5948,0.6142,0.6333,0.6521,0.6708,0.6898,0.7080,0.7263,0.7439,0.7615
0.7784,0.7947,0.8108,0.8258,0.8399,0.8535,0.8657,0.8769,0.8870,0.8957
0.9035,0.9108,0.9174,0.9231,0.9285,0.9334,0.9376,0.9415,0.9451,0.9483
0.9514,0.9542,0.9566,0.9590,0.9610,0.9629,0.9645,0.9661,0.9675,0.9687
0.9699,0.9711,0.9722,0.9733,0.9742,0.9751,0.9760,0.9769,0.9777,0.9785
0.9793,0.9801,0.9808,0.9815,0.9823,0.9829,0.9835,0.9842,0.9849,0.9855
0.9861,0.9867,0.9874,0.9879,0.9885,0.9891,0.9896,0.9902,0.9908,0.9913
0.9918,0.9923,0.9929,0.9933,0.9937,0.9942,0.9947,0.9952,0.9956,0.9960
0.9964,0.9968,0.9972,0.9977,0.9981,0.9985,0.9989,0.9992,0.9996,1.0000
hwc2y2fract=0.0003,0.0006,0.0009,0.0012,0.0015,0.0019,0.0023,0.0027
0.0031,0.0036,0.0041,0.0047,0.0054,0.0061,0.0071,0.0083,0.0103,0.0130
0.0173,0.0237,0.0331,0.0449,0.0598,0.0776,0.0972,0.1182,0.1398,0.1623
0.1853,0.2084,0.2316,0.2544,0.2772,0.2996,0.3217,0.3438,0.3653,0.3868
0.4080,0.4291,0.4500,0.4703,0.4908,0.5110,0.5309,0.5506,0.5701,0.5898
0.6095,0.6291,0.6485,0.6676,0.6865,0.7049,0.7230,0.7408,0.7581,0.7748
0.7914,0.8075,0.8228,0.8373,0.8507,0.8634,0.8749,0.8853,0.8945,0.9028
0.9103,0.9169,0.9225,0.9279,0.9328,0.9372,0.9412,0.9448,0.9481,0.9512
0.9539,0.9564,0.9586,0.9607,0.9627,0.9643,0.9658,0.9672,0.9686,0.9698
0.9710,0.9721,0.9732,0.9743,0.9752,0.9760,0.9769,0.9777,0.9786,0.9793
0.9801,0.9809,0.9815,0.9822,0.9828,0.9835,0.9841,0.9848,0.9854,0.9860
0.9866,0.9872,0.9877,0.9883,0.9889,0.9894,0.9899,0.9905,0.9910,0.9915
0.9920,0.9925,0.9930,0.9935,0.9940,0.9945,0.9949,0.9953,0.9957,0.9961
0.9966,0.9970,0.9974,0.9978,0.9982,0.9986,0.9990,0.9993,0.9997,1.0000
hwc2x2fract=0.0003,0.0007,0.0010,0.0013,0.0017,0.0021,0.0024,0.0028
0.0032,0.0037,0.0042,0.0048,0.0055,0.0062,0.0074,0.0091,0.0121,0.0170
0.0235,0.0319,0.0419,0.0538,0.0671,0.0817,0.0971,0.1135,0.1310,0.1491
0.1676,0.1871,0.2068,0.2274,0.2485,0.2695,0.2910,0.3125,0.3340,0.3557
0.3776,0.3995,0.4216,0.4436,0.4653,0.4868,0.5084,0.5298,0.5509,0.5725
0.5941,0.6149,0.6356,0.6561,0.6762,0.6962,0.7155,0.7342,0.7528,0.7708
0.7880,0.8046,0.8201,0.8346,0.8481,0.8605,0.8716,0.8819,0.8912,0.8999
0.9079,0.9151,0.9217,0.9279,0.9337,0.9389,0.9434,0.9476,0.9514,0.9548
0.9578,0.9603,0.9626,0.9646,0.9664,0.9678,0.9692,0.9703,0.9713,0.9723
0.9733,0.9742,0.9751,0.9758,0.9766,0.9773,0.9781,0.9787,0.9793,0.9800
0.9806,0.9812,0.9818,0.9824,0.9829,0.9835,0.9841,0.9847,0.9852,0.9858
0.9863,0.9869,0.9874,0.9879,0.9885,0.9890,0.9895,0.9900,0.9905,0.9910
0.9915,0.9920,0.9925,0.9930,0.9935,0.9939,0.9944,0.9949,0.9953,0.9958
0.9963,0.9967,0.9972,0.9976,0.9980,0.9985,0.9989,0.9993,0.9997,1.0000
