; Lookup table
;number of bins in Meek's time to distance lookup table
hdriftbins=138
;number of 1st bin in Meek's table in ns
hdrift1stbin=-24
;bin size in ns of Meek's table
hdriftbinsz=2
hwc1x1fract=0.0001,0.0001,0.0002,0.0002,0.0002,0.0003,0.0004,0.0005
0.0006,0.0007,0.0009,0.0010,0.0014,0.0017,0.0023,0.0032,0.0042,0.0067
0.0097,0.0138,0.0196,0.0269,0.0360,0.0471,0.0597,0.0742,0.0903,0.1082
0.1274,0.1466,0.1671,0.1877,0.2107,0.2334,0.2564,0.2795,0.3022,0.3267
0.3488,0.3715,0.3951,0.4180,0.4404,0.4633,0.4857,0.5079,0.5307,0.5538
0.5756,0.5967,0.6181,0.6392,0.6606,0.6813,0.7017,0.7220,0.7412,0.7594
0.7782,0.7970,0.8134,0.8286,0.8440,0.8594,0.8737,0.8868,0.8980,0.9086
0.9177,0.9254,0.9343,0.9418,0.9485,0.9545,0.9600,0.9646,0.9693,0.9730
0.9768,0.9803,0.9832,0.9856,0.9875,0.9890,0.9903,0.9914,0.9923,0.9932
0.9941,0.9947,0.9953,0.9956,0.9959,0.9963,0.9968,0.9971,0.9975,0.9978
0.9980,0.9982,0.9983,0.9984,0.9986,0.9987,0.9988,0.9989,0.9990,0.9990
0.9991,0.9992,0.9992,0.9993,0.9994,0.9994,0.9996,0.9996,0.9996,0.9997
0.9997,0.9998,0.9998,0.9998,0.9998,0.9998,0.9998,0.9999,0.9999,0.9999
0.9999,0.9999,0.9999,0.9999,1.0000,1.0000,1.0000,1.0000,1.0000,1.0000
hwc1y1fract=0.0001,0.0001,0.0001,0.0003,0.0003,0.0004,0.0005,0.0005
0.0007,0.0007,0.0008,0.0010,0.0013,0.0018,0.0023,0.0031,0.0043,0.0062
0.0087,0.0131,0.0202,0.0298,0.0443,0.0610,0.0805,0.1027,0.1249,0.1498
0.1739,0.1985,0.2228,0.2479,0.2717,0.2953,0.3204,0.3432,0.3669,0.3897
0.4113,0.4329,0.4542,0.4755,0.4981,0.5187,0.5407,0.5620,0.5826,0.6027
0.6234,0.6437,0.6623,0.6817,0.7024,0.7214,0.7410,0.7599,0.7779,0.7960
0.8134,0.8294,0.8444,0.8594,0.8736,0.8871,0.8991,0.9098,0.9200,0.9281
0.9361,0.9425,0.9480,0.9527,0.9573,0.9615,0.9654,0.9690,0.9722,0.9751
0.9776,0.9803,0.9824,0.9843,0.9860,0.9874,0.9886,0.9895,0.9907,0.9915
0.9923,0.9930,0.9934,0.9941,0.9947,0.9952,0.9956,0.9961,0.9964,0.9968
0.9971,0.9975,0.9977,0.9979,0.9981,0.9983,0.9985,0.9986,0.9989,0.9990
0.9991,0.9992,0.9992,0.9993,0.9993,0.9995,0.9995,0.9996,0.9997,0.9997
0.9998,0.9998,0.9998,0.9998,0.9999,0.9999,0.9999,0.9999,0.9999,0.9999
0.9999,1.0000,1.0000,1.0000,1.0000,1.0000,1.0000,1.0000,1.0000,1.0000
hwc1u1fract=0.0000,0.0000,0.0000,0.0000,0.0000,0.0000,0.0001,0.0001
0.0001,0.0001,0.0001,0.0002,0.0003,0.0005,0.0007,0.0015,0.0031,0.0052
0.0080,0.0121,0.0180,0.0265,0.0381,0.0531,0.0707,0.0885,0.1085,0.1297
0.1510,0.1734,0.1963,0.2196,0.2429,0.2660,0.2897,0.3129,0.3370,0.3601
0.3839,0.4059,0.4277,0.4499,0.4719,0.4932,0.5141,0.5352,0.5565,0.5767
0.5971,0.6183,0.6398,0.6594,0.6796,0.6995,0.7189,0.7384,0.7576,0.7751
0.7931,0.8107,0.8278,0.8432,0.8580,0.8716,0.8851,0.8970,0.9072,0.9165
0.9244,0.9310,0.9380,0.9436,0.9482,0.9536,0.9584,0.9624,0.9664,0.9701
0.9734,0.9764,0.9790,0.9812,0.9831,0.9849,0.9862,0.9881,0.9892,0.9903
0.9911,0.9922,0.9928,0.9933,0.9938,0.9943,0.9948,0.9952,0.9956,0.9959
0.9963,0.9966,0.9970,0.9972,0.9974,0.9976,0.9978,0.9980,0.9982,0.9984
0.9985,0.9986,0.9988,0.9991,0.9991,0.9992,0.9993,0.9994,0.9994,0.9995
0.9995,0.9996,0.9997,0.9997,0.9997,0.9998,0.9998,0.9998,0.9998,0.9999
0.9999,0.9999,0.9999,0.9999,1.0000,1.0000,1.0000,1.0000,1.0000,1.0000
hwc1v1fract=0.0000,0.0001,0.0001,0.0001,0.0001,0.0001,0.0001,0.0001
0.0002,0.0002,0.0003,0.0004,0.0004,0.0004,0.0006,0.0009,0.0015,0.0026
0.0056,0.0100,0.0176,0.0288,0.0422,0.0577,0.0772,0.0979,0.1204,0.1429
0.1650,0.1892,0.2125,0.2364,0.2602,0.2845,0.3070,0.3294,0.3523,0.3747
0.3980,0.4207,0.4432,0.4647,0.4865,0.5081,0.5304,0.5522,0.5719,0.5930
0.6130,0.6329,0.6517,0.6717,0.6911,0.7107,0.7298,0.7488,0.7673,0.7859
0.8042,0.8209,0.8374,0.8540,0.8688,0.8821,0.8937,0.9052,0.9153,0.9240
0.9315,0.9383,0.9441,0.9494,0.9540,0.9588,0.9626,0.9670,0.9704,0.9732
0.9761,0.9786,0.9807,0.9833,0.9850,0.9866,0.9881,0.9892,0.9903,0.9914
0.9923,0.9930,0.9934,0.9940,0.9945,0.9947,0.9952,0.9955,0.9959,0.9962
0.9965,0.9968,0.9970,0.9972,0.9975,0.9978,0.9980,0.9980,0.9982,0.9985
0.9986,0.9987,0.9989,0.9990,0.9991,0.9993,0.9993,0.9994,0.9995,0.9996
0.9996,0.9997,0.9997,0.9998,0.9998,0.9998,0.9999,0.9999,0.9999,0.9999
0.9999,0.9999,0.9999,1.0000,1.0000,1.0000,1.0000,1.0000,1.0000,1.0000
hwc1y2fract=0.0000,0.0000,0.0001,0.0001,0.0002,0.0002,0.0002,0.0002
0.0003,0.0003,0.0004,0.0005,0.0006,0.0008,0.0011,0.0015,0.0019,0.0033
0.0056,0.0088,0.0147,0.0236,0.0350,0.0495,0.0665,0.0860,0.1084,0.1310
0.1556,0.1792,0.2041,0.2279,0.2514,0.2749,0.2987,0.3225,0.3465,0.3698
0.3920,0.4153,0.4381,0.4601,0.4810,0.5014,0.5232,0.5442,0.5647,0.5848
0.6046,0.6241,0.6454,0.6649,0.6839,0.7022,0.7215,0.7399,0.7587,0.7758
0.7940,0.8110,0.8273,0.8430,0.8584,0.8719,0.8853,0.8964,0.9072,0.9161
0.9240,0.9317,0.9384,0.9442,0.9498,0.9547,0.9592,0.9632,0.9665,0.9700
0.9731,0.9757,0.9780,0.9801,0.9819,0.9838,0.9856,0.9869,0.9879,0.9889
0.9899,0.9907,0.9915,0.9921,0.9926,0.9931,0.9937,0.9943,0.9949,0.9955
0.9959,0.9963,0.9966,0.9968,0.9970,0.9973,0.9976,0.9979,0.9980,0.9983
0.9984,0.9986,0.9988,0.9989,0.9991,0.9993,0.9994,0.9994,0.9994,0.9995
0.9996,0.9997,0.9997,0.9997,0.9998,0.9998,0.9998,0.9998,0.9998,0.9999
0.9999,0.9999,1.0000,1.0000,1.0000,1.0000,1.0000,1.0000,1.0000,1.0000
hwc1x2fract=0.0000,0.0001,0.0001,0.0002,0.0002,0.0003,0.0003,0.0003
0.0004,0.0005,0.0006,0.0008,0.0011,0.0013,0.0017,0.0026,0.0036,0.0059
0.0091,0.0140,0.0208,0.0301,0.0420,0.0553,0.0708,0.0873,0.1052,0.1246
0.1459,0.1674,0.1884,0.2102,0.2317,0.2555,0.2798,0.3029,0.3252,0.3476
0.3715,0.3946,0.4173,0.4398,0.4627,0.4845,0.5063,0.5282,0.5508,0.5726
0.5949,0.6156,0.6363,0.6570,0.6782,0.6972,0.7175,0.7371,0.7560,0.7750
0.7921,0.8091,0.8255,0.8416,0.8571,0.8709,0.8839,0.8950,0.9059,0.9145
0.9238,0.9319,0.9397,0.9462,0.9522,0.9580,0.9630,0.9671,0.9717,0.9756
0.9784,0.9807,0.9832,0.9857,0.9877,0.9891,0.9904,0.9913,0.9922,0.9930
0.9938,0.9944,0.9950,0.9956,0.9961,0.9964,0.9968,0.9970,0.9972,0.9975
0.9978,0.9980,0.9981,0.9983,0.9985,0.9986,0.9988,0.9988,0.9989,0.9990
0.9990,0.9991,0.9991,0.9992,0.9992,0.9993,0.9993,0.9994,0.9994,0.9994
0.9995,0.9995,0.9996,0.9997,0.9997,0.9997,0.9998,0.9998,0.9998,0.9998
0.9999,0.9999,0.9999,0.9999,0.9999,1.0000,1.0000,1.0000,1.0000,1.0000
hwc2x1fract=0.0000,0.0001,0.0002,0.0003,0.0004,0.0005,0.0006,0.0008
0.0009,0.0010,0.0012,0.0013,0.0016,0.0018,0.0024,0.0031,0.0041,0.0055
0.0079,0.0120,0.0180,0.0255,0.0354,0.0469,0.0601,0.0755,0.0903,0.1087
0.1274,0.1469,0.1677,0.1885,0.2099,0.2317,0.2537,0.2765,0.3000,0.3230
0.3473,0.3701,0.3926,0.4160,0.4379,0.4605,0.4830,0.5059,0.5283,0.5507
0.5726,0.5944,0.6171,0.6385,0.6597,0.6808,0.7020,0.7230,0.7431,0.7640
0.7833,0.8018,0.8198,0.8371,0.8528,0.8672,0.8817,0.8942,0.9054,0.9151
0.9246,0.9323,0.9398,0.9463,0.9528,0.9579,0.9629,0.9673,0.9718,0.9756
0.9788,0.9818,0.9843,0.9867,0.9883,0.9900,0.9911,0.9921,0.9929,0.9938
0.9944,0.9951,0.9958,0.9962,0.9965,0.9969,0.9973,0.9975,0.9976,0.9979
0.9981,0.9982,0.9984,0.9986,0.9988,0.9988,0.9989,0.9990,0.9991,0.9992
0.9992,0.9992,0.9994,0.9994,0.9995,0.9996,0.9996,0.9997,0.9997,0.9997
0.9997,0.9998,0.9998,0.9998,0.9999,0.9999,0.9999,0.9999,0.9999,0.9999
0.9999,0.9999,0.9999,1.0000,1.0000,1.0000,1.0000,1.0000,1.0000,1.0000
hwc2y1fract=0.0000,0.0000,0.0001,0.0002,0.0002,0.0002,0.0002,0.0004
0.0004,0.0005,0.0007,0.0007,0.0008,0.0010,0.0012,0.0017,0.0022,0.0034
0.0053,0.0095,0.0162,0.0266,0.0405,0.0584,0.0759,0.0974,0.1200,0.1445
0.1697,0.1958,0.2204,0.2458,0.2713,0.2954,0.3196,0.3433,0.3672,0.3904
0.4132,0.4374,0.4596,0.4808,0.5032,0.5259,0.5459,0.5661,0.5869,0.6069
0.6288,0.6491,0.6687,0.6880,0.7075,0.7263,0.7454,0.7642,0.7824,0.8003
0.8172,0.8344,0.8504,0.8661,0.8800,0.8935,0.9043,0.9152,0.9249,0.9330
0.9404,0.9468,0.9529,0.9577,0.9620,0.9654,0.9689,0.9722,0.9753,0.9777
0.9800,0.9822,0.9839,0.9854,0.9869,0.9883,0.9896,0.9905,0.9913,0.9921
0.9928,0.9935,0.9941,0.9945,0.9949,0.9952,0.9955,0.9958,0.9962,0.9964
0.9967,0.9968,0.9971,0.9973,0.9975,0.9978,0.9980,0.9982,0.9983,0.9985
0.9986,0.9987,0.9988,0.9990,0.9992,0.9992,0.9993,0.9994,0.9995,0.9995
0.9996,0.9996,0.9996,0.9997,0.9997,0.9998,0.9998,0.9999,0.9999,1.0000
1.0000,1.0000,1.0000,1.0000,1.0000,1.0000,1.0000,1.0000,1.0000,1.0000
hwc2u1fract=0.0000,0.0000,0.0000,0.0000,0.0000,0.0000,0.0000,0.0000
0.0001,0.0002,0.0002,0.0002,0.0002,0.0003,0.0004,0.0005,0.0007,0.0011
0.0025,0.0054,0.0116,0.0213,0.0346,0.0525,0.0720,0.0945,0.1179,0.1418
0.1664,0.1918,0.2159,0.2411,0.2640,0.2883,0.3118,0.3349,0.3582,0.3813
0.4041,0.4270,0.4497,0.4718,0.4936,0.5149,0.5352,0.5563,0.5770,0.5976
0.6178,0.6383,0.6577,0.6772,0.6977,0.7176,0.7373,0.7554,0.7733,0.7912
0.8098,0.8268,0.8438,0.8598,0.8746,0.8881,0.8999,0.9118,0.9224,0.9308
0.9383,0.9447,0.9504,0.9555,0.9598,0.9636,0.9678,0.9705,0.9736,0.9765
0.9789,0.9811,0.9831,0.9849,0.9865,0.9876,0.9889,0.9897,0.9908,0.9916
0.9921,0.9928,0.9932,0.9936,0.9941,0.9943,0.9946,0.9950,0.9954,0.9958
0.9962,0.9965,0.9967,0.9971,0.9972,0.9974,0.9976,0.9978,0.9979,0.9982
0.9984,0.9985,0.9986,0.9988,0.9990,0.9991,0.9991,0.9992,0.9993,0.9994
0.9995,0.9995,0.9996,0.9997,0.9997,0.9998,0.9998,0.9998,0.9998,0.9999
0.9999,0.9999,0.9999,0.9999,1.0000,1.0000,1.0000,1.0000,1.0000,1.0000
hwc2v1fract=0.0000,0.0000,0.0001,0.0001,0.0001,0.0001,0.0001,0.0001
0.0002,0.0002,0.0003,0.0003,0.0003,0.0004,0.0006,0.0009,0.0013,0.0024
0.0045,0.0081,0.0150,0.0264,0.0421,0.0601,0.0812,0.1040,0.1281,0.1536
0.1787,0.2032,0.2280,0.2531,0.2768,0.3017,0.3237,0.3463,0.3695,0.3935
0.4160,0.4373,0.4592,0.4821,0.5033,0.5246,0.5442,0.5630,0.5827,0.6044
0.6254,0.6450,0.6637,0.6847,0.7045,0.7239,0.7425,0.7614,0.7798,0.7987
0.8161,0.8339,0.8504,0.8653,0.8801,0.8929,0.9048,0.9158,0.9247,0.9332
0.9399,0.9459,0.9511,0.9560,0.9601,0.9644,0.9680,0.9711,0.9739,0.9764
0.9787,0.9811,0.9832,0.9850,0.9865,0.9877,0.9890,0.9899,0.9908,0.9915
0.9922,0.9926,0.9932,0.9939,0.9943,0.9949,0.9952,0.9956,0.9959,0.9962
0.9965,0.9967,0.9970,0.9973,0.9976,0.9978,0.9981,0.9983,0.9985,0.9986
0.9988,0.9990,0.9990,0.9992,0.9993,0.9994,0.9995,0.9996,0.9996,0.9997
0.9997,0.9998,0.9998,0.9998,0.9999,0.9999,0.9999,0.9999,0.9999,1.0000
1.0000,1.0000,1.0000,1.0000,1.0000,1.0000,1.0000,1.0000,1.0000,1.0000
hwc2y2fract=0.0000,0.0000,0.0001,0.0001,0.0002,0.0003,0.0003,0.0003
0.0003,0.0005,0.0006,0.0007,0.0008,0.0010,0.0014,0.0021,0.0032,0.0046
0.0071,0.0115,0.0188,0.0295,0.0429,0.0589,0.0791,0.1007,0.1247,0.1484
0.1732,0.1986,0.2241,0.2491,0.2747,0.2995,0.3239,0.3466,0.3693,0.3927
0.4151,0.4370,0.4594,0.4810,0.5041,0.5250,0.5460,0.5665,0.5873,0.6077
0.6281,0.6502,0.6703,0.6903,0.7103,0.7306,0.7495,0.7684,0.7864,0.8046
0.8213,0.8368,0.8538,0.8696,0.8836,0.8958,0.9076,0.9175,0.9263,0.9339
0.9414,0.9477,0.9533,0.9579,0.9623,0.9665,0.9698,0.9732,0.9764,0.9787
0.9811,0.9832,0.9847,0.9861,0.9874,0.9887,0.9895,0.9904,0.9913,0.9921
0.9927,0.9933,0.9939,0.9944,0.9949,0.9952,0.9955,0.9957,0.9961,0.9964
0.9966,0.9970,0.9973,0.9974,0.9977,0.9979,0.9980,0.9982,0.9982,0.9984
0.9986,0.9987,0.9988,0.9990,0.9991,0.9992,0.9993,0.9994,0.9995,0.9996
0.9997,0.9997,0.9997,0.9998,0.9998,0.9999,0.9999,0.9999,0.9999,0.9999
0.9999,1.0000,1.0000,1.0000,1.0000,1.0000,1.0000,1.0000,1.0000,1.0000
hwc2x2fract=0.0001,0.0001,0.0002,0.0003,0.0004,0.0005,0.0006,0.0007
0.0009,0.0010,0.0011,0.0011,0.0013,0.0016,0.0021,0.0026,0.0038,0.0059
0.0088,0.0132,0.0193,0.0271,0.0381,0.0499,0.0642,0.0820,0.0998,0.1192
0.1393,0.1608,0.1817,0.2040,0.2254,0.2481,0.2719,0.2953,0.3190,0.3419
0.3649,0.3882,0.4127,0.4364,0.4589,0.4814,0.5039,0.5260,0.5486,0.5701
0.5912,0.6120,0.6341,0.6550,0.6764,0.6967,0.7170,0.7360,0.7560,0.7745
0.7934,0.8114,0.8279,0.8443,0.8598,0.8740,0.8870,0.8988,0.9088,0.9189
0.9277,0.9356,0.9430,0.9489,0.9543,0.9599,0.9646,0.9688,0.9727,0.9763
0.9793,0.9817,0.9838,0.9860,0.9875,0.9891,0.9901,0.9911,0.9921,0.9928
0.9937,0.9943,0.9949,0.9955,0.9961,0.9964,0.9969,0.9972,0.9975,0.9978
0.9979,0.9982,0.9984,0.9986,0.9988,0.9990,0.9991,0.9992,0.9993,0.9993
0.9994,0.9995,0.9995,0.9995,0.9995,0.9996,0.9996,0.9997,0.9997,0.9997
0.9997,0.9997,0.9998,0.9999,0.9999,0.9999,0.9999,0.9999,0.9999,0.9999
0.9999,0.9999,1.0000,1.0000,1.0000,1.0000,1.0000,1.0000,1.0000,1.0000
