; Lookup table
;number of bins in Meek's time to distance lookup table
hdriftbins=138
;number of 1st bin in Meek's table in ns
hdrift1stbin=-24
;bin size in ns of Meek's table
hdriftbinsz=2
hwc1x1fract=0.0001,0.0001,0.0001,0.0002,0.0003,0.0004,0.0004,0.0005
0.0006,0.0007,0.0008,0.0009,0.0011,0.0013,0.0015,0.0018,0.0023,0.0032
0.0044,0.0063,0.0088,0.0122,0.0173,0.0242,0.0331,0.0435,0.0552,0.0682
0.0827,0.0981,0.1144,0.1317,0.1498,0.1688,0.1889,0.2092,0.2302,0.2517
0.2735,0.2956,0.3179,0.3407,0.3631,0.3859,0.4084,0.4310,0.4536,0.4761
0.4986,0.5210,0.5433,0.5652,0.5866,0.6084,0.6299,0.6514,0.6727,0.6929
0.7130,0.7332,0.7525,0.7713,0.7897,0.8077,0.8246,0.8409,0.8564,0.8707
0.8839,0.8961,0.9074,0.9178,0.9274,0.9361,0.9441,0.9515,0.9582,0.9642
0.9695,0.9742,0.9782,0.9815,0.9845,0.9870,0.9891,0.9907,0.9923,0.9934
0.9943,0.9950,0.9956,0.9961,0.9965,0.9968,0.9972,0.9974,0.9977,0.9979
0.9981,0.9982,0.9984,0.9985,0.9987,0.9988,0.9988,0.9989,0.9991,0.9991
0.9992,0.9993,0.9993,0.9994,0.9994,0.9995,0.9995,0.9995,0.9996,0.9996
0.9997,0.9997,0.9997,0.9997,0.9997,0.9998,0.9998,0.9998,0.9998,0.9999
0.9999,0.9999,0.9999,0.9999,0.9999,1.0000,1.0000,1.0000,1.0000,1.0000
hwc1y1fract=0.0001,0.0001,0.0001,0.0002,0.0003,0.0003,0.0004,0.0005
0.0006,0.0007,0.0008,0.0009,0.0011,0.0013,0.0017,0.0021,0.0027,0.0036
0.0053,0.0081,0.0130,0.0204,0.0303,0.0433,0.0585,0.0760,0.0948,0.1153
0.1369,0.1590,0.1816,0.2043,0.2272,0.2502,0.2732,0.2961,0.3190,0.3417
0.3648,0.3874,0.4097,0.4319,0.4539,0.4751,0.4963,0.5172,0.5382,0.5590
0.5797,0.5999,0.6205,0.6407,0.6610,0.6812,0.7007,0.7199,0.7394,0.7583
0.7767,0.7945,0.8118,0.8283,0.8439,0.8591,0.8734,0.8864,0.8987,0.9095
0.9195,0.9285,0.9364,0.9434,0.9497,0.9556,0.9606,0.9652,0.9691,0.9727
0.9758,0.9787,0.9812,0.9834,0.9854,0.9871,0.9887,0.9899,0.9911,0.9921
0.9930,0.9938,0.9944,0.9950,0.9955,0.9959,0.9963,0.9966,0.9970,0.9973
0.9975,0.9978,0.9980,0.9982,0.9984,0.9985,0.9987,0.9988,0.9989,0.9990
0.9991,0.9992,0.9993,0.9994,0.9994,0.9995,0.9996,0.9996,0.9997,0.9997
0.9997,0.9997,0.9998,0.9998,0.9998,0.9998,0.9998,0.9999,0.9999,0.9999
0.9999,0.9999,0.9999,0.9999,0.9999,1.0000,1.0000,1.0000,1.0000,1.0000
hwc1u1fract=0.0000,0.0000,0.0000,0.0000,0.0001,0.0001,0.0001,0.0001
0.0001,0.0001,0.0002,0.0002,0.0002,0.0003,0.0004,0.0005,0.0009,0.0016
0.0029,0.0045,0.0070,0.0113,0.0178,0.0270,0.0388,0.0529,0.0685,0.0857
0.1041,0.1237,0.1437,0.1649,0.1866,0.2084,0.2308,0.2533,0.2757,0.2982
0.3208,0.3436,0.3660,0.3886,0.4107,0.4330,0.4547,0.4761,0.4976,0.5186
0.5398,0.5609,0.5818,0.6024,0.6232,0.6433,0.6632,0.6831,0.7028,0.7221
0.7412,0.7599,0.7781,0.7959,0.8130,0.8295,0.8450,0.8601,0.8739,0.8868
0.8984,0.9090,0.9184,0.9271,0.9351,0.9421,0.9484,0.9542,0.9594,0.9643
0.9684,0.9723,0.9757,0.9787,0.9814,0.9836,0.9856,0.9873,0.9888,0.9901
0.9912,0.9922,0.9930,0.9937,0.9943,0.9948,0.9953,0.9957,0.9962,0.9965
0.9968,0.9971,0.9973,0.9976,0.9978,0.9980,0.9982,0.9984,0.9985,0.9986
0.9988,0.9989,0.9990,0.9991,0.9992,0.9993,0.9994,0.9994,0.9995,0.9995
0.9996,0.9996,0.9997,0.9997,0.9998,0.9998,0.9998,0.9998,0.9999,0.9999
0.9999,0.9999,0.9999,0.9999,1.0000,1.0000,1.0000,1.0000,1.0000,1.0000
hwc1v1fract=0.0000,0.0000,0.0000,0.0001,0.0001,0.0001,0.0001,0.0001
0.0002,0.0002,0.0003,0.0003,0.0004,0.0005,0.0006,0.0009,0.0015,0.0026
0.0047,0.0087,0.0151,0.0242,0.0364,0.0509,0.0675,0.0852,0.1040,0.1242
0.1446,0.1659,0.1872,0.2090,0.2311,0.2533,0.2757,0.2981,0.3205,0.3429
0.3648,0.3872,0.4093,0.4315,0.4531,0.4746,0.4961,0.5177,0.5385,0.5594
0.5798,0.6000,0.6203,0.6403,0.6605,0.6805,0.7001,0.7197,0.7388,0.7579
0.7764,0.7945,0.8120,0.8291,0.8455,0.8603,0.8744,0.8876,0.8996,0.9106
0.9201,0.9287,0.9363,0.9434,0.9496,0.9552,0.9603,0.9648,0.9690,0.9730
0.9764,0.9794,0.9821,0.9844,0.9864,0.9881,0.9895,0.9907,0.9918,0.9926
0.9934,0.9941,0.9946,0.9952,0.9957,0.9960,0.9964,0.9967,0.9970,0.9973
0.9975,0.9978,0.9980,0.9982,0.9984,0.9985,0.9986,0.9988,0.9989,0.9990
0.9991,0.9992,0.9993,0.9994,0.9994,0.9995,0.9995,0.9996,0.9996,0.9996
0.9997,0.9997,0.9998,0.9998,0.9998,0.9998,0.9998,0.9999,0.9999,0.9999
0.9999,0.9999,0.9999,0.9999,0.9999,1.0000,1.0000,1.0000,1.0000,1.0000
hwc1y2fract=0.0000,0.0001,0.0001,0.0001,0.0001,0.0002,0.0002,0.0002
0.0003,0.0003,0.0004,0.0005,0.0006,0.0007,0.0008,0.0010,0.0014,0.0021
0.0033,0.0055,0.0091,0.0150,0.0235,0.0346,0.0483,0.0641,0.0818,0.1011
0.1215,0.1429,0.1649,0.1874,0.2099,0.2327,0.2557,0.2783,0.3011,0.3236
0.3461,0.3687,0.3911,0.4133,0.4353,0.4570,0.4786,0.5000,0.5210,0.5420
0.5627,0.5836,0.6041,0.6247,0.6451,0.6653,0.6852,0.7046,0.7238,0.7428
0.7613,0.7791,0.7967,0.8137,0.8299,0.8455,0.8603,0.8743,0.8872,0.8988
0.9095,0.9190,0.9276,0.9354,0.9422,0.9485,0.9541,0.9591,0.9636,0.9678
0.9716,0.9750,0.9779,0.9804,0.9827,0.9846,0.9863,0.9878,0.9891,0.9902
0.9912,0.9922,0.9929,0.9937,0.9943,0.9948,0.9954,0.9958,0.9962,0.9965
0.9968,0.9971,0.9974,0.9976,0.9978,0.9980,0.9982,0.9984,0.9986,0.9987
0.9989,0.9990,0.9991,0.9992,0.9992,0.9993,0.9994,0.9994,0.9995,0.9996
0.9996,0.9996,0.9997,0.9997,0.9997,0.9997,0.9998,0.9998,0.9998,0.9998
0.9998,0.9999,0.9999,0.9999,0.9999,0.9999,1.0000,1.0000,1.0000,1.0000
hwc1x2fract=0.0000,0.0001,0.0001,0.0001,0.0001,0.0002,0.0002,0.0002
0.0003,0.0003,0.0004,0.0005,0.0006,0.0008,0.0009,0.0012,0.0018,0.0027
0.0043,0.0069,0.0110,0.0169,0.0248,0.0346,0.0456,0.0586,0.0730,0.0883
0.1044,0.1219,0.1402,0.1589,0.1786,0.1987,0.2199,0.2411,0.2627,0.2853
0.3074,0.3301,0.3525,0.3754,0.3981,0.4210,0.4439,0.4664,0.4888,0.5112
0.5333,0.5553,0.5772,0.5989,0.6204,0.6418,0.6626,0.6833,0.7039,0.7240
0.7436,0.7625,0.7812,0.7994,0.8169,0.8334,0.8491,0.8638,0.8776,0.8904
0.9023,0.9132,0.9233,0.9323,0.9405,0.9479,0.9549,0.9609,0.9666,0.9714
0.9758,0.9795,0.9827,0.9855,0.9878,0.9896,0.9912,0.9925,0.9935,0.9943
0.9949,0.9955,0.9960,0.9964,0.9967,0.9970,0.9973,0.9975,0.9978,0.9980
0.9981,0.9983,0.9984,0.9985,0.9987,0.9988,0.9989,0.9990,0.9991,0.9992
0.9992,0.9993,0.9994,0.9994,0.9995,0.9995,0.9995,0.9996,0.9996,0.9996
0.9997,0.9997,0.9997,0.9998,0.9998,0.9998,0.9998,0.9999,0.9999,0.9999
0.9999,0.9999,0.9999,0.9999,1.0000,1.0000,1.0000,1.0000,1.0000,1.0000
hwc2x1fract=0.0000,0.0001,0.0001,0.0002,0.0002,0.0003,0.0004,0.0004
0.0005,0.0006,0.0007,0.0009,0.0010,0.0012,0.0014,0.0017,0.0021,0.0027
0.0038,0.0057,0.0090,0.0137,0.0199,0.0280,0.0377,0.0492,0.0621,0.0766
0.0920,0.1083,0.1260,0.1445,0.1636,0.1834,0.2039,0.2245,0.2459,0.2675
0.2897,0.3118,0.3345,0.3569,0.3799,0.4028,0.4256,0.4485,0.4712,0.4936
0.5157,0.5384,0.5609,0.5826,0.6044,0.6264,0.6476,0.6688,0.6897,0.7108
0.7312,0.7515,0.7707,0.7897,0.8078,0.8252,0.8416,0.8570,0.8716,0.8849
0.8972,0.9085,0.9191,0.9287,0.9371,0.9450,0.9520,0.9582,0.9639,0.9691
0.9735,0.9775,0.9809,0.9839,0.9865,0.9886,0.9902,0.9916,0.9928,0.9938
0.9946,0.9952,0.9957,0.9962,0.9966,0.9969,0.9973,0.9975,0.9977,0.9979
0.9981,0.9983,0.9984,0.9986,0.9987,0.9988,0.9989,0.9990,0.9991,0.9991
0.9992,0.9993,0.9994,0.9994,0.9995,0.9995,0.9995,0.9996,0.9996,0.9997
0.9997,0.9997,0.9997,0.9997,0.9998,0.9998,0.9998,0.9998,0.9998,0.9999
0.9999,0.9999,0.9999,0.9999,0.9999,0.9999,1.0000,1.0000,1.0000,1.0000
hwc2y1fract=0.0000,0.0000,0.0000,0.0001,0.0001,0.0001,0.0001,0.0002
0.0002,0.0002,0.0003,0.0004,0.0004,0.0005,0.0006,0.0008,0.0012,0.0019
0.0031,0.0056,0.0101,0.0173,0.0278,0.0411,0.0572,0.0753,0.0953,0.1168
0.1394,0.1630,0.1867,0.2104,0.2343,0.2582,0.2818,0.3055,0.3285,0.3514
0.3744,0.3970,0.4193,0.4415,0.4637,0.4851,0.5064,0.5277,0.5489,0.5696
0.5905,0.6111,0.6313,0.6510,0.6712,0.6910,0.7106,0.7303,0.7492,0.7677
0.7864,0.8045,0.8219,0.8386,0.8546,0.8695,0.8835,0.8964,0.9083,0.9188
0.9282,0.9364,0.9439,0.9505,0.9563,0.9613,0.9658,0.9698,0.9733,0.9763
0.9791,0.9816,0.9837,0.9857,0.9873,0.9888,0.9900,0.9910,0.9919,0.9927
0.9933,0.9940,0.9946,0.9950,0.9954,0.9958,0.9962,0.9965,0.9968,0.9971
0.9973,0.9975,0.9977,0.9979,0.9981,0.9983,0.9985,0.9986,0.9988,0.9989
0.9990,0.9991,0.9992,0.9993,0.9994,0.9995,0.9995,0.9996,0.9996,0.9997
0.9997,0.9997,0.9998,0.9998,0.9998,0.9998,0.9998,0.9999,0.9999,0.9999
0.9999,0.9999,0.9999,0.9999,0.9999,1.0000,1.0000,1.0000,1.0000,1.0000
hwc2u1fract=0.0000,0.0000,0.0000,0.0001,0.0001,0.0001,0.0001,0.0001
0.0001,0.0001,0.0002,0.0002,0.0003,0.0003,0.0004,0.0005,0.0006,0.0012
0.0022,0.0046,0.0093,0.0175,0.0292,0.0438,0.0611,0.0803,0.1010,0.1229
0.1454,0.1681,0.1913,0.2149,0.2387,0.2623,0.2858,0.3091,0.3323,0.3553
0.3778,0.4002,0.4225,0.4443,0.4657,0.4870,0.5081,0.5293,0.5501,0.5707
0.5914,0.6119,0.6315,0.6515,0.6711,0.6906,0.7103,0.7294,0.7483,0.7673
0.7857,0.8035,0.8208,0.8372,0.8530,0.8683,0.8826,0.8957,0.9072,0.9176
0.9270,0.9351,0.9422,0.9488,0.9544,0.9594,0.9640,0.9680,0.9716,0.9750
0.9779,0.9805,0.9828,0.9848,0.9866,0.9881,0.9894,0.9905,0.9915,0.9923
0.9931,0.9938,0.9943,0.9947,0.9952,0.9956,0.9959,0.9963,0.9966,0.9969
0.9972,0.9974,0.9977,0.9979,0.9980,0.9982,0.9984,0.9986,0.9987,0.9989
0.9990,0.9991,0.9992,0.9993,0.9994,0.9994,0.9995,0.9995,0.9996,0.9996
0.9997,0.9997,0.9997,0.9998,0.9998,0.9998,0.9998,0.9998,0.9999,0.9999
0.9999,0.9999,0.9999,0.9999,0.9999,0.9999,1.0000,1.0000,1.0000,1.0000
hwc2v1fract=0.0000,0.0000,0.0001,0.0001,0.0001,0.0001,0.0001,0.0002
0.0002,0.0002,0.0003,0.0003,0.0004,0.0005,0.0006,0.0008,0.0012,0.0020
0.0035,0.0068,0.0127,0.0221,0.0348,0.0507,0.0687,0.0883,0.1095,0.1314
0.1535,0.1767,0.2003,0.2238,0.2469,0.2703,0.2935,0.3168,0.3399,0.3626
0.3847,0.4072,0.4293,0.4509,0.4723,0.4936,0.5147,0.5362,0.5570,0.5778
0.5981,0.6184,0.6382,0.6580,0.6779,0.6977,0.7168,0.7360,0.7549,0.7736
0.7918,0.8094,0.8265,0.8431,0.8588,0.8733,0.8866,0.8990,0.9102,0.9205
0.9294,0.9371,0.9441,0.9503,0.9557,0.9607,0.9649,0.9689,0.9726,0.9758
0.9786,0.9810,0.9832,0.9852,0.9870,0.9884,0.9898,0.9908,0.9918,0.9926
0.9933,0.9939,0.9944,0.9949,0.9954,0.9958,0.9961,0.9964,0.9967,0.9970
0.9973,0.9975,0.9978,0.9980,0.9982,0.9984,0.9986,0.9987,0.9989,0.9990
0.9991,0.9992,0.9993,0.9994,0.9994,0.9995,0.9996,0.9996,0.9997,0.9997
0.9997,0.9998,0.9998,0.9998,0.9998,0.9998,0.9999,0.9999,0.9999,0.9999
0.9999,0.9999,0.9999,0.9999,1.0000,1.0000,1.0000,1.0000,1.0000,1.0000
hwc2y2fract=0.0000,0.0000,0.0001,0.0001,0.0001,0.0001,0.0002,0.0002
0.0002,0.0003,0.0003,0.0004,0.0005,0.0005,0.0007,0.0009,0.0011,0.0016
0.0026,0.0042,0.0071,0.0120,0.0197,0.0305,0.0441,0.0603,0.0789,0.0994
0.1210,0.1436,0.1668,0.1906,0.2143,0.2383,0.2622,0.2861,0.3094,0.3327
0.3556,0.3787,0.4013,0.4235,0.4453,0.4668,0.4885,0.5096,0.5310,0.5518
0.5728,0.5934,0.6137,0.6340,0.6543,0.6742,0.6941,0.7137,0.7331,0.7521
0.7709,0.7894,0.8072,0.8243,0.8409,0.8568,0.8717,0.8854,0.8980,0.9097
0.9202,0.9293,0.9375,0.9444,0.9508,0.9564,0.9614,0.9660,0.9700,0.9736
0.9768,0.9795,0.9819,0.9840,0.9858,0.9874,0.9888,0.9900,0.9910,0.9919
0.9927,0.9935,0.9941,0.9947,0.9952,0.9956,0.9959,0.9963,0.9967,0.9969
0.9972,0.9974,0.9976,0.9979,0.9981,0.9983,0.9984,0.9986,0.9987,0.9988
0.9989,0.9990,0.9992,0.9992,0.9993,0.9994,0.9994,0.9995,0.9996,0.9996
0.9997,0.9997,0.9997,0.9997,0.9998,0.9998,0.9998,0.9999,0.9999,0.9999
0.9999,0.9999,0.9999,0.9999,0.9999,0.9999,1.0000,1.0000,1.0000,1.0000
hwc2x2fract=0.0000,0.0001,0.0001,0.0001,0.0001,0.0002,0.0002,0.0003
0.0003,0.0004,0.0005,0.0006,0.0007,0.0008,0.0010,0.0012,0.0015,0.0021
0.0031,0.0049,0.0073,0.0113,0.0170,0.0250,0.0348,0.0467,0.0601,0.0750
0.0911,0.1082,0.1262,0.1455,0.1651,0.1855,0.2067,0.2281,0.2499,0.2722
0.2945,0.3175,0.3401,0.3632,0.3860,0.4087,0.4313,0.4543,0.4770,0.4994
0.5218,0.5442,0.5659,0.5878,0.6095,0.6309,0.6521,0.6733,0.6940,0.7144
0.7342,0.7538,0.7733,0.7922,0.8103,0.8276,0.8440,0.8594,0.8738,0.8876
0.8997,0.9109,0.9212,0.9305,0.9388,0.9464,0.9532,0.9592,0.9647,0.9694
0.9738,0.9776,0.9811,0.9839,0.9862,0.9882,0.9898,0.9913,0.9925,0.9934
0.9943,0.9951,0.9957,0.9961,0.9965,0.9969,0.9972,0.9975,0.9978,0.9980
0.9981,0.9983,0.9985,0.9986,0.9987,0.9988,0.9989,0.9990,0.9991,0.9992
0.9992,0.9993,0.9994,0.9994,0.9995,0.9995,0.9996,0.9996,0.9996,0.9997
0.9997,0.9997,0.9998,0.9998,0.9998,0.9998,0.9998,0.9999,0.9999,0.9999
0.9999,0.9999,0.9999,0.9999,1.0000,1.0000,1.0000,1.0000,1.0000,1.0000
