; Lookup table
;number of bins in Meek's time to distance lookup table
hdriftbins=138
;number of 1st bin in Meek's table in ns
hdrift1stbin=-24
;bin size in ns of Meek's table
hdriftbinsz=2
hwc1x1fract=0.0000,0.0001,0.0001,0.0002,0.0003,0.0003,0.0004,0.0005
0.0006,0.0007,0.0009,0.0011,0.0015,0.0020,0.0029,0.0044,0.0067,0.0096
0.0137,0.0187,0.0254,0.0342,0.0447,0.0564,0.0695,0.0840,0.0995,0.1160
0.1332,0.1516,0.1703,0.1898,0.2100,0.2307,0.2516,0.2728,0.2944,0.3162
0.3384,0.3605,0.3829,0.4054,0.4276,0.4503,0.4731,0.4954,0.5177,0.5400
0.5621,0.5841,0.6059,0.6273,0.6486,0.6697,0.6905,0.7108,0.7308,0.7504
0.7698,0.7885,0.8062,0.8233,0.8393,0.8544,0.8687,0.8822,0.8946,0.9062
0.9163,0.9260,0.9348,0.9428,0.9500,0.9565,0.9624,0.9678,0.9725,0.9767
0.9802,0.9833,0.9859,0.9879,0.9897,0.9912,0.9924,0.9934,0.9943,0.9949
0.9955,0.9960,0.9965,0.9968,0.9972,0.9975,0.9977,0.9979,0.9981,0.9984
0.9985,0.9987,0.9988,0.9989,0.9990,0.9991,0.9992,0.9993,0.9993,0.9994
0.9994,0.9995,0.9995,0.9996,0.9996,0.9997,0.9997,0.9998,0.9998,0.9998
0.9998,0.9998,0.9999,0.9999,0.9999,0.9999,0.9999,0.9999,0.9999,0.9999
0.9999,0.9999,0.9999,1.0000,1.0000,1.0000,1.0000,1.0000,1.0000,1.0000
hwc1y1fract=0.0001,0.0001,0.0001,0.0002,0.0002,0.0003,0.0004,0.0005
0.0006,0.0006,0.0008,0.0009,0.0011,0.0014,0.0019,0.0026,0.0037,0.0053
0.0079,0.0122,0.0190,0.0287,0.0411,0.0563,0.0735,0.0927,0.1130,0.1343
0.1561,0.1784,0.2009,0.2231,0.2461,0.2688,0.2922,0.3147,0.3368,0.3593
0.3810,0.4030,0.4247,0.4463,0.4680,0.4894,0.5104,0.5314,0.5522,0.5729
0.5937,0.6140,0.6346,0.6548,0.6748,0.6945,0.7139,0.7334,0.7528,0.7713
0.7897,0.8072,0.8243,0.8408,0.8560,0.8707,0.8842,0.8967,0.9080,0.9181
0.9274,0.9353,0.9426,0.9491,0.9548,0.9598,0.9644,0.9685,0.9722,0.9756
0.9786,0.9810,0.9834,0.9853,0.9869,0.9885,0.9897,0.9908,0.9918,0.9927
0.9935,0.9941,0.9948,0.9953,0.9957,0.9962,0.9966,0.9969,0.9972,0.9975
0.9977,0.9979,0.9981,0.9983,0.9985,0.9987,0.9988,0.9990,0.9991,0.9992
0.9993,0.9994,0.9995,0.9996,0.9996,0.9997,0.9997,0.9998,0.9998,0.9998
0.9998,0.9999,0.9999,0.9999,0.9999,0.9999,0.9999,0.9999,0.9999,1.0000
1.0000,1.0000,1.0000,1.0000,1.0000,1.0000,1.0000,1.0000,1.0000,1.0000
hwc1u1fract=0.0000,0.0000,0.0000,0.0000,0.0000,0.0000,0.0001,0.0001
0.0001,0.0001,0.0002,0.0002,0.0002,0.0004,0.0007,0.0015,0.0029,0.0052
0.0084,0.0126,0.0185,0.0270,0.0379,0.0509,0.0658,0.0822,0.0996,0.1185
0.1381,0.1583,0.1789,0.2002,0.2215,0.2431,0.2648,0.2867,0.3089,0.3309
0.3526,0.3745,0.3967,0.4189,0.4406,0.4625,0.4840,0.5055,0.5269,0.5484
0.5690,0.5899,0.6109,0.6315,0.6517,0.6720,0.6918,0.7117,0.7313,0.7509
0.7695,0.7875,0.8049,0.8220,0.8382,0.8529,0.8670,0.8802,0.8922,0.9034
0.9136,0.9228,0.9310,0.9384,0.9452,0.9514,0.9571,0.9619,0.9663,0.9703
0.9740,0.9771,0.9798,0.9822,0.9844,0.9863,0.9878,0.9891,0.9903,0.9914
0.9922,0.9930,0.9937,0.9943,0.9949,0.9954,0.9958,0.9962,0.9965,0.9969
0.9971,0.9974,0.9977,0.9979,0.9981,0.9983,0.9985,0.9986,0.9988,0.9989
0.9990,0.9992,0.9993,0.9994,0.9995,0.9995,0.9996,0.9996,0.9997,0.9997
0.9998,0.9998,0.9998,0.9998,0.9999,0.9999,0.9999,0.9999,0.9999,0.9999
0.9999,1.0000,1.0000,1.0000,1.0000,1.0000,1.0000,1.0000,1.0000,1.0000
hwc1v1fract=0.0000,0.0000,0.0000,0.0001,0.0001,0.0001,0.0001,0.0002
0.0002,0.0002,0.0002,0.0003,0.0003,0.0004,0.0006,0.0008,0.0013,0.0023
0.0044,0.0085,0.0151,0.0244,0.0366,0.0513,0.0682,0.0872,0.1070,0.1274
0.1482,0.1694,0.1905,0.2123,0.2348,0.2572,0.2795,0.3014,0.3235,0.3459
0.3679,0.3897,0.4115,0.4333,0.4548,0.4764,0.4976,0.5186,0.5395,0.5604
0.5809,0.6015,0.6216,0.6418,0.6617,0.6815,0.7012,0.7207,0.7402,0.7592
0.7779,0.7960,0.8135,0.8307,0.8467,0.8617,0.8760,0.8892,0.9008,0.9115
0.9210,0.9294,0.9369,0.9436,0.9498,0.9552,0.9603,0.9650,0.9691,0.9728
0.9759,0.9787,0.9811,0.9834,0.9854,0.9871,0.9885,0.9897,0.9908,0.9918
0.9926,0.9933,0.9939,0.9944,0.9949,0.9953,0.9958,0.9962,0.9965,0.9969
0.9972,0.9974,0.9977,0.9979,0.9981,0.9983,0.9985,0.9987,0.9988,0.9989
0.9990,0.9991,0.9992,0.9993,0.9994,0.9995,0.9996,0.9996,0.9996,0.9997
0.9997,0.9998,0.9998,0.9998,0.9999,0.9999,0.9999,0.9999,0.9999,0.9999
0.9999,1.0000,1.0000,1.0000,1.0000,1.0000,1.0000,1.0000,1.0000,1.0000
hwc1y2fract=0.0000,0.0000,0.0000,0.0001,0.0001,0.0001,0.0001,0.0002
0.0002,0.0003,0.0004,0.0005,0.0006,0.0007,0.0009,0.0013,0.0019,0.0030
0.0051,0.0085,0.0141,0.0221,0.0327,0.0460,0.0614,0.0791,0.0979,0.1179
0.1390,0.1604,0.1820,0.2043,0.2269,0.2493,0.2714,0.2937,0.3162,0.3385
0.3603,0.3827,0.4046,0.4265,0.4480,0.4698,0.4911,0.5127,0.5337,0.5548
0.5756,0.5962,0.6169,0.6373,0.6577,0.6779,0.6978,0.7177,0.7368,0.7552
0.7734,0.7916,0.8091,0.8253,0.8413,0.8567,0.8709,0.8839,0.8961,0.9068
0.9169,0.9259,0.9339,0.9413,0.9476,0.9532,0.9583,0.9629,0.9671,0.9708
0.9741,0.9770,0.9797,0.9821,0.9841,0.9858,0.9874,0.9887,0.9899,0.9908
0.9918,0.9926,0.9933,0.9939,0.9944,0.9950,0.9954,0.9958,0.9962,0.9966
0.9969,0.9972,0.9975,0.9977,0.9980,0.9982,0.9984,0.9986,0.9987,0.9989
0.9990,0.9991,0.9992,0.9993,0.9994,0.9995,0.9996,0.9996,0.9997,0.9997
0.9997,0.9998,0.9998,0.9998,0.9998,0.9999,0.9999,0.9999,0.9999,0.9999
0.9999,0.9999,0.9999,1.0000,1.0000,1.0000,1.0000,1.0000,1.0000,1.0000
hwc1x2fract=0.0000,0.0000,0.0001,0.0001,0.0001,0.0001,0.0002,0.0002
0.0003,0.0003,0.0004,0.0005,0.0006,0.0008,0.0012,0.0018,0.0030,0.0050
0.0081,0.0127,0.0189,0.0270,0.0374,0.0489,0.0618,0.0763,0.0919,0.1085
0.1259,0.1444,0.1637,0.1835,0.2039,0.2245,0.2459,0.2679,0.2896,0.3117
0.3339,0.3564,0.3782,0.4009,0.4236,0.4459,0.4683,0.4910,0.5131,0.5349
0.5563,0.5780,0.5996,0.6217,0.6430,0.6641,0.6851,0.7054,0.7256,0.7453
0.7649,0.7839,0.8023,0.8201,0.8366,0.8524,0.8670,0.8808,0.8931,0.9045
0.9151,0.9248,0.9339,0.9419,0.9493,0.9557,0.9617,0.9672,0.9720,0.9762
0.9799,0.9831,0.9856,0.9876,0.9897,0.9911,0.9923,0.9933,0.9942,0.9949
0.9955,0.9959,0.9964,0.9967,0.9971,0.9974,0.9976,0.9978,0.9980,0.9982
0.9984,0.9986,0.9987,0.9988,0.9989,0.9990,0.9991,0.9992,0.9993,0.9994
0.9994,0.9995,0.9995,0.9995,0.9996,0.9996,0.9997,0.9997,0.9997,0.9998
0.9998,0.9998,0.9998,0.9998,0.9999,0.9999,0.9999,0.9999,0.9999,0.9999
0.9999,0.9999,0.9999,1.0000,1.0000,1.0000,1.0000,1.0000,1.0000,1.0000
hwc2x1fract=0.0000,0.0001,0.0001,0.0002,0.0002,0.0003,0.0004,0.0005
0.0006,0.0007,0.0008,0.0010,0.0012,0.0014,0.0017,0.0023,0.0031,0.0046
0.0074,0.0114,0.0171,0.0244,0.0338,0.0448,0.0572,0.0714,0.0864,0.1022
0.1187,0.1365,0.1551,0.1740,0.1939,0.2144,0.2351,0.2568,0.2784,0.3007
0.3228,0.3450,0.3674,0.3896,0.4118,0.4343,0.4563,0.4787,0.5014,0.5234
0.5456,0.5680,0.5897,0.6111,0.6323,0.6535,0.6747,0.6958,0.7163,0.7364
0.7565,0.7761,0.7950,0.8132,0.8305,0.8465,0.8619,0.8761,0.8890,0.9011
0.9120,0.9223,0.9316,0.9398,0.9474,0.9542,0.9603,0.9658,0.9707,0.9750
0.9788,0.9819,0.9848,0.9870,0.9891,0.9907,0.9921,0.9933,0.9941,0.9948
0.9954,0.9959,0.9964,0.9968,0.9972,0.9975,0.9977,0.9980,0.9982,0.9983
0.9985,0.9986,0.9988,0.9989,0.9990,0.9991,0.9992,0.9993,0.9994,0.9994
0.9995,0.9995,0.9996,0.9996,0.9996,0.9997,0.9997,0.9998,0.9998,0.9998
0.9998,0.9998,0.9999,0.9999,0.9999,0.9999,0.9999,0.9999,0.9999,0.9999
1.0000,1.0000,1.0000,1.0000,1.0000,1.0000,1.0000,1.0000,1.0000,1.0000
hwc2y1fract=0.0000,0.0000,0.0000,0.0000,0.0001,0.0001,0.0001,0.0002
0.0002,0.0003,0.0003,0.0004,0.0005,0.0007,0.0009,0.0013,0.0019,0.0030
0.0052,0.0088,0.0152,0.0246,0.0370,0.0523,0.0698,0.0894,0.1102,0.1318
0.1545,0.1778,0.2006,0.2239,0.2471,0.2699,0.2927,0.3154,0.3381,0.3608
0.3832,0.4055,0.4275,0.4495,0.4712,0.4925,0.5138,0.5348,0.5558,0.5762
0.5969,0.6173,0.6375,0.6582,0.6787,0.6987,0.7183,0.7378,0.7566,0.7757
0.7937,0.8114,0.8288,0.8454,0.8607,0.8753,0.8889,0.9011,0.9124,0.9226
0.9317,0.9394,0.9465,0.9528,0.9584,0.9632,0.9675,0.9713,0.9748,0.9778
0.9804,0.9828,0.9848,0.9864,0.9880,0.9894,0.9905,0.9916,0.9924,0.9932
0.9939,0.9945,0.9950,0.9955,0.9958,0.9962,0.9966,0.9969,0.9971,0.9974
0.9976,0.9978,0.9980,0.9982,0.9984,0.9986,0.9987,0.9989,0.9990,0.9991
0.9993,0.9993,0.9994,0.9995,0.9996,0.9996,0.9997,0.9997,0.9998,0.9998
0.9998,0.9999,0.9999,0.9999,0.9999,0.9999,0.9999,0.9999,0.9999,0.9999
0.9999,0.9999,1.0000,1.0000,1.0000,1.0000,1.0000,1.0000,1.0000,1.0000
hwc2u1fract=0.0000,0.0000,0.0000,0.0001,0.0001,0.0001,0.0001,0.0001
0.0001,0.0001,0.0002,0.0002,0.0002,0.0003,0.0003,0.0005,0.0007,0.0012
0.0023,0.0049,0.0101,0.0187,0.0306,0.0456,0.0631,0.0824,0.1031,0.1253
0.1476,0.1702,0.1934,0.2159,0.2392,0.2614,0.2841,0.3070,0.3295,0.3518
0.3741,0.3961,0.4181,0.4400,0.4614,0.4829,0.5040,0.5248,0.5454,0.5663
0.5868,0.6073,0.6275,0.6479,0.6675,0.6871,0.7066,0.7261,0.7450,0.7640
0.7822,0.8004,0.8176,0.8344,0.8502,0.8654,0.8794,0.8924,0.9047,0.9154
0.9247,0.9332,0.9406,0.9472,0.9532,0.9583,0.9628,0.9668,0.9705,0.9737
0.9767,0.9794,0.9817,0.9837,0.9855,0.9870,0.9883,0.9896,0.9906,0.9914
0.9922,0.9929,0.9935,0.9941,0.9946,0.9950,0.9954,0.9958,0.9961,0.9965
0.9968,0.9971,0.9973,0.9976,0.9978,0.9980,0.9982,0.9984,0.9986,0.9988
0.9989,0.9990,0.9991,0.9992,0.9993,0.9994,0.9994,0.9995,0.9996,0.9996
0.9997,0.9997,0.9998,0.9998,0.9998,0.9998,0.9999,0.9999,0.9999,0.9999
0.9999,0.9999,0.9999,1.0000,1.0000,1.0000,1.0000,1.0000,1.0000,1.0000
hwc2v1fract=0.0000,0.0000,0.0000,0.0001,0.0001,0.0001,0.0001,0.0001
0.0001,0.0002,0.0002,0.0003,0.0003,0.0004,0.0005,0.0007,0.0011,0.0020
0.0038,0.0075,0.0142,0.0245,0.0378,0.0538,0.0720,0.0920,0.1128,0.1344
0.1564,0.1792,0.2020,0.2247,0.2476,0.2706,0.2933,0.3161,0.3385,0.3608
0.3829,0.4048,0.4266,0.4481,0.4695,0.4910,0.5121,0.5329,0.5539,0.5746
0.5948,0.6152,0.6351,0.6553,0.6750,0.6945,0.7137,0.7330,0.7520,0.7709
0.7892,0.8073,0.8247,0.8410,0.8567,0.8714,0.8850,0.8976,0.9088,0.9188
0.9279,0.9357,0.9427,0.9492,0.9546,0.9596,0.9641,0.9680,0.9714,0.9747
0.9775,0.9802,0.9825,0.9845,0.9863,0.9877,0.9889,0.9900,0.9910,0.9919
0.9927,0.9935,0.9941,0.9946,0.9951,0.9955,0.9959,0.9963,0.9966,0.9969
0.9972,0.9975,0.9977,0.9979,0.9982,0.9984,0.9986,0.9988,0.9989,0.9991
0.9992,0.9993,0.9994,0.9995,0.9995,0.9996,0.9997,0.9997,0.9998,0.9998
0.9998,0.9998,0.9999,0.9999,0.9999,0.9999,0.9999,0.9999,0.9999,0.9999
0.9999,1.0000,1.0000,1.0000,1.0000,1.0000,1.0000,1.0000,1.0000,1.0000
hwc2y2fract=0.0000,0.0000,0.0000,0.0001,0.0001,0.0001,0.0001,0.0002
0.0003,0.0003,0.0004,0.0005,0.0006,0.0008,0.0011,0.0015,0.0025,0.0041
0.0067,0.0113,0.0183,0.0284,0.0415,0.0572,0.0751,0.0945,0.1160,0.1380
0.1606,0.1834,0.2070,0.2300,0.2532,0.2762,0.2993,0.3222,0.3446,0.3674
0.3900,0.4120,0.4339,0.4559,0.4778,0.4989,0.5200,0.5408,0.5618,0.5823
0.6028,0.6233,0.6436,0.6639,0.6842,0.7039,0.7233,0.7427,0.7614,0.7798
0.7981,0.8158,0.8325,0.8486,0.8640,0.8786,0.8918,0.9040,0.9152,0.9249
0.9335,0.9411,0.9479,0.9538,0.9591,0.9640,0.9684,0.9720,0.9753,0.9782
0.9807,0.9829,0.9848,0.9865,0.9879,0.9892,0.9903,0.9913,0.9922,0.9930
0.9936,0.9942,0.9947,0.9952,0.9956,0.9960,0.9963,0.9967,0.9969,0.9972
0.9974,0.9977,0.9979,0.9981,0.9983,0.9984,0.9986,0.9988,0.9989,0.9991
0.9992,0.9993,0.9994,0.9994,0.9995,0.9996,0.9996,0.9997,0.9997,0.9998
0.9998,0.9998,0.9999,0.9999,0.9999,0.9999,0.9999,0.9999,0.9999,0.9999
0.9999,1.0000,1.0000,1.0000,1.0000,1.0000,1.0000,1.0000,1.0000,1.0000
hwc2x2fract=0.0000,0.0000,0.0001,0.0001,0.0001,0.0002,0.0002,0.0003
0.0004,0.0005,0.0006,0.0007,0.0008,0.0010,0.0012,0.0017,0.0028,0.0045
0.0072,0.0112,0.0167,0.0241,0.0337,0.0451,0.0580,0.0723,0.0881,0.1047
0.1224,0.1407,0.1599,0.1795,0.1998,0.2207,0.2419,0.2637,0.2855,0.3075
0.3295,0.3520,0.3745,0.3968,0.4193,0.4418,0.4641,0.4867,0.5091,0.5309
0.5527,0.5743,0.5960,0.6177,0.6392,0.6604,0.6814,0.7024,0.7230,0.7434
0.7630,0.7819,0.8001,0.8175,0.8345,0.8507,0.8658,0.8798,0.8929,0.9047
0.9153,0.9248,0.9335,0.9417,0.9488,0.9554,0.9612,0.9665,0.9714,0.9756
0.9791,0.9823,0.9850,0.9872,0.9890,0.9906,0.9919,0.9930,0.9939,0.9946
0.9952,0.9958,0.9962,0.9966,0.9970,0.9973,0.9976,0.9978,0.9981,0.9983
0.9985,0.9986,0.9987,0.9989,0.9990,0.9991,0.9992,0.9993,0.9994,0.9994
0.9995,0.9996,0.9996,0.9996,0.9997,0.9997,0.9997,0.9998,0.9998,0.9998
0.9998,0.9999,0.9999,0.9999,0.9999,0.9999,0.9999,0.9999,0.9999,0.9999
1.0000,1.0000,1.0000,1.0000,1.0000,1.0000,1.0000,1.0000,1.0000,1.0000
