; Lookup table
;number of bins in Meek's time to distance lookup table
hdriftbins=138
;number of 1st bin in Meek's table in ns
hdrift1stbin=-24
;bin size in ns of Meek's table
hdriftbinsz=2
hwc1x1fract=0.0001,0.0003,0.0004,0.0006,0.0008,0.0010,0.0012,0.0014
0.0016,0.0019,0.0022,0.0025,0.0030,0.0037,0.0049,0.0067,0.0094,0.0128
0.0173,0.0233,0.0309,0.0404,0.0517,0.0649,0.0790,0.0945,0.1110,0.1287
0.1464,0.1654,0.1846,0.2048,0.2255,0.2467,0.2683,0.2900,0.3123,0.3342
0.3564,0.3789,0.4009,0.4236,0.4459,0.4681,0.4903,0.5120,0.5342,0.5554
0.5765,0.5978,0.6195,0.6406,0.6616,0.6819,0.7017,0.7215,0.7411,0.7602
0.7785,0.7961,0.8131,0.8292,0.8446,0.8591,0.8727,0.8851,0.8966,0.9074
0.9172,0.9261,0.9342,0.9415,0.9482,0.9541,0.9595,0.9644,0.9689,0.9728
0.9761,0.9791,0.9815,0.9836,0.9854,0.9869,0.9882,0.9892,0.9900,0.9908
0.9914,0.9920,0.9925,0.9929,0.9933,0.9937,0.9940,0.9943,0.9946,0.9948
0.9951,0.9953,0.9955,0.9958,0.9960,0.9961,0.9963,0.9965,0.9967,0.9968
0.9970,0.9972,0.9973,0.9974,0.9976,0.9977,0.9978,0.9979,0.9980,0.9981
0.9982,0.9983,0.9984,0.9985,0.9986,0.9987,0.9988,0.9989,0.9990,0.9991
0.9992,0.9993,0.9994,0.9995,0.9996,0.9997,0.9998,0.9999,0.9999,1.0000
hwc1y1fract=0.0001,0.0002,0.0004,0.0005,0.0007,0.0009,0.0011,0.0013
0.0015,0.0018,0.0021,0.0024,0.0028,0.0033,0.0039,0.0049,0.0062,0.0081
0.0110,0.0161,0.0236,0.0344,0.0481,0.0643,0.0834,0.1035,0.1249,0.1470
0.1696,0.1925,0.2154,0.2388,0.2615,0.2845,0.3071,0.3293,0.3515,0.3737
0.3956,0.4175,0.4391,0.4603,0.4815,0.5019,0.5225,0.5432,0.5634,0.5839
0.6042,0.6241,0.6441,0.6640,0.6834,0.7027,0.7218,0.7406,0.7587,0.7767
0.7944,0.8115,0.8281,0.8443,0.8591,0.8731,0.8859,0.8976,0.9085,0.9183
0.9266,0.9342,0.9411,0.9473,0.9525,0.9572,0.9614,0.9652,0.9686,0.9717
0.9744,0.9768,0.9789,0.9808,0.9825,0.9839,0.9852,0.9863,0.9873,0.9882
0.9891,0.9898,0.9904,0.9911,0.9916,0.9921,0.9926,0.9930,0.9934,0.9937
0.9941,0.9945,0.9948,0.9951,0.9954,0.9957,0.9959,0.9961,0.9963,0.9965
0.9967,0.9969,0.9971,0.9973,0.9974,0.9976,0.9977,0.9979,0.9980,0.9981
0.9982,0.9983,0.9984,0.9985,0.9986,0.9987,0.9988,0.9989,0.9990,0.9991
0.9992,0.9993,0.9994,0.9995,0.9996,0.9997,0.9998,0.9998,0.9999,1.0000
hwc1u1fract=0.0001,0.0002,0.0003,0.0004,0.0005,0.0006,0.0007,0.0008
0.0009,0.0010,0.0011,0.0013,0.0015,0.0020,0.0030,0.0048,0.0074,0.0108
0.0153,0.0220,0.0309,0.0429,0.0569,0.0734,0.0912,0.1102,0.1303,0.1509
0.1722,0.1941,0.2158,0.2377,0.2596,0.2817,0.3039,0.3260,0.3478,0.3697
0.3914,0.4129,0.4344,0.4560,0.4771,0.4983,0.5191,0.5399,0.5609,0.5815
0.6023,0.6224,0.6428,0.6630,0.6826,0.7022,0.7215,0.7402,0.7588,0.7771
0.7946,0.8118,0.8282,0.8436,0.8581,0.8716,0.8842,0.8955,0.9057,0.9150
0.9236,0.9312,0.9379,0.9442,0.9499,0.9549,0.9596,0.9636,0.9672,0.9705
0.9734,0.9762,0.9784,0.9804,0.9821,0.9837,0.9851,0.9862,0.9873,0.9882
0.9890,0.9897,0.9904,0.9909,0.9915,0.9921,0.9926,0.9930,0.9934,0.9937
0.9940,0.9943,0.9947,0.9950,0.9953,0.9955,0.9958,0.9960,0.9962,0.9964
0.9966,0.9968,0.9970,0.9971,0.9973,0.9975,0.9976,0.9978,0.9979,0.9981
0.9982,0.9983,0.9984,0.9985,0.9986,0.9987,0.9988,0.9989,0.9990,0.9991
0.9992,0.9993,0.9994,0.9995,0.9996,0.9997,0.9998,0.9998,0.9999,1.0000
hwc1v1fract=0.0001,0.0002,0.0003,0.0004,0.0005,0.0006,0.0007,0.0008
0.0009,0.0010,0.0011,0.0013,0.0014,0.0016,0.0018,0.0023,0.0029,0.0041
0.0067,0.0113,0.0189,0.0295,0.0429,0.0594,0.0776,0.0975,0.1183,0.1396
0.1615,0.1839,0.2060,0.2289,0.2514,0.2737,0.2963,0.3183,0.3404,0.3623
0.3838,0.4055,0.4270,0.4479,0.4687,0.4897,0.5101,0.5306,0.5510,0.5715
0.5919,0.6119,0.6316,0.6511,0.6708,0.6905,0.7099,0.7288,0.7476,0.7661
0.7844,0.8018,0.8188,0.8355,0.8510,0.8657,0.8793,0.8920,0.9032,0.9130
0.9217,0.9293,0.9364,0.9427,0.9482,0.9533,0.9577,0.9617,0.9653,0.9688
0.9719,0.9746,0.9772,0.9792,0.9811,0.9828,0.9841,0.9853,0.9864,0.9874
0.9882,0.9890,0.9897,0.9903,0.9909,0.9914,0.9918,0.9923,0.9927,0.9931
0.9935,0.9938,0.9942,0.9946,0.9949,0.9952,0.9955,0.9958,0.9960,0.9963
0.9965,0.9967,0.9969,0.9971,0.9973,0.9975,0.9976,0.9978,0.9979,0.9980
0.9982,0.9983,0.9984,0.9985,0.9986,0.9987,0.9988,0.9989,0.9991,0.9992
0.9992,0.9993,0.9994,0.9995,0.9995,0.9996,0.9997,0.9999,0.9999,1.0000
hwc1y2fract=0.0001,0.0002,0.0003,0.0004,0.0005,0.0006,0.0008,0.0009
0.0011,0.0012,0.0014,0.0017,0.0020,0.0024,0.0030,0.0038,0.0052,0.0078
0.0117,0.0179,0.0268,0.0385,0.0533,0.0703,0.0891,0.1092,0.1307,0.1527
0.1750,0.1975,0.2204,0.2434,0.2664,0.2892,0.3114,0.3337,0.3559,0.3780
0.4001,0.4219,0.4430,0.4640,0.4847,0.5056,0.5266,0.5473,0.5679,0.5880
0.6082,0.6283,0.6479,0.6678,0.6874,0.7064,0.7247,0.7436,0.7619,0.7793
0.7967,0.8134,0.8294,0.8449,0.8595,0.8729,0.8852,0.8964,0.9067,0.9159
0.9241,0.9316,0.9382,0.9444,0.9496,0.9544,0.9588,0.9625,0.9661,0.9694
0.9720,0.9746,0.9769,0.9789,0.9808,0.9823,0.9837,0.9849,0.9859,0.9869
0.9879,0.9887,0.9894,0.9900,0.9907,0.9912,0.9917,0.9921,0.9926,0.9930
0.9934,0.9938,0.9941,0.9944,0.9947,0.9950,0.9953,0.9956,0.9959,0.9961
0.9964,0.9966,0.9968,0.9970,0.9972,0.9974,0.9975,0.9976,0.9978,0.9979
0.9980,0.9981,0.9983,0.9984,0.9985,0.9986,0.9987,0.9988,0.9989,0.9991
0.9991,0.9992,0.9993,0.9994,0.9995,0.9996,0.9997,0.9998,0.9999,1.0000
hwc1x2fract=0.0001,0.0002,0.0003,0.0005,0.0006,0.0007,0.0009,0.0010
0.0012,0.0013,0.0015,0.0017,0.0020,0.0023,0.0029,0.0038,0.0052,0.0074
0.0107,0.0157,0.0226,0.0316,0.0429,0.0558,0.0700,0.0853,0.1020,0.1196
0.1381,0.1574,0.1775,0.1984,0.2199,0.2410,0.2629,0.2848,0.3065,0.3285
0.3507,0.3728,0.3952,0.4172,0.4396,0.4617,0.4838,0.5052,0.5275,0.5489
0.5706,0.5919,0.6130,0.6340,0.6551,0.6755,0.6959,0.7152,0.7351,0.7543
0.7730,0.7909,0.8086,0.8254,0.8414,0.8561,0.8701,0.8830,0.8948,0.9056
0.9154,0.9245,0.9326,0.9398,0.9467,0.9527,0.9582,0.9632,0.9677,0.9716
0.9749,0.9779,0.9805,0.9826,0.9844,0.9860,0.9872,0.9883,0.9892,0.9900
0.9906,0.9912,0.9918,0.9923,0.9928,0.9932,0.9935,0.9938,0.9941,0.9944
0.9947,0.9949,0.9951,0.9954,0.9956,0.9958,0.9960,0.9962,0.9963,0.9965
0.9967,0.9968,0.9970,0.9971,0.9973,0.9974,0.9976,0.9977,0.9978,0.9980
0.9981,0.9982,0.9983,0.9984,0.9985,0.9986,0.9988,0.9988,0.9990,0.9991
0.9992,0.9993,0.9994,0.9995,0.9996,0.9997,0.9997,0.9998,0.9999,1.0000
hwc2x1fract=0.0001,0.0003,0.0004,0.0005,0.0007,0.0008,0.0010,0.0012
0.0014,0.0017,0.0019,0.0022,0.0025,0.0028,0.0033,0.0039,0.0050,0.0070
0.0101,0.0148,0.0212,0.0293,0.0397,0.0518,0.0654,0.0804,0.0964,0.1135
0.1319,0.1510,0.1703,0.1903,0.2107,0.2313,0.2526,0.2738,0.2956,0.3174
0.3398,0.3619,0.3842,0.4064,0.4288,0.4512,0.4733,0.4951,0.5173,0.5391
0.5610,0.5821,0.6036,0.6249,0.6459,0.6670,0.6874,0.7077,0.7281,0.7479
0.7673,0.7863,0.8041,0.8217,0.8382,0.8537,0.8683,0.8816,0.8942,0.9054
0.9157,0.9248,0.9329,0.9402,0.9469,0.9530,0.9586,0.9635,0.9678,0.9718
0.9752,0.9783,0.9809,0.9831,0.9850,0.9865,0.9878,0.9890,0.9900,0.9907
0.9914,0.9920,0.9925,0.9930,0.9933,0.9937,0.9940,0.9944,0.9947,0.9950
0.9952,0.9955,0.9956,0.9959,0.9961,0.9963,0.9965,0.9966,0.9968,0.9969
0.9971,0.9972,0.9974,0.9975,0.9977,0.9978,0.9980,0.9981,0.9982,0.9983
0.9984,0.9985,0.9986,0.9987,0.9987,0.9988,0.9990,0.9990,0.9991,0.9992
0.9993,0.9994,0.9995,0.9996,0.9996,0.9997,0.9998,0.9998,0.9999,1.0000
hwc2y1fract=0.0001,0.0002,0.0003,0.0004,0.0005,0.0006,0.0008,0.0009
0.0010,0.0012,0.0014,0.0016,0.0019,0.0022,0.0025,0.0031,0.0040,0.0055
0.0082,0.0127,0.0202,0.0309,0.0448,0.0620,0.0816,0.1030,0.1257,0.1490
0.1725,0.1963,0.2200,0.2437,0.2668,0.2902,0.3128,0.3355,0.3582,0.3807
0.4030,0.4249,0.4462,0.4674,0.4882,0.5095,0.5304,0.5508,0.5713,0.5916
0.6119,0.6321,0.6519,0.6717,0.6914,0.7108,0.7302,0.7490,0.7675,0.7858
0.8034,0.8207,0.8373,0.8532,0.8679,0.8820,0.8946,0.9061,0.9165,0.9258
0.9340,0.9413,0.9477,0.9531,0.9581,0.9626,0.9663,0.9698,0.9727,0.9754
0.9776,0.9797,0.9815,0.9831,0.9845,0.9856,0.9867,0.9876,0.9885,0.9893
0.9900,0.9905,0.9911,0.9916,0.9921,0.9925,0.9929,0.9933,0.9936,0.9939
0.9942,0.9945,0.9948,0.9950,0.9953,0.9955,0.9957,0.9960,0.9962,0.9964
0.9966,0.9968,0.9970,0.9972,0.9973,0.9975,0.9976,0.9978,0.9979,0.9980
0.9981,0.9982,0.9984,0.9985,0.9986,0.9987,0.9988,0.9989,0.9990,0.9991
0.9992,0.9993,0.9994,0.9995,0.9996,0.9997,0.9998,0.9998,0.9999,1.0000
hwc2u1fract=0.0001,0.0002,0.0002,0.0003,0.0004,0.0005,0.0006,0.0007
0.0008,0.0009,0.0010,0.0011,0.0012,0.0014,0.0016,0.0018,0.0022,0.0028
0.0042,0.0074,0.0137,0.0236,0.0373,0.0543,0.0736,0.0950,0.1175,0.1411
0.1639,0.1877,0.2114,0.2348,0.2582,0.2813,0.3046,0.3275,0.3500,0.3721
0.3943,0.4162,0.4377,0.4589,0.4796,0.5003,0.5209,0.5414,0.5616,0.5816
0.6017,0.6218,0.6414,0.6608,0.6802,0.6994,0.7181,0.7369,0.7556,0.7741
0.7918,0.8095,0.8264,0.8429,0.8585,0.8730,0.8867,0.8990,0.9100,0.9197
0.9284,0.9360,0.9427,0.9486,0.9537,0.9584,0.9625,0.9660,0.9693,0.9722
0.9747,0.9770,0.9791,0.9810,0.9825,0.9840,0.9852,0.9863,0.9873,0.9881
0.9888,0.9895,0.9901,0.9906,0.9911,0.9917,0.9921,0.9925,0.9929,0.9932
0.9936,0.9939,0.9943,0.9946,0.9950,0.9953,0.9955,0.9958,0.9961,0.9963
0.9965,0.9968,0.9970,0.9971,0.9974,0.9975,0.9977,0.9978,0.9980,0.9981
0.9982,0.9983,0.9985,0.9986,0.9987,0.9988,0.9989,0.9990,0.9991,0.9992
0.9992,0.9993,0.9994,0.9995,0.9996,0.9997,0.9997,0.9998,0.9999,1.0000
hwc2v1fract=0.0001,0.0002,0.0003,0.0004,0.0004,0.0005,0.0007,0.0008
0.0009,0.0010,0.0011,0.0012,0.0014,0.0016,0.0019,0.0023,0.0029,0.0041
0.0064,0.0111,0.0191,0.0313,0.0466,0.0653,0.0853,0.1070,0.1292,0.1523
0.1754,0.1991,0.2225,0.2456,0.2688,0.2921,0.3149,0.3377,0.3599,0.3823
0.4039,0.4256,0.4468,0.4680,0.4887,0.5096,0.5300,0.5504,0.5704,0.5903
0.6102,0.6298,0.6493,0.6689,0.6886,0.7080,0.7269,0.7454,0.7637,0.7816
0.7995,0.8170,0.8337,0.8498,0.8648,0.8789,0.8917,0.9036,0.9141,0.9233
0.9310,0.9381,0.9445,0.9502,0.9551,0.9594,0.9632,0.9668,0.9698,0.9727
0.9753,0.9776,0.9795,0.9813,0.9829,0.9843,0.9856,0.9866,0.9875,0.9883
0.9891,0.9898,0.9904,0.9909,0.9914,0.9919,0.9923,0.9928,0.9931,0.9935
0.9939,0.9942,0.9946,0.9949,0.9952,0.9954,0.9957,0.9960,0.9962,0.9964
0.9966,0.9968,0.9970,0.9972,0.9973,0.9975,0.9977,0.9978,0.9980,0.9981
0.9982,0.9984,0.9985,0.9986,0.9987,0.9988,0.9989,0.9990,0.9991,0.9992
0.9993,0.9994,0.9994,0.9995,0.9996,0.9997,0.9998,0.9998,0.9999,1.0000
hwc2y2fract=0.0001,0.0002,0.0003,0.0004,0.0006,0.0007,0.0008,0.0009
0.0011,0.0013,0.0015,0.0017,0.0019,0.0023,0.0027,0.0034,0.0045,0.0064
0.0095,0.0146,0.0227,0.0343,0.0490,0.0667,0.0865,0.1083,0.1313,0.1542
0.1776,0.2013,0.2248,0.2485,0.2719,0.2955,0.3180,0.3408,0.3631,0.3854
0.4077,0.4295,0.4514,0.4726,0.4936,0.5143,0.5348,0.5553,0.5758,0.5958
0.6159,0.6360,0.6561,0.6763,0.6955,0.7150,0.7341,0.7530,0.7715,0.7894
0.8070,0.8239,0.8402,0.8558,0.8705,0.8845,0.8970,0.9083,0.9183,0.9273
0.9353,0.9423,0.9484,0.9537,0.9584,0.9625,0.9663,0.9696,0.9726,0.9752
0.9775,0.9795,0.9813,0.9829,0.9843,0.9855,0.9866,0.9876,0.9884,0.9892
0.9899,0.9905,0.9910,0.9915,0.9920,0.9924,0.9928,0.9932,0.9935,0.9939
0.9942,0.9945,0.9948,0.9951,0.9953,0.9955,0.9958,0.9960,0.9963,0.9965
0.9967,0.9969,0.9971,0.9973,0.9974,0.9976,0.9977,0.9979,0.9980,0.9982
0.9982,0.9984,0.9985,0.9986,0.9987,0.9988,0.9989,0.9990,0.9991,0.9992
0.9992,0.9993,0.9994,0.9995,0.9996,0.9997,0.9997,0.9998,0.9999,1.0000
hwc2x2fract=0.0001,0.0002,0.0003,0.0005,0.0006,0.0008,0.0009,0.0011
0.0013,0.0015,0.0018,0.0020,0.0024,0.0028,0.0035,0.0048,0.0069,0.0100
0.0146,0.0210,0.0295,0.0401,0.0529,0.0675,0.0834,0.1002,0.1182,0.1375
0.1573,0.1774,0.1982,0.2192,0.2411,0.2626,0.2847,0.3070,0.3293,0.3521
0.3746,0.3968,0.4191,0.4415,0.4638,0.4860,0.5082,0.5300,0.5516,0.5731
0.5942,0.6152,0.6363,0.6569,0.6770,0.6976,0.7173,0.7370,0.7560,0.7750
0.7934,0.8110,0.8280,0.8443,0.8593,0.8735,0.8864,0.8984,0.9091,0.9189
0.9276,0.9356,0.9427,0.9490,0.9546,0.9599,0.9645,0.9687,0.9724,0.9756
0.9785,0.9810,0.9831,0.9849,0.9864,0.9876,0.9887,0.9896,0.9904,0.9911
0.9917,0.9923,0.9928,0.9932,0.9935,0.9938,0.9942,0.9945,0.9948,0.9950
0.9953,0.9955,0.9957,0.9959,0.9961,0.9963,0.9965,0.9966,0.9968,0.9969
0.9971,0.9972,0.9973,0.9975,0.9976,0.9977,0.9979,0.9980,0.9981,0.9982
0.9983,0.9984,0.9985,0.9986,0.9987,0.9988,0.9989,0.9990,0.9991,0.9992
0.9993,0.9993,0.9994,0.9995,0.9996,0.9997,0.9998,0.9999,1.0000,1.0000
