; Lookup table
;number of bins in Meek's time to distance lookup table
hdriftbins=138
;number of 1st bin in Meek's table in ns
hdrift1stbin=-24
;bin size in ns of Meek's table
hdriftbinsz=2
hwc1x1fract=0.0000,0.0001,0.0001,0.0003,0.0003,0.0003,0.0003,0.0004
0.0004,0.0004,0.0006,0.0009,0.0012,0.0017,0.0021,0.0033,0.0044,0.0059
0.0084,0.0123,0.0160,0.0220,0.0297,0.0388,0.0496,0.0610,0.0752,0.0876
0.1025,0.1195,0.1358,0.1569,0.1751,0.1948,0.2154,0.2352,0.2581,0.2803
0.3020,0.3252,0.3465,0.3718,0.3932,0.4164,0.4398,0.4631,0.4867,0.5080
0.5312,0.5537,0.5774,0.5993,0.6200,0.6422,0.6633,0.6843,0.7052,0.7254
0.7461,0.7657,0.7812,0.7983,0.8171,0.8327,0.8490,0.8644,0.8792,0.8933
0.9052,0.9167,0.9264,0.9353,0.9441,0.9511,0.9574,0.9637,0.9692,0.9736
0.9770,0.9806,0.9842,0.9865,0.9889,0.9900,0.9917,0.9929,0.9947,0.9949
0.9957,0.9964,0.9966,0.9972,0.9972,0.9977,0.9982,0.9985,0.9987,0.9987
0.9990,0.9991,0.9993,0.9993,0.9993,0.9994,0.9994,0.9994,0.9995,0.9995
0.9995,0.9996,0.9996,0.9996,0.9996,0.9997,0.9997,0.9997,0.9997,0.9998
0.9998,0.9998,0.9998,1.0000,1.0000,1.0000,1.0000,1.0000,1.0000,1.0000
1.0000,1.0000,1.0000,1.0000,1.0000,1.0000,1.0000,1.0000,1.0000,1.0000
hwc1y1fract=0.0001,0.0001,0.0001,0.0002,0.0003,0.0004,0.0004,0.0004
0.0005,0.0006,0.0009,0.0013,0.0013,0.0018,0.0021,0.0025,0.0034,0.0052
0.0076,0.0116,0.0167,0.0255,0.0356,0.0491,0.0667,0.0837,0.1020,0.1214
0.1413,0.1642,0.1850,0.2100,0.2318,0.2520,0.2732,0.2975,0.3223,0.3438
0.3679,0.3896,0.4112,0.4343,0.4578,0.4800,0.5009,0.5239,0.5460,0.5687
0.5887,0.6101,0.6287,0.6516,0.6724,0.6916,0.7098,0.7283,0.7467,0.7663
0.7846,0.8007,0.8178,0.8349,0.8505,0.8662,0.8811,0.8947,0.9073,0.9169
0.9258,0.9350,0.9439,0.9500,0.9558,0.9624,0.9671,0.9697,0.9742,0.9771
0.9794,0.9811,0.9834,0.9854,0.9869,0.9879,0.9894,0.9908,0.9917,0.9923
0.9926,0.9938,0.9946,0.9955,0.9960,0.9962,0.9967,0.9969,0.9975,0.9979
0.9980,0.9982,0.9985,0.9988,0.9989,0.9989,0.9992,0.9992,0.9993,0.9995
0.9996,0.9997,0.9997,0.9997,0.9998,0.9998,0.9998,0.9998,0.9999,1.0000
1.0000,1.0000,1.0000,1.0000,1.0000,1.0000,1.0000,1.0000,1.0000,1.0000
1.0000,1.0000,1.0000,1.0000,1.0000,1.0000,1.0000,1.0000,1.0000,1.0000
hwc1u1fract=0.0000,0.0000,0.0001,0.0001,0.0001,0.0001,0.0001,0.0001
0.0001,0.0001,0.0001,0.0001,0.0001,0.0004,0.0010,0.0017,0.0027,0.0047
0.0078,0.0109,0.0154,0.0224,0.0326,0.0442,0.0597,0.0750,0.0926,0.1091
0.1284,0.1476,0.1664,0.1856,0.2070,0.2301,0.2523,0.2745,0.2975,0.3182
0.3381,0.3605,0.3823,0.4031,0.4251,0.4463,0.4670,0.4899,0.5133,0.5349
0.5550,0.5757,0.5972,0.6167,0.6388,0.6592,0.6786,0.6993,0.7204,0.7399
0.7583,0.7793,0.7961,0.8145,0.8323,0.8490,0.8640,0.8778,0.8903,0.9014
0.9117,0.9229,0.9324,0.9387,0.9470,0.9532,0.9595,0.9643,0.9684,0.9718
0.9753,0.9782,0.9804,0.9833,0.9852,0.9876,0.9891,0.9908,0.9921,0.9926
0.9938,0.9944,0.9947,0.9952,0.9954,0.9956,0.9962,0.9964,0.9967,0.9970
0.9971,0.9975,0.9976,0.9977,0.9979,0.9980,0.9981,0.9983,0.9988,0.9989
0.9991,0.9991,0.9993,0.9993,0.9993,0.9993,0.9995,0.9995,0.9995,0.9995
0.9997,0.9998,0.9999,0.9999,0.9999,0.9999,0.9999,0.9999,0.9999,0.9999
1.0000,1.0000,1.0000,1.0000,1.0000,1.0000,1.0000,1.0000,1.0000,1.0000
hwc1v1fract=0.0000,0.0000,0.0000,0.0000,0.0001,0.0001,0.0001,0.0001
0.0001,0.0001,0.0001,0.0001,0.0002,0.0003,0.0006,0.0009,0.0014,0.0023
0.0036,0.0069,0.0121,0.0206,0.0347,0.0487,0.0641,0.0813,0.0997,0.1203
0.1412,0.1604,0.1831,0.2042,0.2246,0.2451,0.2665,0.2899,0.3140,0.3407
0.3635,0.3859,0.4079,0.4281,0.4482,0.4712,0.4967,0.5194,0.5411,0.5623
0.5821,0.6006,0.6199,0.6403,0.6587,0.6781,0.6969,0.7145,0.7329,0.7519
0.7711,0.7888,0.8066,0.8228,0.8396,0.8565,0.8707,0.8850,0.8986,0.9092
0.9189,0.9291,0.9354,0.9430,0.9492,0.9563,0.9619,0.9669,0.9707,0.9745
0.9780,0.9806,0.9840,0.9862,0.9875,0.9891,0.9908,0.9915,0.9931,0.9934
0.9938,0.9941,0.9947,0.9951,0.9955,0.9959,0.9964,0.9965,0.9967,0.9970
0.9972,0.9979,0.9983,0.9984,0.9985,0.9988,0.9989,0.9991,0.9992,0.9993
0.9995,0.9997,0.9997,0.9997,0.9997,0.9998,0.9998,0.9999,1.0000,1.0000
1.0000,1.0000,1.0000,1.0000,1.0000,1.0000,1.0000,1.0000,1.0000,1.0000
1.0000,1.0000,1.0000,1.0000,1.0000,1.0000,1.0000,1.0000,1.0000,1.0000
hwc1y2fract=0.0000,0.0000,0.0000,0.0000,0.0000,0.0000,0.0001,0.0001
0.0001,0.0002,0.0004,0.0005,0.0005,0.0007,0.0007,0.0010,0.0013,0.0020
0.0038,0.0076,0.0129,0.0201,0.0296,0.0416,0.0562,0.0728,0.0925,0.1114
0.1315,0.1525,0.1743,0.1955,0.2164,0.2405,0.2631,0.2830,0.3048,0.3287
0.3517,0.3735,0.3966,0.4194,0.4429,0.4650,0.4892,0.5123,0.5337,0.5538
0.5738,0.5934,0.6159,0.6350,0.6585,0.6792,0.6962,0.7142,0.7321,0.7522
0.7712,0.7894,0.8060,0.8232,0.8409,0.8558,0.8709,0.8828,0.8955,0.9086
0.9193,0.9287,0.9374,0.9442,0.9509,0.9554,0.9596,0.9662,0.9691,0.9727
0.9748,0.9782,0.9807,0.9833,0.9854,0.9863,0.9882,0.9893,0.9905,0.9918
0.9927,0.9933,0.9938,0.9946,0.9949,0.9958,0.9961,0.9962,0.9967,0.9969
0.9971,0.9973,0.9974,0.9978,0.9982,0.9987,0.9988,0.9990,0.9991,0.9992
0.9994,0.9995,0.9995,0.9996,0.9996,0.9996,0.9996,0.9998,0.9998,0.9998
0.9999,0.9999,0.9999,0.9999,0.9999,0.9999,0.9999,0.9999,0.9999,0.9999
0.9999,1.0000,1.0000,1.0000,1.0000,1.0000,1.0000,1.0000,1.0000,1.0000
hwc1x2fract=0.0001,0.0001,0.0001,0.0001,0.0001,0.0001,0.0001,0.0001
0.0001,0.0001,0.0001,0.0003,0.0004,0.0005,0.0007,0.0017,0.0025,0.0039
0.0069,0.0114,0.0157,0.0237,0.0335,0.0437,0.0562,0.0705,0.0861,0.1010
0.1182,0.1351,0.1548,0.1735,0.1927,0.2096,0.2279,0.2500,0.2724,0.2952
0.3191,0.3403,0.3626,0.3856,0.4073,0.4310,0.4554,0.4788,0.5002,0.5222
0.5444,0.5675,0.5887,0.6070,0.6299,0.6521,0.6719,0.6915,0.7125,0.7313
0.7500,0.7724,0.7910,0.8087,0.8263,0.8450,0.8622,0.8770,0.8904,0.9016
0.9142,0.9253,0.9370,0.9445,0.9518,0.9582,0.9633,0.9687,0.9738,0.9779
0.9822,0.9850,0.9872,0.9890,0.9909,0.9919,0.9929,0.9944,0.9955,0.9960
0.9965,0.9968,0.9972,0.9973,0.9974,0.9977,0.9979,0.9981,0.9982,0.9985
0.9986,0.9988,0.9989,0.9991,0.9992,0.9994,0.9995,0.9996,0.9996,0.9997
0.9997,0.9997,0.9998,0.9998,0.9998,0.9999,0.9999,0.9999,0.9999,0.9999
1.0000,1.0000,1.0000,1.0000,1.0000,1.0000,1.0000,1.0000,1.0000,1.0000
1.0000,1.0000,1.0000,1.0000,1.0000,1.0000,1.0000,1.0000,1.0000,1.0000
hwc2x1fract=0.0000,0.0000,0.0001,0.0001,0.0001,0.0002,0.0003,0.0003
0.0005,0.0005,0.0005,0.0007,0.0009,0.0009,0.0011,0.0013,0.0023,0.0035
0.0062,0.0097,0.0147,0.0213,0.0292,0.0401,0.0515,0.0652,0.0796,0.0939
0.1117,0.1283,0.1452,0.1623,0.1841,0.2025,0.2239,0.2458,0.2662,0.2882
0.3099,0.3307,0.3527,0.3759,0.3976,0.4228,0.4464,0.4687,0.4903,0.5126
0.5330,0.5551,0.5759,0.5969,0.6170,0.6382,0.6606,0.6809,0.7042,0.7242
0.7467,0.7667,0.7863,0.8039,0.8225,0.8398,0.8565,0.8744,0.8878,0.8998
0.9108,0.9228,0.9329,0.9414,0.9496,0.9571,0.9625,0.9679,0.9738,0.9777
0.9813,0.9838,0.9871,0.9887,0.9910,0.9923,0.9938,0.9941,0.9950,0.9955
0.9960,0.9967,0.9971,0.9974,0.9975,0.9975,0.9976,0.9979,0.9982,0.9985
0.9985,0.9989,0.9989,0.9991,0.9992,0.9993,0.9994,0.9995,0.9995,0.9995
0.9996,0.9996,0.9996,0.9996,0.9997,0.9998,0.9999,0.9999,0.9999,0.9999
0.9999,0.9999,0.9999,0.9999,0.9999,0.9999,1.0000,1.0000,1.0000,1.0000
1.0000,1.0000,1.0000,1.0000,1.0000,1.0000,1.0000,1.0000,1.0000,1.0000
hwc2y1fract=0.0001,0.0001,0.0001,0.0001,0.0002,0.0002,0.0002,0.0003
0.0003,0.0003,0.0003,0.0003,0.0003,0.0005,0.0010,0.0014,0.0018,0.0029
0.0050,0.0078,0.0135,0.0231,0.0345,0.0472,0.0654,0.0855,0.1046,0.1266
0.1484,0.1719,0.1978,0.2206,0.2452,0.2676,0.2905,0.3126,0.3367,0.3595
0.3829,0.4070,0.4275,0.4502,0.4707,0.4930,0.5120,0.5327,0.5534,0.5737
0.5946,0.6160,0.6371,0.6595,0.6792,0.7004,0.7218,0.7415,0.7621,0.7817
0.7981,0.8172,0.8353,0.8520,0.8667,0.8807,0.8943,0.9066,0.9178,0.9285
0.9387,0.9441,0.9505,0.9554,0.9601,0.9654,0.9698,0.9742,0.9779,0.9813
0.9845,0.9861,0.9884,0.9893,0.9900,0.9915,0.9927,0.9937,0.9946,0.9951
0.9956,0.9959,0.9962,0.9964,0.9964,0.9970,0.9971,0.9971,0.9974,0.9977
0.9980,0.9982,0.9982,0.9983,0.9985,0.9986,0.9987,0.9988,0.9990,0.9995
0.9995,0.9996,0.9997,0.9998,0.9998,0.9998,0.9998,0.9998,0.9998,0.9999
0.9999,0.9999,0.9999,0.9999,0.9999,0.9999,0.9999,0.9999,0.9999,0.9999
0.9999,0.9999,0.9999,0.9999,0.9999,0.9999,1.0000,1.0000,1.0000,1.0000
hwc2u1fract=0.0000,0.0000,0.0000,0.0000,0.0000,0.0000,0.0000,0.0000
0.0000,0.0000,0.0000,0.0000,0.0000,0.0000,0.0000,0.0000,0.0002,0.0008
0.0016,0.0037,0.0091,0.0171,0.0284,0.0424,0.0598,0.0788,0.0974,0.1172
0.1408,0.1635,0.1877,0.2108,0.2334,0.2572,0.2786,0.3008,0.3254,0.3494
0.3739,0.3958,0.4179,0.4414,0.4624,0.4832,0.5031,0.5244,0.5483,0.5680
0.5868,0.6064,0.6257,0.6459,0.6665,0.6858,0.7076,0.7273,0.7442,0.7623
0.7814,0.7995,0.8174,0.8348,0.8497,0.8660,0.8802,0.8928,0.9062,0.9179
0.9273,0.9365,0.9429,0.9507,0.9559,0.9600,0.9652,0.9695,0.9732,0.9760
0.9798,0.9829,0.9846,0.9863,0.9880,0.9892,0.9903,0.9914,0.9921,0.9923
0.9927,0.9932,0.9937,0.9942,0.9949,0.9952,0.9957,0.9960,0.9964,0.9967
0.9968,0.9973,0.9976,0.9981,0.9984,0.9987,0.9989,0.9991,0.9992,0.9994
0.9994,0.9996,0.9997,0.9997,0.9997,0.9998,0.9998,0.9998,0.9998,0.9998
0.9998,0.9998,0.9998,0.9998,0.9998,0.9998,0.9999,0.9999,0.9999,0.9999
0.9999,0.9999,0.9999,0.9999,0.9999,0.9999,0.9999,0.9999,0.9999,1.0000
hwc2v1fract=0.0000,0.0000,0.0000,0.0000,0.0000,0.0001,0.0001,0.0001
0.0001,0.0001,0.0001,0.0002,0.0004,0.0004,0.0005,0.0006,0.0006,0.0016
0.0029,0.0061,0.0105,0.0185,0.0298,0.0446,0.0625,0.0808,0.1002,0.1226
0.1469,0.1697,0.1926,0.2158,0.2375,0.2578,0.2820,0.3026,0.3253,0.3452
0.3662,0.3898,0.4124,0.4350,0.4581,0.4813,0.5004,0.5214,0.5444,0.5665
0.5876,0.6068,0.6264,0.6477,0.6682,0.6859,0.7077,0.7257,0.7477,0.7660
0.7833,0.8006,0.8182,0.8370,0.8544,0.8698,0.8835,0.8960,0.9071,0.9174
0.9265,0.9339,0.9417,0.9482,0.9537,0.9586,0.9643,0.9694,0.9731,0.9765
0.9796,0.9817,0.9837,0.9863,0.9869,0.9883,0.9891,0.9908,0.9917,0.9925
0.9932,0.9936,0.9945,0.9951,0.9957,0.9957,0.9962,0.9965,0.9971,0.9976
0.9981,0.9985,0.9986,0.9987,0.9988,0.9991,0.9992,0.9992,0.9994,0.9994
0.9994,0.9994,0.9995,0.9995,0.9995,0.9996,0.9996,0.9996,0.9998,0.9998
0.9998,0.9998,0.9998,0.9999,0.9999,0.9999,0.9999,0.9999,0.9999,0.9999
0.9999,0.9999,0.9999,0.9999,0.9999,0.9999,0.9999,0.9999,0.9999,1.0000
hwc2y2fract=0.0000,0.0000,0.0000,0.0000,0.0000,0.0002,0.0002,0.0002
0.0002,0.0003,0.0006,0.0007,0.0008,0.0011,0.0013,0.0017,0.0026,0.0040
0.0065,0.0096,0.0141,0.0225,0.0347,0.0503,0.0668,0.0846,0.1037,0.1236
0.1458,0.1693,0.1945,0.2169,0.2419,0.2655,0.2868,0.3111,0.3338,0.3556
0.3777,0.4007,0.4243,0.4446,0.4664,0.4874,0.5076,0.5299,0.5500,0.5705
0.5899,0.6115,0.6316,0.6521,0.6724,0.6908,0.7107,0.7319,0.7537,0.7716
0.7903,0.8061,0.8252,0.8439,0.8589,0.8725,0.8862,0.9006,0.9121,0.9238
0.9322,0.9420,0.9483,0.9549,0.9602,0.9650,0.9704,0.9742,0.9773,0.9813
0.9837,0.9851,0.9861,0.9879,0.9891,0.9904,0.9915,0.9921,0.9931,0.9935
0.9944,0.9947,0.9951,0.9955,0.9960,0.9964,0.9968,0.9971,0.9975,0.9978
0.9979,0.9982,0.9984,0.9986,0.9989,0.9989,0.9991,0.9994,0.9994,0.9994
0.9994,0.9994,0.9995,0.9995,0.9996,0.9997,0.9997,0.9999,1.0000,1.0000
1.0000,1.0000,1.0000,1.0000,1.0000,1.0000,1.0000,1.0000,1.0000,1.0000
1.0000,1.0000,1.0000,1.0000,1.0000,1.0000,1.0000,1.0000,1.0000,1.0000
hwc2x2fract=0.0000,0.0000,0.0000,0.0000,0.0000,0.0000,0.0002,0.0002
0.0002,0.0004,0.0004,0.0004,0.0004,0.0005,0.0008,0.0015,0.0022,0.0041
0.0062,0.0101,0.0144,0.0218,0.0309,0.0410,0.0511,0.0648,0.0808,0.0970
0.1114,0.1283,0.1470,0.1699,0.1934,0.2123,0.2333,0.2531,0.2785,0.2988
0.3205,0.3421,0.3637,0.3842,0.4097,0.4350,0.4586,0.4790,0.5005,0.5210
0.5455,0.5674,0.5894,0.6102,0.6313,0.6543,0.6742,0.6947,0.7155,0.7349
0.7557,0.7746,0.7936,0.8109,0.8276,0.8442,0.8633,0.8762,0.8892,0.9012
0.9113,0.9226,0.9325,0.9412,0.9490,0.9565,0.9632,0.9684,0.9733,0.9787
0.9823,0.9847,0.9865,0.9891,0.9904,0.9923,0.9931,0.9937,0.9944,0.9951
0.9959,0.9969,0.9971,0.9974,0.9978,0.9979,0.9984,0.9988,0.9989,0.9991
0.9991,0.9993,0.9993,0.9993,0.9994,0.9995,0.9996,0.9996,0.9996,0.9996
0.9996,0.9996,0.9996,0.9996,0.9996,0.9997,0.9997,0.9997,0.9997,0.9998
1.0000,1.0000,1.0000,1.0000,1.0000,1.0000,1.0000,1.0000,1.0000,1.0000
1.0000,1.0000,1.0000,1.0000,1.0000,1.0000,1.0000,1.0000,1.0000,1.0000
