; Lookup table
;number of bins in Meek's time to distance lookup table
hdriftbins=138
;number of 1st bin in Meek's table in ns
hdrift1stbin=-24
;bin size in ns of Meek's table
hdriftbinsz=2
hwc1x1fract=0.0001,0.0001,0.0002,0.0002,0.0003,0.0004,0.0005,0.0005
0.0007,0.0008,0.0009,0.0011,0.0013,0.0016,0.0019,0.0024,0.0031,0.0041
0.0059,0.0087,0.0132,0.0197,0.0285,0.0392,0.0517,0.0656,0.0811,0.0973
0.1146,0.1330,0.1522,0.1722,0.1930,0.2141,0.2357,0.2576,0.2797,0.3025
0.3249,0.3477,0.3704,0.3931,0.4159,0.4385,0.4613,0.4835,0.5058,0.5277
0.5493,0.5711,0.5926,0.6137,0.6347,0.6556,0.6759,0.6960,0.7157,0.7352
0.7538,0.7725,0.7905,0.8077,0.8240,0.8398,0.8547,0.8686,0.8814,0.8936
0.9048,0.9152,0.9244,0.9330,0.9408,0.9479,0.9544,0.9605,0.9662,0.9711
0.9754,0.9793,0.9826,0.9854,0.9877,0.9896,0.9912,0.9926,0.9936,0.9945
0.9952,0.9959,0.9964,0.9968,0.9972,0.9975,0.9978,0.9980,0.9982,0.9984
0.9985,0.9986,0.9987,0.9989,0.9989,0.9991,0.9991,0.9992,0.9993,0.9993
0.9994,0.9995,0.9995,0.9996,0.9996,0.9996,0.9997,0.9997,0.9997,0.9998
0.9998,0.9998,0.9998,0.9999,0.9999,0.9999,0.9999,0.9999,0.9999,0.9999
1.0000,1.0000,1.0000,1.0000,1.0000,1.0000,1.0000,1.0000,1.0000,1.0000
hwc1y1fract=0.0000,0.0000,0.0001,0.0001,0.0002,0.0002,0.0003,0.0003
0.0004,0.0005,0.0006,0.0007,0.0008,0.0010,0.0012,0.0016,0.0021,0.0030
0.0045,0.0071,0.0117,0.0192,0.0298,0.0432,0.0592,0.0774,0.0976,0.1189
0.1413,0.1646,0.1882,0.2118,0.2353,0.2591,0.2829,0.3061,0.3295,0.3521
0.3749,0.3973,0.4193,0.4411,0.4628,0.4841,0.5053,0.5259,0.5467,0.5676
0.5877,0.6080,0.6280,0.6480,0.6678,0.6873,0.7063,0.7251,0.7438,0.7623
0.7800,0.7970,0.8140,0.8302,0.8458,0.8602,0.8738,0.8866,0.8985,0.9091
0.9184,0.9267,0.9344,0.9414,0.9476,0.9531,0.9580,0.9624,0.9666,0.9703
0.9735,0.9765,0.9792,0.9816,0.9838,0.9857,0.9873,0.9887,0.9900,0.9911
0.9921,0.9930,0.9938,0.9945,0.9951,0.9956,0.9960,0.9965,0.9968,0.9972
0.9974,0.9977,0.9979,0.9981,0.9983,0.9985,0.9986,0.9988,0.9989,0.9990
0.9992,0.9993,0.9993,0.9994,0.9995,0.9995,0.9996,0.9996,0.9997,0.9997
0.9997,0.9998,0.9998,0.9998,0.9998,0.9999,0.9999,0.9999,0.9999,0.9999
0.9999,0.9999,0.9999,1.0000,1.0000,1.0000,1.0000,1.0000,1.0000,1.0000
hwc1u1fract=0.0000,0.0000,0.0000,0.0000,0.0000,0.0000,0.0001,0.0001
0.0001,0.0001,0.0002,0.0002,0.0002,0.0003,0.0004,0.0007,0.0012,0.0020
0.0037,0.0071,0.0135,0.0230,0.0355,0.0501,0.0669,0.0852,0.1049,0.1259
0.1476,0.1693,0.1919,0.2148,0.2379,0.2609,0.2838,0.3070,0.3296,0.3525
0.3750,0.3972,0.4192,0.4410,0.4629,0.4840,0.5055,0.5262,0.5471,0.5679
0.5883,0.6086,0.6287,0.6483,0.6679,0.6871,0.7062,0.7250,0.7435,0.7619
0.7798,0.7973,0.8144,0.8301,0.8453,0.8598,0.8733,0.8856,0.8970,0.9073
0.9163,0.9245,0.9320,0.9388,0.9451,0.9506,0.9558,0.9606,0.9650,0.9692
0.9729,0.9762,0.9792,0.9818,0.9840,0.9860,0.9876,0.9890,0.9902,0.9912
0.9922,0.9930,0.9937,0.9943,0.9948,0.9953,0.9957,0.9961,0.9965,0.9968
0.9971,0.9974,0.9977,0.9979,0.9981,0.9983,0.9984,0.9986,0.9987,0.9988
0.9990,0.9991,0.9992,0.9993,0.9993,0.9994,0.9995,0.9995,0.9996,0.9996
0.9997,0.9997,0.9998,0.9998,0.9998,0.9998,0.9999,0.9999,0.9999,0.9999
0.9999,0.9999,1.0000,1.0000,1.0000,1.0000,1.0000,1.0000,1.0000,1.0000
hwc1v1fract=0.0000,0.0000,0.0000,0.0000,0.0001,0.0001,0.0001,0.0001
0.0002,0.0002,0.0002,0.0003,0.0004,0.0005,0.0008,0.0012,0.0020,0.0035
0.0065,0.0118,0.0197,0.0308,0.0444,0.0603,0.0779,0.0971,0.1167,0.1372
0.1581,0.1796,0.2016,0.2234,0.2454,0.2672,0.2895,0.3118,0.3341,0.3565
0.3780,0.4002,0.4217,0.4434,0.4646,0.4860,0.5071,0.5282,0.5490,0.5701
0.5904,0.6108,0.6309,0.6514,0.6713,0.6913,0.7107,0.7301,0.7489,0.7674
0.7856,0.8032,0.8202,0.8367,0.8524,0.8671,0.8805,0.8928,0.9035,0.9133
0.9221,0.9300,0.9369,0.9435,0.9494,0.9549,0.9598,0.9644,0.9685,0.9725
0.9760,0.9793,0.9821,0.9845,0.9866,0.9882,0.9897,0.9909,0.9920,0.9928
0.9936,0.9943,0.9949,0.9955,0.9959,0.9963,0.9966,0.9969,0.9972,0.9975
0.9977,0.9979,0.9981,0.9983,0.9985,0.9986,0.9987,0.9989,0.9990,0.9992
0.9993,0.9993,0.9994,0.9994,0.9995,0.9996,0.9996,0.9997,0.9997,0.9997
0.9997,0.9998,0.9998,0.9998,0.9999,0.9999,0.9999,0.9999,0.9999,0.9999
0.9999,0.9999,1.0000,1.0000,1.0000,1.0000,1.0000,1.0000,1.0000,1.0000
hwc1y2fract=0.0000,0.0000,0.0000,0.0000,0.0001,0.0001,0.0001,0.0001
0.0001,0.0002,0.0002,0.0002,0.0003,0.0004,0.0006,0.0008,0.0014,0.0023
0.0042,0.0077,0.0137,0.0224,0.0340,0.0481,0.0647,0.0833,0.1032,0.1248
0.1471,0.1703,0.1933,0.2166,0.2401,0.2637,0.2872,0.3103,0.3334,0.3561
0.3787,0.4009,0.4229,0.4444,0.4658,0.4870,0.5078,0.5285,0.5490,0.5696
0.5900,0.6099,0.6301,0.6501,0.6698,0.6891,0.7084,0.7274,0.7456,0.7638
0.7815,0.7989,0.8156,0.8313,0.8464,0.8607,0.8737,0.8859,0.8969,0.9070
0.9162,0.9247,0.9321,0.9390,0.9451,0.9507,0.9558,0.9604,0.9646,0.9684
0.9720,0.9750,0.9778,0.9803,0.9825,0.9843,0.9859,0.9874,0.9888,0.9900
0.9910,0.9919,0.9927,0.9935,0.9942,0.9948,0.9953,0.9957,0.9961,0.9965
0.9969,0.9972,0.9974,0.9977,0.9978,0.9981,0.9983,0.9984,0.9985,0.9987
0.9988,0.9990,0.9991,0.9992,0.9993,0.9993,0.9994,0.9995,0.9995,0.9996
0.9996,0.9997,0.9997,0.9997,0.9998,0.9998,0.9998,0.9998,0.9998,0.9999
0.9999,0.9999,0.9999,0.9999,1.0000,1.0000,1.0000,1.0000,1.0000,1.0000
hwc1x2fract=0.0000,0.0000,0.0000,0.0001,0.0001,0.0002,0.0002,0.0003
0.0003,0.0004,0.0005,0.0006,0.0007,0.0009,0.0012,0.0017,0.0026,0.0042
0.0071,0.0116,0.0183,0.0274,0.0384,0.0514,0.0661,0.0814,0.0985,0.1163
0.1354,0.1550,0.1752,0.1962,0.2177,0.2394,0.2617,0.2842,0.3068,0.3295
0.3527,0.3754,0.3980,0.4207,0.4432,0.4654,0.4871,0.5090,0.5308,0.5524
0.5739,0.5950,0.6163,0.6369,0.6575,0.6781,0.6981,0.7179,0.7371,0.7559
0.7745,0.7925,0.8096,0.8260,0.8419,0.8568,0.8704,0.8832,0.8951,0.9060
0.9157,0.9247,0.9331,0.9408,0.9477,0.9543,0.9601,0.9654,0.9703,0.9748
0.9786,0.9820,0.9847,0.9869,0.9889,0.9906,0.9919,0.9930,0.9939,0.9947
0.9953,0.9959,0.9963,0.9967,0.9971,0.9973,0.9976,0.9978,0.9980,0.9982
0.9984,0.9986,0.9987,0.9988,0.9989,0.9990,0.9991,0.9992,0.9992,0.9993
0.9994,0.9994,0.9995,0.9995,0.9996,0.9996,0.9996,0.9997,0.9997,0.9997
0.9997,0.9998,0.9998,0.9998,0.9998,0.9998,0.9999,0.9999,0.9999,0.9999
0.9999,0.9999,0.9999,1.0000,1.0000,1.0000,1.0000,1.0000,1.0000,1.0000
hwc2x1fract=0.0000,0.0001,0.0002,0.0002,0.0003,0.0004,0.0004,0.0005
0.0007,0.0008,0.0010,0.0012,0.0015,0.0018,0.0023,0.0031,0.0048,0.0078
0.0120,0.0178,0.0258,0.0358,0.0475,0.0612,0.0761,0.0926,0.1104,0.1291
0.1481,0.1680,0.1882,0.2095,0.2314,0.2533,0.2759,0.2989,0.3218,0.3447
0.3674,0.3904,0.4130,0.4358,0.4584,0.4809,0.5030,0.5251,0.5469,0.5687
0.5903,0.6117,0.6326,0.6536,0.6741,0.6942,0.7141,0.7341,0.7537,0.7724
0.7908,0.8089,0.8261,0.8423,0.8576,0.8715,0.8844,0.8962,0.9072,0.9171
0.9263,0.9345,0.9421,0.9490,0.9552,0.9608,0.9660,0.9707,0.9749,0.9787
0.9819,0.9847,0.9871,0.9890,0.9906,0.9921,0.9932,0.9941,0.9948,0.9955
0.9961,0.9966,0.9969,0.9972,0.9975,0.9977,0.9980,0.9981,0.9983,0.9985
0.9987,0.9988,0.9989,0.9990,0.9991,0.9992,0.9993,0.9993,0.9994,0.9995
0.9995,0.9996,0.9996,0.9997,0.9997,0.9997,0.9998,0.9998,0.9998,0.9998
0.9998,0.9998,0.9999,0.9999,0.9999,0.9999,0.9999,0.9999,0.9999,0.9999
1.0000,1.0000,1.0000,1.0000,1.0000,1.0000,1.0000,1.0000,1.0000,1.0000
hwc2y1fract=0.0000,0.0000,0.0000,0.0000,0.0000,0.0001,0.0001,0.0001
0.0001,0.0001,0.0002,0.0002,0.0002,0.0003,0.0004,0.0005,0.0007,0.0013
0.0022,0.0044,0.0086,0.0158,0.0261,0.0399,0.0566,0.0755,0.0963,0.1193
0.1429,0.1669,0.1913,0.2160,0.2402,0.2647,0.2887,0.3125,0.3357,0.3590
0.3820,0.4046,0.4268,0.4489,0.4706,0.4920,0.5131,0.5339,0.5545,0.5748
0.5955,0.6159,0.6362,0.6561,0.6753,0.6948,0.7140,0.7325,0.7511,0.7691
0.7873,0.8047,0.8214,0.8376,0.8531,0.8679,0.8815,0.8939,0.9053,0.9156
0.9251,0.9333,0.9406,0.9472,0.9529,0.9579,0.9625,0.9667,0.9705,0.9738
0.9769,0.9795,0.9817,0.9838,0.9856,0.9872,0.9886,0.9898,0.9909,0.9919
0.9927,0.9935,0.9941,0.9947,0.9952,0.9957,0.9961,0.9965,0.9968,0.9971
0.9974,0.9976,0.9978,0.9980,0.9981,0.9983,0.9985,0.9986,0.9988,0.9989
0.9990,0.9991,0.9992,0.9993,0.9994,0.9994,0.9995,0.9996,0.9996,0.9997
0.9997,0.9998,0.9998,0.9998,0.9998,0.9998,0.9999,0.9999,0.9999,0.9999
0.9999,0.9999,0.9999,1.0000,1.0000,1.0000,1.0000,1.0000,1.0000,1.0000
hwc2u1fract=0.0000,0.0000,0.0000,0.0000,0.0001,0.0001,0.0001,0.0001
0.0001,0.0002,0.0002,0.0002,0.0003,0.0004,0.0005,0.0007,0.0013,0.0024
0.0052,0.0109,0.0203,0.0335,0.0501,0.0694,0.0902,0.1125,0.1355,0.1590
0.1828,0.2067,0.2304,0.2540,0.2778,0.3017,0.3248,0.3478,0.3704,0.3927
0.4149,0.4367,0.4580,0.4792,0.5001,0.5207,0.5413,0.5618,0.5820,0.6024
0.6224,0.6419,0.6612,0.6806,0.6996,0.7186,0.7374,0.7555,0.7738,0.7917
0.8092,0.8260,0.8419,0.8574,0.8720,0.8854,0.8976,0.9086,0.9187,0.9272
0.9349,0.9419,0.9479,0.9534,0.9582,0.9627,0.9667,0.9704,0.9736,0.9766
0.9795,0.9820,0.9842,0.9860,0.9876,0.9890,0.9902,0.9912,0.9921,0.9929
0.9935,0.9941,0.9946,0.9951,0.9955,0.9959,0.9963,0.9966,0.9969,0.9972
0.9974,0.9977,0.9979,0.9980,0.9982,0.9984,0.9986,0.9987,0.9988,0.9990
0.9991,0.9992,0.9993,0.9994,0.9994,0.9995,0.9995,0.9996,0.9997,0.9997
0.9998,0.9998,0.9998,0.9998,0.9999,0.9999,0.9999,0.9999,0.9999,0.9999
0.9999,1.0000,1.0000,1.0000,1.0000,1.0000,1.0000,1.0000,1.0000,1.0000
hwc2v1fract=0.0000,0.0000,0.0000,0.0000,0.0001,0.0001,0.0001,0.0001
0.0002,0.0002,0.0003,0.0003,0.0004,0.0005,0.0006,0.0008,0.0012,0.0021
0.0041,0.0080,0.0150,0.0259,0.0401,0.0571,0.0764,0.0981,0.1207,0.1437
0.1670,0.1910,0.2149,0.2387,0.2626,0.2862,0.3094,0.3326,0.3549,0.3778
0.4002,0.4222,0.4437,0.4649,0.4861,0.5071,0.5280,0.5484,0.5687,0.5890
0.6086,0.6284,0.6478,0.6674,0.6869,0.7060,0.7249,0.7436,0.7618,0.7799
0.7978,0.8153,0.8319,0.8478,0.8626,0.8764,0.8894,0.9014,0.9119,0.9213
0.9294,0.9368,0.9433,0.9491,0.9545,0.9591,0.9635,0.9674,0.9710,0.9745
0.9775,0.9801,0.9826,0.9847,0.9865,0.9879,0.9892,0.9904,0.9914,0.9923
0.9930,0.9936,0.9942,0.9948,0.9953,0.9957,0.9961,0.9965,0.9968,0.9971
0.9973,0.9976,0.9978,0.9980,0.9982,0.9984,0.9986,0.9987,0.9989,0.9990
0.9991,0.9992,0.9993,0.9994,0.9995,0.9996,0.9996,0.9997,0.9997,0.9997
0.9998,0.9998,0.9998,0.9999,0.9999,0.9999,0.9999,0.9999,0.9999,0.9999
1.0000,1.0000,1.0000,1.0000,1.0000,1.0000,1.0000,1.0000,1.0000,1.0000
hwc2y2fract=0.0000,0.0000,0.0000,0.0000,0.0000,0.0001,0.0001,0.0001
0.0001,0.0002,0.0002,0.0002,0.0003,0.0004,0.0005,0.0007,0.0010,0.0017
0.0030,0.0057,0.0103,0.0181,0.0292,0.0435,0.0606,0.0805,0.1020,0.1251
0.1489,0.1734,0.1981,0.2228,0.2469,0.2711,0.2946,0.3183,0.3414,0.3644
0.3868,0.4094,0.4316,0.4535,0.4748,0.4960,0.5170,0.5379,0.5587,0.5792
0.6000,0.6206,0.6404,0.6602,0.6795,0.6992,0.7185,0.7377,0.7561,0.7744
0.7921,0.8094,0.8260,0.8419,0.8571,0.8715,0.8847,0.8968,0.9079,0.9180
0.9270,0.9350,0.9421,0.9484,0.9538,0.9586,0.9630,0.9671,0.9708,0.9741
0.9769,0.9795,0.9818,0.9838,0.9855,0.9871,0.9885,0.9897,0.9908,0.9917
0.9926,0.9932,0.9939,0.9945,0.9951,0.9955,0.9959,0.9963,0.9966,0.9969
0.9972,0.9975,0.9977,0.9979,0.9981,0.9982,0.9984,0.9986,0.9987,0.9989
0.9990,0.9991,0.9992,0.9993,0.9994,0.9995,0.9995,0.9996,0.9996,0.9997
0.9997,0.9997,0.9998,0.9998,0.9998,0.9998,0.9999,0.9999,0.9999,0.9999
0.9999,0.9999,0.9999,0.9999,1.0000,1.0000,1.0000,1.0000,1.0000,1.0000
hwc2x2fract=0.0000,0.0001,0.0001,0.0001,0.0002,0.0002,0.0003,0.0003
0.0004,0.0005,0.0006,0.0007,0.0008,0.0010,0.0013,0.0016,0.0022,0.0033
0.0051,0.0082,0.0136,0.0213,0.0314,0.0438,0.0582,0.0740,0.0912,0.1097
0.1291,0.1493,0.1703,0.1920,0.2137,0.2359,0.2587,0.2819,0.3049,0.3281
0.3514,0.3743,0.3968,0.4193,0.4418,0.4640,0.4864,0.5083,0.5301,0.5517
0.5730,0.5944,0.6152,0.6356,0.6563,0.6767,0.6967,0.7165,0.7360,0.7550
0.7739,0.7922,0.8094,0.8263,0.8421,0.8575,0.8716,0.8845,0.8965,0.9075
0.9175,0.9266,0.9347,0.9422,0.9489,0.9550,0.9606,0.9658,0.9704,0.9746
0.9783,0.9815,0.9843,0.9865,0.9885,0.9902,0.9915,0.9927,0.9937,0.9944
0.9951,0.9957,0.9962,0.9966,0.9970,0.9973,0.9976,0.9978,0.9980,0.9982
0.9984,0.9985,0.9987,0.9988,0.9989,0.9991,0.9992,0.9992,0.9993,0.9994
0.9994,0.9995,0.9996,0.9996,0.9997,0.9997,0.9997,0.9998,0.9998,0.9998
0.9998,0.9998,0.9999,0.9999,0.9999,0.9999,0.9999,0.9999,0.9999,1.0000
1.0000,1.0000,1.0000,1.0000,1.0000,1.0000,1.0000,1.0000,1.0000,1.0000
