; Lookup table
;number of bins in Meek's time to distance lookup table
hdriftbins=138
;number of 1st bin in Meek's table in ns
hdrift1stbin=-24
;bin size in ns of Meek's table
hdriftbinsz=2
hwc1x1fract=0.0001,0.0002,0.0004,0.0005,0.0006,0.0007,0.0009,0.0010
0.0012,0.0014,0.0016,0.0019,0.0021,0.0025,0.0030,0.0037,0.0049,0.0069
0.0096,0.0131,0.0177,0.0237,0.0316,0.0417,0.0529,0.0659,0.0807,0.0966
0.1132,0.1307,0.1490,0.1681,0.1876,0.2075,0.2283,0.2495,0.2710,0.2929
0.3148,0.3371,0.3591,0.3818,0.4043,0.4269,0.4489,0.4712,0.4930,0.5148
0.5363,0.5580,0.5798,0.6008,0.6218,0.6431,0.6638,0.6842,0.7041,0.7240
0.7437,0.7624,0.7808,0.7988,0.8156,0.8316,0.8470,0.8615,0.8747,0.8872
0.8987,0.9093,0.9188,0.9275,0.9354,0.9428,0.9494,0.9555,0.9609,0.9657
0.9700,0.9738,0.9772,0.9799,0.9823,0.9842,0.9860,0.9874,0.9886,0.9896
0.9905,0.9912,0.9918,0.9924,0.9929,0.9934,0.9938,0.9942,0.9945,0.9948
0.9951,0.9954,0.9956,0.9958,0.9960,0.9962,0.9964,0.9966,0.9968,0.9970
0.9971,0.9973,0.9974,0.9975,0.9977,0.9978,0.9979,0.9981,0.9982,0.9983
0.9984,0.9985,0.9986,0.9987,0.9988,0.9989,0.9990,0.9990,0.9991,0.9992
0.9993,0.9994,0.9995,0.9995,0.9996,0.9997,0.9998,0.9998,0.9999,1.0000
hwc1y1fract=0.0001,0.0003,0.0004,0.0005,0.0007,0.0008,0.0009,0.0011
0.0014,0.0016,0.0019,0.0021,0.0024,0.0028,0.0033,0.0039,0.0049,0.0063
0.0082,0.0112,0.0164,0.0244,0.0357,0.0499,0.0666,0.0857,0.1063,0.1280
0.1507,0.1735,0.1970,0.2203,0.2434,0.2663,0.2890,0.3118,0.3345,0.3570
0.3792,0.4009,0.4229,0.4446,0.4661,0.4866,0.5074,0.5281,0.5486,0.5686
0.5885,0.6085,0.6286,0.6485,0.6686,0.6881,0.7073,0.7265,0.7450,0.7633
0.7812,0.7985,0.8156,0.8321,0.8478,0.8630,0.8767,0.8896,0.9013,0.9119
0.9213,0.9297,0.9372,0.9438,0.9496,0.9548,0.9594,0.9635,0.9672,0.9705
0.9734,0.9759,0.9783,0.9804,0.9821,0.9837,0.9851,0.9863,0.9873,0.9883
0.9892,0.9899,0.9906,0.9913,0.9919,0.9924,0.9928,0.9933,0.9937,0.9941
0.9944,0.9947,0.9950,0.9953,0.9956,0.9958,0.9961,0.9964,0.9966,0.9967
0.9970,0.9972,0.9973,0.9975,0.9976,0.9978,0.9979,0.9980,0.9981,0.9982
0.9983,0.9985,0.9986,0.9987,0.9988,0.9989,0.9990,0.9991,0.9992,0.9993
0.9994,0.9994,0.9995,0.9996,0.9996,0.9997,0.9998,0.9999,0.9999,1.0000
hwc1u1fract=0.0000,0.0001,0.0002,0.0003,0.0003,0.0004,0.0005,0.0006
0.0006,0.0007,0.0008,0.0009,0.0011,0.0012,0.0014,0.0020,0.0032,0.0051
0.0078,0.0113,0.0163,0.0230,0.0327,0.0447,0.0593,0.0756,0.0937,0.1132
0.1337,0.1541,0.1754,0.1972,0.2192,0.2414,0.2638,0.2861,0.3085,0.3303
0.3524,0.3743,0.3965,0.4182,0.4398,0.4609,0.4820,0.5033,0.5243,0.5452
0.5657,0.5860,0.6066,0.6269,0.6469,0.6668,0.6868,0.7059,0.7251,0.7440
0.7625,0.7807,0.7984,0.8151,0.8313,0.8465,0.8609,0.8744,0.8869,0.8981
0.9082,0.9176,0.9257,0.9332,0.9401,0.9460,0.9515,0.9564,0.9606,0.9647
0.9682,0.9715,0.9744,0.9770,0.9794,0.9813,0.9831,0.9845,0.9858,0.9870
0.9880,0.9889,0.9896,0.9904,0.9910,0.9915,0.9921,0.9926,0.9930,0.9934
0.9938,0.9942,0.9945,0.9948,0.9951,0.9954,0.9957,0.9960,0.9962,0.9964
0.9966,0.9968,0.9970,0.9972,0.9974,0.9975,0.9977,0.9978,0.9980,0.9981
0.9982,0.9983,0.9984,0.9985,0.9986,0.9987,0.9988,0.9989,0.9990,0.9992
0.9993,0.9993,0.9995,0.9995,0.9996,0.9997,0.9998,0.9999,0.9999,1.0000
hwc1v1fract=0.0001,0.0001,0.0002,0.0003,0.0003,0.0004,0.0005,0.0006
0.0007,0.0008,0.0009,0.0011,0.0012,0.0014,0.0016,0.0019,0.0023,0.0030
0.0043,0.0068,0.0115,0.0192,0.0300,0.0439,0.0608,0.0791,0.0993,0.1205
0.1422,0.1640,0.1865,0.2095,0.2323,0.2545,0.2770,0.2992,0.3213,0.3431
0.3650,0.3866,0.4078,0.4293,0.4504,0.4714,0.4921,0.5128,0.5335,0.5538
0.5739,0.5939,0.6134,0.6336,0.6534,0.6731,0.6925,0.7119,0.7312,0.7505
0.7686,0.7868,0.8042,0.8214,0.8376,0.8534,0.8681,0.8816,0.8938,0.9048
0.9145,0.9231,0.9310,0.9379,0.9441,0.9495,0.9546,0.9591,0.9631,0.9667
0.9700,0.9731,0.9757,0.9781,0.9802,0.9820,0.9835,0.9848,0.9860,0.9871
0.9881,0.9889,0.9897,0.9904,0.9909,0.9915,0.9920,0.9925,0.9929,0.9933
0.9937,0.9941,0.9944,0.9948,0.9951,0.9953,0.9957,0.9959,0.9962,0.9964
0.9966,0.9969,0.9971,0.9973,0.9974,0.9976,0.9977,0.9979,0.9980,0.9982
0.9983,0.9984,0.9985,0.9986,0.9987,0.9988,0.9990,0.9991,0.9991,0.9992
0.9993,0.9994,0.9995,0.9996,0.9996,0.9997,0.9998,0.9999,0.9999,1.0000
hwc1y2fract=0.0001,0.0002,0.0003,0.0004,0.0005,0.0006,0.0007,0.0009
0.0010,0.0011,0.0013,0.0015,0.0017,0.0019,0.0023,0.0028,0.0036,0.0051
0.0074,0.0114,0.0175,0.0267,0.0389,0.0537,0.0705,0.0898,0.1099,0.1316
0.1535,0.1763,0.1993,0.2225,0.2452,0.2681,0.2910,0.3134,0.3356,0.3579
0.3799,0.4015,0.4230,0.4443,0.4655,0.4864,0.5072,0.5280,0.5492,0.5698
0.5898,0.6100,0.6299,0.6496,0.6691,0.6886,0.7079,0.7269,0.7453,0.7633
0.7814,0.7987,0.8155,0.8314,0.8468,0.8616,0.8750,0.8875,0.8987,0.9090
0.9183,0.9266,0.9338,0.9403,0.9461,0.9514,0.9561,0.9602,0.9641,0.9677
0.9707,0.9734,0.9760,0.9781,0.9800,0.9817,0.9833,0.9847,0.9858,0.9868
0.9878,0.9886,0.9895,0.9902,0.9908,0.9914,0.9920,0.9925,0.9929,0.9933
0.9937,0.9941,0.9945,0.9948,0.9951,0.9954,0.9957,0.9960,0.9962,0.9965
0.9967,0.9969,0.9971,0.9974,0.9975,0.9977,0.9978,0.9980,0.9981,0.9982
0.9983,0.9985,0.9986,0.9987,0.9988,0.9989,0.9990,0.9991,0.9992,0.9993
0.9994,0.9994,0.9995,0.9996,0.9996,0.9997,0.9998,0.9999,0.9999,1.0000
hwc1x2fract=0.0001,0.0002,0.0003,0.0004,0.0005,0.0006,0.0007,0.0009
0.0010,0.0012,0.0013,0.0015,0.0017,0.0020,0.0023,0.0029,0.0037,0.0052
0.0075,0.0109,0.0158,0.0229,0.0320,0.0431,0.0565,0.0712,0.0870,0.1041
0.1218,0.1405,0.1600,0.1804,0.2008,0.2218,0.2435,0.2656,0.2875,0.3100
0.3326,0.3548,0.3775,0.4000,0.4221,0.4447,0.4665,0.4886,0.5102,0.5319
0.5535,0.5745,0.5957,0.6168,0.6377,0.6584,0.6785,0.6984,0.7181,0.7378
0.7572,0.7760,0.7938,0.8112,0.8278,0.8437,0.8587,0.8725,0.8853,0.8971
0.9078,0.9175,0.9266,0.9346,0.9416,0.9481,0.9541,0.9596,0.9644,0.9688
0.9724,0.9758,0.9787,0.9812,0.9833,0.9851,0.9866,0.9878,0.9890,0.9900
0.9907,0.9915,0.9921,0.9926,0.9930,0.9934,0.9937,0.9940,0.9943,0.9947
0.9949,0.9952,0.9954,0.9957,0.9959,0.9961,0.9963,0.9965,0.9967,0.9968
0.9970,0.9971,0.9973,0.9974,0.9975,0.9977,0.9978,0.9979,0.9980,0.9982
0.9983,0.9984,0.9985,0.9986,0.9987,0.9988,0.9989,0.9990,0.9991,0.9991
0.9992,0.9993,0.9994,0.9995,0.9996,0.9997,0.9998,0.9998,0.9999,1.0000
hwc2x1fract=0.0001,0.0002,0.0004,0.0005,0.0006,0.0007,0.0008,0.0010
0.0012,0.0014,0.0016,0.0019,0.0022,0.0025,0.0030,0.0034,0.0041,0.0052
0.0073,0.0107,0.0156,0.0221,0.0302,0.0400,0.0520,0.0658,0.0808,0.0970
0.1142,0.1323,0.1512,0.1707,0.1909,0.2114,0.2322,0.2537,0.2754,0.2972
0.3189,0.3412,0.3635,0.3860,0.4082,0.4307,0.4527,0.4748,0.4970,0.5191
0.5409,0.5624,0.5835,0.6051,0.6260,0.6471,0.6680,0.6887,0.7089,0.7289
0.7485,0.7677,0.7864,0.8044,0.8216,0.8381,0.8534,0.8681,0.8817,0.8940
0.9051,0.9154,0.9247,0.9332,0.9407,0.9476,0.9536,0.9591,0.9638,0.9682
0.9720,0.9755,0.9785,0.9811,0.9832,0.9851,0.9867,0.9880,0.9892,0.9901
0.9909,0.9916,0.9922,0.9928,0.9932,0.9936,0.9940,0.9944,0.9947,0.9950
0.9953,0.9955,0.9957,0.9959,0.9961,0.9964,0.9965,0.9967,0.9969,0.9970
0.9972,0.9973,0.9974,0.9976,0.9977,0.9979,0.9980,0.9981,0.9982,0.9983
0.9984,0.9985,0.9986,0.9987,0.9988,0.9989,0.9990,0.9991,0.9992,0.9993
0.9994,0.9994,0.9995,0.9996,0.9997,0.9997,0.9998,0.9999,0.9999,1.0000
hwc2y1fract=0.0001,0.0002,0.0003,0.0004,0.0005,0.0006,0.0007,0.0008
0.0009,0.0011,0.0012,0.0014,0.0016,0.0018,0.0021,0.0025,0.0031,0.0040
0.0054,0.0081,0.0128,0.0208,0.0320,0.0464,0.0639,0.0837,0.1052,0.1279
0.1513,0.1749,0.1987,0.2226,0.2460,0.2694,0.2927,0.3159,0.3390,0.3617
0.3835,0.4056,0.4279,0.4495,0.4710,0.4919,0.5128,0.5336,0.5541,0.5742
0.5944,0.6147,0.6348,0.6545,0.6739,0.6931,0.7125,0.7313,0.7499,0.7684
0.7864,0.8041,0.8214,0.8376,0.8535,0.8681,0.8818,0.8948,0.9065,0.9169
0.9263,0.9344,0.9416,0.9479,0.9532,0.9581,0.9625,0.9665,0.9699,0.9728
0.9755,0.9780,0.9800,0.9819,0.9835,0.9849,0.9861,0.9872,0.9881,0.9891
0.9898,0.9904,0.9910,0.9916,0.9921,0.9925,0.9929,0.9933,0.9937,0.9940
0.9944,0.9947,0.9949,0.9952,0.9955,0.9957,0.9960,0.9962,0.9964,0.9967
0.9968,0.9970,0.9972,0.9974,0.9975,0.9977,0.9978,0.9980,0.9981,0.9982
0.9983,0.9984,0.9986,0.9987,0.9988,0.9989,0.9990,0.9991,0.9992,0.9993
0.9994,0.9994,0.9995,0.9996,0.9997,0.9997,0.9998,0.9998,0.9999,1.0000
hwc2u1fract=0.0001,0.0002,0.0002,0.0003,0.0004,0.0005,0.0005,0.0007
0.0007,0.0008,0.0009,0.0010,0.0011,0.0013,0.0014,0.0017,0.0021,0.0027
0.0041,0.0072,0.0135,0.0235,0.0376,0.0546,0.0746,0.0961,0.1189,0.1422
0.1655,0.1893,0.2129,0.2362,0.2597,0.2828,0.3053,0.3279,0.3503,0.3722
0.3940,0.4159,0.4371,0.4582,0.4790,0.4998,0.5205,0.5411,0.5610,0.5811
0.6009,0.6207,0.6402,0.6600,0.6796,0.6984,0.7175,0.7363,0.7550,0.7734
0.7915,0.8094,0.8268,0.8429,0.8585,0.8731,0.8865,0.8987,0.9099,0.9198
0.9284,0.9359,0.9428,0.9489,0.9541,0.9588,0.9627,0.9663,0.9695,0.9724
0.9751,0.9775,0.9795,0.9814,0.9830,0.9844,0.9857,0.9867,0.9877,0.9886
0.9893,0.9900,0.9906,0.9911,0.9917,0.9922,0.9926,0.9930,0.9934,0.9937
0.9941,0.9944,0.9947,0.9950,0.9953,0.9956,0.9959,0.9961,0.9963,0.9966
0.9968,0.9970,0.9972,0.9974,0.9975,0.9977,0.9979,0.9980,0.9982,0.9983
0.9984,0.9985,0.9986,0.9987,0.9988,0.9989,0.9990,0.9991,0.9992,0.9993
0.9994,0.9994,0.9995,0.9996,0.9996,0.9997,0.9998,0.9999,0.9999,1.0000
hwc2v1fract=0.0001,0.0001,0.0002,0.0003,0.0004,0.0005,0.0006,0.0007
0.0008,0.0009,0.0010,0.0011,0.0012,0.0014,0.0016,0.0019,0.0023,0.0029
0.0040,0.0064,0.0110,0.0194,0.0315,0.0470,0.0655,0.0863,0.1083,0.1308
0.1541,0.1771,0.2008,0.2245,0.2478,0.2710,0.2942,0.3169,0.3398,0.3621
0.3842,0.4056,0.4274,0.4487,0.4694,0.4901,0.5113,0.5318,0.5520,0.5720
0.5923,0.6124,0.6323,0.6520,0.6716,0.6905,0.7096,0.7282,0.7471,0.7656
0.7833,0.8014,0.8189,0.8356,0.8516,0.8666,0.8807,0.8934,0.9049,0.9151
0.9244,0.9326,0.9397,0.9460,0.9516,0.9564,0.9608,0.9646,0.9681,0.9711
0.9739,0.9764,0.9786,0.9805,0.9823,0.9838,0.9852,0.9863,0.9874,0.9883
0.9891,0.9898,0.9903,0.9909,0.9914,0.9920,0.9924,0.9928,0.9932,0.9936
0.9940,0.9943,0.9947,0.9949,0.9953,0.9956,0.9959,0.9962,0.9964,0.9966
0.9968,0.9970,0.9972,0.9974,0.9975,0.9977,0.9978,0.9980,0.9981,0.9982
0.9984,0.9985,0.9986,0.9987,0.9988,0.9989,0.9989,0.9990,0.9991,0.9992
0.9993,0.9994,0.9995,0.9995,0.9996,0.9997,0.9998,0.9999,0.9999,1.0000
hwc2y2fract=0.0001,0.0002,0.0003,0.0003,0.0004,0.0005,0.0007,0.0008
0.0010,0.0011,0.0013,0.0014,0.0016,0.0019,0.0022,0.0027,0.0034,0.0046
0.0065,0.0097,0.0150,0.0233,0.0347,0.0494,0.0670,0.0867,0.1084,0.1309
0.1542,0.1781,0.2019,0.2260,0.2495,0.2735,0.2967,0.3193,0.3418,0.3643
0.3861,0.4079,0.4296,0.4513,0.4728,0.4935,0.5145,0.5350,0.5555,0.5758
0.5958,0.6162,0.6364,0.6564,0.6763,0.6958,0.7156,0.7346,0.7531,0.7716
0.7896,0.8071,0.8240,0.8405,0.8561,0.8709,0.8846,0.8974,0.9087,0.9188
0.9279,0.9356,0.9425,0.9486,0.9541,0.9590,0.9632,0.9668,0.9701,0.9731
0.9757,0.9781,0.9801,0.9819,0.9834,0.9848,0.9861,0.9872,0.9882,0.9890
0.9898,0.9905,0.9911,0.9917,0.9922,0.9926,0.9930,0.9935,0.9938,0.9941
0.9945,0.9948,0.9951,0.9954,0.9956,0.9958,0.9961,0.9963,0.9965,0.9967
0.9969,0.9971,0.9973,0.9974,0.9976,0.9977,0.9979,0.9980,0.9981,0.9983
0.9984,0.9985,0.9986,0.9987,0.9988,0.9989,0.9990,0.9990,0.9991,0.9992
0.9993,0.9994,0.9995,0.9995,0.9996,0.9997,0.9998,0.9998,0.9999,1.0000
hwc2x2fract=0.0001,0.0002,0.0003,0.0004,0.0005,0.0006,0.0007,0.0008
0.0010,0.0011,0.0013,0.0015,0.0017,0.0020,0.0023,0.0028,0.0034,0.0047
0.0068,0.0101,0.0151,0.0218,0.0307,0.0415,0.0544,0.0693,0.0852,0.1021
0.1201,0.1392,0.1587,0.1788,0.1994,0.2203,0.2425,0.2643,0.2865,0.3087
0.3311,0.3536,0.3763,0.3989,0.4212,0.4435,0.4656,0.4874,0.5096,0.5314
0.5528,0.5741,0.5953,0.6164,0.6371,0.6579,0.6785,0.6988,0.7188,0.7387
0.7579,0.7768,0.7951,0.8126,0.8295,0.8455,0.8604,0.8748,0.8874,0.8990
0.9096,0.9192,0.9280,0.9360,0.9430,0.9495,0.9553,0.9606,0.9652,0.9693
0.9730,0.9764,0.9792,0.9815,0.9836,0.9854,0.9869,0.9882,0.9893,0.9902
0.9910,0.9917,0.9923,0.9929,0.9933,0.9937,0.9941,0.9944,0.9948,0.9951
0.9953,0.9956,0.9958,0.9960,0.9962,0.9964,0.9966,0.9968,0.9970,0.9971
0.9973,0.9974,0.9976,0.9977,0.9978,0.9979,0.9980,0.9982,0.9983,0.9983
0.9985,0.9985,0.9987,0.9987,0.9988,0.9989,0.9990,0.9991,0.9991,0.9992
0.9993,0.9994,0.9995,0.9996,0.9996,0.9997,0.9998,0.9999,0.9999,1.0000
