; Lookup table
;number of bins in Meek's time to distance lookup table
hdriftbins=138
;number of 1st bin in Meek's table in ns
hdrift1stbin=-24
;bin size in ns of Meek's table
hdriftbinsz=2
hwc1x1fract=0.0000,0.0001,0.0001,0.0002,0.0002,0.0003,0.0004,0.0005
0.0006,0.0007,0.0008,0.0010,0.0013,0.0016,0.0021,0.0030,0.0042,0.0061
0.0085,0.0117,0.0162,0.0221,0.0293,0.0384,0.0485,0.0599,0.0727,0.0866
0.1013,0.1169,0.1336,0.1512,0.1702,0.1895,0.2099,0.2305,0.2517,0.2733
0.2953,0.3179,0.3403,0.3633,0.3860,0.4089,0.4320,0.4547,0.4779,0.5007
0.5234,0.5462,0.5685,0.5915,0.6132,0.6352,0.6572,0.6783,0.6993,0.7198
0.7400,0.7597,0.7782,0.7959,0.8129,0.8293,0.8447,0.8593,0.8728,0.8858
0.8977,0.9088,0.9187,0.9280,0.9367,0.9449,0.9522,0.9587,0.9645,0.9698
0.9743,0.9783,0.9817,0.9845,0.9869,0.9888,0.9903,0.9916,0.9926,0.9935
0.9942,0.9948,0.9953,0.9958,0.9961,0.9965,0.9968,0.9971,0.9973,0.9975
0.9978,0.9980,0.9981,0.9982,0.9984,0.9985,0.9986,0.9987,0.9988,0.9988
0.9989,0.9990,0.9991,0.9991,0.9992,0.9992,0.9993,0.9993,0.9994,0.9994
0.9995,0.9995,0.9996,0.9996,0.9997,0.9997,0.9997,0.9998,0.9998,0.9998
0.9998,0.9998,0.9999,0.9999,0.9999,0.9999,1.0000,1.0000,1.0000,1.0000
hwc1y1fract=0.0000,0.0001,0.0001,0.0002,0.0002,0.0003,0.0004,0.0005
0.0006,0.0007,0.0008,0.0009,0.0011,0.0014,0.0017,0.0022,0.0031,0.0044
0.0066,0.0101,0.0154,0.0230,0.0329,0.0449,0.0589,0.0746,0.0922,0.1106
0.1299,0.1505,0.1715,0.1932,0.2155,0.2382,0.2609,0.2842,0.3071,0.3300
0.3531,0.3762,0.3993,0.4221,0.4447,0.4676,0.4896,0.5119,0.5337,0.5554
0.5772,0.5983,0.6197,0.6406,0.6616,0.6822,0.7027,0.7227,0.7421,0.7610
0.7799,0.7979,0.8149,0.8314,0.8467,0.8610,0.8743,0.8866,0.8979,0.9085
0.9176,0.9260,0.9336,0.9406,0.9470,0.9527,0.9581,0.9626,0.9670,0.9708
0.9743,0.9773,0.9799,0.9822,0.9842,0.9860,0.9875,0.9889,0.9900,0.9911
0.9919,0.9928,0.9935,0.9942,0.9948,0.9953,0.9957,0.9962,0.9966,0.9969
0.9972,0.9974,0.9977,0.9979,0.9981,0.9983,0.9984,0.9986,0.9987,0.9988
0.9989,0.9991,0.9991,0.9992,0.9993,0.9993,0.9994,0.9995,0.9995,0.9995
0.9996,0.9996,0.9996,0.9997,0.9997,0.9997,0.9997,0.9998,0.9998,0.9998
0.9998,0.9999,0.9999,0.9999,0.9999,0.9999,1.0000,1.0000,1.0000,1.0000
hwc1u1fract=0.0000,0.0000,0.0001,0.0001,0.0001,0.0001,0.0002,0.0002
0.0002,0.0003,0.0003,0.0003,0.0005,0.0006,0.0010,0.0017,0.0028,0.0044
0.0069,0.0103,0.0154,0.0223,0.0312,0.0419,0.0544,0.0686,0.0838,0.1001
0.1175,0.1357,0.1551,0.1752,0.1960,0.2172,0.2387,0.2608,0.2834,0.3056
0.3284,0.3512,0.3741,0.3970,0.4199,0.4423,0.4647,0.4872,0.5092,0.5309
0.5529,0.5747,0.5959,0.6176,0.6385,0.6593,0.6797,0.6997,0.7198,0.7392
0.7584,0.7769,0.7945,0.8117,0.8278,0.8430,0.8573,0.8706,0.8831,0.8944
0.9047,0.9142,0.9227,0.9308,0.9382,0.9447,0.9511,0.9566,0.9617,0.9663
0.9705,0.9742,0.9775,0.9803,0.9827,0.9847,0.9866,0.9880,0.9893,0.9904
0.9914,0.9922,0.9930,0.9936,0.9942,0.9947,0.9952,0.9956,0.9959,0.9962
0.9966,0.9969,0.9971,0.9974,0.9976,0.9978,0.9980,0.9981,0.9983,0.9985
0.9986,0.9987,0.9988,0.9989,0.9990,0.9991,0.9992,0.9993,0.9994,0.9994
0.9995,0.9995,0.9996,0.9996,0.9996,0.9997,0.9997,0.9997,0.9998,0.9998
0.9998,0.9999,0.9999,0.9999,0.9999,0.9999,1.0000,1.0000,1.0000,1.0000
hwc1v1fract=0.0000,0.0000,0.0001,0.0001,0.0001,0.0001,0.0001,0.0002
0.0002,0.0002,0.0003,0.0003,0.0004,0.0005,0.0006,0.0008,0.0011,0.0017
0.0030,0.0054,0.0093,0.0152,0.0238,0.0344,0.0471,0.0614,0.0770,0.0943
0.1121,0.1309,0.1506,0.1709,0.1920,0.2137,0.2355,0.2577,0.2795,0.3021
0.3251,0.3481,0.3711,0.3937,0.4158,0.4383,0.4601,0.4824,0.5041,0.5257
0.5474,0.5694,0.5907,0.6124,0.6329,0.6537,0.6743,0.6947,0.7147,0.7346
0.7539,0.7729,0.7912,0.8085,0.8250,0.8408,0.8555,0.8692,0.8819,0.8932
0.9037,0.9131,0.9219,0.9298,0.9370,0.9435,0.9497,0.9555,0.9605,0.9652
0.9695,0.9733,0.9767,0.9796,0.9819,0.9841,0.9859,0.9875,0.9890,0.9901
0.9911,0.9920,0.9927,0.9934,0.9941,0.9946,0.9952,0.9956,0.9960,0.9963
0.9967,0.9970,0.9972,0.9974,0.9977,0.9979,0.9981,0.9983,0.9984,0.9986
0.9987,0.9988,0.9989,0.9990,0.9991,0.9992,0.9993,0.9994,0.9994,0.9995
0.9995,0.9996,0.9996,0.9997,0.9997,0.9998,0.9998,0.9998,0.9998,0.9998
0.9999,0.9999,0.9999,0.9999,0.9999,0.9999,0.9999,1.0000,1.0000,1.0000
hwc1y2fract=0.0000,0.0000,0.0000,0.0001,0.0001,0.0002,0.0002,0.0002
0.0003,0.0003,0.0004,0.0005,0.0006,0.0007,0.0009,0.0012,0.0017,0.0026
0.0042,0.0070,0.0113,0.0174,0.0257,0.0361,0.0485,0.0627,0.0784,0.0960
0.1144,0.1339,0.1544,0.1756,0.1969,0.2187,0.2414,0.2639,0.2867,0.3095
0.3329,0.3562,0.3793,0.4019,0.4251,0.4478,0.4696,0.4916,0.5138,0.5361
0.5577,0.5795,0.6012,0.6223,0.6435,0.6645,0.6845,0.7046,0.7245,0.7439
0.7622,0.7811,0.7984,0.8152,0.8311,0.8463,0.8603,0.8734,0.8853,0.8965
0.9067,0.9156,0.9240,0.9317,0.9387,0.9452,0.9510,0.9565,0.9611,0.9656
0.9694,0.9729,0.9761,0.9788,0.9811,0.9832,0.9851,0.9866,0.9881,0.9893
0.9905,0.9914,0.9923,0.9931,0.9938,0.9943,0.9948,0.9953,0.9957,0.9960
0.9964,0.9967,0.9970,0.9973,0.9975,0.9978,0.9980,0.9982,0.9983,0.9985
0.9986,0.9988,0.9989,0.9990,0.9991,0.9992,0.9992,0.9993,0.9994,0.9994
0.9995,0.9995,0.9996,0.9996,0.9997,0.9997,0.9997,0.9998,0.9998,0.9998
0.9998,0.9999,0.9999,0.9999,0.9999,0.9999,1.0000,1.0000,1.0000,1.0000
hwc1x2fract=0.0000,0.0001,0.0001,0.0001,0.0002,0.0002,0.0003,0.0003
0.0004,0.0005,0.0005,0.0006,0.0007,0.0009,0.0011,0.0016,0.0023,0.0036
0.0056,0.0084,0.0128,0.0188,0.0260,0.0348,0.0452,0.0571,0.0697,0.0835
0.0983,0.1145,0.1316,0.1495,0.1686,0.1885,0.2089,0.2296,0.2509,0.2730
0.2954,0.3181,0.3412,0.3636,0.3864,0.4096,0.4325,0.4554,0.4783,0.5008
0.5240,0.5466,0.5693,0.5916,0.6137,0.6356,0.6571,0.6784,0.6995,0.7204
0.7402,0.7597,0.7783,0.7964,0.8140,0.8307,0.8463,0.8606,0.8745,0.8871
0.8992,0.9100,0.9200,0.9292,0.9378,0.9459,0.9531,0.9595,0.9653,0.9704
0.9750,0.9787,0.9820,0.9846,0.9867,0.9886,0.9901,0.9915,0.9925,0.9933
0.9941,0.9947,0.9952,0.9956,0.9960,0.9963,0.9966,0.9969,0.9971,0.9973
0.9975,0.9978,0.9979,0.9980,0.9982,0.9983,0.9985,0.9986,0.9987,0.9988
0.9989,0.9990,0.9990,0.9991,0.9992,0.9992,0.9993,0.9994,0.9994,0.9995
0.9995,0.9996,0.9996,0.9996,0.9997,0.9997,0.9998,0.9998,0.9998,0.9998
0.9998,0.9999,0.9999,0.9999,0.9999,0.9999,0.9999,1.0000,1.0000,1.0000
hwc2x1fract=0.0000,0.0001,0.0001,0.0002,0.0002,0.0003,0.0004,0.0005
0.0006,0.0007,0.0008,0.0010,0.0011,0.0014,0.0017,0.0022,0.0032,0.0048
0.0074,0.0112,0.0163,0.0230,0.0309,0.0406,0.0517,0.0641,0.0772,0.0915
0.1070,0.1233,0.1405,0.1586,0.1776,0.1970,0.2170,0.2384,0.2601,0.2822
0.3044,0.3269,0.3498,0.3727,0.3957,0.4190,0.4416,0.4650,0.4882,0.5113
0.5342,0.5569,0.5798,0.6027,0.6254,0.6477,0.6695,0.6912,0.7122,0.7327
0.7529,0.7724,0.7914,0.8094,0.8263,0.8423,0.8572,0.8707,0.8837,0.8956
0.9067,0.9170,0.9265,0.9350,0.9428,0.9500,0.9566,0.9625,0.9680,0.9728
0.9771,0.9805,0.9835,0.9859,0.9878,0.9894,0.9908,0.9920,0.9929,0.9937
0.9944,0.9950,0.9955,0.9960,0.9963,0.9966,0.9970,0.9972,0.9975,0.9976
0.9978,0.9980,0.9982,0.9983,0.9984,0.9986,0.9987,0.9988,0.9989,0.9990
0.9991,0.9991,0.9992,0.9992,0.9993,0.9994,0.9994,0.9995,0.9995,0.9996
0.9996,0.9996,0.9996,0.9997,0.9997,0.9997,0.9998,0.9998,0.9998,0.9998
0.9999,0.9999,0.9999,0.9999,0.9999,0.9999,1.0000,1.0000,1.0000,1.0000
hwc2y1fract=0.0000,0.0000,0.0001,0.0001,0.0001,0.0002,0.0002,0.0002
0.0003,0.0003,0.0004,0.0005,0.0006,0.0007,0.0009,0.0012,0.0018,0.0028
0.0046,0.0076,0.0128,0.0201,0.0297,0.0417,0.0553,0.0707,0.0881,0.1072
0.1274,0.1481,0.1700,0.1925,0.2149,0.2379,0.2610,0.2843,0.3075,0.3309
0.3541,0.3776,0.4008,0.4237,0.4463,0.4685,0.4912,0.5134,0.5354,0.5576
0.5797,0.6009,0.6218,0.6429,0.6637,0.6842,0.7047,0.7250,0.7445,0.7636
0.7824,0.8005,0.8181,0.8347,0.8501,0.8645,0.8776,0.8900,0.9013,0.9113
0.9205,0.9289,0.9364,0.9429,0.9488,0.9543,0.9593,0.9637,0.9677,0.9713
0.9745,0.9773,0.9799,0.9821,0.9839,0.9855,0.9870,0.9883,0.9895,0.9905
0.9915,0.9923,0.9931,0.9937,0.9943,0.9948,0.9952,0.9956,0.9960,0.9964
0.9967,0.9969,0.9972,0.9974,0.9977,0.9979,0.9981,0.9983,0.9985,0.9986
0.9987,0.9989,0.9990,0.9991,0.9992,0.9993,0.9994,0.9994,0.9995,0.9995
0.9996,0.9996,0.9997,0.9997,0.9997,0.9998,0.9998,0.9998,0.9998,0.9998
0.9999,0.9999,0.9999,0.9999,0.9999,1.0000,1.0000,1.0000,1.0000,1.0000
hwc2u1fract=0.0000,0.0000,0.0000,0.0001,0.0001,0.0001,0.0001,0.0002
0.0002,0.0002,0.0002,0.0003,0.0003,0.0004,0.0004,0.0006,0.0009,0.0015
0.0028,0.0055,0.0104,0.0176,0.0275,0.0396,0.0538,0.0699,0.0874,0.1062
0.1258,0.1464,0.1677,0.1897,0.2125,0.2356,0.2589,0.2823,0.3050,0.3284
0.3517,0.3746,0.3975,0.4203,0.4430,0.4652,0.4873,0.5088,0.5309,0.5524
0.5738,0.5950,0.6162,0.6370,0.6578,0.6784,0.6986,0.7186,0.7379,0.7571
0.7761,0.7941,0.8117,0.8285,0.8443,0.8591,0.8728,0.8853,0.8966,0.9069
0.9160,0.9243,0.9322,0.9392,0.9455,0.9514,0.9568,0.9616,0.9660,0.9699
0.9733,0.9764,0.9792,0.9815,0.9835,0.9854,0.9869,0.9881,0.9893,0.9904
0.9912,0.9920,0.9927,0.9934,0.9940,0.9945,0.9951,0.9954,0.9958,0.9962
0.9965,0.9968,0.9971,0.9973,0.9976,0.9978,0.9980,0.9982,0.9984,0.9985
0.9987,0.9988,0.9990,0.9991,0.9992,0.9993,0.9994,0.9994,0.9995,0.9995
0.9996,0.9996,0.9997,0.9997,0.9997,0.9998,0.9998,0.9998,0.9998,0.9999
0.9999,0.9999,0.9999,0.9999,0.9999,1.0000,1.0000,1.0000,1.0000,1.0000
hwc2v1fract=0.0000,0.0000,0.0001,0.0001,0.0001,0.0001,0.0002,0.0002
0.0002,0.0003,0.0003,0.0004,0.0005,0.0006,0.0007,0.0010,0.0014,0.0023
0.0042,0.0078,0.0138,0.0223,0.0332,0.0460,0.0607,0.0770,0.0949,0.1139
0.1341,0.1552,0.1767,0.1989,0.2212,0.2440,0.2668,0.2897,0.3130,0.3362
0.3592,0.3822,0.4050,0.4274,0.4499,0.4726,0.4946,0.5165,0.5381,0.5598
0.5815,0.6027,0.6239,0.6449,0.6656,0.6858,0.7056,0.7251,0.7446,0.7635
0.7820,0.7997,0.8169,0.8332,0.8486,0.8628,0.8765,0.8885,0.8995,0.9096
0.9183,0.9264,0.9339,0.9409,0.9470,0.9526,0.9577,0.9623,0.9666,0.9704
0.9739,0.9769,0.9794,0.9817,0.9838,0.9855,0.9871,0.9883,0.9895,0.9905
0.9915,0.9923,0.9930,0.9937,0.9943,0.9948,0.9953,0.9957,0.9961,0.9965
0.9968,0.9971,0.9973,0.9976,0.9978,0.9980,0.9982,0.9984,0.9986,0.9987
0.9988,0.9989,0.9990,0.9991,0.9993,0.9993,0.9994,0.9995,0.9995,0.9996
0.9996,0.9997,0.9997,0.9997,0.9998,0.9998,0.9998,0.9998,0.9998,0.9998
0.9999,0.9999,0.9999,0.9999,0.9999,0.9999,1.0000,1.0000,1.0000,1.0000
hwc2y2fract=0.0000,0.0000,0.0001,0.0001,0.0001,0.0002,0.0002,0.0003
0.0003,0.0004,0.0004,0.0005,0.0006,0.0008,0.0010,0.0014,0.0022,0.0035
0.0056,0.0092,0.0147,0.0223,0.0325,0.0450,0.0593,0.0754,0.0933,0.1125
0.1325,0.1538,0.1757,0.1981,0.2208,0.2442,0.2678,0.2910,0.3142,0.3374
0.3606,0.3843,0.4073,0.4303,0.4537,0.4758,0.4981,0.5198,0.5414,0.5627
0.5847,0.6061,0.6276,0.6490,0.6697,0.6902,0.7106,0.7306,0.7506,0.7696
0.7878,0.8058,0.8229,0.8391,0.8544,0.8685,0.8814,0.8934,0.9044,0.9143
0.9231,0.9313,0.9386,0.9452,0.9511,0.9565,0.9612,0.9654,0.9695,0.9729
0.9761,0.9787,0.9811,0.9832,0.9849,0.9864,0.9879,0.9891,0.9902,0.9912
0.9920,0.9928,0.9934,0.9941,0.9946,0.9951,0.9955,0.9959,0.9963,0.9966
0.9969,0.9973,0.9975,0.9977,0.9979,0.9981,0.9983,0.9984,0.9986,0.9987
0.9989,0.9990,0.9991,0.9992,0.9993,0.9994,0.9994,0.9995,0.9995,0.9996
0.9996,0.9997,0.9997,0.9997,0.9998,0.9998,0.9998,0.9998,0.9998,0.9998
0.9999,0.9999,0.9999,0.9999,0.9999,0.9999,1.0000,1.0000,1.0000,1.0000
hwc2x2fract=0.0000,0.0001,0.0001,0.0001,0.0002,0.0002,0.0003,0.0003
0.0004,0.0005,0.0006,0.0007,0.0009,0.0010,0.0013,0.0018,0.0027,0.0043
0.0066,0.0099,0.0145,0.0209,0.0287,0.0383,0.0489,0.0610,0.0745,0.0894
0.1052,0.1221,0.1397,0.1584,0.1778,0.1978,0.2186,0.2395,0.2609,0.2832
0.3055,0.3287,0.3516,0.3746,0.3979,0.4214,0.4448,0.4676,0.4907,0.5138
0.5367,0.5596,0.5817,0.6041,0.6264,0.6484,0.6699,0.6914,0.7124,0.7329
0.7529,0.7722,0.7907,0.8087,0.8258,0.8418,0.8569,0.8710,0.8840,0.8960
0.9073,0.9175,0.9267,0.9354,0.9434,0.9507,0.9572,0.9631,0.9684,0.9728
0.9768,0.9801,0.9830,0.9855,0.9874,0.9891,0.9905,0.9917,0.9926,0.9935
0.9942,0.9948,0.9954,0.9958,0.9962,0.9966,0.9969,0.9972,0.9974,0.9976
0.9978,0.9980,0.9982,0.9983,0.9985,0.9986,0.9987,0.9988,0.9989,0.9990
0.9991,0.9991,0.9992,0.9993,0.9993,0.9994,0.9994,0.9995,0.9995,0.9996
0.9996,0.9996,0.9997,0.9997,0.9997,0.9997,0.9997,0.9998,0.9998,0.9998
0.9998,0.9999,0.9999,0.9999,0.9999,0.9999,0.9999,1.0000,1.0000,1.0000
