; Lookup table
;number of bins in Meek's time to distance lookup table
hdriftbins=138
;number of 1st bin in Meek's table in ns
hdrift1stbin=-24
;bin size in ns of Meek's table
hdriftbinsz=2
hwc1x1fract=0.0000,0.0000,0.0001,0.0002,0.0004,0.0005,0.0007,0.0008
0.0009,0.0010,0.0012,0.0014,0.0017,0.0021,0.0024,0.0028,0.0032,0.0037
0.0050,0.0066,0.0096,0.0141,0.0209,0.0304,0.0424,0.0567,0.0728,0.0902
0.1086,0.1281,0.1485,0.1696,0.1915,0.2134,0.2361,0.2593,0.2820,0.3058
0.3284,0.3522,0.3760,0.3990,0.4232,0.4463,0.4689,0.4905,0.5123,0.5347
0.5560,0.5777,0.5996,0.6199,0.6392,0.6597,0.6798,0.6999,0.7200,0.7392
0.7578,0.7768,0.7951,0.8120,0.8283,0.8445,0.8598,0.8742,0.8870,0.8985
0.9092,0.9187,0.9278,0.9361,0.9430,0.9491,0.9551,0.9605,0.9654,0.9700
0.9742,0.9778,0.9810,0.9838,0.9859,0.9878,0.9896,0.9908,0.9919,0.9930
0.9937,0.9944,0.9949,0.9952,0.9957,0.9961,0.9965,0.9967,0.9969,0.9972
0.9973,0.9975,0.9977,0.9979,0.9980,0.9981,0.9983,0.9985,0.9986,0.9986
0.9988,0.9989,0.9990,0.9991,0.9992,0.9993,0.9993,0.9994,0.9994,0.9995
0.9996,0.9996,0.9996,0.9997,0.9998,0.9998,0.9998,0.9998,0.9998,0.9998
0.9999,0.9999,0.9999,0.9999,1.0000,1.0000,1.0000,1.0000,1.0000,1.0000
hwc1y1fract=0.0000,0.0000,0.0001,0.0002,0.0002,0.0003,0.0003,0.0004
0.0005,0.0006,0.0007,0.0009,0.0011,0.0014,0.0018,0.0025,0.0031,0.0045
0.0069,0.0104,0.0159,0.0242,0.0354,0.0498,0.0676,0.0886,0.1109,0.1345
0.1590,0.1832,0.2097,0.2347,0.2589,0.2838,0.3077,0.3310,0.3547,0.3775
0.4008,0.4232,0.4471,0.4686,0.4903,0.5107,0.5312,0.5518,0.5723,0.5924
0.6131,0.6333,0.6526,0.6725,0.6931,0.7128,0.7314,0.7506,0.7685,0.7866
0.8039,0.8203,0.8362,0.8515,0.8661,0.8800,0.8922,0.9034,0.9134,0.9228
0.9306,0.9384,0.9446,0.9504,0.9556,0.9600,0.9641,0.9677,0.9710,0.9741
0.9767,0.9792,0.9812,0.9830,0.9846,0.9860,0.9873,0.9886,0.9896,0.9904
0.9914,0.9922,0.9927,0.9933,0.9939,0.9944,0.9948,0.9953,0.9956,0.9960
0.9963,0.9967,0.9970,0.9974,0.9976,0.9978,0.9981,0.9982,0.9984,0.9986
0.9988,0.9989,0.9990,0.9991,0.9993,0.9993,0.9994,0.9994,0.9996,0.9996
0.9997,0.9997,0.9997,0.9998,0.9998,0.9999,0.9999,0.9999,0.9999,0.9999
0.9999,0.9999,1.0000,1.0000,1.0000,1.0000,1.0000,1.0000,1.0000,1.0000
hwc1u1fract=0.0000,0.0000,0.0000,0.0000,0.0000,0.0001,0.0001,0.0001
0.0001,0.0001,0.0002,0.0002,0.0002,0.0003,0.0004,0.0006,0.0007,0.0010
0.0018,0.0033,0.0066,0.0129,0.0226,0.0358,0.0521,0.0711,0.0905,0.1127
0.1364,0.1593,0.1836,0.2081,0.2327,0.2571,0.2816,0.3045,0.3285,0.3526
0.3752,0.3973,0.4198,0.4426,0.4647,0.4863,0.5079,0.5286,0.5497,0.5703
0.5909,0.6115,0.6313,0.6510,0.6698,0.6896,0.7091,0.7268,0.7461,0.7639
0.7828,0.7999,0.8171,0.8338,0.8501,0.8640,0.8774,0.8897,0.9011,0.9112
0.9205,0.9287,0.9357,0.9423,0.9479,0.9530,0.9576,0.9619,0.9658,0.9694
0.9723,0.9755,0.9782,0.9806,0.9826,0.9845,0.9859,0.9873,0.9884,0.9893
0.9902,0.9909,0.9916,0.9923,0.9928,0.9934,0.9939,0.9945,0.9949,0.9953
0.9956,0.9959,0.9962,0.9965,0.9968,0.9971,0.9974,0.9976,0.9978,0.9980
0.9983,0.9985,0.9986,0.9988,0.9989,0.9990,0.9991,0.9993,0.9993,0.9994
0.9995,0.9996,0.9997,0.9997,0.9997,0.9998,0.9998,0.9998,0.9999,0.9999
0.9999,0.9999,0.9999,0.9999,0.9999,0.9999,0.9999,1.0000,1.0000,1.0000
hwc1v1fract=0.0000,0.0000,0.0001,0.0001,0.0001,0.0002,0.0002,0.0003
0.0003,0.0004,0.0005,0.0006,0.0008,0.0010,0.0013,0.0019,0.0032,0.0052
0.0093,0.0158,0.0259,0.0389,0.0557,0.0742,0.0935,0.1129,0.1333,0.1541
0.1752,0.1971,0.2175,0.2392,0.2610,0.2830,0.3052,0.3281,0.3501,0.3719
0.3935,0.4154,0.4371,0.4584,0.4804,0.5020,0.5242,0.5452,0.5667,0.5878
0.6076,0.6278,0.6487,0.6695,0.6904,0.7099,0.7299,0.7490,0.7691,0.7879
0.8061,0.8231,0.8402,0.8560,0.8706,0.8849,0.8971,0.9076,0.9172,0.9256
0.9324,0.9388,0.9450,0.9506,0.9561,0.9606,0.9650,0.9693,0.9728,0.9759
0.9789,0.9818,0.9839,0.9858,0.9877,0.9892,0.9905,0.9914,0.9923,0.9928
0.9936,0.9943,0.9947,0.9953,0.9956,0.9960,0.9964,0.9966,0.9969,0.9971
0.9974,0.9977,0.9980,0.9981,0.9983,0.9985,0.9987,0.9988,0.9989,0.9990
0.9992,0.9992,0.9993,0.9993,0.9994,0.9995,0.9996,0.9996,0.9996,0.9996
0.9997,0.9998,0.9998,0.9998,0.9999,0.9999,0.9999,0.9999,0.9999,0.9999
0.9999,1.0000,1.0000,1.0000,1.0000,1.0000,1.0000,1.0000,1.0000,1.0000
hwc1y2fract=0.0000,0.0000,0.0000,0.0000,0.0001,0.0001,0.0001,0.0001
0.0001,0.0001,0.0002,0.0003,0.0004,0.0005,0.0006,0.0007,0.0011,0.0021
0.0035,0.0066,0.0117,0.0195,0.0307,0.0449,0.0623,0.0818,0.1033,0.1258
0.1493,0.1743,0.1987,0.2237,0.2475,0.2714,0.2954,0.3183,0.3413,0.3651
0.3874,0.4101,0.4346,0.4559,0.4768,0.4984,0.5195,0.5400,0.5611,0.5822
0.6031,0.6232,0.6434,0.6624,0.6824,0.7010,0.7195,0.7383,0.7570,0.7752
0.7926,0.8098,0.8253,0.8415,0.8566,0.8703,0.8826,0.8937,0.9042,0.9134
0.9219,0.9295,0.9357,0.9416,0.9475,0.9524,0.9568,0.9605,0.9643,0.9679
0.9709,0.9737,0.9764,0.9787,0.9807,0.9825,0.9840,0.9854,0.9869,0.9879
0.9889,0.9896,0.9905,0.9913,0.9919,0.9925,0.9931,0.9935,0.9940,0.9945
0.9949,0.9953,0.9958,0.9961,0.9965,0.9968,0.9971,0.9974,0.9975,0.9977
0.9979,0.9981,0.9983,0.9985,0.9987,0.9988,0.9990,0.9991,0.9992,0.9993
0.9994,0.9994,0.9995,0.9996,0.9996,0.9996,0.9997,0.9997,0.9997,0.9997
0.9998,0.9999,0.9999,0.9999,0.9999,0.9999,0.9999,1.0000,1.0000,1.0000
hwc1x2fract=0.0000,0.0001,0.0001,0.0002,0.0002,0.0003,0.0003,0.0004
0.0005,0.0006,0.0007,0.0009,0.0011,0.0013,0.0015,0.0017,0.0024,0.0035
0.0052,0.0080,0.0127,0.0203,0.0303,0.0431,0.0574,0.0743,0.0919,0.1122
0.1321,0.1533,0.1758,0.1971,0.2194,0.2424,0.2666,0.2896,0.3142,0.3383
0.3615,0.3855,0.4094,0.4323,0.4541,0.4754,0.4972,0.5194,0.5409,0.5613
0.5828,0.6036,0.6237,0.6450,0.6655,0.6861,0.7055,0.7258,0.7443,0.7638
0.7819,0.7994,0.8162,0.8318,0.8470,0.8616,0.8752,0.8876,0.8994,0.9098
0.9191,0.9272,0.9354,0.9426,0.9492,0.9546,0.9599,0.9646,0.9691,0.9730
0.9764,0.9798,0.9825,0.9846,0.9864,0.9881,0.9895,0.9907,0.9916,0.9924
0.9932,0.9940,0.9946,0.9951,0.9954,0.9958,0.9962,0.9966,0.9968,0.9971
0.9973,0.9976,0.9978,0.9979,0.9981,0.9983,0.9984,0.9986,0.9988,0.9989
0.9990,0.9991,0.9992,0.9993,0.9993,0.9994,0.9994,0.9995,0.9995,0.9995
0.9996,0.9996,0.9996,0.9997,0.9997,0.9997,0.9998,0.9998,0.9998,0.9998
0.9998,0.9998,0.9999,0.9999,0.9999,0.9999,1.0000,1.0000,1.0000,1.0000
hwc2x1fract=0.0001,0.0001,0.0003,0.0003,0.0005,0.0006,0.0006,0.0008
0.0009,0.0012,0.0014,0.0015,0.0019,0.0023,0.0028,0.0033,0.0040,0.0051
0.0065,0.0091,0.0130,0.0187,0.0267,0.0364,0.0495,0.0632,0.0792,0.0965
0.1155,0.1354,0.1562,0.1768,0.1995,0.2214,0.2442,0.2677,0.2906,0.3149
0.3379,0.3608,0.3852,0.4091,0.4321,0.4542,0.4765,0.4985,0.5204,0.5422
0.5638,0.5849,0.6063,0.6284,0.6491,0.6700,0.6904,0.7105,0.7307,0.7504
0.7705,0.7887,0.8066,0.8240,0.8402,0.8556,0.8698,0.8833,0.8953,0.9064
0.9165,0.9255,0.9336,0.9406,0.9475,0.9531,0.9588,0.9638,0.9686,0.9729
0.9764,0.9794,0.9823,0.9848,0.9867,0.9883,0.9899,0.9912,0.9922,0.9932
0.9940,0.9947,0.9951,0.9957,0.9962,0.9966,0.9970,0.9973,0.9976,0.9977
0.9979,0.9982,0.9983,0.9985,0.9987,0.9988,0.9989,0.9990,0.9991,0.9992
0.9993,0.9993,0.9993,0.9994,0.9995,0.9995,0.9995,0.9996,0.9996,0.9997
0.9997,0.9997,0.9997,0.9998,0.9998,0.9998,0.9998,0.9999,0.9999,0.9999
0.9999,0.9999,0.9999,0.9999,0.9999,1.0000,1.0000,1.0000,1.0000,1.0000
hwc2y1fract=0.0000,0.0000,0.0000,0.0000,0.0000,0.0000,0.0000,0.0001
0.0001,0.0001,0.0001,0.0001,0.0002,0.0002,0.0003,0.0005,0.0008,0.0013
0.0024,0.0046,0.0087,0.0162,0.0274,0.0429,0.0604,0.0809,0.1041,0.1289
0.1545,0.1811,0.2061,0.2317,0.2562,0.2817,0.3067,0.3315,0.3555,0.3785
0.4019,0.4241,0.4466,0.4683,0.4895,0.5116,0.5323,0.5529,0.5738,0.5949
0.6155,0.6358,0.6559,0.6755,0.6946,0.7139,0.7331,0.7524,0.7718,0.7906
0.8087,0.8258,0.8423,0.8579,0.8723,0.8855,0.8985,0.9103,0.9203,0.9292
0.9378,0.9449,0.9511,0.9566,0.9612,0.9650,0.9685,0.9717,0.9747,0.9772
0.9798,0.9821,0.9839,0.9854,0.9868,0.9881,0.9894,0.9905,0.9914,0.9924
0.9930,0.9937,0.9941,0.9945,0.9950,0.9953,0.9956,0.9960,0.9963,0.9965
0.9968,0.9970,0.9972,0.9974,0.9975,0.9978,0.9980,0.9982,0.9984,0.9985
0.9986,0.9987,0.9988,0.9989,0.9991,0.9992,0.9993,0.9994,0.9995,0.9995
0.9996,0.9997,0.9998,0.9998,0.9998,0.9999,0.9999,0.9999,1.0000,1.0000
1.0000,1.0000,1.0000,1.0000,1.0000,1.0000,1.0000,1.0000,1.0000,1.0000
hwc2u1fract=0.0000,0.0000,0.0001,0.0001,0.0001,0.0001,0.0001,0.0001
0.0001,0.0001,0.0002,0.0002,0.0003,0.0004,0.0005,0.0007,0.0011,0.0017
0.0033,0.0067,0.0129,0.0234,0.0378,0.0549,0.0753,0.0979,0.1214,0.1453
0.1708,0.1961,0.2211,0.2456,0.2704,0.2944,0.3190,0.3429,0.3666,0.3888
0.4108,0.4328,0.4551,0.4761,0.4970,0.5182,0.5391,0.5600,0.5804,0.6009
0.6208,0.6405,0.6597,0.6798,0.6991,0.7182,0.7368,0.7559,0.7744,0.7932
0.8108,0.8286,0.8455,0.8614,0.8759,0.8891,0.9014,0.9132,0.9231,0.9320
0.9394,0.9462,0.9516,0.9566,0.9613,0.9655,0.9691,0.9725,0.9752,0.9781
0.9803,0.9825,0.9844,0.9859,0.9875,0.9889,0.9899,0.9908,0.9918,0.9924
0.9928,0.9933,0.9939,0.9943,0.9947,0.9950,0.9954,0.9955,0.9958,0.9961
0.9963,0.9966,0.9969,0.9970,0.9972,0.9975,0.9977,0.9979,0.9981,0.9982
0.9984,0.9986,0.9987,0.9989,0.9990,0.9990,0.9991,0.9992,0.9993,0.9994
0.9995,0.9996,0.9996,0.9996,0.9997,0.9997,0.9997,0.9998,0.9998,0.9998
0.9998,0.9999,0.9999,0.9999,0.9999,1.0000,1.0000,1.0000,1.0000,1.0000
hwc2v1fract=0.0000,0.0000,0.0000,0.0001,0.0001,0.0002,0.0003,0.0003
0.0004,0.0005,0.0006,0.0007,0.0008,0.0010,0.0012,0.0015,0.0023,0.0033
0.0056,0.0105,0.0191,0.0309,0.0469,0.0657,0.0873,0.1101,0.1352,0.1600
0.1847,0.2098,0.2347,0.2591,0.2840,0.3075,0.3307,0.3539,0.3766,0.3996
0.4219,0.4449,0.4670,0.4885,0.5097,0.5306,0.5516,0.5727,0.5938,0.6153
0.6354,0.6554,0.6749,0.6936,0.7127,0.7317,0.7498,0.7689,0.7876,0.8047
0.8216,0.8382,0.8534,0.8678,0.8821,0.8960,0.9072,0.9175,0.9268,0.9352
0.9419,0.9480,0.9533,0.9583,0.9628,0.9669,0.9703,0.9736,0.9763,0.9792
0.9816,0.9837,0.9853,0.9872,0.9885,0.9894,0.9903,0.9910,0.9918,0.9925
0.9931,0.9936,0.9940,0.9944,0.9949,0.9952,0.9955,0.9958,0.9961,0.9964
0.9967,0.9969,0.9972,0.9974,0.9976,0.9978,0.9981,0.9983,0.9984,0.9985
0.9986,0.9988,0.9989,0.9990,0.9991,0.9991,0.9992,0.9993,0.9994,0.9995
0.9995,0.9996,0.9997,0.9997,0.9997,0.9998,0.9998,0.9999,0.9999,0.9999
0.9999,0.9999,0.9999,0.9999,0.9999,1.0000,1.0000,1.0000,1.0000,1.0000
hwc2y2fract=0.0000,0.0000,0.0000,0.0001,0.0001,0.0001,0.0001,0.0001
0.0002,0.0002,0.0002,0.0003,0.0004,0.0005,0.0007,0.0009,0.0013,0.0024
0.0045,0.0078,0.0134,0.0232,0.0359,0.0520,0.0713,0.0927,0.1159,0.1407
0.1662,0.1914,0.2174,0.2434,0.2684,0.2935,0.3176,0.3418,0.3655,0.3889
0.4109,0.4338,0.4560,0.4776,0.4986,0.5204,0.5408,0.5614,0.5823,0.6040
0.6240,0.6438,0.6628,0.6821,0.7018,0.7218,0.7413,0.7600,0.7785,0.7965
0.8136,0.8309,0.8470,0.8618,0.8758,0.8894,0.9016,0.9129,0.9233,0.9321
0.9395,0.9465,0.9530,0.9581,0.9629,0.9668,0.9705,0.9737,0.9764,0.9790
0.9812,0.9835,0.9850,0.9866,0.9877,0.9889,0.9900,0.9909,0.9917,0.9924
0.9930,0.9936,0.9941,0.9946,0.9951,0.9955,0.9959,0.9961,0.9965,0.9969
0.9971,0.9973,0.9975,0.9976,0.9978,0.9979,0.9981,0.9982,0.9984,0.9986
0.9987,0.9988,0.9990,0.9990,0.9991,0.9993,0.9993,0.9994,0.9995,0.9995
0.9996,0.9996,0.9997,0.9998,0.9998,0.9998,0.9998,0.9998,0.9999,0.9999
0.9999,0.9999,1.0000,1.0000,1.0000,1.0000,1.0000,1.0000,1.0000,1.0000
hwc2x2fract=0.0001,0.0001,0.0002,0.0002,0.0003,0.0003,0.0004,0.0005
0.0006,0.0007,0.0009,0.0011,0.0012,0.0015,0.0019,0.0023,0.0029,0.0036
0.0046,0.0067,0.0096,0.0148,0.0224,0.0333,0.0461,0.0618,0.0794,0.0983
0.1186,0.1396,0.1616,0.1841,0.2063,0.2291,0.2526,0.2764,0.3007,0.3244
0.3482,0.3719,0.3950,0.4183,0.4418,0.4643,0.4864,0.5081,0.5298,0.5516
0.5730,0.5942,0.6153,0.6359,0.6562,0.6765,0.6971,0.7171,0.7367,0.7562
0.7747,0.7925,0.8098,0.8268,0.8429,0.8579,0.8723,0.8849,0.8971,0.9083
0.9184,0.9270,0.9346,0.9418,0.9483,0.9543,0.9594,0.9637,0.9678,0.9717
0.9753,0.9783,0.9813,0.9834,0.9855,0.9872,0.9888,0.9901,0.9911,0.9920
0.9928,0.9934,0.9939,0.9944,0.9948,0.9952,0.9958,0.9961,0.9965,0.9968
0.9971,0.9973,0.9975,0.9977,0.9979,0.9982,0.9983,0.9984,0.9987,0.9988
0.9989,0.9991,0.9992,0.9993,0.9993,0.9993,0.9994,0.9995,0.9996,0.9996
0.9997,0.9997,0.9998,0.9998,0.9998,0.9999,0.9999,0.9999,0.9999,0.9999
0.9999,0.9999,0.9999,0.9999,1.0000,1.0000,1.0000,1.0000,1.0000,1.0000
