; Lookup table
;number of bins in Meek's time to distance lookup table
hdriftbins=138
;number of 1st bin in Meek's table in ns
hdrift1stbin=-24
;bin size in ns of Meek's table
hdriftbinsz=2
hwc1x1fract=0.0000,0.0001,0.0001,0.0002,0.0002,0.0002,0.0003,0.0003
0.0004,0.0005,0.0006,0.0008,0.0009,0.0011,0.0013,0.0017,0.0022,0.0031
0.0045,0.0062,0.0090,0.0125,0.0179,0.0250,0.0347,0.0461,0.0587,0.0722
0.0865,0.1022,0.1188,0.1368,0.1547,0.1743,0.1938,0.2149,0.2355,0.2565
0.2780,0.3002,0.3217,0.3437,0.3657,0.3878,0.4099,0.4326,0.4548,0.4776
0.5000,0.5221,0.5446,0.5663,0.5886,0.6102,0.6313,0.6525,0.6734,0.6943
0.7154,0.7354,0.7542,0.7737,0.7920,0.8092,0.8258,0.8411,0.8556,0.8697
0.8826,0.8952,0.9066,0.9171,0.9268,0.9353,0.9430,0.9501,0.9565,0.9627
0.9680,0.9727,0.9767,0.9800,0.9833,0.9857,0.9880,0.9899,0.9915,0.9926
0.9936,0.9945,0.9952,0.9958,0.9962,0.9966,0.9970,0.9973,0.9975,0.9978
0.9980,0.9983,0.9985,0.9986,0.9988,0.9989,0.9990,0.9991,0.9992,0.9993
0.9994,0.9995,0.9996,0.9996,0.9997,0.9997,0.9997,0.9997,0.9998,0.9998
0.9998,0.9998,0.9998,0.9999,0.9999,0.9999,0.9999,0.9999,0.9999,0.9999
0.9999,0.9999,1.0000,1.0000,1.0000,1.0000,1.0000,1.0000,1.0000,1.0000
hwc1y1fract=0.0000,0.0000,0.0001,0.0001,0.0001,0.0002,0.0002,0.0003
0.0004,0.0005,0.0006,0.0007,0.0008,0.0010,0.0012,0.0016,0.0020,0.0028
0.0038,0.0058,0.0092,0.0149,0.0231,0.0341,0.0477,0.0632,0.0813,0.1006
0.1211,0.1422,0.1643,0.1869,0.2093,0.2323,0.2549,0.2772,0.3001,0.3228
0.3456,0.3677,0.3893,0.4117,0.4336,0.4556,0.4773,0.4986,0.5196,0.5405
0.5612,0.5816,0.6023,0.6226,0.6427,0.6626,0.6827,0.7024,0.7220,0.7409
0.7598,0.7781,0.7954,0.8130,0.8293,0.8452,0.8602,0.8746,0.8875,0.8995
0.9104,0.9200,0.9286,0.9365,0.9436,0.9499,0.9555,0.9605,0.9648,0.9690
0.9727,0.9760,0.9789,0.9816,0.9838,0.9856,0.9873,0.9889,0.9902,0.9913
0.9921,0.9929,0.9936,0.9942,0.9947,0.9954,0.9959,0.9964,0.9967,0.9971
0.9974,0.9977,0.9979,0.9981,0.9983,0.9985,0.9987,0.9988,0.9989,0.9990
0.9991,0.9992,0.9993,0.9994,0.9995,0.9996,0.9996,0.9997,0.9997,0.9998
0.9998,0.9998,0.9999,0.9999,0.9999,0.9999,0.9999,0.9999,0.9999,1.0000
1.0000,1.0000,1.0000,1.0000,1.0000,1.0000,1.0000,1.0000,1.0000,1.0000
hwc1u1fract=0.0000,0.0000,0.0000,0.0000,0.0000,0.0000,0.0000,0.0000
0.0000,0.0000,0.0001,0.0001,0.0001,0.0002,0.0002,0.0004,0.0008,0.0016
0.0027,0.0046,0.0074,0.0120,0.0190,0.0288,0.0411,0.0555,0.0713,0.0884
0.1071,0.1264,0.1473,0.1686,0.1898,0.2122,0.2341,0.2557,0.2773,0.2992
0.3211,0.3434,0.3651,0.3872,0.4087,0.4297,0.4516,0.4738,0.4951,0.5167
0.5376,0.5584,0.5790,0.5999,0.6209,0.6415,0.6621,0.6816,0.7008,0.7202
0.7393,0.7579,0.7761,0.7939,0.8105,0.8270,0.8426,0.8574,0.8709,0.8835
0.8950,0.9058,0.9153,0.9237,0.9317,0.9389,0.9453,0.9510,0.9564,0.9613
0.9658,0.9699,0.9736,0.9768,0.9797,0.9822,0.9843,0.9861,0.9878,0.9891
0.9903,0.9913,0.9922,0.9928,0.9935,0.9940,0.9946,0.9950,0.9955,0.9959
0.9963,0.9967,0.9970,0.9972,0.9975,0.9978,0.9979,0.9981,0.9983,0.9985
0.9987,0.9989,0.9990,0.9991,0.9992,0.9994,0.9994,0.9995,0.9996,0.9997
0.9997,0.9998,0.9998,0.9998,0.9998,0.9999,0.9999,0.9999,0.9999,0.9999
0.9999,0.9999,0.9999,1.0000,1.0000,1.0000,1.0000,1.0000,1.0000,1.0000
hwc1v1fract=0.0000,0.0000,0.0000,0.0000,0.0001,0.0001,0.0001,0.0001
0.0001,0.0001,0.0002,0.0002,0.0003,0.0003,0.0005,0.0006,0.0009,0.0014
0.0025,0.0049,0.0092,0.0160,0.0255,0.0379,0.0530,0.0697,0.0875,0.1070
0.1270,0.1473,0.1686,0.1902,0.2122,0.2345,0.2562,0.2782,0.3006,0.3227
0.3443,0.3657,0.3873,0.4081,0.4300,0.4510,0.4724,0.4936,0.5147,0.5355
0.5563,0.5769,0.5974,0.6174,0.6380,0.6578,0.6776,0.6974,0.7175,0.7373
0.7563,0.7745,0.7926,0.8101,0.8268,0.8429,0.8580,0.8725,0.8855,0.8973
0.9082,0.9178,0.9267,0.9339,0.9413,0.9477,0.9535,0.9584,0.9631,0.9676
0.9714,0.9748,0.9777,0.9803,0.9828,0.9849,0.9869,0.9883,0.9895,0.9907
0.9917,0.9925,0.9934,0.9940,0.9947,0.9952,0.9955,0.9960,0.9964,0.9968
0.9970,0.9974,0.9977,0.9978,0.9981,0.9983,0.9985,0.9987,0.9988,0.9989
0.9991,0.9992,0.9993,0.9994,0.9995,0.9995,0.9996,0.9997,0.9997,0.9997
0.9998,0.9998,0.9998,0.9998,0.9999,0.9999,0.9999,0.9999,0.9999,0.9999
1.0000,1.0000,1.0000,1.0000,1.0000,1.0000,1.0000,1.0000,1.0000,1.0000
hwc1y2fract=0.0000,0.0000,0.0001,0.0001,0.0001,0.0001,0.0001,0.0002
0.0002,0.0002,0.0002,0.0003,0.0004,0.0005,0.0006,0.0008,0.0011,0.0018
0.0032,0.0059,0.0104,0.0173,0.0265,0.0384,0.0531,0.0692,0.0875,0.1069
0.1269,0.1484,0.1703,0.1926,0.2152,0.2376,0.2602,0.2828,0.3055,0.3281
0.3507,0.3727,0.3952,0.4169,0.4388,0.4602,0.4818,0.5031,0.5242,0.5448
0.5655,0.5864,0.6073,0.6272,0.6474,0.6673,0.6877,0.7073,0.7261,0.7451
0.7640,0.7815,0.7992,0.8157,0.8319,0.8473,0.8619,0.8755,0.8882,0.8995
0.9098,0.9191,0.9275,0.9352,0.9418,0.9481,0.9535,0.9589,0.9631,0.9671
0.9711,0.9744,0.9772,0.9798,0.9819,0.9837,0.9854,0.9870,0.9885,0.9896
0.9906,0.9916,0.9925,0.9933,0.9938,0.9945,0.9950,0.9955,0.9959,0.9963
0.9967,0.9971,0.9972,0.9974,0.9977,0.9980,0.9982,0.9984,0.9986,0.9988
0.9990,0.9991,0.9992,0.9993,0.9994,0.9995,0.9996,0.9996,0.9997,0.9997
0.9998,0.9998,0.9998,0.9998,0.9998,0.9999,0.9999,0.9999,0.9999,0.9999
1.0000,1.0000,1.0000,1.0000,1.0000,1.0000,1.0000,1.0000,1.0000,1.0000
hwc1x2fract=0.0000,0.0000,0.0001,0.0001,0.0001,0.0001,0.0002,0.0002
0.0002,0.0003,0.0004,0.0005,0.0006,0.0007,0.0008,0.0012,0.0018,0.0028
0.0046,0.0076,0.0123,0.0187,0.0268,0.0373,0.0491,0.0624,0.0768,0.0926
0.1093,0.1273,0.1448,0.1633,0.1833,0.2034,0.2245,0.2459,0.2675,0.2889
0.3109,0.3334,0.3566,0.3786,0.4012,0.4244,0.4470,0.4692,0.4914,0.5129
0.5354,0.5575,0.5799,0.6014,0.6225,0.6437,0.6649,0.6849,0.7051,0.7258
0.7458,0.7647,0.7831,0.8010,0.8185,0.8353,0.8502,0.8650,0.8784,0.8908
0.9023,0.9130,0.9232,0.9322,0.9404,0.9477,0.9542,0.9599,0.9655,0.9706
0.9753,0.9789,0.9821,0.9849,0.9871,0.9889,0.9907,0.9920,0.9929,0.9938
0.9946,0.9953,0.9957,0.9962,0.9966,0.9969,0.9972,0.9975,0.9977,0.9979
0.9982,0.9983,0.9984,0.9986,0.9987,0.9989,0.9990,0.9990,0.9991,0.9992
0.9992,0.9993,0.9994,0.9995,0.9995,0.9995,0.9996,0.9996,0.9997,0.9997
0.9997,0.9998,0.9998,0.9998,0.9999,0.9999,0.9999,0.9999,0.9999,0.9999
1.0000,1.0000,1.0000,1.0000,1.0000,1.0000,1.0000,1.0000,1.0000,1.0000
hwc2x1fract=0.0000,0.0001,0.0001,0.0002,0.0002,0.0003,0.0003,0.0004
0.0005,0.0006,0.0007,0.0008,0.0010,0.0012,0.0013,0.0016,0.0021,0.0027
0.0039,0.0063,0.0097,0.0148,0.0216,0.0303,0.0401,0.0526,0.0660,0.0808
0.0970,0.1147,0.1322,0.1503,0.1698,0.1901,0.2109,0.2317,0.2529,0.2753
0.2971,0.3192,0.3413,0.3637,0.3865,0.4088,0.4310,0.4529,0.4752,0.4973
0.5194,0.5419,0.5640,0.5856,0.6079,0.6292,0.6507,0.6720,0.6932,0.7140
0.7341,0.7543,0.7736,0.7928,0.8115,0.8289,0.8451,0.8604,0.8748,0.8880
0.8997,0.9103,0.9203,0.9301,0.9385,0.9460,0.9528,0.9588,0.9644,0.9692
0.9737,0.9776,0.9810,0.9839,0.9863,0.9883,0.9898,0.9911,0.9924,0.9932
0.9942,0.9950,0.9956,0.9960,0.9964,0.9968,0.9972,0.9975,0.9978,0.9980
0.9982,0.9984,0.9985,0.9987,0.9989,0.9989,0.9990,0.9991,0.9992,0.9993
0.9994,0.9995,0.9995,0.9996,0.9996,0.9997,0.9998,0.9998,0.9998,0.9998
0.9998,0.9999,0.9999,0.9999,0.9999,0.9999,0.9999,1.0000,1.0000,1.0000
1.0000,1.0000,1.0000,1.0000,1.0000,1.0000,1.0000,1.0000,1.0000,1.0000
hwc2y1fract=0.0000,0.0000,0.0000,0.0000,0.0000,0.0000,0.0000,0.0001
0.0001,0.0001,0.0002,0.0002,0.0003,0.0003,0.0005,0.0006,0.0008,0.0014
0.0022,0.0039,0.0069,0.0126,0.0209,0.0324,0.0470,0.0642,0.0831,0.1032
0.1249,0.1474,0.1711,0.1941,0.2174,0.2411,0.2651,0.2882,0.3117,0.3347
0.3574,0.3800,0.4023,0.4242,0.4459,0.4678,0.4889,0.5094,0.5307,0.5520
0.5724,0.5930,0.6137,0.6342,0.6546,0.6749,0.6951,0.7143,0.7343,0.7539
0.7725,0.7908,0.8088,0.8261,0.8428,0.8589,0.8744,0.8880,0.9002,0.9116
0.9217,0.9308,0.9389,0.9458,0.9521,0.9577,0.9623,0.9665,0.9705,0.9741
0.9771,0.9798,0.9822,0.9841,0.9859,0.9876,0.9889,0.9902,0.9911,0.9920
0.9928,0.9935,0.9942,0.9948,0.9953,0.9958,0.9962,0.9965,0.9968,0.9971
0.9974,0.9977,0.9979,0.9980,0.9983,0.9984,0.9985,0.9987,0.9988,0.9990
0.9991,0.9992,0.9993,0.9994,0.9995,0.9996,0.9997,0.9997,0.9998,0.9998
0.9998,0.9999,0.9999,0.9999,0.9999,0.9999,1.0000,1.0000,1.0000,1.0000
1.0000,1.0000,1.0000,1.0000,1.0000,1.0000,1.0000,1.0000,1.0000,1.0000
hwc2u1fract=0.0000,0.0000,0.0000,0.0000,0.0000,0.0000,0.0000,0.0001
0.0001,0.0001,0.0001,0.0001,0.0002,0.0002,0.0003,0.0004,0.0006,0.0011
0.0025,0.0057,0.0114,0.0205,0.0332,0.0490,0.0672,0.0874,0.1087,0.1307
0.1536,0.1766,0.2003,0.2238,0.2470,0.2703,0.2934,0.3156,0.3380,0.3601
0.3825,0.4048,0.4266,0.4478,0.4690,0.4904,0.5115,0.5330,0.5533,0.5740
0.5949,0.6154,0.6352,0.6556,0.6756,0.6953,0.7145,0.7332,0.7521,0.7708
0.7889,0.8065,0.8242,0.8405,0.8566,0.8713,0.8846,0.8972,0.9092,0.9196
0.9288,0.9366,0.9434,0.9497,0.9553,0.9602,0.9645,0.9686,0.9722,0.9753
0.9782,0.9805,0.9827,0.9846,0.9865,0.9878,0.9891,0.9902,0.9911,0.9920
0.9927,0.9933,0.9939,0.9944,0.9949,0.9953,0.9956,0.9960,0.9963,0.9967
0.9970,0.9974,0.9976,0.9978,0.9980,0.9982,0.9985,0.9986,0.9988,0.9990
0.9991,0.9992,0.9993,0.9994,0.9995,0.9996,0.9996,0.9997,0.9997,0.9998
0.9998,0.9998,0.9999,0.9999,0.9999,0.9999,0.9999,0.9999,0.9999,1.0000
1.0000,1.0000,1.0000,1.0000,1.0000,1.0000,1.0000,1.0000,1.0000,1.0000
hwc2v1fract=0.0000,0.0000,0.0000,0.0000,0.0000,0.0000,0.0001,0.0001
0.0001,0.0001,0.0002,0.0002,0.0002,0.0003,0.0004,0.0005,0.0007,0.0012
0.0022,0.0039,0.0078,0.0145,0.0248,0.0385,0.0548,0.0732,0.0936,0.1149
0.1371,0.1594,0.1823,0.2049,0.2279,0.2514,0.2746,0.2975,0.3201,0.3428
0.3651,0.3872,0.4095,0.4308,0.4524,0.4739,0.4954,0.5167,0.5378,0.5589
0.5796,0.6000,0.6203,0.6403,0.6599,0.6800,0.6996,0.7185,0.7375,0.7563
0.7751,0.7932,0.8104,0.8273,0.8440,0.8597,0.8740,0.8868,0.8989,0.9102
0.9200,0.9284,0.9367,0.9433,0.9493,0.9547,0.9592,0.9638,0.9677,0.9713
0.9745,0.9775,0.9799,0.9820,0.9840,0.9859,0.9874,0.9887,0.9898,0.9907
0.9917,0.9925,0.9932,0.9938,0.9943,0.9948,0.9954,0.9958,0.9961,0.9964
0.9968,0.9971,0.9974,0.9976,0.9978,0.9981,0.9984,0.9986,0.9987,0.9989
0.9991,0.9992,0.9993,0.9994,0.9995,0.9996,0.9996,0.9997,0.9997,0.9998
0.9998,0.9999,0.9999,0.9999,1.0000,1.0000,1.0000,1.0000,1.0000,1.0000
1.0000,1.0000,1.0000,1.0000,1.0000,1.0000,1.0000,1.0000,1.0000,1.0000
hwc2y2fract=0.0000,0.0000,0.0000,0.0000,0.0001,0.0001,0.0001,0.0001
0.0001,0.0002,0.0002,0.0003,0.0003,0.0004,0.0005,0.0007,0.0010,0.0017
0.0028,0.0046,0.0082,0.0144,0.0234,0.0356,0.0503,0.0681,0.0876,0.1085
0.1304,0.1534,0.1763,0.2002,0.2244,0.2476,0.2708,0.2943,0.3178,0.3402
0.3638,0.3862,0.4089,0.4308,0.4530,0.4754,0.4964,0.5173,0.5386,0.5595
0.5795,0.6001,0.6206,0.6410,0.6609,0.6807,0.7003,0.7193,0.7386,0.7577
0.7762,0.7945,0.8122,0.8290,0.8458,0.8612,0.8758,0.8895,0.9012,0.9126
0.9226,0.9317,0.9396,0.9463,0.9526,0.9581,0.9628,0.9669,0.9706,0.9739
0.9769,0.9796,0.9820,0.9841,0.9859,0.9872,0.9887,0.9900,0.9911,0.9921
0.9928,0.9934,0.9940,0.9946,0.9951,0.9955,0.9959,0.9963,0.9966,0.9969
0.9972,0.9974,0.9976,0.9978,0.9980,0.9982,0.9983,0.9985,0.9986,0.9988
0.9989,0.9991,0.9992,0.9993,0.9994,0.9995,0.9995,0.9996,0.9996,0.9997
0.9997,0.9998,0.9999,0.9999,0.9999,0.9999,0.9999,0.9999,1.0000,1.0000
1.0000,1.0000,1.0000,1.0000,1.0000,1.0000,1.0000,1.0000,1.0000,1.0000
hwc2x2fract=0.0000,0.0001,0.0001,0.0001,0.0002,0.0002,0.0002,0.0002
0.0003,0.0003,0.0004,0.0004,0.0005,0.0007,0.0009,0.0011,0.0014,0.0021
0.0033,0.0050,0.0081,0.0126,0.0190,0.0278,0.0384,0.0509,0.0652,0.0804
0.0969,0.1140,0.1323,0.1512,0.1716,0.1930,0.2140,0.2354,0.2572,0.2796
0.3024,0.3256,0.3483,0.3706,0.3930,0.4155,0.4374,0.4601,0.4820,0.5042
0.5259,0.5481,0.5697,0.5917,0.6131,0.6341,0.6549,0.6754,0.6958,0.7163
0.7362,0.7556,0.7748,0.7932,0.8106,0.8282,0.8443,0.8594,0.8739,0.8866
0.8987,0.9102,0.9202,0.9291,0.9374,0.9449,0.9516,0.9575,0.9625,0.9675
0.9720,0.9759,0.9797,0.9827,0.9852,0.9873,0.9890,0.9906,0.9919,0.9930
0.9938,0.9945,0.9950,0.9956,0.9961,0.9965,0.9968,0.9972,0.9975,0.9978
0.9980,0.9983,0.9985,0.9986,0.9988,0.9989,0.9991,0.9991,0.9992,0.9993
0.9993,0.9994,0.9995,0.9996,0.9996,0.9997,0.9997,0.9997,0.9998,0.9998
0.9998,0.9999,0.9999,0.9999,0.9999,0.9999,0.9999,0.9999,0.9999,1.0000
1.0000,1.0000,1.0000,1.0000,1.0000,1.0000,1.0000,1.0000,1.0000,1.0000
