; Lookup table
;number of bins in Meek's time to distance lookup table
hdriftbins=138
;number of 1st bin in Meek's table in ns
hdrift1stbin=-24
;bin size in ns of Meek's table
hdriftbinsz=2
hwc1x1fract=0.0000,0.0001,0.0001,0.0002,0.0002,0.0003,0.0004,0.0005
0.0006,0.0007,0.0009,0.0011,0.0013,0.0016,0.0021,0.0028,0.0039,0.0056
0.0077,0.0109,0.0156,0.0220,0.0302,0.0405,0.0520,0.0653,0.0802,0.0961
0.1131,0.1309,0.1501,0.1700,0.1905,0.2115,0.2333,0.2555,0.2778,0.3001
0.3229,0.3459,0.3693,0.3919,0.4153,0.4381,0.4608,0.4841,0.5068,0.5294
0.5515,0.5734,0.5953,0.6167,0.6382,0.6592,0.6802,0.7008,0.7210,0.7405
0.7597,0.7782,0.7960,0.8133,0.8297,0.8453,0.8596,0.8731,0.8855,0.8968
0.9072,0.9167,0.9257,0.9337,0.9412,0.9482,0.9545,0.9603,0.9654,0.9702
0.9743,0.9779,0.9812,0.9838,0.9860,0.9879,0.9895,0.9908,0.9920,0.9929
0.9938,0.9945,0.9951,0.9956,0.9962,0.9965,0.9968,0.9971,0.9974,0.9976
0.9978,0.9980,0.9982,0.9983,0.9985,0.9986,0.9987,0.9988,0.9989,0.9990
0.9991,0.9992,0.9992,0.9993,0.9994,0.9994,0.9995,0.9995,0.9996,0.9996
0.9997,0.9997,0.9997,0.9997,0.9998,0.9998,0.9998,0.9998,0.9999,0.9999
0.9999,0.9999,0.9999,0.9999,1.0000,1.0000,1.0000,1.0000,1.0000,1.0000
hwc1y1fract=0.0000,0.0001,0.0001,0.0002,0.0002,0.0002,0.0003,0.0004
0.0005,0.0006,0.0008,0.0009,0.0011,0.0014,0.0018,0.0024,0.0034,0.0049
0.0073,0.0120,0.0189,0.0286,0.0411,0.0560,0.0733,0.0925,0.1136,0.1359
0.1582,0.1815,0.2051,0.2292,0.2530,0.2768,0.3008,0.3245,0.3479,0.3712
0.3942,0.4169,0.4392,0.4613,0.4834,0.5049,0.5261,0.5472,0.5684,0.5892
0.6100,0.6305,0.6510,0.6715,0.6916,0.7113,0.7306,0.7493,0.7676,0.7856
0.8031,0.8201,0.8360,0.8512,0.8650,0.8783,0.8906,0.9012,0.9113,0.9202
0.9281,0.9352,0.9416,0.9476,0.9529,0.9574,0.9617,0.9656,0.9692,0.9725
0.9755,0.9780,0.9803,0.9823,0.9842,0.9858,0.9872,0.9885,0.9896,0.9906
0.9915,0.9923,0.9931,0.9938,0.9944,0.9949,0.9955,0.9959,0.9963,0.9967
0.9970,0.9973,0.9976,0.9979,0.9981,0.9983,0.9984,0.9986,0.9987,0.9989
0.9990,0.9991,0.9992,0.9993,0.9994,0.9995,0.9996,0.9996,0.9997,0.9997
0.9997,0.9998,0.9998,0.9998,0.9998,0.9999,0.9999,0.9999,0.9999,0.9999
1.0000,1.0000,1.0000,1.0000,1.0000,1.0000,1.0000,1.0000,1.0000,1.0000
hwc1u1fract=0.0000,0.0000,0.0000,0.0000,0.0000,0.0001,0.0001,0.0001
0.0001,0.0001,0.0001,0.0002,0.0002,0.0004,0.0007,0.0013,0.0023,0.0037
0.0058,0.0094,0.0152,0.0235,0.0345,0.0477,0.0629,0.0800,0.0982,0.1182
0.1387,0.1603,0.1822,0.2047,0.2278,0.2510,0.2740,0.2971,0.3205,0.3436
0.3666,0.3894,0.4119,0.4347,0.4568,0.4791,0.5009,0.5226,0.5442,0.5650
0.5861,0.6068,0.6274,0.6478,0.6678,0.6875,0.7075,0.7266,0.7458,0.7643
0.7825,0.8000,0.8168,0.8331,0.8480,0.8620,0.8749,0.8868,0.8973,0.9071
0.9158,0.9239,0.9310,0.9376,0.9437,0.9492,0.9543,0.9591,0.9635,0.9676
0.9713,0.9746,0.9774,0.9800,0.9822,0.9842,0.9858,0.9872,0.9885,0.9896
0.9906,0.9915,0.9922,0.9929,0.9936,0.9942,0.9947,0.9952,0.9956,0.9960
0.9964,0.9968,0.9971,0.9973,0.9976,0.9978,0.9980,0.9982,0.9984,0.9985
0.9987,0.9988,0.9989,0.9990,0.9991,0.9993,0.9993,0.9994,0.9995,0.9996
0.9996,0.9997,0.9997,0.9997,0.9998,0.9998,0.9998,0.9999,0.9999,0.9999
0.9999,0.9999,0.9999,0.9999,1.0000,1.0000,1.0000,1.0000,1.0000,1.0000
hwc1v1fract=0.0000,0.0000,0.0000,0.0000,0.0001,0.0001,0.0001,0.0001
0.0001,0.0002,0.0002,0.0003,0.0004,0.0005,0.0006,0.0010,0.0016,0.0027
0.0047,0.0082,0.0143,0.0229,0.0340,0.0478,0.0636,0.0812,0.1000,0.1202
0.1411,0.1625,0.1848,0.2076,0.2306,0.2537,0.2766,0.2991,0.3218,0.3447
0.3673,0.3899,0.4124,0.4347,0.4566,0.4786,0.5002,0.5218,0.5429,0.5640
0.5852,0.6062,0.6266,0.6472,0.6676,0.6876,0.7071,0.7266,0.7459,0.7647
0.7833,0.8010,0.8184,0.8350,0.8505,0.8646,0.8778,0.8896,0.9002,0.9099
0.9185,0.9263,0.9334,0.9399,0.9457,0.9511,0.9561,0.9608,0.9650,0.9689
0.9725,0.9757,0.9785,0.9810,0.9832,0.9851,0.9867,0.9880,0.9893,0.9903
0.9913,0.9921,0.9929,0.9935,0.9941,0.9946,0.9951,0.9955,0.9959,0.9963
0.9967,0.9970,0.9973,0.9975,0.9977,0.9979,0.9981,0.9983,0.9985,0.9986
0.9988,0.9989,0.9990,0.9991,0.9992,0.9993,0.9994,0.9995,0.9995,0.9996
0.9997,0.9997,0.9997,0.9998,0.9998,0.9998,0.9998,0.9999,0.9999,0.9999
0.9999,0.9999,0.9999,1.0000,1.0000,1.0000,1.0000,1.0000,1.0000,1.0000
hwc1y2fract=0.0000,0.0000,0.0000,0.0001,0.0001,0.0001,0.0001,0.0002
0.0002,0.0002,0.0003,0.0004,0.0004,0.0006,0.0007,0.0011,0.0018,0.0029
0.0050,0.0084,0.0140,0.0220,0.0326,0.0459,0.0616,0.0791,0.0982,0.1191
0.1411,0.1634,0.1867,0.2102,0.2338,0.2575,0.2813,0.3048,0.3282,0.3518
0.3745,0.3975,0.4200,0.4425,0.4646,0.4866,0.5085,0.5299,0.5507,0.5716
0.5928,0.6135,0.6342,0.6547,0.6748,0.6942,0.7137,0.7327,0.7512,0.7697
0.7874,0.8047,0.8210,0.8367,0.8514,0.8656,0.8784,0.8900,0.9004,0.9101
0.9186,0.9263,0.9334,0.9398,0.9454,0.9506,0.9554,0.9598,0.9641,0.9677
0.9711,0.9740,0.9766,0.9790,0.9810,0.9829,0.9846,0.9861,0.9874,0.9886
0.9896,0.9905,0.9914,0.9923,0.9929,0.9935,0.9941,0.9946,0.9951,0.9956
0.9960,0.9963,0.9967,0.9970,0.9972,0.9975,0.9977,0.9979,0.9981,0.9983
0.9985,0.9986,0.9987,0.9989,0.9990,0.9991,0.9992,0.9993,0.9994,0.9994
0.9995,0.9996,0.9997,0.9997,0.9997,0.9997,0.9998,0.9998,0.9999,0.9999
0.9999,0.9999,0.9999,0.9999,1.0000,1.0000,1.0000,1.0000,1.0000,1.0000
hwc1x2fract=0.0000,0.0000,0.0001,0.0001,0.0001,0.0002,0.0002,0.0003
0.0003,0.0004,0.0005,0.0005,0.0007,0.0008,0.0011,0.0016,0.0025,0.0038
0.0063,0.0099,0.0154,0.0229,0.0323,0.0434,0.0564,0.0709,0.0867,0.1032
0.1212,0.1401,0.1602,0.1807,0.2020,0.2238,0.2463,0.2695,0.2923,0.3153
0.3388,0.3620,0.3856,0.4087,0.4318,0.4547,0.4770,0.4993,0.5223,0.5442
0.5662,0.5880,0.6097,0.6310,0.6523,0.6732,0.6937,0.7140,0.7341,0.7533
0.7721,0.7902,0.8077,0.8242,0.8401,0.8550,0.8686,0.8815,0.8931,0.9038
0.9137,0.9228,0.9311,0.9388,0.9457,0.9523,0.9580,0.9635,0.9684,0.9729
0.9767,0.9800,0.9827,0.9851,0.9871,0.9888,0.9903,0.9915,0.9925,0.9933
0.9940,0.9947,0.9953,0.9957,0.9962,0.9966,0.9968,0.9971,0.9974,0.9976
0.9979,0.9980,0.9982,0.9984,0.9985,0.9987,0.9987,0.9988,0.9990,0.9990
0.9991,0.9992,0.9992,0.9993,0.9994,0.9994,0.9995,0.9996,0.9996,0.9996
0.9997,0.9997,0.9997,0.9998,0.9998,0.9998,0.9999,0.9999,0.9999,0.9999
0.9999,0.9999,1.0000,1.0000,1.0000,1.0000,1.0000,1.0000,1.0000,1.0000
hwc2x1fract=0.0000,0.0001,0.0001,0.0002,0.0003,0.0003,0.0004,0.0005
0.0006,0.0008,0.0009,0.0010,0.0013,0.0016,0.0019,0.0024,0.0034,0.0050
0.0079,0.0121,0.0179,0.0253,0.0348,0.0458,0.0586,0.0727,0.0879,0.1048
0.1227,0.1412,0.1608,0.1810,0.2019,0.2234,0.2454,0.2677,0.2904,0.3135
0.3370,0.3603,0.3837,0.4071,0.4306,0.4537,0.4764,0.4990,0.5220,0.5445
0.5669,0.5891,0.6115,0.6327,0.6543,0.6757,0.6968,0.7171,0.7376,0.7573
0.7767,0.7951,0.8127,0.8295,0.8455,0.8603,0.8742,0.8865,0.8980,0.9085
0.9181,0.9267,0.9346,0.9419,0.9488,0.9548,0.9605,0.9656,0.9701,0.9742
0.9777,0.9808,0.9835,0.9858,0.9877,0.9894,0.9907,0.9918,0.9927,0.9935
0.9943,0.9949,0.9954,0.9959,0.9963,0.9967,0.9970,0.9973,0.9975,0.9978
0.9980,0.9981,0.9983,0.9984,0.9986,0.9987,0.9989,0.9990,0.9991,0.9991
0.9992,0.9993,0.9994,0.9995,0.9995,0.9996,0.9996,0.9996,0.9997,0.9997
0.9998,0.9998,0.9998,0.9998,0.9998,0.9999,0.9999,0.9999,0.9999,0.9999
0.9999,0.9999,1.0000,1.0000,1.0000,1.0000,1.0000,1.0000,1.0000,1.0000
hwc2y1fract=0.0000,0.0000,0.0000,0.0001,0.0001,0.0001,0.0001,0.0001
0.0002,0.0002,0.0003,0.0003,0.0004,0.0005,0.0007,0.0010,0.0017,0.0030
0.0051,0.0091,0.0154,0.0250,0.0374,0.0527,0.0701,0.0898,0.1109,0.1332
0.1566,0.1801,0.2050,0.2292,0.2537,0.2785,0.3029,0.3272,0.3509,0.3745
0.3978,0.4204,0.4431,0.4656,0.4874,0.5094,0.5313,0.5528,0.5740,0.5948
0.6155,0.6362,0.6567,0.6771,0.6972,0.7169,0.7359,0.7550,0.7738,0.7920
0.8097,0.8267,0.8428,0.8580,0.8726,0.8859,0.8977,0.9085,0.9181,0.9267
0.9344,0.9412,0.9472,0.9527,0.9576,0.9620,0.9660,0.9695,0.9728,0.9757
0.9783,0.9805,0.9825,0.9842,0.9858,0.9871,0.9883,0.9894,0.9905,0.9913
0.9921,0.9927,0.9934,0.9939,0.9945,0.9949,0.9953,0.9957,0.9961,0.9964
0.9967,0.9970,0.9972,0.9975,0.9977,0.9980,0.9982,0.9983,0.9985,0.9987
0.9988,0.9989,0.9990,0.9991,0.9992,0.9993,0.9994,0.9995,0.9996,0.9996
0.9997,0.9997,0.9998,0.9998,0.9998,0.9998,0.9999,0.9999,0.9999,0.9999
1.0000,1.0000,1.0000,1.0000,1.0000,1.0000,1.0000,1.0000,1.0000,1.0000
hwc2u1fract=0.0000,0.0000,0.0000,0.0000,0.0000,0.0000,0.0001,0.0001
0.0001,0.0001,0.0001,0.0001,0.0002,0.0003,0.0004,0.0006,0.0010,0.0019
0.0040,0.0083,0.0155,0.0259,0.0394,0.0558,0.0739,0.0945,0.1157,0.1383
0.1617,0.1857,0.2096,0.2340,0.2585,0.2823,0.3062,0.3297,0.3536,0.3767
0.3996,0.4220,0.4442,0.4668,0.4886,0.5101,0.5313,0.5524,0.5733,0.5941
0.6145,0.6349,0.6550,0.6750,0.6948,0.7144,0.7335,0.7526,0.7714,0.7894
0.8068,0.8238,0.8403,0.8559,0.8702,0.8837,0.8960,0.9067,0.9164,0.9248
0.9325,0.9393,0.9453,0.9507,0.9556,0.9601,0.9642,0.9679,0.9713,0.9744
0.9771,0.9796,0.9818,0.9836,0.9853,0.9867,0.9879,0.9890,0.9899,0.9907
0.9915,0.9921,0.9927,0.9933,0.9939,0.9944,0.9948,0.9952,0.9956,0.9960
0.9963,0.9967,0.9970,0.9972,0.9975,0.9977,0.9980,0.9981,0.9983,0.9985
0.9987,0.9988,0.9989,0.9991,0.9992,0.9992,0.9993,0.9994,0.9995,0.9995
0.9996,0.9996,0.9997,0.9997,0.9998,0.9998,0.9998,0.9999,0.9999,0.9999
0.9999,0.9999,0.9999,1.0000,1.0000,1.0000,1.0000,1.0000,1.0000,1.0000
hwc2v1fract=0.0000,0.0000,0.0000,0.0000,0.0001,0.0001,0.0001,0.0001
0.0002,0.0002,0.0003,0.0003,0.0004,0.0006,0.0007,0.0011,0.0018,0.0032
0.0061,0.0116,0.0201,0.0315,0.0463,0.0632,0.0819,0.1025,0.1246,0.1474
0.1708,0.1948,0.2193,0.2434,0.2677,0.2912,0.3152,0.3385,0.3620,0.3849
0.4077,0.4301,0.4523,0.4741,0.4963,0.5181,0.5395,0.5606,0.5816,0.6023
0.6228,0.6431,0.6631,0.6828,0.7024,0.7215,0.7408,0.7596,0.7782,0.7960
0.8136,0.8303,0.8462,0.8616,0.8756,0.8885,0.8999,0.9101,0.9189,0.9269
0.9342,0.9406,0.9463,0.9515,0.9562,0.9606,0.9646,0.9684,0.9719,0.9749
0.9776,0.9799,0.9821,0.9840,0.9856,0.9870,0.9882,0.9892,0.9902,0.9910
0.9918,0.9925,0.9931,0.9937,0.9942,0.9947,0.9952,0.9956,0.9959,0.9963
0.9966,0.9969,0.9972,0.9974,0.9976,0.9979,0.9981,0.9983,0.9985,0.9987
0.9988,0.9990,0.9991,0.9992,0.9993,0.9994,0.9994,0.9995,0.9996,0.9997
0.9997,0.9997,0.9998,0.9998,0.9998,0.9999,0.9999,0.9999,0.9999,0.9999
1.0000,1.0000,1.0000,1.0000,1.0000,1.0000,1.0000,1.0000,1.0000,1.0000
hwc2y2fract=0.0000,0.0000,0.0000,0.0001,0.0001,0.0001,0.0002,0.0002
0.0003,0.0003,0.0003,0.0004,0.0005,0.0007,0.0009,0.0014,0.0022,0.0037
0.0063,0.0109,0.0180,0.0279,0.0410,0.0561,0.0740,0.0941,0.1157,0.1385
0.1619,0.1860,0.2103,0.2349,0.2593,0.2839,0.3082,0.3326,0.3564,0.3798
0.4033,0.4260,0.4488,0.4711,0.4930,0.5147,0.5360,0.5573,0.5788,0.5997
0.6203,0.6409,0.6615,0.6817,0.7020,0.7215,0.7406,0.7595,0.7781,0.7962
0.8134,0.8303,0.8464,0.8614,0.8754,0.8882,0.8999,0.9102,0.9197,0.9281
0.9355,0.9421,0.9479,0.9533,0.9579,0.9621,0.9660,0.9697,0.9729,0.9757
0.9783,0.9806,0.9825,0.9843,0.9857,0.9871,0.9883,0.9894,0.9904,0.9912
0.9919,0.9926,0.9932,0.9939,0.9944,0.9950,0.9954,0.9958,0.9961,0.9965
0.9968,0.9971,0.9973,0.9975,0.9977,0.9980,0.9981,0.9983,0.9985,0.9986
0.9988,0.9989,0.9991,0.9992,0.9993,0.9994,0.9995,0.9995,0.9996,0.9997
0.9997,0.9998,0.9998,0.9998,0.9998,0.9999,0.9999,0.9999,0.9999,0.9999
0.9999,0.9999,1.0000,1.0000,1.0000,1.0000,1.0000,1.0000,1.0000,1.0000
hwc2x2fract=0.0000,0.0001,0.0001,0.0001,0.0002,0.0002,0.0003,0.0003
0.0004,0.0005,0.0006,0.0007,0.0009,0.0011,0.0014,0.0018,0.0027,0.0042
0.0065,0.0101,0.0154,0.0229,0.0322,0.0436,0.0565,0.0714,0.0878,0.1050
0.1237,0.1432,0.1633,0.1846,0.2069,0.2290,0.2517,0.2747,0.2977,0.3211
0.3441,0.3677,0.3907,0.4141,0.4373,0.4601,0.4830,0.5060,0.5286,0.5510
0.5731,0.5949,0.6163,0.6374,0.6584,0.6793,0.6996,0.7196,0.7396,0.7594
0.7785,0.7969,0.8143,0.8307,0.8466,0.8613,0.8748,0.8873,0.8987,0.9091
0.9184,0.9271,0.9351,0.9424,0.9489,0.9549,0.9602,0.9651,0.9695,0.9736
0.9771,0.9802,0.9828,0.9850,0.9870,0.9887,0.9901,0.9913,0.9923,0.9931
0.9939,0.9946,0.9951,0.9957,0.9961,0.9965,0.9969,0.9972,0.9975,0.9977
0.9979,0.9981,0.9983,0.9984,0.9986,0.9987,0.9989,0.9990,0.9991,0.9992
0.9992,0.9993,0.9993,0.9994,0.9995,0.9995,0.9996,0.9996,0.9997,0.9997
0.9998,0.9998,0.9998,0.9998,0.9998,0.9999,0.9999,0.9999,0.9999,0.9999
0.9999,0.9999,0.9999,0.9999,1.0000,1.0000,1.0000,1.0000,1.0000,1.0000
