; Lookup table
;number of bins in Meek's time to distance lookup table
hdriftbins=138
;number of 1st bin in Meek's table in ns
hdrift1stbin=-24
;bin size in ns of Meek's table
hdriftbinsz=2
hwc1x1fract=0.0001,0.0002,0.0003,0.0004,0.0005,0.0006,0.0008,0.0009
0.0011,0.0013,0.0015,0.0018,0.0022,0.0027,0.0037,0.0053,0.0075,0.0105
0.0144,0.0195,0.0264,0.0350,0.0454,0.0573,0.0702,0.0842,0.0993,0.1153
0.1323,0.1501,0.1685,0.1876,0.2075,0.2281,0.2487,0.2706,0.2921,0.3139
0.3359,0.3581,0.3804,0.4027,0.4250,0.4475,0.4694,0.4917,0.5145,0.5366
0.5587,0.5805,0.6020,0.6238,0.6450,0.6662,0.6871,0.7078,0.7279,0.7479
0.7670,0.7858,0.8040,0.8215,0.8375,0.8528,0.8670,0.8807,0.8932,0.9047
0.9152,0.9251,0.9340,0.9416,0.9487,0.9553,0.9609,0.9662,0.9710,0.9749
0.9783,0.9814,0.9838,0.9860,0.9879,0.9894,0.9905,0.9915,0.9924,0.9931
0.9936,0.9941,0.9945,0.9949,0.9952,0.9955,0.9958,0.9960,0.9962,0.9965
0.9967,0.9969,0.9971,0.9973,0.9974,0.9976,0.9977,0.9978,0.9979,0.9981
0.9982,0.9983,0.9984,0.9984,0.9985,0.9986,0.9987,0.9987,0.9988,0.9989
0.9989,0.9990,0.9991,0.9992,0.9992,0.9993,0.9993,0.9994,0.9995,0.9995
0.9996,0.9997,0.9997,0.9997,0.9998,0.9998,0.9999,0.9999,1.0000,1.0000
hwc1y1fract=0.0001,0.0002,0.0002,0.0004,0.0005,0.0006,0.0007,0.0009
0.0011,0.0012,0.0015,0.0017,0.0020,0.0023,0.0029,0.0037,0.0047,0.0063
0.0090,0.0132,0.0200,0.0296,0.0419,0.0570,0.0741,0.0927,0.1126,0.1336
0.1556,0.1778,0.2000,0.2224,0.2446,0.2666,0.2892,0.3114,0.3333,0.3554
0.3779,0.4001,0.4221,0.4437,0.4650,0.4863,0.5071,0.5282,0.5491,0.5698
0.5906,0.6112,0.6314,0.6518,0.6721,0.6919,0.7119,0.7311,0.7503,0.7689
0.7868,0.8044,0.8212,0.8377,0.8533,0.8677,0.8816,0.8942,0.9057,0.9161
0.9255,0.9336,0.9408,0.9473,0.9530,0.9583,0.9628,0.9669,0.9703,0.9737
0.9765,0.9788,0.9811,0.9830,0.9846,0.9861,0.9873,0.9884,0.9894,0.9903
0.9911,0.9918,0.9925,0.9930,0.9935,0.9940,0.9944,0.9947,0.9951,0.9954
0.9957,0.9960,0.9963,0.9966,0.9968,0.9971,0.9973,0.9975,0.9976,0.9978
0.9979,0.9981,0.9982,0.9983,0.9984,0.9985,0.9986,0.9987,0.9988,0.9989
0.9989,0.9990,0.9991,0.9991,0.9992,0.9993,0.9993,0.9994,0.9995,0.9995
0.9996,0.9996,0.9997,0.9997,0.9998,0.9998,0.9998,0.9999,0.9999,1.0000
hwc1u1fract=0.0000,0.0001,0.0001,0.0002,0.0003,0.0003,0.0004,0.0004
0.0005,0.0005,0.0006,0.0007,0.0008,0.0010,0.0013,0.0022,0.0037,0.0059
0.0090,0.0130,0.0189,0.0273,0.0378,0.0508,0.0656,0.0819,0.0995,0.1181
0.1373,0.1573,0.1779,0.1990,0.2204,0.2422,0.2635,0.2855,0.3069,0.3289
0.3505,0.3722,0.3944,0.4161,0.4376,0.4591,0.4812,0.5027,0.5242,0.5453
0.5665,0.5877,0.6083,0.6290,0.6494,0.6694,0.6893,0.7091,0.7282,0.7477
0.7664,0.7846,0.8026,0.8196,0.8358,0.8510,0.8652,0.8784,0.8908,0.9020
0.9122,0.9213,0.9295,0.9371,0.9437,0.9499,0.9553,0.9603,0.9647,0.9687
0.9722,0.9753,0.9780,0.9805,0.9826,0.9843,0.9859,0.9872,0.9883,0.9893
0.9903,0.9910,0.9917,0.9923,0.9928,0.9933,0.9938,0.9942,0.9946,0.9950
0.9954,0.9957,0.9960,0.9962,0.9965,0.9967,0.9969,0.9971,0.9974,0.9976
0.9977,0.9979,0.9981,0.9982,0.9983,0.9985,0.9986,0.9987,0.9988,0.9988
0.9989,0.9990,0.9991,0.9992,0.9992,0.9993,0.9993,0.9994,0.9995,0.9995
0.9996,0.9996,0.9997,0.9997,0.9998,0.9998,0.9999,0.9999,1.0000,1.0000
hwc1v1fract=0.0000,0.0001,0.0002,0.0002,0.0003,0.0003,0.0004,0.0004
0.0005,0.0006,0.0007,0.0008,0.0009,0.0011,0.0013,0.0016,0.0022,0.0033
0.0055,0.0094,0.0158,0.0250,0.0374,0.0520,0.0686,0.0868,0.1060,0.1263
0.1472,0.1683,0.1900,0.2120,0.2338,0.2556,0.2775,0.2999,0.3219,0.3437
0.3657,0.3875,0.4094,0.4313,0.4529,0.4737,0.4950,0.5158,0.5364,0.5575
0.5780,0.5986,0.6187,0.6386,0.6586,0.6787,0.6987,0.7186,0.7378,0.7563
0.7746,0.7928,0.8103,0.8272,0.8434,0.8588,0.8733,0.8862,0.8985,0.9092
0.9188,0.9275,0.9350,0.9418,0.9480,0.9534,0.9583,0.9628,0.9669,0.9705
0.9737,0.9764,0.9790,0.9812,0.9831,0.9848,0.9863,0.9875,0.9886,0.9896
0.9904,0.9911,0.9918,0.9923,0.9929,0.9933,0.9938,0.9943,0.9947,0.9951
0.9954,0.9957,0.9961,0.9963,0.9965,0.9968,0.9970,0.9972,0.9975,0.9976
0.9978,0.9980,0.9981,0.9983,0.9984,0.9985,0.9986,0.9987,0.9988,0.9989
0.9990,0.9991,0.9991,0.9992,0.9993,0.9993,0.9994,0.9994,0.9995,0.9995
0.9996,0.9996,0.9997,0.9998,0.9998,0.9998,0.9999,0.9999,1.0000,1.0000
hwc1y2fract=0.0001,0.0001,0.0002,0.0003,0.0003,0.0004,0.0005,0.0006
0.0007,0.0008,0.0009,0.0011,0.0012,0.0014,0.0017,0.0021,0.0029,0.0041
0.0062,0.0096,0.0148,0.0224,0.0329,0.0460,0.0612,0.0784,0.0974,0.1176
0.1383,0.1596,0.1817,0.2041,0.2264,0.2490,0.2712,0.2937,0.3159,0.3382
0.3599,0.3822,0.4041,0.4259,0.4474,0.4688,0.4897,0.5107,0.5316,0.5527
0.5733,0.5937,0.6143,0.6345,0.6544,0.6743,0.6939,0.7132,0.7321,0.7511
0.7695,0.7876,0.8048,0.8215,0.8374,0.8527,0.8673,0.8806,0.8931,0.9043
0.9143,0.9234,0.9313,0.9386,0.9451,0.9510,0.9563,0.9608,0.9651,0.9687
0.9720,0.9749,0.9775,0.9797,0.9817,0.9834,0.9850,0.9865,0.9876,0.9887
0.9896,0.9905,0.9911,0.9918,0.9924,0.9930,0.9935,0.9939,0.9944,0.9948
0.9951,0.9955,0.9958,0.9961,0.9963,0.9966,0.9969,0.9971,0.9973,0.9975
0.9977,0.9978,0.9980,0.9981,0.9982,0.9983,0.9984,0.9985,0.9986,0.9987
0.9988,0.9989,0.9990,0.9990,0.9991,0.9992,0.9993,0.9993,0.9994,0.9995
0.9995,0.9996,0.9997,0.9997,0.9998,0.9998,0.9999,0.9999,1.0000,1.0000
hwc1x2fract=0.0000,0.0001,0.0002,0.0003,0.0004,0.0005,0.0005,0.0007
0.0008,0.0009,0.0010,0.0011,0.0014,0.0016,0.0020,0.0027,0.0038,0.0058
0.0088,0.0134,0.0196,0.0278,0.0378,0.0497,0.0625,0.0768,0.0922,0.1089
0.1265,0.1449,0.1638,0.1834,0.2038,0.2239,0.2448,0.2662,0.2880,0.3099
0.3321,0.3545,0.3771,0.3993,0.4219,0.4443,0.4665,0.4887,0.5111,0.5331
0.5547,0.5761,0.5980,0.6197,0.6409,0.6616,0.6828,0.7032,0.7232,0.7429
0.7624,0.7809,0.7992,0.8169,0.8337,0.8496,0.8645,0.8784,0.8914,0.9033
0.9136,0.9235,0.9325,0.9405,0.9476,0.9543,0.9601,0.9654,0.9699,0.9740
0.9775,0.9805,0.9830,0.9851,0.9870,0.9885,0.9897,0.9908,0.9917,0.9923
0.9930,0.9935,0.9939,0.9943,0.9947,0.9950,0.9953,0.9956,0.9959,0.9961
0.9964,0.9966,0.9967,0.9970,0.9971,0.9973,0.9975,0.9976,0.9977,0.9979
0.9980,0.9981,0.9982,0.9983,0.9984,0.9985,0.9986,0.9986,0.9987,0.9988
0.9989,0.9990,0.9991,0.9991,0.9992,0.9992,0.9993,0.9994,0.9994,0.9995
0.9996,0.9996,0.9997,0.9997,0.9998,0.9998,0.9999,0.9999,1.0000,1.0000
hwc2x1fract=0.0001,0.0002,0.0003,0.0004,0.0005,0.0007,0.0008,0.0009
0.0011,0.0013,0.0014,0.0016,0.0019,0.0022,0.0026,0.0031,0.0040,0.0055
0.0082,0.0123,0.0182,0.0257,0.0348,0.0460,0.0585,0.0724,0.0872,0.1031
0.1199,0.1374,0.1552,0.1744,0.1940,0.2143,0.2348,0.2558,0.2771,0.2990
0.3211,0.3426,0.3648,0.3868,0.4099,0.4327,0.4553,0.4775,0.4998,0.5220
0.5439,0.5656,0.5871,0.6089,0.6305,0.6519,0.6731,0.6942,0.7149,0.7351
0.7553,0.7748,0.7935,0.8113,0.8285,0.8448,0.8601,0.8743,0.8876,0.8996
0.9108,0.9212,0.9304,0.9385,0.9459,0.9526,0.9588,0.9642,0.9688,0.9729
0.9767,0.9799,0.9827,0.9850,0.9868,0.9884,0.9896,0.9908,0.9918,0.9926
0.9933,0.9938,0.9943,0.9947,0.9952,0.9955,0.9959,0.9961,0.9963,0.9966
0.9968,0.9970,0.9971,0.9973,0.9974,0.9976,0.9977,0.9978,0.9979,0.9980
0.9981,0.9983,0.9984,0.9985,0.9986,0.9986,0.9987,0.9988,0.9989,0.9990
0.9990,0.9991,0.9992,0.9992,0.9993,0.9993,0.9994,0.9994,0.9995,0.9996
0.9996,0.9997,0.9997,0.9997,0.9998,0.9998,0.9999,0.9999,1.0000,1.0000
hwc2y1fract=0.0001,0.0001,0.0002,0.0002,0.0003,0.0004,0.0005,0.0006
0.0007,0.0008,0.0009,0.0010,0.0012,0.0014,0.0016,0.0021,0.0027,0.0040
0.0061,0.0099,0.0166,0.0261,0.0385,0.0536,0.0713,0.0911,0.1119,0.1335
0.1558,0.1785,0.2015,0.2247,0.2477,0.2710,0.2940,0.3170,0.3398,0.3622
0.3845,0.4067,0.4281,0.4497,0.4710,0.4921,0.5136,0.5345,0.5552,0.5760
0.5968,0.6174,0.6379,0.6581,0.6780,0.6979,0.7174,0.7367,0.7557,0.7744
0.7924,0.8101,0.8273,0.8438,0.8594,0.8738,0.8873,0.8996,0.9110,0.9211
0.9300,0.9378,0.9449,0.9511,0.9566,0.9615,0.9657,0.9696,0.9731,0.9760
0.9785,0.9807,0.9827,0.9844,0.9858,0.9871,0.9882,0.9891,0.9900,0.9908
0.9915,0.9921,0.9926,0.9931,0.9936,0.9940,0.9943,0.9947,0.9951,0.9953
0.9956,0.9959,0.9961,0.9964,0.9966,0.9968,0.9971,0.9973,0.9974,0.9976
0.9978,0.9980,0.9981,0.9983,0.9984,0.9985,0.9986,0.9987,0.9988,0.9989
0.9989,0.9990,0.9991,0.9992,0.9992,0.9993,0.9994,0.9994,0.9995,0.9995
0.9996,0.9996,0.9997,0.9997,0.9998,0.9998,0.9999,0.9999,0.9999,1.0000
hwc2u1fract=0.0000,0.0001,0.0002,0.0002,0.0002,0.0003,0.0003,0.0004
0.0005,0.0005,0.0006,0.0007,0.0008,0.0009,0.0010,0.0011,0.0014,0.0019
0.0031,0.0059,0.0111,0.0197,0.0316,0.0468,0.0642,0.0836,0.1040,0.1256
0.1476,0.1702,0.1932,0.2156,0.2383,0.2606,0.2832,0.3060,0.3286,0.3508
0.3731,0.3950,0.4165,0.4383,0.4597,0.4812,0.5022,0.5234,0.5437,0.5645
0.5849,0.6052,0.6251,0.6452,0.6651,0.6847,0.7043,0.7239,0.7429,0.7616
0.7798,0.7979,0.8158,0.8328,0.8489,0.8640,0.8780,0.8911,0.9029,0.9138
0.9233,0.9318,0.9392,0.9456,0.9516,0.9567,0.9613,0.9653,0.9689,0.9721
0.9749,0.9776,0.9798,0.9819,0.9835,0.9851,0.9864,0.9876,0.9887,0.9895
0.9903,0.9910,0.9916,0.9922,0.9927,0.9931,0.9936,0.9940,0.9944,0.9948
0.9952,0.9955,0.9959,0.9962,0.9964,0.9967,0.9969,0.9972,0.9974,0.9975
0.9977,0.9979,0.9980,0.9982,0.9983,0.9984,0.9985,0.9987,0.9988,0.9989
0.9990,0.9991,0.9991,0.9992,0.9993,0.9994,0.9994,0.9995,0.9995,0.9996
0.9996,0.9997,0.9997,0.9997,0.9998,0.9998,0.9999,0.9999,1.0000,1.0000
hwc2v1fract=0.0001,0.0001,0.0002,0.0003,0.0003,0.0004,0.0004,0.0005
0.0006,0.0007,0.0008,0.0009,0.0010,0.0011,0.0013,0.0015,0.0019,0.0027
0.0046,0.0081,0.0149,0.0253,0.0386,0.0547,0.0727,0.0926,0.1135,0.1348
0.1573,0.1799,0.2027,0.2254,0.2479,0.2708,0.2934,0.3159,0.3384,0.3606
0.3827,0.4046,0.4260,0.4477,0.4691,0.4905,0.5111,0.5321,0.5526,0.5732
0.5938,0.6143,0.6341,0.6542,0.6740,0.6938,0.7129,0.7319,0.7510,0.7697
0.7880,0.8056,0.8233,0.8399,0.8555,0.8705,0.8843,0.8968,0.9081,0.9185
0.9275,0.9355,0.9425,0.9486,0.9540,0.9590,0.9633,0.9671,0.9707,0.9737
0.9765,0.9790,0.9811,0.9830,0.9847,0.9861,0.9874,0.9884,0.9894,0.9902
0.9910,0.9916,0.9922,0.9927,0.9932,0.9937,0.9941,0.9945,0.9949,0.9952
0.9956,0.9958,0.9962,0.9964,0.9967,0.9969,0.9971,0.9973,0.9975,0.9977
0.9978,0.9980,0.9982,0.9983,0.9984,0.9986,0.9987,0.9988,0.9988,0.9990
0.9991,0.9991,0.9992,0.9992,0.9993,0.9994,0.9994,0.9994,0.9995,0.9995
0.9996,0.9996,0.9997,0.9998,0.9998,0.9998,0.9999,0.9999,1.0000,1.0000
hwc2y2fract=0.0001,0.0001,0.0002,0.0002,0.0003,0.0004,0.0005,0.0005
0.0007,0.0008,0.0009,0.0011,0.0013,0.0015,0.0019,0.0024,0.0033,0.0049
0.0075,0.0120,0.0191,0.0293,0.0422,0.0578,0.0759,0.0956,0.1167,0.1388
0.1615,0.1842,0.2073,0.2303,0.2530,0.2765,0.2995,0.3220,0.3450,0.3675
0.3899,0.4117,0.4333,0.4550,0.4765,0.4977,0.5190,0.5399,0.5607,0.5817
0.6026,0.6229,0.6427,0.6629,0.6830,0.7029,0.7227,0.7417,0.7602,0.7789
0.7972,0.8147,0.8315,0.8478,0.8629,0.8771,0.8904,0.9025,0.9137,0.9236
0.9322,0.9400,0.9466,0.9527,0.9581,0.9627,0.9666,0.9704,0.9735,0.9764
0.9789,0.9811,0.9831,0.9847,0.9861,0.9874,0.9885,0.9894,0.9902,0.9910
0.9917,0.9923,0.9929,0.9933,0.9937,0.9941,0.9945,0.9949,0.9952,0.9955
0.9958,0.9961,0.9963,0.9965,0.9968,0.9970,0.9972,0.9973,0.9975,0.9977
0.9979,0.9980,0.9982,0.9983,0.9984,0.9985,0.9986,0.9987,0.9988,0.9989
0.9990,0.9990,0.9991,0.9992,0.9992,0.9993,0.9994,0.9994,0.9995,0.9995
0.9996,0.9996,0.9997,0.9997,0.9998,0.9998,0.9999,0.9999,0.9999,1.0000
hwc2x2fract=0.0001,0.0002,0.0003,0.0003,0.0004,0.0005,0.0006,0.0007
0.0009,0.0010,0.0011,0.0013,0.0015,0.0017,0.0020,0.0025,0.0035,0.0051
0.0079,0.0120,0.0177,0.0252,0.0348,0.0461,0.0593,0.0738,0.0892,0.1059
0.1235,0.1415,0.1603,0.1804,0.2002,0.2212,0.2426,0.2638,0.2859,0.3076
0.3299,0.3520,0.3744,0.3970,0.4193,0.4418,0.4641,0.4864,0.5082,0.5304
0.5522,0.5741,0.5958,0.6172,0.6385,0.6595,0.6801,0.7007,0.7211,0.7410
0.7605,0.7797,0.7984,0.8159,0.8332,0.8492,0.8642,0.8785,0.8916,0.9036
0.9144,0.9242,0.9333,0.9413,0.9481,0.9544,0.9602,0.9652,0.9697,0.9737
0.9773,0.9802,0.9829,0.9851,0.9869,0.9884,0.9897,0.9908,0.9917,0.9924
0.9931,0.9937,0.9942,0.9947,0.9950,0.9954,0.9957,0.9960,0.9962,0.9964
0.9967,0.9968,0.9970,0.9972,0.9974,0.9976,0.9977,0.9979,0.9980,0.9981
0.9982,0.9983,0.9984,0.9984,0.9985,0.9986,0.9987,0.9988,0.9988,0.9989
0.9990,0.9991,0.9991,0.9992,0.9993,0.9993,0.9994,0.9994,0.9995,0.9996
0.9996,0.9997,0.9997,0.9998,0.9998,0.9999,0.9999,0.9999,1.0000,1.0000
