; Lookup table
;number of bins in Meek's time to distance lookup table
hdriftbins=138
;number of 1st bin in Meek's table in ns
hdrift1stbin=-24
;bin size in ns of Meek's table
hdriftbinsz=2
hwc1x1fract=0.0002,0.0004,0.0007,0.0009,0.0012,0.0014,0.0017,0.0019
0.0022,0.0026,0.0029,0.0033,0.0037,0.0041,0.0046,0.0053,0.0064,0.0079
0.0101,0.0138,0.0195,0.0271,0.0366,0.0479,0.0606,0.0750,0.0899,0.1064
0.1236,0.1416,0.1604,0.1800,0.2000,0.2204,0.2416,0.2632,0.2844,0.3061
0.3277,0.3496,0.3716,0.3936,0.4158,0.4377,0.4594,0.4814,0.5027,0.5241
0.5450,0.5662,0.5868,0.6075,0.6279,0.6481,0.6684,0.6882,0.7072,0.7261
0.7443,0.7623,0.7795,0.7961,0.8122,0.8272,0.8415,0.8548,0.8673,0.8787
0.8891,0.8988,0.9076,0.9159,0.9233,0.9303,0.9366,0.9424,0.9478,0.9526
0.9568,0.9607,0.9640,0.9669,0.9694,0.9715,0.9734,0.9750,0.9763,0.9775
0.9786,0.9797,0.9806,0.9814,0.9821,0.9829,0.9835,0.9840,0.9846,0.9851
0.9856,0.9861,0.9867,0.9871,0.9876,0.9880,0.9885,0.9889,0.9893,0.9897
0.9902,0.9905,0.9910,0.9914,0.9918,0.9922,0.9926,0.9930,0.9933,0.9937
0.9941,0.9944,0.9947,0.9951,0.9955,0.9959,0.9962,0.9965,0.9969,0.9972
0.9975,0.9978,0.9980,0.9984,0.9987,0.9990,0.9993,0.9995,0.9997,1.0000
hwc1y1fract=0.0002,0.0004,0.0006,0.0008,0.0010,0.0012,0.0015,0.0018
0.0021,0.0024,0.0028,0.0032,0.0036,0.0041,0.0048,0.0055,0.0065,0.0080
0.0101,0.0136,0.0196,0.0282,0.0397,0.0538,0.0706,0.0889,0.1091,0.1301
0.1517,0.1738,0.1962,0.2185,0.2414,0.2641,0.2865,0.3091,0.3316,0.3536
0.3751,0.3966,0.4177,0.4386,0.4594,0.4802,0.5004,0.5205,0.5409,0.5611
0.5808,0.6006,0.6200,0.6397,0.6594,0.6782,0.6968,0.7152,0.7336,0.7516
0.7691,0.7861,0.8029,0.8185,0.8332,0.8474,0.8603,0.8726,0.8837,0.8938
0.9027,0.9109,0.9181,0.9248,0.9308,0.9361,0.9411,0.9456,0.9499,0.9536
0.9569,0.9600,0.9629,0.9653,0.9677,0.9697,0.9715,0.9731,0.9746,0.9760
0.9773,0.9785,0.9796,0.9806,0.9815,0.9823,0.9831,0.9839,0.9845,0.9851
0.9857,0.9864,0.9870,0.9875,0.9879,0.9885,0.9890,0.9894,0.9898,0.9903
0.9908,0.9912,0.9916,0.9919,0.9923,0.9927,0.9930,0.9934,0.9937,0.9941
0.9944,0.9947,0.9951,0.9954,0.9957,0.9960,0.9963,0.9967,0.9970,0.9972
0.9975,0.9978,0.9981,0.9984,0.9987,0.9989,0.9992,0.9995,0.9997,1.0000
hwc1u1fract=0.0002,0.0003,0.0005,0.0007,0.0009,0.0010,0.0012,0.0014
0.0015,0.0017,0.0019,0.0021,0.0023,0.0025,0.0028,0.0033,0.0041,0.0053
0.0073,0.0111,0.0173,0.0264,0.0380,0.0519,0.0676,0.0848,0.1032,0.1223
0.1424,0.1628,0.1841,0.2056,0.2274,0.2497,0.2717,0.2939,0.3160,0.3376
0.3597,0.3814,0.4028,0.4242,0.4455,0.4662,0.4869,0.5078,0.5282,0.5485
0.5687,0.5884,0.6083,0.6280,0.6475,0.6666,0.6858,0.7045,0.7231,0.7410
0.7590,0.7761,0.7928,0.8090,0.8242,0.8385,0.8518,0.8640,0.8752,0.8855
0.8946,0.9029,0.9106,0.9175,0.9240,0.9300,0.9356,0.9406,0.9453,0.9497
0.9537,0.9573,0.9606,0.9636,0.9660,0.9684,0.9705,0.9722,0.9738,0.9753
0.9766,0.9778,0.9789,0.9799,0.9809,0.9817,0.9825,0.9832,0.9839,0.9846
0.9852,0.9858,0.9864,0.9870,0.9876,0.9881,0.9886,0.9891,0.9896,0.9900
0.9904,0.9909,0.9913,0.9917,0.9921,0.9925,0.9929,0.9932,0.9936,0.9939
0.9943,0.9946,0.9949,0.9952,0.9956,0.9959,0.9963,0.9966,0.9969,0.9972
0.9975,0.9978,0.9981,0.9984,0.9986,0.9989,0.9992,0.9995,0.9998,1.0000
hwc1v1fract=0.0002,0.0003,0.0005,0.0007,0.0009,0.0010,0.0012,0.0014
0.0016,0.0018,0.0020,0.0022,0.0024,0.0026,0.0029,0.0033,0.0038,0.0046
0.0060,0.0088,0.0136,0.0210,0.0313,0.0448,0.0603,0.0780,0.0968,0.1167
0.1379,0.1595,0.1817,0.2040,0.2258,0.2480,0.2703,0.2924,0.3144,0.3364
0.3580,0.3795,0.4012,0.4223,0.4437,0.4647,0.4852,0.5055,0.5258,0.5459
0.5654,0.5852,0.6047,0.6238,0.6428,0.6622,0.6809,0.6995,0.7180,0.7363
0.7543,0.7720,0.7889,0.8052,0.8207,0.8358,0.8495,0.8623,0.8737,0.8842
0.8938,0.9023,0.9100,0.9170,0.9235,0.9294,0.9347,0.9397,0.9442,0.9485
0.9525,0.9560,0.9594,0.9624,0.9651,0.9675,0.9696,0.9714,0.9730,0.9746
0.9760,0.9772,0.9784,0.9794,0.9804,0.9813,0.9820,0.9829,0.9836,0.9843
0.9850,0.9856,0.9861,0.9867,0.9872,0.9878,0.9884,0.9889,0.9894,0.9899
0.9903,0.9907,0.9911,0.9916,0.9920,0.9924,0.9928,0.9931,0.9935,0.9939
0.9942,0.9946,0.9949,0.9952,0.9956,0.9959,0.9962,0.9965,0.9968,0.9972
0.9975,0.9978,0.9981,0.9984,0.9986,0.9989,0.9992,0.9995,0.9997,1.0000
hwc1y2fract=0.0002,0.0004,0.0006,0.0008,0.0010,0.0012,0.0014,0.0016
0.0018,0.0020,0.0023,0.0026,0.0029,0.0032,0.0036,0.0042,0.0052,0.0065
0.0088,0.0127,0.0188,0.0277,0.0393,0.0537,0.0706,0.0892,0.1088,0.1294
0.1508,0.1726,0.1951,0.2171,0.2396,0.2622,0.2846,0.3064,0.3289,0.3509
0.3725,0.3945,0.4161,0.4372,0.4581,0.4786,0.4990,0.5192,0.5395,0.5596
0.5794,0.5989,0.6188,0.6384,0.6580,0.6769,0.6958,0.7141,0.7322,0.7497
0.7669,0.7835,0.7998,0.8156,0.8302,0.8442,0.8573,0.8694,0.8802,0.8900
0.8990,0.9072,0.9146,0.9213,0.9274,0.9329,0.9380,0.9427,0.9471,0.9511
0.9547,0.9579,0.9610,0.9638,0.9661,0.9683,0.9701,0.9719,0.9734,0.9749
0.9763,0.9774,0.9785,0.9795,0.9804,0.9813,0.9821,0.9829,0.9836,0.9843
0.9850,0.9856,0.9862,0.9868,0.9873,0.9879,0.9884,0.9889,0.9894,0.9898
0.9903,0.9907,0.9911,0.9915,0.9919,0.9923,0.9927,0.9931,0.9934,0.9938
0.9942,0.9945,0.9949,0.9952,0.9955,0.9959,0.9962,0.9965,0.9968,0.9972
0.9975,0.9978,0.9980,0.9983,0.9986,0.9989,0.9992,0.9994,0.9997,1.0000
hwc1x2fract=0.0002,0.0004,0.0006,0.0008,0.0010,0.0012,0.0015,0.0017
0.0020,0.0022,0.0024,0.0027,0.0030,0.0034,0.0039,0.0046,0.0056,0.0074
0.0102,0.0145,0.0207,0.0288,0.0390,0.0505,0.0639,0.0785,0.0941,0.1106
0.1279,0.1459,0.1651,0.1843,0.2045,0.2254,0.2463,0.2676,0.2893,0.3109
0.3328,0.3549,0.3768,0.3987,0.4209,0.4424,0.4641,0.4855,0.5071,0.5282
0.5495,0.5701,0.5907,0.6112,0.6315,0.6517,0.6719,0.6914,0.7107,0.7296
0.7481,0.7659,0.7835,0.7999,0.8157,0.8305,0.8445,0.8575,0.8694,0.8803
0.8905,0.8999,0.9087,0.9167,0.9241,0.9309,0.9372,0.9430,0.9482,0.9531
0.9573,0.9612,0.9645,0.9672,0.9696,0.9718,0.9735,0.9750,0.9763,0.9775
0.9786,0.9796,0.9805,0.9812,0.9820,0.9826,0.9833,0.9839,0.9845,0.9850
0.9855,0.9860,0.9865,0.9870,0.9875,0.9879,0.9884,0.9888,0.9892,0.9896
0.9900,0.9904,0.9908,0.9912,0.9916,0.9920,0.9923,0.9927,0.9931,0.9935
0.9939,0.9943,0.9946,0.9950,0.9953,0.9957,0.9960,0.9963,0.9967,0.9970
0.9973,0.9976,0.9979,0.9982,0.9985,0.9988,0.9991,0.9994,0.9997,1.0000
hwc2x1fract=0.0002,0.0005,0.0007,0.0009,0.0012,0.0014,0.0017,0.0019
0.0022,0.0026,0.0029,0.0033,0.0038,0.0043,0.0049,0.0056,0.0068,0.0085
0.0111,0.0149,0.0205,0.0284,0.0384,0.0501,0.0636,0.0784,0.0942,0.1116
0.1295,0.1484,0.1681,0.1883,0.2089,0.2298,0.2512,0.2729,0.2950,0.3169
0.3392,0.3612,0.3833,0.4054,0.4278,0.4499,0.4717,0.4935,0.5146,0.5357
0.5567,0.5773,0.5979,0.6185,0.6389,0.6586,0.6786,0.6980,0.7170,0.7357
0.7541,0.7716,0.7889,0.8054,0.8210,0.8356,0.8496,0.8626,0.8746,0.8856
0.8954,0.9045,0.9129,0.9207,0.9276,0.9341,0.9400,0.9453,0.9501,0.9544
0.9583,0.9619,0.9651,0.9678,0.9703,0.9724,0.9742,0.9758,0.9772,0.9784
0.9794,0.9804,0.9813,0.9821,0.9828,0.9835,0.9841,0.9847,0.9853,0.9858
0.9864,0.9869,0.9874,0.9879,0.9883,0.9888,0.9891,0.9895,0.9899,0.9903
0.9907,0.9910,0.9914,0.9918,0.9922,0.9926,0.9930,0.9933,0.9937,0.9940
0.9943,0.9946,0.9950,0.9953,0.9956,0.9959,0.9963,0.9966,0.9969,0.9972
0.9975,0.9978,0.9981,0.9984,0.9987,0.9989,0.9992,0.9995,0.9997,1.0000
hwc2y1fract=0.0002,0.0004,0.0005,0.0007,0.0009,0.0011,0.0013,0.0015
0.0017,0.0019,0.0022,0.0024,0.0027,0.0030,0.0034,0.0039,0.0046,0.0057
0.0075,0.0107,0.0162,0.0248,0.0368,0.0512,0.0683,0.0873,0.1080,0.1296
0.1517,0.1744,0.1976,0.2203,0.2431,0.2661,0.2891,0.3116,0.3341,0.3562
0.3782,0.3996,0.4211,0.4426,0.4636,0.4845,0.5050,0.5252,0.5454,0.5654
0.5853,0.6053,0.6250,0.6445,0.6640,0.6830,0.7018,0.7203,0.7386,0.7564
0.7739,0.7909,0.8073,0.8230,0.8382,0.8522,0.8655,0.8775,0.8884,0.8982
0.9070,0.9149,0.9221,0.9283,0.9340,0.9391,0.9437,0.9479,0.9518,0.9552
0.9585,0.9615,0.9642,0.9665,0.9685,0.9704,0.9721,0.9736,0.9750,0.9763
0.9775,0.9786,0.9795,0.9805,0.9814,0.9822,0.9830,0.9837,0.9844,0.9850
0.9857,0.9863,0.9868,0.9873,0.9878,0.9883,0.9888,0.9892,0.9897,0.9901
0.9906,0.9910,0.9914,0.9918,0.9922,0.9926,0.9930,0.9933,0.9937,0.9941
0.9944,0.9947,0.9951,0.9954,0.9957,0.9960,0.9963,0.9966,0.9969,0.9973
0.9976,0.9979,0.9982,0.9984,0.9987,0.9990,0.9992,0.9995,0.9998,1.0000
hwc2u1fract=0.0001,0.0003,0.0005,0.0006,0.0008,0.0010,0.0012,0.0013
0.0015,0.0017,0.0018,0.0020,0.0022,0.0024,0.0027,0.0031,0.0036,0.0047
0.0068,0.0112,0.0186,0.0292,0.0433,0.0602,0.0795,0.0998,0.1214,0.1434
0.1661,0.1889,0.2120,0.2343,0.2574,0.2800,0.3022,0.3244,0.3464,0.3681
0.3897,0.4112,0.4319,0.4531,0.4735,0.4939,0.5141,0.5340,0.5537,0.5732
0.5930,0.6124,0.6318,0.6510,0.6701,0.6887,0.7073,0.7256,0.7435,0.7614
0.7787,0.7955,0.8117,0.8271,0.8421,0.8561,0.8686,0.8802,0.8903,0.8999
0.9083,0.9158,0.9226,0.9287,0.9343,0.9392,0.9436,0.9477,0.9514,0.9551
0.9583,0.9613,0.9640,0.9665,0.9687,0.9707,0.9723,0.9738,0.9752,0.9764
0.9776,0.9787,0.9796,0.9805,0.9813,0.9821,0.9828,0.9835,0.9842,0.9849
0.9855,0.9861,0.9867,0.9873,0.9879,0.9884,0.9889,0.9893,0.9898,0.9902
0.9906,0.9910,0.9914,0.9918,0.9922,0.9926,0.9929,0.9933,0.9937,0.9940
0.9944,0.9947,0.9950,0.9953,0.9957,0.9961,0.9964,0.9967,0.9970,0.9973
0.9975,0.9978,0.9981,0.9984,0.9987,0.9990,0.9993,0.9995,0.9997,1.0000
hwc2v1fract=0.0002,0.0004,0.0005,0.0007,0.0009,0.0011,0.0012,0.0014
0.0016,0.0018,0.0020,0.0022,0.0024,0.0027,0.0030,0.0034,0.0039,0.0047
0.0061,0.0091,0.0144,0.0237,0.0359,0.0514,0.0688,0.0887,0.1091,0.1313
0.1538,0.1767,0.1992,0.2227,0.2454,0.2683,0.2908,0.3132,0.3351,0.3576
0.3788,0.4008,0.4217,0.4430,0.4634,0.4843,0.5041,0.5241,0.5438,0.5639
0.5833,0.6030,0.6218,0.6415,0.6604,0.6794,0.6978,0.7168,0.7347,0.7529
0.7704,0.7876,0.8041,0.8205,0.8353,0.8499,0.8629,0.8753,0.8862,0.8961
0.9044,0.9122,0.9190,0.9256,0.9313,0.9365,0.9412,0.9456,0.9494,0.9531
0.9565,0.9597,0.9625,0.9651,0.9673,0.9694,0.9712,0.9728,0.9743,0.9758
0.9769,0.9781,0.9791,0.9801,0.9809,0.9817,0.9825,0.9832,0.9839,0.9846
0.9853,0.9859,0.9865,0.9870,0.9876,0.9881,0.9886,0.9890,0.9895,0.9900
0.9904,0.9909,0.9913,0.9917,0.9921,0.9924,0.9928,0.9932,0.9935,0.9939
0.9943,0.9946,0.9949,0.9953,0.9956,0.9959,0.9962,0.9965,0.9969,0.9972
0.9974,0.9978,0.9981,0.9983,0.9986,0.9989,0.9992,0.9995,0.9997,1.0000
hwc2y2fract=0.0002,0.0004,0.0005,0.0007,0.0009,0.0011,0.0013,0.0015
0.0018,0.0021,0.0023,0.0026,0.0030,0.0033,0.0037,0.0043,0.0051,0.0063
0.0082,0.0114,0.0168,0.0255,0.0372,0.0517,0.0689,0.0880,0.1085,0.1304
0.1529,0.1757,0.1988,0.2219,0.2447,0.2676,0.2903,0.3130,0.3352,0.3573
0.3796,0.4014,0.4227,0.4442,0.4650,0.4861,0.5066,0.5268,0.5467,0.5669
0.5870,0.6069,0.6265,0.6466,0.6658,0.6849,0.7038,0.7223,0.7405,0.7582
0.7755,0.7924,0.8089,0.8247,0.8393,0.8534,0.8666,0.8784,0.8893,0.8992
0.9080,0.9158,0.9230,0.9294,0.9351,0.9403,0.9448,0.9491,0.9530,0.9566
0.9596,0.9623,0.9648,0.9669,0.9689,0.9706,0.9722,0.9738,0.9752,0.9764
0.9775,0.9786,0.9796,0.9805,0.9813,0.9821,0.9828,0.9836,0.9842,0.9848
0.9854,0.9860,0.9865,0.9870,0.9875,0.9880,0.9885,0.9890,0.9895,0.9900
0.9903,0.9908,0.9912,0.9916,0.9920,0.9924,0.9928,0.9931,0.9934,0.9938
0.9942,0.9946,0.9949,0.9953,0.9957,0.9959,0.9963,0.9967,0.9969,0.9972
0.9976,0.9979,0.9981,0.9984,0.9987,0.9989,0.9992,0.9995,0.9997,1.0000
hwc2x2fract=0.0002,0.0004,0.0006,0.0008,0.0011,0.0013,0.0015,0.0018
0.0020,0.0023,0.0026,0.0029,0.0033,0.0036,0.0040,0.0046,0.0054,0.0068
0.0088,0.0121,0.0173,0.0247,0.0345,0.0464,0.0601,0.0752,0.0912,0.1091
0.1275,0.1464,0.1663,0.1868,0.2078,0.2293,0.2511,0.2730,0.2953,0.3173
0.3394,0.3616,0.3837,0.4055,0.4273,0.4492,0.4706,0.4921,0.5130,0.5338
0.5544,0.5747,0.5953,0.6154,0.6354,0.6555,0.6751,0.6947,0.7140,0.7329
0.7512,0.7692,0.7867,0.8031,0.8189,0.8340,0.8479,0.8611,0.8732,0.8843
0.8943,0.9035,0.9118,0.9193,0.9265,0.9331,0.9389,0.9443,0.9491,0.9537
0.9577,0.9613,0.9646,0.9672,0.9697,0.9718,0.9737,0.9753,0.9768,0.9781
0.9792,0.9802,0.9811,0.9820,0.9827,0.9834,0.9840,0.9847,0.9853,0.9858
0.9863,0.9869,0.9874,0.9878,0.9882,0.9886,0.9890,0.9894,0.9899,0.9902
0.9906,0.9911,0.9914,0.9918,0.9922,0.9926,0.9929,0.9933,0.9936,0.9940
0.9943,0.9947,0.9950,0.9954,0.9957,0.9960,0.9963,0.9967,0.9970,0.9973
0.9976,0.9978,0.9982,0.9984,0.9987,0.9990,0.9992,0.9995,0.9997,1.0000
