; Lookup table
;number of bins in Meek's time to distance lookup table
hdriftbins=138
;number of 1st bin in Meek's table in ns
hdrift1stbin=-24
;bin size in ns of Meek's table
hdriftbinsz=2
hwc1x1fract=0.0000,0.0001,0.0002,0.0002,0.0003,0.0003,0.0003,0.0004
0.0005,0.0006,0.0007,0.0008,0.0009,0.0011,0.0015,0.0018,0.0022,0.0031
0.0040,0.0053,0.0078,0.0113,0.0167,0.0233,0.0328,0.0449,0.0578,0.0716
0.0856,0.1026,0.1191,0.1370,0.1563,0.1758,0.1962,0.2180,0.2396,0.2611
0.2820,0.3049,0.3270,0.3492,0.3716,0.3943,0.4176,0.4406,0.4632,0.4857
0.5084,0.5301,0.5523,0.5737,0.5957,0.6169,0.6389,0.6595,0.6790,0.6990
0.7191,0.7381,0.7572,0.7770,0.7948,0.8117,0.8280,0.8443,0.8598,0.8739
0.8862,0.8978,0.9094,0.9197,0.9284,0.9366,0.9447,0.9519,0.9583,0.9641
0.9696,0.9744,0.9779,0.9818,0.9847,0.9870,0.9888,0.9907,0.9924,0.9932
0.9942,0.9950,0.9955,0.9960,0.9964,0.9969,0.9973,0.9977,0.9980,0.9982
0.9986,0.9987,0.9989,0.9990,0.9991,0.9992,0.9993,0.9993,0.9994,0.9995
0.9995,0.9995,0.9996,0.9997,0.9997,0.9997,0.9998,0.9998,0.9998,0.9999
0.9999,0.9999,0.9999,0.9999,1.0000,1.0000,1.0000,1.0000,1.0000,1.0000
1.0000,1.0000,1.0000,1.0000,1.0000,1.0000,1.0000,1.0000,1.0000,1.0000
hwc1y1fract=0.0000,0.0000,0.0001,0.0001,0.0001,0.0002,0.0002,0.0004
0.0005,0.0005,0.0008,0.0009,0.0010,0.0013,0.0016,0.0019,0.0025,0.0034
0.0046,0.0066,0.0102,0.0168,0.0245,0.0358,0.0507,0.0683,0.0872,0.1071
0.1294,0.1524,0.1755,0.1979,0.2212,0.2428,0.2657,0.2893,0.3121,0.3343
0.3552,0.3778,0.3999,0.4226,0.4433,0.4647,0.4856,0.5079,0.5290,0.5499
0.5698,0.5892,0.6094,0.6288,0.6473,0.6671,0.6874,0.7080,0.7266,0.7457
0.7646,0.7825,0.7989,0.8170,0.8333,0.8487,0.8630,0.8774,0.8899,0.9019
0.9125,0.9220,0.9308,0.9388,0.9454,0.9514,0.9566,0.9617,0.9659,0.9696
0.9731,0.9764,0.9793,0.9815,0.9836,0.9857,0.9875,0.9890,0.9903,0.9912
0.9926,0.9934,0.9941,0.9946,0.9952,0.9959,0.9965,0.9968,0.9971,0.9975
0.9977,0.9978,0.9980,0.9983,0.9986,0.9989,0.9989,0.9991,0.9993,0.9994
0.9994,0.9995,0.9995,0.9996,0.9996,0.9997,0.9998,0.9998,0.9999,0.9999
0.9999,0.9999,0.9999,1.0000,1.0000,1.0000,1.0000,1.0000,1.0000,1.0000
1.0000,1.0000,1.0000,1.0000,1.0000,1.0000,1.0000,1.0000,1.0000,1.0000
hwc1u1fract=0.0000,0.0000,0.0000,0.0000,0.0000,0.0000,0.0000,0.0000
0.0000,0.0000,0.0000,0.0000,0.0001,0.0001,0.0002,0.0004,0.0008,0.0014
0.0023,0.0038,0.0064,0.0107,0.0180,0.0278,0.0410,0.0570,0.0738,0.0916
0.1122,0.1321,0.1533,0.1750,0.1962,0.2186,0.2414,0.2643,0.2856,0.3084
0.3299,0.3512,0.3739,0.3954,0.4170,0.4390,0.4611,0.4805,0.5024,0.5237
0.5448,0.5662,0.5869,0.6066,0.6268,0.6465,0.6674,0.6875,0.7063,0.7256
0.7444,0.7618,0.7804,0.7982,0.8161,0.8323,0.8471,0.8627,0.8754,0.8885
0.8996,0.9095,0.9194,0.9277,0.9350,0.9419,0.9478,0.9528,0.9580,0.9628
0.9667,0.9706,0.9738,0.9769,0.9801,0.9823,0.9846,0.9864,0.9879,0.9895
0.9904,0.9914,0.9923,0.9932,0.9939,0.9947,0.9955,0.9960,0.9965,0.9967
0.9969,0.9974,0.9977,0.9978,0.9980,0.9981,0.9983,0.9985,0.9987,0.9988
0.9989,0.9990,0.9991,0.9991,0.9992,0.9993,0.9994,0.9995,0.9995,0.9996
0.9997,0.9997,0.9997,0.9998,0.9998,0.9998,0.9998,0.9999,0.9999,0.9999
0.9999,1.0000,1.0000,1.0000,1.0000,1.0000,1.0000,1.0000,1.0000,1.0000
hwc1v1fract=0.0000,0.0000,0.0000,0.0000,0.0000,0.0001,0.0001,0.0001
0.0001,0.0001,0.0002,0.0002,0.0004,0.0004,0.0005,0.0007,0.0012,0.0021
0.0037,0.0063,0.0110,0.0191,0.0291,0.0426,0.0583,0.0769,0.0957,0.1142
0.1350,0.1551,0.1765,0.1972,0.2180,0.2414,0.2636,0.2853,0.3074,0.3302
0.3519,0.3747,0.3966,0.4186,0.4408,0.4627,0.4835,0.5047,0.5262,0.5468
0.5667,0.5887,0.6083,0.6286,0.6479,0.6674,0.6879,0.7067,0.7261,0.7449
0.7634,0.7823,0.8011,0.8185,0.8358,0.8514,0.8661,0.8799,0.8925,0.9034
0.9136,0.9221,0.9297,0.9366,0.9435,0.9499,0.9553,0.9595,0.9638,0.9677
0.9717,0.9747,0.9777,0.9805,0.9830,0.9850,0.9867,0.9885,0.9899,0.9909
0.9918,0.9925,0.9932,0.9939,0.9945,0.9950,0.9955,0.9959,0.9963,0.9966
0.9969,0.9970,0.9973,0.9976,0.9979,0.9981,0.9983,0.9985,0.9987,0.9989
0.9991,0.9992,0.9993,0.9993,0.9994,0.9995,0.9996,0.9996,0.9996,0.9998
0.9998,0.9998,0.9998,0.9999,0.9999,0.9999,0.9999,0.9999,1.0000,1.0000
1.0000,1.0000,1.0000,1.0000,1.0000,1.0000,1.0000,1.0000,1.0000,1.0000
hwc1y2fract=0.0000,0.0000,0.0000,0.0000,0.0001,0.0001,0.0001,0.0001
0.0001,0.0001,0.0002,0.0003,0.0004,0.0005,0.0006,0.0008,0.0014,0.0020
0.0036,0.0067,0.0120,0.0193,0.0297,0.0427,0.0587,0.0770,0.0967,0.1171
0.1405,0.1618,0.1836,0.2076,0.2310,0.2539,0.2768,0.2991,0.3224,0.3436
0.3655,0.3878,0.4080,0.4290,0.4498,0.4703,0.4917,0.5139,0.5354,0.5562
0.5762,0.5979,0.6188,0.6388,0.6591,0.6775,0.6963,0.7161,0.7339,0.7532
0.7703,0.7874,0.8041,0.8202,0.8357,0.8513,0.8656,0.8787,0.8909,0.9019
0.9112,0.9208,0.9286,0.9356,0.9423,0.9481,0.9541,0.9586,0.9626,0.9667
0.9708,0.9740,0.9770,0.9797,0.9816,0.9836,0.9856,0.9870,0.9884,0.9893
0.9904,0.9912,0.9922,0.9931,0.9937,0.9942,0.9947,0.9952,0.9958,0.9961
0.9964,0.9968,0.9972,0.9976,0.9977,0.9980,0.9981,0.9983,0.9984,0.9987
0.9988,0.9990,0.9990,0.9992,0.9993,0.9993,0.9995,0.9995,0.9996,0.9997
0.9997,0.9998,0.9998,0.9998,0.9998,0.9999,0.9999,0.9999,0.9999,0.9999
1.0000,1.0000,1.0000,1.0000,1.0000,1.0000,1.0000,1.0000,1.0000,1.0000
hwc1x2fract=0.0000,0.0000,0.0000,0.0000,0.0000,0.0001,0.0002,0.0002
0.0002,0.0002,0.0003,0.0004,0.0006,0.0007,0.0010,0.0013,0.0018,0.0029
0.0050,0.0088,0.0139,0.0207,0.0290,0.0397,0.0529,0.0682,0.0842,0.1010
0.1183,0.1365,0.1547,0.1752,0.1952,0.2172,0.2390,0.2612,0.2833,0.3049
0.3271,0.3494,0.3727,0.3960,0.4185,0.4406,0.4613,0.4825,0.5044,0.5266
0.5477,0.5685,0.5894,0.6096,0.6307,0.6513,0.6722,0.6929,0.7130,0.7333
0.7526,0.7715,0.7892,0.8079,0.8242,0.8400,0.8553,0.8691,0.8834,0.8951
0.9061,0.9165,0.9259,0.9346,0.9429,0.9500,0.9564,0.9625,0.9675,0.9720
0.9760,0.9793,0.9826,0.9856,0.9876,0.9896,0.9911,0.9925,0.9933,0.9944
0.9952,0.9956,0.9962,0.9966,0.9969,0.9972,0.9976,0.9979,0.9982,0.9984
0.9984,0.9985,0.9986,0.9988,0.9989,0.9991,0.9991,0.9992,0.9992,0.9993
0.9993,0.9993,0.9994,0.9995,0.9995,0.9996,0.9996,0.9997,0.9998,0.9999
0.9999,0.9999,0.9999,1.0000,1.0000,1.0000,1.0000,1.0000,1.0000,1.0000
1.0000,1.0000,1.0000,1.0000,1.0000,1.0000,1.0000,1.0000,1.0000,1.0000
hwc2x1fract=0.0000,0.0000,0.0000,0.0001,0.0002,0.0003,0.0003,0.0004
0.0005,0.0006,0.0007,0.0008,0.0010,0.0012,0.0014,0.0017,0.0021,0.0030
0.0043,0.0065,0.0106,0.0156,0.0222,0.0317,0.0429,0.0556,0.0702,0.0862
0.1023,0.1192,0.1379,0.1573,0.1766,0.1965,0.2174,0.2396,0.2614,0.2841
0.3058,0.3281,0.3501,0.3724,0.3944,0.4162,0.4383,0.4618,0.4845,0.5068
0.5278,0.5497,0.5708,0.5922,0.6137,0.6342,0.6554,0.6770,0.6965,0.7164
0.7357,0.7539,0.7730,0.7918,0.8103,0.8283,0.8456,0.8609,0.8753,0.8883
0.9000,0.9112,0.9213,0.9299,0.9379,0.9454,0.9519,0.9581,0.9634,0.9685
0.9727,0.9763,0.9799,0.9830,0.9853,0.9875,0.9889,0.9906,0.9918,0.9932
0.9942,0.9947,0.9951,0.9956,0.9961,0.9966,0.9970,0.9974,0.9976,0.9978
0.9982,0.9983,0.9983,0.9984,0.9987,0.9988,0.9989,0.9991,0.9992,0.9994
0.9995,0.9996,0.9997,0.9997,0.9997,0.9998,0.9998,0.9998,0.9998,0.9999
0.9999,0.9999,0.9999,0.9999,0.9999,0.9999,1.0000,1.0000,1.0000,1.0000
1.0000,1.0000,1.0000,1.0000,1.0000,1.0000,1.0000,1.0000,1.0000,1.0000
hwc2y1fract=0.0000,0.0000,0.0000,0.0000,0.0000,0.0000,0.0000,0.0000
0.0000,0.0000,0.0000,0.0000,0.0001,0.0002,0.0003,0.0005,0.0006,0.0009
0.0018,0.0032,0.0068,0.0123,0.0216,0.0330,0.0478,0.0660,0.0865,0.1084
0.1303,0.1533,0.1755,0.1985,0.2223,0.2463,0.2704,0.2934,0.3159,0.3399
0.3628,0.3850,0.4066,0.4277,0.4494,0.4719,0.4943,0.5155,0.5368,0.5581
0.5788,0.5983,0.6190,0.6382,0.6582,0.6781,0.6960,0.7155,0.7350,0.7551
0.7742,0.7917,0.8093,0.8270,0.8434,0.8589,0.8740,0.8870,0.8999,0.9113
0.9217,0.9301,0.9381,0.9452,0.9509,0.9565,0.9613,0.9656,0.9695,0.9731
0.9768,0.9793,0.9814,0.9834,0.9852,0.9864,0.9882,0.9893,0.9905,0.9915
0.9926,0.9935,0.9940,0.9946,0.9950,0.9955,0.9958,0.9960,0.9964,0.9966
0.9968,0.9971,0.9973,0.9975,0.9978,0.9980,0.9982,0.9984,0.9985,0.9987
0.9988,0.9989,0.9990,0.9991,0.9991,0.9992,0.9993,0.9994,0.9994,0.9995
0.9996,0.9997,0.9997,0.9997,0.9997,0.9997,0.9998,0.9999,0.9999,0.9999
0.9999,1.0000,1.0000,1.0000,1.0000,1.0000,1.0000,1.0000,1.0000,1.0000
hwc2u1fract=0.0000,0.0000,0.0000,0.0000,0.0000,0.0000,0.0000,0.0000
0.0000,0.0000,0.0001,0.0002,0.0002,0.0002,0.0002,0.0004,0.0007,0.0015
0.0032,0.0065,0.0129,0.0224,0.0348,0.0505,0.0709,0.0912,0.1127,0.1356
0.1581,0.1816,0.2056,0.2293,0.2526,0.2756,0.2983,0.3214,0.3445,0.3670
0.3891,0.4107,0.4326,0.4544,0.4765,0.4982,0.5188,0.5406,0.5607,0.5819
0.6027,0.6228,0.6427,0.6632,0.6836,0.7041,0.7230,0.7402,0.7591,0.7771
0.7956,0.8130,0.8296,0.8475,0.8626,0.8765,0.8898,0.9015,0.9116,0.9217
0.9312,0.9381,0.9451,0.9501,0.9554,0.9605,0.9647,0.9683,0.9718,0.9747
0.9777,0.9802,0.9829,0.9846,0.9864,0.9879,0.9890,0.9902,0.9911,0.9919
0.9927,0.9934,0.9939,0.9944,0.9950,0.9954,0.9958,0.9961,0.9964,0.9967
0.9968,0.9971,0.9974,0.9975,0.9978,0.9980,0.9983,0.9985,0.9986,0.9988
0.9989,0.9991,0.9992,0.9993,0.9994,0.9995,0.9995,0.9996,0.9996,0.9997
0.9997,0.9998,0.9998,0.9998,0.9998,0.9998,0.9999,0.9999,0.9999,0.9999
1.0000,1.0000,1.0000,1.0000,1.0000,1.0000,1.0000,1.0000,1.0000,1.0000
hwc2v1fract=0.0000,0.0000,0.0000,0.0000,0.0000,0.0000,0.0001,0.0001
0.0001,0.0002,0.0002,0.0002,0.0003,0.0003,0.0003,0.0004,0.0007,0.0010
0.0021,0.0046,0.0090,0.0169,0.0291,0.0437,0.0605,0.0799,0.1017,0.1236
0.1472,0.1698,0.1935,0.2174,0.2402,0.2625,0.2853,0.3077,0.3301,0.3522
0.3750,0.3981,0.4206,0.4418,0.4631,0.4837,0.5047,0.5250,0.5448,0.5651
0.5854,0.6046,0.6243,0.6425,0.6625,0.6827,0.7029,0.7222,0.7413,0.7589
0.7776,0.7952,0.8130,0.8309,0.8479,0.8629,0.8774,0.8912,0.9030,0.9137
0.9226,0.9308,0.9390,0.9451,0.9509,0.9560,0.9607,0.9649,0.9688,0.9723
0.9754,0.9780,0.9801,0.9824,0.9845,0.9862,0.9876,0.9888,0.9898,0.9908
0.9916,0.9923,0.9929,0.9936,0.9942,0.9945,0.9950,0.9955,0.9961,0.9965
0.9967,0.9970,0.9975,0.9977,0.9979,0.9981,0.9984,0.9986,0.9987,0.9989
0.9990,0.9991,0.9992,0.9993,0.9993,0.9995,0.9996,0.9997,0.9998,0.9999
0.9999,0.9999,0.9999,0.9999,0.9999,0.9999,0.9999,1.0000,1.0000,1.0000
1.0000,1.0000,1.0000,1.0000,1.0000,1.0000,1.0000,1.0000,1.0000,1.0000
hwc2y2fract=0.0000,0.0000,0.0000,0.0000,0.0000,0.0000,0.0000,0.0001
0.0001,0.0002,0.0002,0.0002,0.0003,0.0003,0.0004,0.0006,0.0010,0.0015
0.0028,0.0050,0.0087,0.0153,0.0252,0.0385,0.0536,0.0722,0.0926,0.1154
0.1369,0.1615,0.1839,0.2075,0.2320,0.2555,0.2787,0.3015,0.3242,0.3471
0.3704,0.3917,0.4150,0.4369,0.4589,0.4804,0.5007,0.5229,0.5439,0.5654
0.5861,0.6069,0.6276,0.6480,0.6677,0.6884,0.7079,0.7283,0.7478,0.7666
0.7853,0.8031,0.8196,0.8366,0.8522,0.8671,0.8802,0.8932,0.9046,0.9152
0.9245,0.9339,0.9407,0.9474,0.9531,0.9577,0.9623,0.9666,0.9708,0.9743
0.9775,0.9799,0.9822,0.9842,0.9861,0.9876,0.9890,0.9899,0.9909,0.9919
0.9926,0.9932,0.9941,0.9946,0.9951,0.9955,0.9959,0.9962,0.9965,0.9967
0.9969,0.9971,0.9975,0.9977,0.9979,0.9981,0.9983,0.9985,0.9987,0.9988
0.9990,0.9991,0.9993,0.9993,0.9994,0.9994,0.9995,0.9996,0.9996,0.9997
0.9997,0.9998,0.9998,0.9998,0.9998,0.9998,0.9999,0.9999,0.9999,0.9999
1.0000,1.0000,1.0000,1.0000,1.0000,1.0000,1.0000,1.0000,1.0000,1.0000
hwc2x2fract=0.0000,0.0000,0.0000,0.0000,0.0001,0.0002,0.0002,0.0003
0.0003,0.0004,0.0004,0.0005,0.0006,0.0007,0.0008,0.0011,0.0015,0.0019
0.0026,0.0041,0.0065,0.0108,0.0170,0.0258,0.0366,0.0495,0.0645,0.0810
0.0987,0.1161,0.1359,0.1565,0.1782,0.1990,0.2215,0.2439,0.2659,0.2895
0.3116,0.3359,0.3580,0.3811,0.4039,0.4252,0.4470,0.4693,0.4911,0.5129
0.5344,0.5555,0.5765,0.5968,0.6177,0.6389,0.6600,0.6807,0.7008,0.7186
0.7385,0.7581,0.7762,0.7947,0.8125,0.8292,0.8450,0.8616,0.8760,0.8897
0.9025,0.9128,0.9218,0.9308,0.9389,0.9469,0.9530,0.9582,0.9633,0.9680
0.9723,0.9761,0.9789,0.9817,0.9838,0.9863,0.9879,0.9895,0.9909,0.9921
0.9929,0.9938,0.9944,0.9952,0.9958,0.9962,0.9966,0.9969,0.9971,0.9975
0.9977,0.9979,0.9980,0.9983,0.9985,0.9986,0.9988,0.9989,0.9990,0.9991
0.9991,0.9992,0.9992,0.9993,0.9994,0.9994,0.9995,0.9996,0.9997,0.9997
0.9998,0.9998,0.9998,0.9998,0.9999,0.9999,0.9999,0.9999,0.9999,1.0000
1.0000,1.0000,1.0000,1.0000,1.0000,1.0000,1.0000,1.0000,1.0000,1.0000
