; Lookup table
;number of bins in Meek's time to distance lookup table
hdriftbins=138
;number of 1st bin in Meek's table in ns
hdrift1stbin=-24
;bin size in ns of Meek's table
hdriftbinsz=2
hwc1x1fract=0.0002,0.0004,0.0005,0.0007,0.0008,0.0009,0.0011,0.0014
0.0017,0.0019,0.0022,0.0026,0.0030,0.0035,0.0042,0.0054,0.0072,0.0096
0.0129,0.0173,0.0234,0.0311,0.0409,0.0525,0.0660,0.0809,0.0973,0.1149
0.1339,0.1532,0.1738,0.1947,0.2165,0.2387,0.2613,0.2841,0.3075,0.3303
0.3535,0.3764,0.3989,0.4218,0.4444,0.4664,0.4888,0.5108,0.5329,0.5548
0.5766,0.5984,0.6193,0.6399,0.6604,0.6805,0.7004,0.7196,0.7390,0.7575
0.7760,0.7935,0.8103,0.8258,0.8403,0.8544,0.8675,0.8794,0.8903,0.9005
0.9099,0.9181,0.9260,0.9328,0.9391,0.9448,0.9504,0.9552,0.9596,0.9635
0.9669,0.9699,0.9727,0.9748,0.9768,0.9786,0.9802,0.9816,0.9827,0.9838
0.9847,0.9855,0.9863,0.9869,0.9875,0.9881,0.9886,0.9891,0.9895,0.9900
0.9904,0.9908,0.9912,0.9915,0.9919,0.9922,0.9926,0.9929,0.9931,0.9934
0.9937,0.9940,0.9942,0.9946,0.9948,0.9951,0.9953,0.9955,0.9958,0.9960
0.9962,0.9965,0.9967,0.9970,0.9972,0.9975,0.9977,0.9979,0.9981,0.9983
0.9985,0.9986,0.9988,0.9990,0.9991,0.9993,0.9995,0.9996,0.9998,1.0000
hwc1y1fract=0.0002,0.0003,0.0005,0.0007,0.0010,0.0012,0.0014,0.0017
0.0019,0.0023,0.0026,0.0031,0.0035,0.0041,0.0049,0.0058,0.0072,0.0092
0.0123,0.0171,0.0250,0.0356,0.0494,0.0662,0.0855,0.1068,0.1292,0.1526
0.1763,0.2007,0.2249,0.2486,0.2729,0.2967,0.3198,0.3430,0.3655,0.3885
0.4104,0.4324,0.4547,0.4762,0.4968,0.5176,0.5387,0.5590,0.5793,0.5992
0.6193,0.6392,0.6590,0.6785,0.6976,0.7172,0.7362,0.7545,0.7722,0.7899
0.8068,0.8232,0.8384,0.8530,0.8668,0.8794,0.8912,0.9016,0.9110,0.9193
0.9267,0.9332,0.9388,0.9437,0.9482,0.9522,0.9560,0.9595,0.9625,0.9653
0.9678,0.9702,0.9721,0.9741,0.9756,0.9772,0.9786,0.9797,0.9809,0.9818
0.9829,0.9837,0.9845,0.9853,0.9861,0.9868,0.9873,0.9878,0.9884,0.9889
0.9894,0.9898,0.9903,0.9908,0.9912,0.9916,0.9920,0.9924,0.9928,0.9931
0.9934,0.9937,0.9941,0.9944,0.9947,0.9950,0.9953,0.9955,0.9958,0.9960
0.9963,0.9965,0.9967,0.9969,0.9972,0.9974,0.9976,0.9978,0.9980,0.9982
0.9983,0.9985,0.9987,0.9989,0.9991,0.9993,0.9994,0.9996,0.9998,1.0000
hwc1u1fract=0.0001,0.0002,0.0004,0.0005,0.0006,0.0007,0.0008,0.0009
0.0011,0.0012,0.0014,0.0016,0.0017,0.0021,0.0026,0.0036,0.0054,0.0079
0.0112,0.0158,0.0225,0.0315,0.0434,0.0578,0.0742,0.0931,0.1133,0.1344
0.1561,0.1787,0.2014,0.2246,0.2475,0.2707,0.2938,0.3171,0.3398,0.3622
0.3847,0.4065,0.4284,0.4503,0.4717,0.4932,0.5140,0.5352,0.5557,0.5762
0.5962,0.6165,0.6361,0.6559,0.6757,0.6952,0.7148,0.7340,0.7528,0.7707
0.7884,0.8052,0.8212,0.8367,0.8511,0.8646,0.8770,0.8882,0.8984,0.9074
0.9155,0.9226,0.9291,0.9350,0.9402,0.9452,0.9497,0.9538,0.9575,0.9608
0.9639,0.9668,0.9693,0.9717,0.9736,0.9754,0.9771,0.9785,0.9797,0.9808
0.9819,0.9829,0.9837,0.9845,0.9853,0.9860,0.9866,0.9872,0.9878,0.9883
0.9888,0.9893,0.9897,0.9903,0.9908,0.9912,0.9916,0.9921,0.9925,0.9928
0.9932,0.9935,0.9939,0.9942,0.9945,0.9948,0.9950,0.9953,0.9956,0.9958
0.9961,0.9963,0.9966,0.9968,0.9970,0.9972,0.9974,0.9977,0.9979,0.9981
0.9983,0.9985,0.9987,0.9989,0.9991,0.9993,0.9994,0.9996,0.9998,1.0000
hwc1v1fract=0.0001,0.0002,0.0003,0.0004,0.0005,0.0007,0.0007,0.0009
0.0010,0.0011,0.0013,0.0014,0.0016,0.0018,0.0021,0.0025,0.0033,0.0045
0.0068,0.0113,0.0187,0.0291,0.0428,0.0594,0.0780,0.0989,0.1206,0.1431
0.1659,0.1895,0.2130,0.2366,0.2596,0.2830,0.3061,0.3287,0.3510,0.3733
0.3949,0.4169,0.4386,0.4603,0.4817,0.5027,0.5232,0.5442,0.5645,0.5850
0.6047,0.6245,0.6442,0.6636,0.6830,0.7021,0.7215,0.7403,0.7586,0.7763
0.7939,0.8111,0.8272,0.8430,0.8572,0.8708,0.8830,0.8939,0.9037,0.9124
0.9201,0.9269,0.9329,0.9385,0.9435,0.9479,0.9521,0.9559,0.9594,0.9625
0.9654,0.9681,0.9704,0.9726,0.9746,0.9763,0.9777,0.9791,0.9804,0.9815
0.9824,0.9833,0.9841,0.9849,0.9856,0.9863,0.9869,0.9875,0.9881,0.9886
0.9891,0.9896,0.9901,0.9905,0.9909,0.9914,0.9918,0.9922,0.9926,0.9930
0.9933,0.9937,0.9940,0.9943,0.9946,0.9949,0.9951,0.9954,0.9957,0.9960
0.9962,0.9965,0.9967,0.9970,0.9972,0.9975,0.9977,0.9979,0.9981,0.9983
0.9985,0.9986,0.9988,0.9991,0.9992,0.9994,0.9996,0.9997,0.9999,1.0000
hwc1y2fract=0.0001,0.0003,0.0004,0.0006,0.0007,0.0008,0.0010,0.0012
0.0014,0.0015,0.0017,0.0020,0.0023,0.0026,0.0030,0.0037,0.0046,0.0061
0.0085,0.0122,0.0182,0.0269,0.0391,0.0538,0.0714,0.0914,0.1131,0.1353
0.1586,0.1822,0.2061,0.2306,0.2544,0.2779,0.3018,0.3249,0.3477,0.3704
0.3930,0.4150,0.4371,0.4593,0.4806,0.5015,0.5218,0.5422,0.5628,0.5829
0.6032,0.6235,0.6436,0.6631,0.6821,0.7013,0.7207,0.7394,0.7574,0.7748
0.7919,0.8083,0.8242,0.8392,0.8536,0.8671,0.8796,0.8907,0.9007,0.9098
0.9177,0.9248,0.9309,0.9365,0.9415,0.9460,0.9502,0.9538,0.9572,0.9605
0.9633,0.9658,0.9682,0.9704,0.9724,0.9741,0.9757,0.9771,0.9783,0.9795
0.9806,0.9817,0.9825,0.9833,0.9842,0.9850,0.9857,0.9865,0.9872,0.9879
0.9884,0.9890,0.9895,0.9900,0.9905,0.9910,0.9914,0.9918,0.9922,0.9926
0.9929,0.9933,0.9937,0.9940,0.9944,0.9947,0.9950,0.9952,0.9956,0.9959
0.9961,0.9964,0.9966,0.9969,0.9971,0.9973,0.9975,0.9977,0.9979,0.9981
0.9983,0.9985,0.9988,0.9990,0.9991,0.9993,0.9994,0.9996,0.9998,1.0000
hwc1x2fract=0.0002,0.0003,0.0004,0.0005,0.0007,0.0008,0.0010,0.0012
0.0014,0.0015,0.0018,0.0020,0.0022,0.0025,0.0028,0.0034,0.0043,0.0058
0.0081,0.0116,0.0167,0.0238,0.0331,0.0447,0.0584,0.0736,0.0905,0.1087
0.1276,0.1478,0.1682,0.1898,0.2116,0.2338,0.2566,0.2793,0.3020,0.3252
0.3481,0.3715,0.3947,0.4170,0.4397,0.4621,0.4841,0.5056,0.5274,0.5491
0.5704,0.5918,0.6129,0.6336,0.6539,0.6743,0.6939,0.7141,0.7335,0.7523
0.7707,0.7887,0.8059,0.8226,0.8376,0.8520,0.8651,0.8774,0.8884,0.8987
0.9081,0.9168,0.9244,0.9313,0.9379,0.9436,0.9487,0.9535,0.9577,0.9617
0.9652,0.9684,0.9711,0.9734,0.9756,0.9773,0.9790,0.9805,0.9816,0.9828
0.9839,0.9848,0.9855,0.9862,0.9869,0.9875,0.9881,0.9887,0.9892,0.9897
0.9901,0.9905,0.9909,0.9914,0.9918,0.9921,0.9924,0.9928,0.9931,0.9933
0.9936,0.9939,0.9942,0.9945,0.9947,0.9950,0.9952,0.9955,0.9958,0.9960
0.9963,0.9965,0.9967,0.9969,0.9971,0.9973,0.9975,0.9978,0.9980,0.9982
0.9984,0.9986,0.9988,0.9989,0.9992,0.9993,0.9995,0.9997,0.9998,1.0000
hwc2x1fract=0.0002,0.0004,0.0005,0.0007,0.0009,0.0011,0.0014,0.0016
0.0018,0.0021,0.0024,0.0027,0.0031,0.0035,0.0041,0.0049,0.0060,0.0080
0.0111,0.0156,0.0216,0.0291,0.0385,0.0501,0.0634,0.0785,0.0949,0.1126
0.1316,0.1517,0.1720,0.1929,0.2146,0.2367,0.2591,0.2818,0.3048,0.3278
0.3512,0.3737,0.3960,0.4189,0.4413,0.4639,0.4863,0.5083,0.5303,0.5525
0.5741,0.5951,0.6163,0.6369,0.6576,0.6782,0.6987,0.7185,0.7383,0.7573
0.7758,0.7938,0.8111,0.8276,0.8429,0.8572,0.8708,0.8832,0.8943,0.9043
0.9132,0.9211,0.9285,0.9355,0.9412,0.9467,0.9517,0.9562,0.9604,0.9642
0.9676,0.9706,0.9734,0.9756,0.9776,0.9793,0.9808,0.9821,0.9832,0.9841
0.9851,0.9859,0.9867,0.9873,0.9879,0.9885,0.9890,0.9895,0.9899,0.9904
0.9908,0.9912,0.9915,0.9919,0.9922,0.9925,0.9928,0.9931,0.9934,0.9937
0.9939,0.9943,0.9945,0.9948,0.9951,0.9953,0.9956,0.9958,0.9961,0.9963
0.9965,0.9967,0.9969,0.9971,0.9973,0.9975,0.9977,0.9979,0.9981,0.9983
0.9985,0.9987,0.9989,0.9990,0.9992,0.9994,0.9995,0.9997,0.9999,1.0000
hwc2y1fract=0.0001,0.0003,0.0004,0.0005,0.0007,0.0009,0.0010,0.0012
0.0014,0.0016,0.0018,0.0021,0.0023,0.0027,0.0031,0.0037,0.0047,0.0063
0.0090,0.0133,0.0206,0.0317,0.0464,0.0635,0.0834,0.1053,0.1282,0.1522
0.1770,0.2016,0.2258,0.2506,0.2747,0.2989,0.3220,0.3456,0.3686,0.3916
0.4141,0.4367,0.4582,0.4796,0.5006,0.5214,0.5418,0.5625,0.5830,0.6031
0.6229,0.6429,0.6629,0.6826,0.7019,0.7214,0.7406,0.7589,0.7773,0.7949
0.8119,0.8285,0.8445,0.8592,0.8730,0.8861,0.8974,0.9075,0.9167,0.9247
0.9319,0.9382,0.9436,0.9483,0.9526,0.9565,0.9600,0.9631,0.9659,0.9685
0.9708,0.9729,0.9748,0.9765,0.9779,0.9792,0.9804,0.9815,0.9825,0.9833
0.9841,0.9849,0.9856,0.9863,0.9868,0.9874,0.9879,0.9884,0.9889,0.9894
0.9898,0.9902,0.9906,0.9910,0.9914,0.9918,0.9921,0.9924,0.9928,0.9931
0.9934,0.9938,0.9941,0.9945,0.9948,0.9950,0.9953,0.9955,0.9958,0.9960
0.9963,0.9965,0.9967,0.9970,0.9972,0.9975,0.9977,0.9979,0.9981,0.9983
0.9985,0.9987,0.9989,0.9990,0.9992,0.9994,0.9995,0.9997,0.9998,1.0000
hwc2u1fract=0.0001,0.0002,0.0003,0.0004,0.0005,0.0006,0.0007,0.0008
0.0010,0.0011,0.0012,0.0014,0.0015,0.0017,0.0019,0.0022,0.0026,0.0033
0.0048,0.0075,0.0131,0.0226,0.0357,0.0524,0.0719,0.0937,0.1166,0.1408
0.1655,0.1900,0.2146,0.2391,0.2633,0.2873,0.3111,0.3341,0.3571,0.3798
0.4020,0.4236,0.4457,0.4669,0.4876,0.5086,0.5291,0.5495,0.5694,0.5894
0.6094,0.6292,0.6488,0.6687,0.6879,0.7069,0.7257,0.7447,0.7631,0.7813
0.7993,0.8164,0.8328,0.8487,0.8633,0.8771,0.8896,0.9009,0.9108,0.9194
0.9268,0.9336,0.9393,0.9445,0.9492,0.9532,0.9571,0.9605,0.9635,0.9664
0.9688,0.9710,0.9731,0.9748,0.9766,0.9781,0.9794,0.9805,0.9815,0.9825
0.9834,0.9841,0.9849,0.9855,0.9861,0.9867,0.9873,0.9878,0.9883,0.9888
0.9893,0.9898,0.9902,0.9907,0.9912,0.9916,0.9919,0.9923,0.9927,0.9930
0.9933,0.9937,0.9940,0.9943,0.9947,0.9950,0.9953,0.9955,0.9958,0.9960
0.9962,0.9965,0.9968,0.9970,0.9972,0.9974,0.9977,0.9978,0.9981,0.9983
0.9985,0.9987,0.9989,0.9990,0.9992,0.9994,0.9995,0.9997,0.9998,1.0000
hwc2v1fract=0.0001,0.0002,0.0004,0.0005,0.0006,0.0007,0.0009,0.0010
0.0011,0.0013,0.0015,0.0017,0.0018,0.0021,0.0024,0.0028,0.0034,0.0045
0.0067,0.0112,0.0188,0.0304,0.0454,0.0635,0.0840,0.1064,0.1300,0.1544
0.1787,0.2037,0.2277,0.2521,0.2762,0.3003,0.3234,0.3465,0.3690,0.3910
0.4133,0.4352,0.4568,0.4782,0.4989,0.5198,0.5402,0.5603,0.5806,0.6007
0.6201,0.6399,0.6592,0.6788,0.6976,0.7167,0.7353,0.7537,0.7721,0.7902
0.8073,0.8240,0.8397,0.8552,0.8694,0.8825,0.8945,0.9050,0.9142,0.9222
0.9294,0.9356,0.9410,0.9461,0.9504,0.9545,0.9580,0.9612,0.9641,0.9669
0.9694,0.9715,0.9734,0.9751,0.9766,0.9782,0.9794,0.9806,0.9816,0.9825
0.9833,0.9841,0.9848,0.9855,0.9862,0.9868,0.9874,0.9879,0.9884,0.9889
0.9894,0.9899,0.9904,0.9909,0.9913,0.9917,0.9920,0.9924,0.9928,0.9931
0.9935,0.9938,0.9942,0.9945,0.9948,0.9951,0.9953,0.9956,0.9958,0.9961
0.9963,0.9966,0.9968,0.9971,0.9973,0.9975,0.9977,0.9979,0.9981,0.9983
0.9985,0.9987,0.9988,0.9990,0.9992,0.9993,0.9995,0.9997,0.9999,1.0000
hwc2y2fract=0.0002,0.0003,0.0004,0.0006,0.0007,0.0009,0.0011,0.0013
0.0015,0.0018,0.0020,0.0023,0.0026,0.0030,0.0036,0.0044,0.0057,0.0076
0.0106,0.0156,0.0236,0.0347,0.0492,0.0665,0.0864,0.1090,0.1329,0.1569
0.1814,0.2058,0.2306,0.2550,0.2792,0.3031,0.3265,0.3501,0.3728,0.3955
0.4179,0.4400,0.4613,0.4828,0.5035,0.5243,0.5453,0.5660,0.5863,0.6066
0.6271,0.6471,0.6668,0.6864,0.7058,0.7251,0.7439,0.7622,0.7803,0.7979
0.8149,0.8313,0.8469,0.8618,0.8752,0.8876,0.8988,0.9090,0.9180,0.9255
0.9325,0.9386,0.9439,0.9488,0.9530,0.9569,0.9605,0.9637,0.9664,0.9688
0.9712,0.9733,0.9750,0.9767,0.9781,0.9794,0.9805,0.9815,0.9825,0.9835
0.9842,0.9850,0.9857,0.9863,0.9869,0.9875,0.9880,0.9886,0.9890,0.9894
0.9899,0.9904,0.9908,0.9912,0.9916,0.9919,0.9923,0.9926,0.9930,0.9933
0.9937,0.9940,0.9943,0.9946,0.9949,0.9951,0.9954,0.9957,0.9960,0.9962
0.9965,0.9967,0.9969,0.9971,0.9973,0.9975,0.9977,0.9980,0.9982,0.9983
0.9985,0.9987,0.9988,0.9990,0.9992,0.9993,0.9995,0.9997,0.9998,1.0000
hwc2x2fract=0.0001,0.0003,0.0005,0.0006,0.0008,0.0010,0.0012,0.0014
0.0016,0.0019,0.0021,0.0024,0.0027,0.0031,0.0036,0.0044,0.0055,0.0075
0.0109,0.0155,0.0218,0.0303,0.0408,0.0538,0.0686,0.0853,0.1031,0.1218
0.1420,0.1629,0.1841,0.2059,0.2281,0.2508,0.2736,0.2967,0.3195,0.3424
0.3654,0.3885,0.4117,0.4342,0.4564,0.4792,0.5011,0.5231,0.5450,0.5665
0.5880,0.6100,0.6309,0.6518,0.6722,0.6919,0.7118,0.7315,0.7508,0.7693
0.7877,0.8050,0.8219,0.8377,0.8529,0.8664,0.8791,0.8904,0.9006,0.9102
0.9185,0.9261,0.9331,0.9392,0.9448,0.9499,0.9544,0.9588,0.9625,0.9660
0.9690,0.9718,0.9744,0.9764,0.9782,0.9797,0.9810,0.9822,0.9833,0.9842
0.9850,0.9858,0.9865,0.9871,0.9878,0.9884,0.9889,0.9893,0.9898,0.9902
0.9906,0.9910,0.9914,0.9918,0.9921,0.9925,0.9928,0.9931,0.9934,0.9937
0.9940,0.9943,0.9945,0.9948,0.9950,0.9952,0.9954,0.9957,0.9959,0.9961
0.9963,0.9965,0.9967,0.9970,0.9972,0.9974,0.9976,0.9978,0.9980,0.9982
0.9984,0.9986,0.9988,0.9990,0.9991,0.9993,0.9995,0.9997,0.9999,1.0000
