; Lookup table
;number of bins in Meek's time to distance lookup table
hdriftbins=138
;number of 1st bin in Meek's table in ns
hdrift1stbin=-24
;bin size in ns of Meek's table
hdriftbinsz=2
hwc1x1fract=0.0000,0.0001,0.0001,0.0002,0.0003,0.0003,0.0004,0.0005
0.0006,0.0007,0.0008,0.0009,0.0010,0.0013,0.0016,0.0018,0.0022,0.0027
0.0036,0.0048,0.0066,0.0095,0.0142,0.0207,0.0291,0.0403,0.0528,0.0663
0.0809,0.0963,0.1131,0.1312,0.1491,0.1691,0.1895,0.2096,0.2302,0.2516
0.2732,0.2952,0.3172,0.3389,0.3615,0.3848,0.4065,0.4289,0.4517,0.4740
0.4961,0.5181,0.5401,0.5623,0.5837,0.6051,0.6267,0.6479,0.6684,0.6889
0.7092,0.7292,0.7483,0.7671,0.7854,0.8038,0.8215,0.8384,0.8536,0.8681
0.8818,0.8946,0.9053,0.9156,0.9256,0.9346,0.9425,0.9501,0.9566,0.9624
0.9678,0.9728,0.9773,0.9809,0.9841,0.9867,0.9887,0.9905,0.9917,0.9929
0.9938,0.9945,0.9952,0.9958,0.9962,0.9966,0.9969,0.9972,0.9974,0.9976
0.9979,0.9981,0.9982,0.9984,0.9985,0.9987,0.9988,0.9989,0.9990,0.9991
0.9992,0.9993,0.9993,0.9994,0.9994,0.9995,0.9996,0.9996,0.9997,0.9997
0.9997,0.9998,0.9998,0.9998,0.9998,0.9998,0.9998,0.9999,0.9999,0.9999
0.9999,0.9999,0.9999,0.9999,1.0000,1.0000,1.0000,1.0000,1.0000,1.0000
hwc1y1fract=0.0000,0.0000,0.0001,0.0001,0.0002,0.0002,0.0003,0.0004
0.0005,0.0006,0.0007,0.0008,0.0010,0.0012,0.0015,0.0020,0.0026,0.0037
0.0055,0.0084,0.0135,0.0211,0.0318,0.0449,0.0606,0.0785,0.0982,0.1189
0.1399,0.1614,0.1840,0.2073,0.2306,0.2538,0.2768,0.2998,0.3230,0.3459
0.3679,0.3901,0.4124,0.4343,0.4560,0.4779,0.4993,0.5201,0.5403,0.5611
0.5810,0.6014,0.6220,0.6422,0.6621,0.6823,0.7010,0.7201,0.7388,0.7574
0.7763,0.7942,0.8116,0.8280,0.8429,0.8575,0.8716,0.8847,0.8966,0.9082
0.9181,0.9265,0.9342,0.9414,0.9479,0.9535,0.9585,0.9633,0.9675,0.9712
0.9744,0.9775,0.9801,0.9826,0.9847,0.9867,0.9882,0.9894,0.9906,0.9915
0.9925,0.9933,0.9940,0.9947,0.9952,0.9957,0.9961,0.9965,0.9969,0.9972
0.9975,0.9978,0.9980,0.9982,0.9984,0.9985,0.9987,0.9988,0.9989,0.9991
0.9992,0.9993,0.9994,0.9994,0.9995,0.9996,0.9996,0.9997,0.9997,0.9998
0.9998,0.9998,0.9998,0.9999,0.9999,0.9999,0.9999,0.9999,0.9999,0.9999
1.0000,1.0000,1.0000,1.0000,1.0000,1.0000,1.0000,1.0000,1.0000,1.0000
hwc1u1fract=0.0000,0.0000,0.0000,0.0000,0.0000,0.0000,0.0001,0.0001
0.0001,0.0001,0.0001,0.0001,0.0002,0.0002,0.0003,0.0004,0.0006,0.0010
0.0017,0.0028,0.0045,0.0085,0.0147,0.0240,0.0360,0.0502,0.0659,0.0841
0.1029,0.1226,0.1432,0.1653,0.1874,0.2093,0.2315,0.2540,0.2765,0.2986
0.3207,0.3430,0.3648,0.3873,0.4094,0.4312,0.4527,0.4738,0.4952,0.5158
0.5364,0.5568,0.5773,0.5972,0.6171,0.6375,0.6578,0.6773,0.6967,0.7157
0.7351,0.7539,0.7723,0.7897,0.8074,0.8234,0.8393,0.8542,0.8682,0.8811
0.8931,0.9038,0.9136,0.9224,0.9307,0.9379,0.9446,0.9507,0.9563,0.9615
0.9664,0.9705,0.9740,0.9775,0.9805,0.9830,0.9851,0.9869,0.9884,0.9896
0.9907,0.9918,0.9927,0.9935,0.9941,0.9946,0.9951,0.9956,0.9960,0.9964
0.9968,0.9971,0.9975,0.9977,0.9979,0.9982,0.9984,0.9985,0.9987,0.9988
0.9989,0.9990,0.9991,0.9992,0.9993,0.9994,0.9995,0.9996,0.9996,0.9997
0.9997,0.9997,0.9998,0.9998,0.9999,0.9999,0.9999,0.9999,0.9999,0.9999
0.9999,1.0000,1.0000,1.0000,1.0000,1.0000,1.0000,1.0000,1.0000,1.0000
hwc1v1fract=0.0000,0.0000,0.0000,0.0001,0.0001,0.0001,0.0001,0.0002
0.0002,0.0003,0.0003,0.0004,0.0005,0.0006,0.0008,0.0014,0.0022,0.0039
0.0074,0.0127,0.0206,0.0323,0.0462,0.0620,0.0790,0.0969,0.1157,0.1354
0.1558,0.1762,0.1976,0.2188,0.2404,0.2625,0.2845,0.3061,0.3282,0.3504
0.3719,0.3938,0.4152,0.4367,0.4580,0.4797,0.5005,0.5218,0.5426,0.5636
0.5848,0.6056,0.6254,0.6461,0.6663,0.6864,0.7062,0.7254,0.7445,0.7639
0.7826,0.8009,0.8183,0.8351,0.8512,0.8658,0.8795,0.8922,0.9035,0.9137
0.9231,0.9312,0.9387,0.9452,0.9514,0.9569,0.9618,0.9664,0.9706,0.9747
0.9781,0.9809,0.9834,0.9854,0.9874,0.9890,0.9904,0.9916,0.9925,0.9934
0.9941,0.9948,0.9953,0.9958,0.9962,0.9966,0.9970,0.9972,0.9974,0.9977
0.9979,0.9981,0.9983,0.9984,0.9986,0.9987,0.9988,0.9990,0.9991,0.9992
0.9993,0.9993,0.9994,0.9995,0.9995,0.9995,0.9996,0.9997,0.9997,0.9997
0.9998,0.9998,0.9998,0.9998,0.9998,0.9999,0.9999,0.9999,0.9999,0.9999
0.9999,1.0000,1.0000,1.0000,1.0000,1.0000,1.0000,1.0000,1.0000,1.0000
hwc1y2fract=0.0000,0.0000,0.0000,0.0001,0.0001,0.0001,0.0001,0.0001
0.0002,0.0002,0.0002,0.0003,0.0004,0.0004,0.0005,0.0007,0.0010,0.0016
0.0029,0.0051,0.0090,0.0154,0.0241,0.0360,0.0502,0.0664,0.0846,0.1039
0.1247,0.1458,0.1679,0.1900,0.2122,0.2348,0.2576,0.2808,0.3038,0.3268
0.3505,0.3735,0.3955,0.4169,0.4385,0.4603,0.4816,0.5026,0.5241,0.5451
0.5658,0.5860,0.6065,0.6269,0.6469,0.6668,0.6860,0.7051,0.7239,0.7427
0.7612,0.7794,0.7970,0.8139,0.8300,0.8456,0.8598,0.8734,0.8862,0.8975
0.9082,0.9181,0.9268,0.9345,0.9413,0.9477,0.9531,0.9582,0.9628,0.9670
0.9707,0.9738,0.9770,0.9797,0.9818,0.9839,0.9859,0.9875,0.9889,0.9900
0.9911,0.9921,0.9928,0.9936,0.9942,0.9948,0.9954,0.9959,0.9962,0.9965
0.9969,0.9972,0.9975,0.9977,0.9979,0.9981,0.9983,0.9985,0.9987,0.9988
0.9989,0.9990,0.9991,0.9992,0.9993,0.9994,0.9994,0.9995,0.9995,0.9996
0.9996,0.9997,0.9997,0.9997,0.9998,0.9998,0.9998,0.9998,0.9998,0.9999
0.9999,0.9999,0.9999,0.9999,0.9999,0.9999,1.0000,1.0000,1.0000,1.0000
hwc1x2fract=0.0000,0.0001,0.0001,0.0001,0.0002,0.0002,0.0003,0.0003
0.0004,0.0004,0.0005,0.0006,0.0007,0.0008,0.0011,0.0014,0.0020,0.0029
0.0044,0.0073,0.0122,0.0189,0.0275,0.0379,0.0498,0.0638,0.0790,0.0952
0.1123,0.1305,0.1497,0.1691,0.1891,0.2097,0.2305,0.2519,0.2737,0.2960
0.3185,0.3414,0.3642,0.3868,0.4097,0.4319,0.4547,0.4773,0.4999,0.5216
0.5434,0.5642,0.5857,0.6071,0.6281,0.6491,0.6698,0.6906,0.7112,0.7307
0.7496,0.7683,0.7865,0.8046,0.8216,0.8378,0.8529,0.8681,0.8818,0.8945
0.9063,0.9165,0.9259,0.9346,0.9425,0.9497,0.9563,0.9623,0.9672,0.9719
0.9763,0.9800,0.9835,0.9863,0.9887,0.9904,0.9919,0.9930,0.9941,0.9948
0.9955,0.9961,0.9966,0.9969,0.9972,0.9975,0.9978,0.9980,0.9982,0.9984
0.9986,0.9987,0.9988,0.9989,0.9990,0.9991,0.9992,0.9993,0.9993,0.9994
0.9995,0.9995,0.9995,0.9996,0.9996,0.9997,0.9997,0.9997,0.9997,0.9998
0.9998,0.9998,0.9998,0.9998,0.9999,0.9999,0.9999,0.9999,0.9999,0.9999
0.9999,0.9999,0.9999,0.9999,1.0000,1.0000,1.0000,1.0000,1.0000,1.0000
hwc2x1fract=0.0000,0.0001,0.0001,0.0002,0.0002,0.0003,0.0004,0.0004
0.0005,0.0007,0.0008,0.0009,0.0011,0.0013,0.0015,0.0018,0.0023,0.0028
0.0037,0.0058,0.0089,0.0132,0.0193,0.0274,0.0370,0.0486,0.0620,0.0770
0.0925,0.1092,0.1269,0.1457,0.1650,0.1849,0.2054,0.2268,0.2480,0.2696
0.2916,0.3145,0.3370,0.3601,0.3818,0.4044,0.4276,0.4506,0.4731,0.4953
0.5174,0.5399,0.5619,0.5831,0.6047,0.6261,0.6472,0.6684,0.6892,0.7102
0.7310,0.7500,0.7696,0.7884,0.8071,0.8246,0.8411,0.8566,0.8717,0.8850
0.8973,0.9090,0.9193,0.9286,0.9373,0.9453,0.9520,0.9583,0.9638,0.9688
0.9730,0.9772,0.9805,0.9835,0.9862,0.9881,0.9898,0.9912,0.9926,0.9937
0.9945,0.9951,0.9957,0.9962,0.9966,0.9969,0.9972,0.9975,0.9977,0.9980
0.9982,0.9984,0.9985,0.9986,0.9988,0.9989,0.9990,0.9991,0.9992,0.9993
0.9993,0.9994,0.9995,0.9995,0.9996,0.9997,0.9997,0.9997,0.9998,0.9998
0.9998,0.9999,0.9999,0.9999,0.9999,0.9999,0.9999,0.9999,0.9999,1.0000
1.0000,1.0000,1.0000,1.0000,1.0000,1.0000,1.0000,1.0000,1.0000,1.0000
hwc2y1fract=0.0000,0.0000,0.0000,0.0001,0.0001,0.0001,0.0001,0.0001
0.0001,0.0001,0.0002,0.0002,0.0003,0.0003,0.0004,0.0006,0.0010,0.0017
0.0029,0.0053,0.0099,0.0176,0.0283,0.0423,0.0594,0.0776,0.0977,0.1191
0.1428,0.1663,0.1901,0.2141,0.2382,0.2620,0.2855,0.3086,0.3316,0.3543
0.3769,0.3991,0.4215,0.4440,0.4654,0.4872,0.5083,0.5296,0.5502,0.5714
0.5921,0.6130,0.6332,0.6539,0.6739,0.6938,0.7132,0.7323,0.7510,0.7696
0.7877,0.8056,0.8226,0.8393,0.8548,0.8707,0.8844,0.8972,0.9087,0.9194
0.9285,0.9368,0.9440,0.9506,0.9560,0.9612,0.9657,0.9696,0.9733,0.9765
0.9793,0.9817,0.9838,0.9857,0.9872,0.9886,0.9898,0.9910,0.9918,0.9926
0.9932,0.9940,0.9946,0.9952,0.9957,0.9962,0.9965,0.9968,0.9971,0.9974
0.9976,0.9979,0.9980,0.9981,0.9983,0.9984,0.9986,0.9988,0.9989,0.9990
0.9991,0.9991,0.9992,0.9993,0.9994,0.9995,0.9995,0.9996,0.9996,0.9997
0.9998,0.9998,0.9998,0.9998,0.9999,0.9999,0.9999,0.9999,0.9999,1.0000
1.0000,1.0000,1.0000,1.0000,1.0000,1.0000,1.0000,1.0000,1.0000,1.0000
hwc2u1fract=0.0000,0.0000,0.0000,0.0000,0.0001,0.0001,0.0001,0.0001
0.0001,0.0001,0.0002,0.0002,0.0002,0.0003,0.0003,0.0005,0.0007,0.0013
0.0028,0.0058,0.0122,0.0219,0.0348,0.0507,0.0688,0.0896,0.1113,0.1335
0.1558,0.1794,0.2022,0.2260,0.2499,0.2735,0.2971,0.3195,0.3424,0.3655
0.3880,0.4103,0.4321,0.4531,0.4745,0.4955,0.5162,0.5371,0.5583,0.5779
0.5977,0.6180,0.6385,0.6581,0.6780,0.6973,0.7171,0.7358,0.7547,0.7734
0.7914,0.8085,0.8257,0.8424,0.8581,0.8732,0.8871,0.9003,0.9114,0.9213
0.9300,0.9378,0.9447,0.9505,0.9558,0.9608,0.9654,0.9693,0.9728,0.9760
0.9790,0.9815,0.9838,0.9855,0.9871,0.9884,0.9898,0.9909,0.9918,0.9926
0.9934,0.9941,0.9946,0.9950,0.9954,0.9958,0.9960,0.9963,0.9966,0.9969
0.9972,0.9974,0.9976,0.9978,0.9980,0.9982,0.9984,0.9985,0.9986,0.9987
0.9988,0.9990,0.9991,0.9992,0.9993,0.9994,0.9995,0.9995,0.9996,0.9996
0.9997,0.9997,0.9998,0.9998,0.9998,0.9999,0.9999,0.9999,0.9999,0.9999
1.0000,1.0000,1.0000,1.0000,1.0000,1.0000,1.0000,1.0000,1.0000,1.0000
hwc2v1fract=0.0000,0.0000,0.0000,0.0000,0.0000,0.0001,0.0001,0.0001
0.0002,0.0002,0.0003,0.0004,0.0004,0.0006,0.0007,0.0010,0.0015,0.0026
0.0046,0.0088,0.0161,0.0273,0.0415,0.0585,0.0776,0.0987,0.1210,0.1437
0.1662,0.1893,0.2123,0.2355,0.2585,0.2811,0.3037,0.3271,0.3490,0.3711
0.3933,0.4151,0.4372,0.4588,0.4805,0.5016,0.5224,0.5432,0.5636,0.5834
0.6035,0.6233,0.6439,0.6635,0.6832,0.7029,0.7223,0.7413,0.7596,0.7782
0.7964,0.8139,0.8312,0.8469,0.8625,0.8768,0.8899,0.9022,0.9132,0.9229
0.9313,0.9391,0.9455,0.9512,0.9568,0.9618,0.9660,0.9700,0.9737,0.9770
0.9798,0.9820,0.9842,0.9863,0.9877,0.9891,0.9902,0.9913,0.9921,0.9929
0.9936,0.9943,0.9948,0.9953,0.9957,0.9960,0.9964,0.9967,0.9970,0.9973
0.9975,0.9978,0.9980,0.9982,0.9984,0.9986,0.9987,0.9989,0.9990,0.9991
0.9992,0.9994,0.9995,0.9995,0.9996,0.9997,0.9997,0.9998,0.9998,0.9998
0.9998,0.9998,0.9999,0.9999,0.9999,0.9999,0.9999,1.0000,1.0000,1.0000
1.0000,1.0000,1.0000,1.0000,1.0000,1.0000,1.0000,1.0000,1.0000,1.0000
hwc2y2fract=0.0000,0.0000,0.0000,0.0000,0.0000,0.0000,0.0001,0.0001
0.0001,0.0001,0.0002,0.0002,0.0003,0.0004,0.0004,0.0006,0.0008,0.0015
0.0024,0.0039,0.0069,0.0125,0.0208,0.0324,0.0469,0.0643,0.0837,0.1044
0.1265,0.1502,0.1735,0.1979,0.2217,0.2459,0.2700,0.2933,0.3163,0.3392
0.3628,0.3856,0.4077,0.4295,0.4517,0.4738,0.4955,0.5168,0.5380,0.5580
0.5786,0.5992,0.6197,0.6395,0.6601,0.6798,0.6993,0.7180,0.7372,0.7561
0.7747,0.7929,0.8105,0.8268,0.8435,0.8591,0.8736,0.8871,0.8992,0.9103
0.9206,0.9296,0.9381,0.9453,0.9518,0.9574,0.9622,0.9665,0.9703,0.9736
0.9767,0.9795,0.9820,0.9842,0.9861,0.9876,0.9890,0.9903,0.9913,0.9923
0.9931,0.9938,0.9944,0.9949,0.9954,0.9958,0.9963,0.9966,0.9969,0.9971
0.9974,0.9976,0.9978,0.9980,0.9982,0.9983,0.9985,0.9987,0.9988,0.9989
0.9990,0.9992,0.9992,0.9993,0.9994,0.9995,0.9995,0.9996,0.9996,0.9997
0.9997,0.9997,0.9998,0.9998,0.9998,0.9999,0.9999,0.9999,0.9999,0.9999
0.9999,0.9999,1.0000,1.0000,1.0000,1.0000,1.0000,1.0000,1.0000,1.0000
hwc2x2fract=0.0000,0.0000,0.0001,0.0001,0.0001,0.0002,0.0002,0.0003
0.0004,0.0005,0.0006,0.0007,0.0009,0.0010,0.0012,0.0015,0.0019,0.0028
0.0040,0.0061,0.0092,0.0146,0.0228,0.0329,0.0451,0.0593,0.0754,0.0920
0.1104,0.1299,0.1492,0.1695,0.1907,0.2127,0.2345,0.2565,0.2787,0.3008
0.3238,0.3467,0.3703,0.3922,0.4156,0.4372,0.4599,0.4820,0.5032,0.5248
0.5468,0.5680,0.5897,0.6108,0.6309,0.6524,0.6735,0.6933,0.7137,0.7336
0.7526,0.7707,0.7894,0.8073,0.8244,0.8405,0.8558,0.8710,0.8850,0.8973
0.9086,0.9181,0.9274,0.9360,0.9432,0.9504,0.9571,0.9625,0.9676,0.9723
0.9763,0.9797,0.9827,0.9853,0.9876,0.9894,0.9909,0.9921,0.9931,0.9939
0.9947,0.9953,0.9958,0.9962,0.9966,0.9969,0.9973,0.9976,0.9978,0.9980
0.9982,0.9984,0.9986,0.9987,0.9988,0.9989,0.9991,0.9991,0.9992,0.9993
0.9994,0.9994,0.9995,0.9995,0.9996,0.9997,0.9997,0.9997,0.9997,0.9998
0.9998,0.9998,0.9999,0.9999,0.9999,0.9999,0.9999,0.9999,0.9999,0.9999
0.9999,0.9999,1.0000,1.0000,1.0000,1.0000,1.0000,1.0000,1.0000,1.0000
