; Lookup table
;number of bins in Meek's time to distance lookup table
hdriftbins=138
;number of 1st bin in Meek's table in ns
hdrift1stbin=-24
;bin size in ns of Meek's table
hdriftbinsz=2
hwc1x1fract=0.0001,0.0002,0.0003,0.0004,0.0005,0.0006,0.0008,0.0009
0.0011,0.0013,0.0015,0.0018,0.0022,0.0027,0.0035,0.0050,0.0071,0.0099
0.0135,0.0184,0.0248,0.0327,0.0429,0.0547,0.0671,0.0814,0.0966,0.1130
0.1301,0.1477,0.1660,0.1850,0.2045,0.2245,0.2450,0.2663,0.2878,0.3093
0.3313,0.3534,0.3754,0.3980,0.4202,0.4431,0.4653,0.4872,0.5091,0.5314
0.5530,0.5748,0.5961,0.6177,0.6388,0.6601,0.6808,0.7015,0.7219,0.7420
0.7614,0.7800,0.7982,0.8163,0.8324,0.8481,0.8628,0.8762,0.8890,0.9013
0.9118,0.9217,0.9312,0.9394,0.9470,0.9538,0.9598,0.9651,0.9697,0.9739
0.9775,0.9807,0.9834,0.9856,0.9874,0.9890,0.9902,0.9913,0.9921,0.9927
0.9933,0.9938,0.9942,0.9947,0.9950,0.9953,0.9956,0.9959,0.9962,0.9964
0.9966,0.9968,0.9970,0.9971,0.9972,0.9974,0.9976,0.9977,0.9978,0.9979
0.9980,0.9982,0.9983,0.9984,0.9985,0.9986,0.9986,0.9987,0.9988,0.9988
0.9989,0.9990,0.9991,0.9991,0.9992,0.9993,0.9993,0.9994,0.9995,0.9995
0.9996,0.9996,0.9997,0.9997,0.9998,0.9998,0.9999,0.9999,1.0000,1.0000
hwc1y1fract=0.0001,0.0002,0.0003,0.0005,0.0006,0.0007,0.0009,0.0010
0.0012,0.0014,0.0016,0.0018,0.0021,0.0025,0.0029,0.0037,0.0047,0.0062
0.0087,0.0127,0.0191,0.0279,0.0397,0.0541,0.0708,0.0884,0.1082,0.1284
0.1501,0.1724,0.1948,0.2174,0.2399,0.2627,0.2857,0.3083,0.3304,0.3528
0.3745,0.3960,0.4183,0.4403,0.4617,0.4831,0.5041,0.5253,0.5463,0.5670
0.5874,0.6078,0.6283,0.6487,0.6689,0.6891,0.7087,0.7281,0.7480,0.7664
0.7848,0.8020,0.8196,0.8363,0.8518,0.8664,0.8797,0.8922,0.9034,0.9137
0.9234,0.9320,0.9395,0.9462,0.9519,0.9570,0.9617,0.9658,0.9697,0.9731
0.9762,0.9787,0.9810,0.9830,0.9847,0.9862,0.9875,0.9885,0.9897,0.9906
0.9915,0.9921,0.9925,0.9932,0.9938,0.9942,0.9946,0.9949,0.9953,0.9957
0.9959,0.9963,0.9965,0.9968,0.9970,0.9972,0.9974,0.9976,0.9978,0.9979
0.9981,0.9982,0.9983,0.9984,0.9985,0.9986,0.9987,0.9988,0.9989,0.9990
0.9990,0.9991,0.9992,0.9992,0.9993,0.9994,0.9994,0.9994,0.9995,0.9995
0.9995,0.9996,0.9996,0.9997,0.9997,0.9998,0.9998,0.9999,0.9999,1.0000
hwc1u1fract=0.0001,0.0001,0.0002,0.0002,0.0003,0.0003,0.0004,0.0005
0.0005,0.0006,0.0006,0.0008,0.0009,0.0012,0.0020,0.0033,0.0053,0.0083
0.0121,0.0174,0.0253,0.0357,0.0481,0.0628,0.0786,0.0955,0.1138,0.1328
0.1524,0.1728,0.1936,0.2145,0.2357,0.2576,0.2789,0.3005,0.3227,0.3453
0.3675,0.3896,0.4113,0.4330,0.4547,0.4760,0.4976,0.5191,0.5405,0.5617
0.5822,0.6027,0.6235,0.6442,0.6646,0.6846,0.7042,0.7238,0.7431,0.7621
0.7805,0.7985,0.8156,0.8317,0.8472,0.8621,0.8753,0.8880,0.8993,0.9099
0.9192,0.9276,0.9352,0.9420,0.9480,0.9537,0.9586,0.9633,0.9674,0.9710
0.9742,0.9771,0.9795,0.9818,0.9837,0.9853,0.9867,0.9879,0.9889,0.9898
0.9907,0.9914,0.9920,0.9925,0.9931,0.9936,0.9940,0.9944,0.9949,0.9952
0.9955,0.9959,0.9961,0.9964,0.9967,0.9969,0.9971,0.9973,0.9975,0.9976
0.9978,0.9980,0.9981,0.9982,0.9983,0.9984,0.9985,0.9986,0.9987,0.9988
0.9988,0.9989,0.9990,0.9991,0.9991,0.9992,0.9993,0.9994,0.9994,0.9995
0.9995,0.9996,0.9997,0.9997,0.9998,0.9998,0.9999,0.9999,1.0000,1.0000
hwc1v1fract=0.0000,0.0001,0.0001,0.0002,0.0003,0.0003,0.0004,0.0005
0.0005,0.0006,0.0007,0.0007,0.0008,0.0010,0.0012,0.0015,0.0020,0.0030
0.0051,0.0087,0.0152,0.0240,0.0357,0.0497,0.0659,0.0837,0.1029,0.1225
0.1428,0.1643,0.1856,0.2072,0.2292,0.2510,0.2724,0.2945,0.3167,0.3387
0.3611,0.3832,0.4048,0.4261,0.4475,0.4689,0.4900,0.5109,0.5320,0.5533
0.5736,0.5945,0.6151,0.6354,0.6557,0.6752,0.6945,0.7141,0.7334,0.7532
0.7717,0.7902,0.8078,0.8247,0.8410,0.8563,0.8710,0.8843,0.8963,0.9073
0.9171,0.9258,0.9337,0.9406,0.9468,0.9528,0.9580,0.9627,0.9667,0.9703
0.9737,0.9764,0.9789,0.9812,0.9832,0.9848,0.9863,0.9876,0.9887,0.9896
0.9905,0.9913,0.9919,0.9925,0.9931,0.9937,0.9941,0.9945,0.9949,0.9952
0.9955,0.9959,0.9962,0.9965,0.9967,0.9969,0.9971,0.9973,0.9975,0.9976
0.9978,0.9979,0.9981,0.9983,0.9983,0.9985,0.9986,0.9987,0.9988,0.9989
0.9990,0.9990,0.9991,0.9991,0.9992,0.9993,0.9993,0.9994,0.9995,0.9995
0.9996,0.9996,0.9997,0.9997,0.9998,0.9998,0.9999,0.9999,1.0000,1.0000
hwc1y2fract=0.0001,0.0001,0.0002,0.0003,0.0004,0.0004,0.0005,0.0006
0.0007,0.0009,0.0010,0.0012,0.0013,0.0016,0.0020,0.0027,0.0039,0.0058
0.0090,0.0143,0.0218,0.0317,0.0444,0.0592,0.0760,0.0945,0.1143,0.1347
0.1560,0.1777,0.1999,0.2222,0.2442,0.2668,0.2889,0.3111,0.3332,0.3555
0.3776,0.4000,0.4217,0.4434,0.4651,0.4866,0.5075,0.5282,0.5489,0.5699
0.5908,0.6115,0.6317,0.6520,0.6720,0.6918,0.7115,0.7309,0.7495,0.7677
0.7860,0.8037,0.8206,0.8363,0.8512,0.8655,0.8786,0.8911,0.9024,0.9123
0.9214,0.9295,0.9368,0.9437,0.9497,0.9549,0.9595,0.9638,0.9678,0.9713
0.9741,0.9767,0.9792,0.9812,0.9830,0.9846,0.9860,0.9872,0.9883,0.9891
0.9900,0.9907,0.9914,0.9920,0.9925,0.9930,0.9935,0.9939,0.9943,0.9947
0.9951,0.9955,0.9958,0.9961,0.9964,0.9966,0.9968,0.9971,0.9973,0.9975
0.9977,0.9978,0.9980,0.9981,0.9982,0.9983,0.9984,0.9985,0.9986,0.9987
0.9989,0.9989,0.9990,0.9991,0.9992,0.9992,0.9993,0.9994,0.9995,0.9995
0.9996,0.9996,0.9997,0.9997,0.9998,0.9998,0.9999,0.9999,0.9999,1.0000
hwc1x2fract=0.0001,0.0001,0.0002,0.0003,0.0003,0.0004,0.0005,0.0006
0.0007,0.0008,0.0009,0.0011,0.0013,0.0015,0.0018,0.0025,0.0036,0.0054
0.0082,0.0123,0.0185,0.0262,0.0362,0.0473,0.0605,0.0747,0.0897,0.1055
0.1228,0.1412,0.1602,0.1795,0.1995,0.2205,0.2412,0.2625,0.2846,0.3064
0.3285,0.3506,0.3724,0.3946,0.4174,0.4395,0.4617,0.4837,0.5057,0.5280
0.5498,0.5709,0.5928,0.6140,0.6357,0.6565,0.6773,0.6978,0.7186,0.7381
0.7582,0.7770,0.7952,0.8131,0.8304,0.8463,0.8614,0.8752,0.8879,0.9000
0.9111,0.9212,0.9303,0.9383,0.9460,0.9524,0.9584,0.9640,0.9690,0.9731
0.9767,0.9797,0.9823,0.9844,0.9863,0.9878,0.9890,0.9902,0.9911,0.9919
0.9926,0.9932,0.9937,0.9942,0.9945,0.9948,0.9951,0.9954,0.9956,0.9959
0.9961,0.9964,0.9966,0.9968,0.9970,0.9971,0.9973,0.9975,0.9976,0.9978
0.9979,0.9980,0.9981,0.9982,0.9983,0.9984,0.9986,0.9987,0.9988,0.9988
0.9989,0.9990,0.9991,0.9991,0.9992,0.9993,0.9993,0.9994,0.9995,0.9995
0.9996,0.9996,0.9997,0.9997,0.9998,0.9998,0.9999,0.9999,1.0000,1.0000
hwc2x1fract=0.0001,0.0002,0.0003,0.0004,0.0005,0.0006,0.0007,0.0009
0.0011,0.0013,0.0015,0.0017,0.0019,0.0021,0.0026,0.0031,0.0040,0.0056
0.0081,0.0121,0.0176,0.0249,0.0342,0.0450,0.0574,0.0706,0.0849,0.1008
0.1176,0.1351,0.1531,0.1719,0.1909,0.2109,0.2314,0.2528,0.2739,0.2957
0.3174,0.3397,0.3624,0.3849,0.4075,0.4293,0.4520,0.4738,0.4961,0.5177
0.5401,0.5623,0.5839,0.6059,0.6283,0.6501,0.6711,0.6925,0.7132,0.7331
0.7534,0.7730,0.7923,0.8106,0.8283,0.8449,0.8606,0.8751,0.8883,0.9005
0.9117,0.9218,0.9308,0.9391,0.9469,0.9532,0.9590,0.9644,0.9693,0.9734
0.9770,0.9800,0.9827,0.9849,0.9867,0.9882,0.9896,0.9906,0.9916,0.9922
0.9929,0.9934,0.9939,0.9944,0.9948,0.9951,0.9954,0.9957,0.9960,0.9962
0.9964,0.9966,0.9968,0.9969,0.9971,0.9973,0.9975,0.9976,0.9978,0.9980
0.9981,0.9982,0.9982,0.9984,0.9985,0.9986,0.9987,0.9988,0.9988,0.9989
0.9990,0.9990,0.9991,0.9991,0.9992,0.9992,0.9993,0.9993,0.9994,0.9995
0.9995,0.9996,0.9996,0.9997,0.9997,0.9998,0.9998,0.9999,0.9999,1.0000
hwc2y1fract=0.0000,0.0001,0.0002,0.0002,0.0003,0.0003,0.0004,0.0005
0.0005,0.0006,0.0008,0.0009,0.0010,0.0012,0.0015,0.0019,0.0025,0.0036
0.0055,0.0092,0.0151,0.0240,0.0359,0.0506,0.0680,0.0871,0.1076,0.1295
0.1524,0.1756,0.1986,0.2217,0.2448,0.2677,0.2903,0.3136,0.3362,0.3586
0.3805,0.4030,0.4257,0.4473,0.4686,0.4900,0.5116,0.5327,0.5536,0.5746
0.5954,0.6163,0.6368,0.6568,0.6772,0.6966,0.7162,0.7355,0.7546,0.7734
0.7916,0.8090,0.8260,0.8430,0.8592,0.8740,0.8876,0.9000,0.9113,0.9212
0.9305,0.9383,0.9454,0.9518,0.9573,0.9621,0.9661,0.9697,0.9730,0.9758
0.9785,0.9807,0.9826,0.9844,0.9859,0.9872,0.9883,0.9892,0.9901,0.9909
0.9916,0.9923,0.9928,0.9933,0.9936,0.9940,0.9943,0.9947,0.9951,0.9954
0.9957,0.9959,0.9961,0.9964,0.9967,0.9969,0.9971,0.9973,0.9974,0.9976
0.9978,0.9980,0.9981,0.9983,0.9984,0.9985,0.9986,0.9987,0.9988,0.9989
0.9990,0.9991,0.9991,0.9992,0.9993,0.9994,0.9994,0.9995,0.9995,0.9995
0.9996,0.9996,0.9997,0.9997,0.9998,0.9998,0.9998,0.9999,1.0000,1.0000
hwc2u1fract=0.0001,0.0001,0.0001,0.0002,0.0002,0.0003,0.0004,0.0004
0.0005,0.0006,0.0007,0.0007,0.0008,0.0009,0.0010,0.0011,0.0014,0.0019
0.0030,0.0056,0.0106,0.0193,0.0309,0.0460,0.0631,0.0823,0.1030,0.1241
0.1465,0.1693,0.1916,0.2143,0.2371,0.2603,0.2827,0.3053,0.3279,0.3505
0.3730,0.3950,0.4169,0.4389,0.4604,0.4817,0.5026,0.5240,0.5444,0.5647
0.5848,0.6055,0.6253,0.6450,0.6651,0.6854,0.7050,0.7245,0.7433,0.7624
0.7815,0.7998,0.8177,0.8344,0.8507,0.8664,0.8802,0.8934,0.9055,0.9163
0.9255,0.9338,0.9412,0.9477,0.9533,0.9585,0.9628,0.9669,0.9704,0.9734
0.9760,0.9786,0.9808,0.9826,0.9842,0.9857,0.9870,0.9880,0.9889,0.9897
0.9904,0.9911,0.9916,0.9922,0.9927,0.9932,0.9936,0.9941,0.9944,0.9948
0.9951,0.9954,0.9957,0.9961,0.9963,0.9966,0.9968,0.9971,0.9973,0.9974
0.9976,0.9978,0.9979,0.9981,0.9982,0.9983,0.9985,0.9986,0.9986,0.9988
0.9989,0.9989,0.9990,0.9991,0.9992,0.9992,0.9993,0.9994,0.9994,0.9994
0.9995,0.9996,0.9996,0.9997,0.9998,0.9998,0.9998,0.9999,1.0000,1.0000
hwc2v1fract=0.0000,0.0001,0.0001,0.0002,0.0002,0.0003,0.0004,0.0004
0.0005,0.0006,0.0006,0.0007,0.0008,0.0009,0.0011,0.0014,0.0018,0.0026
0.0044,0.0083,0.0151,0.0254,0.0384,0.0547,0.0724,0.0925,0.1129,0.1345
0.1563,0.1788,0.2013,0.2242,0.2472,0.2705,0.2938,0.3163,0.3390,0.3615
0.3834,0.4052,0.4268,0.4483,0.4694,0.4905,0.5117,0.5324,0.5531,0.5737
0.5939,0.6143,0.6347,0.6548,0.6741,0.6938,0.7131,0.7329,0.7518,0.7705
0.7887,0.8069,0.8245,0.8414,0.8573,0.8723,0.8857,0.8985,0.9099,0.9198
0.9286,0.9363,0.9433,0.9497,0.9551,0.9599,0.9640,0.9679,0.9713,0.9744
0.9772,0.9794,0.9815,0.9834,0.9851,0.9866,0.9878,0.9890,0.9899,0.9906
0.9913,0.9920,0.9925,0.9930,0.9935,0.9938,0.9943,0.9947,0.9950,0.9953
0.9957,0.9960,0.9963,0.9965,0.9968,0.9970,0.9972,0.9974,0.9976,0.9977
0.9979,0.9981,0.9982,0.9984,0.9985,0.9986,0.9987,0.9988,0.9989,0.9990
0.9990,0.9991,0.9992,0.9992,0.9993,0.9994,0.9994,0.9994,0.9995,0.9996
0.9996,0.9996,0.9997,0.9997,0.9998,0.9998,0.9999,0.9999,1.0000,1.0000
hwc2y2fract=0.0000,0.0001,0.0001,0.0002,0.0003,0.0004,0.0005,0.0005
0.0006,0.0008,0.0009,0.0011,0.0013,0.0015,0.0019,0.0024,0.0033,0.0048
0.0073,0.0115,0.0186,0.0282,0.0406,0.0563,0.0736,0.0933,0.1142,0.1361
0.1588,0.1822,0.2055,0.2285,0.2519,0.2755,0.2986,0.3211,0.3441,0.3667
0.3887,0.4109,0.4328,0.4545,0.4764,0.4973,0.5185,0.5395,0.5603,0.5812
0.6019,0.6224,0.6425,0.6630,0.6832,0.7027,0.7224,0.7416,0.7604,0.7789
0.7972,0.8148,0.8321,0.8481,0.8636,0.8779,0.8909,0.9032,0.9142,0.9237
0.9324,0.9401,0.9472,0.9532,0.9584,0.9629,0.9670,0.9706,0.9739,0.9767
0.9791,0.9813,0.9832,0.9848,0.9861,0.9875,0.9885,0.9895,0.9903,0.9911
0.9918,0.9924,0.9930,0.9935,0.9939,0.9943,0.9946,0.9949,0.9952,0.9955
0.9958,0.9960,0.9963,0.9965,0.9967,0.9969,0.9971,0.9973,0.9975,0.9977
0.9979,0.9980,0.9982,0.9983,0.9984,0.9986,0.9987,0.9988,0.9989,0.9990
0.9990,0.9991,0.9991,0.9992,0.9992,0.9993,0.9993,0.9994,0.9994,0.9995
0.9995,0.9996,0.9996,0.9997,0.9997,0.9998,0.9998,0.9999,1.0000,1.0000
hwc2x2fract=0.0001,0.0001,0.0002,0.0003,0.0004,0.0004,0.0005,0.0007
0.0008,0.0010,0.0012,0.0014,0.0015,0.0019,0.0024,0.0034,0.0051,0.0077
0.0116,0.0168,0.0241,0.0332,0.0441,0.0572,0.0711,0.0867,0.1035,0.1209
0.1393,0.1582,0.1777,0.1991,0.2196,0.2405,0.2622,0.2836,0.3060,0.3278
0.3499,0.3729,0.3951,0.4178,0.4403,0.4628,0.4849,0.5077,0.5298,0.5517
0.5734,0.5951,0.6166,0.6383,0.6598,0.6813,0.7020,0.7228,0.7425,0.7624
0.7815,0.8000,0.8178,0.8344,0.8506,0.8653,0.8796,0.8925,0.9042,0.9148
0.9245,0.9334,0.9413,0.9484,0.9545,0.9603,0.9655,0.9700,0.9741,0.9776
0.9804,0.9830,0.9851,0.9868,0.9884,0.9897,0.9908,0.9916,0.9925,0.9931
0.9937,0.9943,0.9946,0.9950,0.9954,0.9957,0.9960,0.9962,0.9964,0.9967
0.9969,0.9971,0.9973,0.9975,0.9976,0.9977,0.9978,0.9979,0.9980,0.9981
0.9982,0.9983,0.9984,0.9985,0.9986,0.9987,0.9988,0.9988,0.9989,0.9990
0.9990,0.9991,0.9992,0.9992,0.9993,0.9993,0.9994,0.9994,0.9995,0.9995
0.9996,0.9996,0.9997,0.9997,0.9998,0.9998,0.9998,0.9999,0.9999,1.0000
