; Lookup table
;number of bins in Meek's time to distance lookup table
hdriftbins=138
;number of 1st bin in Meek's table in ns
hdrift1stbin=-24
;bin size in ns of Meek's table
hdriftbinsz=2
hwc1x1fract=0.0000,0.0001,0.0002,0.0002,0.0003,0.0004,0.0006,0.0007
0.0008,0.0010,0.0012,0.0014,0.0016,0.0018,0.0022,0.0026,0.0031,0.0039
0.0049,0.0066,0.0094,0.0140,0.0208,0.0301,0.0416,0.0552,0.0703,0.0874
0.1056,0.1251,0.1450,0.1661,0.1879,0.2103,0.2333,0.2566,0.2801,0.3035
0.3272,0.3505,0.3734,0.3967,0.4198,0.4424,0.4647,0.4873,0.5093,0.5312
0.5533,0.5744,0.5959,0.6174,0.6384,0.6591,0.6794,0.6996,0.7196,0.7393
0.7584,0.7767,0.7947,0.8121,0.8284,0.8445,0.8594,0.8729,0.8858,0.8974
0.9081,0.9177,0.9265,0.9342,0.9415,0.9480,0.9539,0.9593,0.9645,0.9689
0.9730,0.9767,0.9799,0.9827,0.9850,0.9871,0.9887,0.9900,0.9913,0.9923
0.9931,0.9939,0.9946,0.9952,0.9957,0.9961,0.9965,0.9969,0.9972,0.9974
0.9976,0.9978,0.9980,0.9981,0.9983,0.9984,0.9986,0.9987,0.9988,0.9989
0.9990,0.9991,0.9992,0.9993,0.9994,0.9994,0.9995,0.9995,0.9996,0.9996
0.9997,0.9997,0.9997,0.9997,0.9998,0.9998,0.9998,0.9998,0.9999,0.9999
0.9999,0.9999,0.9999,1.0000,1.0000,1.0000,1.0000,1.0000,1.0000,1.0000
hwc1y1fract=0.0000,0.0001,0.0002,0.0003,0.0003,0.0004,0.0006,0.0007
0.0008,0.0010,0.0012,0.0014,0.0016,0.0019,0.0022,0.0028,0.0035,0.0047
0.0066,0.0101,0.0156,0.0240,0.0358,0.0509,0.0688,0.0890,0.1111,0.1351
0.1596,0.1845,0.2095,0.2344,0.2593,0.2836,0.3078,0.3318,0.3554,0.3786
0.4017,0.4244,0.4464,0.4680,0.4893,0.5105,0.5318,0.5526,0.5732,0.5938
0.6140,0.6345,0.6541,0.6739,0.6935,0.7126,0.7318,0.7508,0.7688,0.7864
0.8038,0.8208,0.8372,0.8528,0.8674,0.8810,0.8935,0.9051,0.9152,0.9243
0.9325,0.9398,0.9463,0.9518,0.9567,0.9611,0.9650,0.9685,0.9718,0.9747
0.9772,0.9796,0.9818,0.9837,0.9853,0.9866,0.9878,0.9889,0.9899,0.9908
0.9917,0.9924,0.9931,0.9937,0.9942,0.9947,0.9952,0.9956,0.9960,0.9964
0.9967,0.9969,0.9972,0.9975,0.9977,0.9979,0.9981,0.9983,0.9984,0.9986
0.9987,0.9989,0.9990,0.9991,0.9992,0.9994,0.9994,0.9995,0.9996,0.9996
0.9997,0.9998,0.9998,0.9998,0.9999,0.9999,0.9999,0.9999,0.9999,0.9999
0.9999,1.0000,1.0000,1.0000,1.0000,1.0000,1.0000,1.0000,1.0000,1.0000
hwc1u1fract=0.0000,0.0000,0.0000,0.0000,0.0000,0.0001,0.0001,0.0001
0.0001,0.0001,0.0001,0.0002,0.0002,0.0003,0.0004,0.0005,0.0007,0.0010
0.0017,0.0033,0.0067,0.0131,0.0226,0.0350,0.0507,0.0691,0.0897,0.1111
0.1342,0.1576,0.1820,0.2065,0.2312,0.2555,0.2796,0.3038,0.3274,0.3506
0.3737,0.3968,0.4193,0.4412,0.4627,0.4849,0.5060,0.5269,0.5477,0.5681
0.5884,0.6088,0.6291,0.6490,0.6685,0.6879,0.7069,0.7260,0.7447,0.7629
0.7813,0.7988,0.8157,0.8320,0.8474,0.8618,0.8754,0.8882,0.8998,0.9099
0.9191,0.9273,0.9348,0.9412,0.9470,0.9520,0.9568,0.9611,0.9652,0.9690
0.9723,0.9754,0.9780,0.9806,0.9826,0.9845,0.9861,0.9874,0.9886,0.9897
0.9906,0.9913,0.9921,0.9927,0.9933,0.9938,0.9943,0.9948,0.9952,0.9956
0.9960,0.9962,0.9965,0.9968,0.9971,0.9973,0.9975,0.9978,0.9980,0.9982
0.9984,0.9985,0.9986,0.9988,0.9989,0.9990,0.9991,0.9992,0.9993,0.9993
0.9994,0.9995,0.9995,0.9996,0.9996,0.9997,0.9997,0.9998,0.9998,0.9998
0.9999,0.9999,0.9999,0.9999,0.9999,1.0000,1.0000,1.0000,1.0000,1.0000
hwc1v1fract=0.0000,0.0000,0.0001,0.0001,0.0001,0.0002,0.0002,0.0003
0.0003,0.0004,0.0005,0.0006,0.0007,0.0009,0.0013,0.0020,0.0033,0.0055
0.0095,0.0164,0.0264,0.0392,0.0545,0.0722,0.0912,0.1112,0.1315,0.1526
0.1742,0.1958,0.2176,0.2395,0.2614,0.2831,0.3050,0.3270,0.3483,0.3705
0.3923,0.4139,0.4361,0.4578,0.4795,0.5010,0.5227,0.5441,0.5654,0.5864
0.6075,0.6284,0.6490,0.6696,0.6900,0.7101,0.7295,0.7492,0.7683,0.7876
0.8059,0.8232,0.8401,0.8560,0.8709,0.8850,0.8971,0.9080,0.9173,0.9258
0.9332,0.9399,0.9461,0.9514,0.9565,0.9612,0.9656,0.9697,0.9733,0.9766
0.9796,0.9822,0.9847,0.9867,0.9883,0.9897,0.9909,0.9919,0.9929,0.9936
0.9943,0.9949,0.9953,0.9957,0.9961,0.9965,0.9968,0.9971,0.9974,0.9976
0.9978,0.9980,0.9982,0.9983,0.9985,0.9986,0.9988,0.9989,0.9990,0.9991
0.9991,0.9992,0.9993,0.9994,0.9994,0.9995,0.9995,0.9996,0.9996,0.9997
0.9997,0.9997,0.9998,0.9998,0.9998,0.9999,0.9999,0.9999,0.9999,0.9999
1.0000,1.0000,1.0000,1.0000,1.0000,1.0000,1.0000,1.0000,1.0000,1.0000
hwc1y2fract=0.0000,0.0000,0.0000,0.0001,0.0001,0.0001,0.0001,0.0001
0.0001,0.0002,0.0002,0.0003,0.0004,0.0005,0.0006,0.0008,0.0013,0.0021
0.0036,0.0065,0.0115,0.0190,0.0298,0.0434,0.0603,0.0794,0.1005,0.1230
0.1471,0.1716,0.1960,0.2208,0.2457,0.2704,0.2945,0.3184,0.3423,0.3657
0.3888,0.4112,0.4333,0.4554,0.4775,0.4989,0.5200,0.5407,0.5615,0.5820
0.6023,0.6229,0.6431,0.6627,0.6822,0.7017,0.7208,0.7398,0.7583,0.7765
0.7939,0.8106,0.8266,0.8419,0.8567,0.8702,0.8829,0.8947,0.9051,0.9148
0.9232,0.9307,0.9375,0.9438,0.9491,0.9542,0.9585,0.9625,0.9662,0.9696
0.9725,0.9752,0.9777,0.9798,0.9817,0.9833,0.9849,0.9862,0.9875,0.9886
0.9895,0.9904,0.9912,0.9919,0.9926,0.9933,0.9939,0.9944,0.9949,0.9953
0.9956,0.9960,0.9963,0.9966,0.9968,0.9971,0.9973,0.9975,0.9978,0.9979
0.9981,0.9983,0.9985,0.9987,0.9988,0.9989,0.9990,0.9992,0.9993,0.9993
0.9994,0.9995,0.9995,0.9996,0.9996,0.9997,0.9997,0.9998,0.9998,0.9998
0.9998,0.9999,0.9999,0.9999,0.9999,0.9999,1.0000,1.0000,1.0000,1.0000
hwc1x2fract=0.0000,0.0000,0.0001,0.0001,0.0001,0.0002,0.0002,0.0003
0.0004,0.0005,0.0006,0.0007,0.0008,0.0010,0.0013,0.0016,0.0021,0.0030
0.0045,0.0074,0.0124,0.0199,0.0297,0.0421,0.0567,0.0729,0.0905,0.1095
0.1298,0.1511,0.1733,0.1960,0.2187,0.2422,0.2655,0.2890,0.3126,0.3363
0.3602,0.3833,0.4062,0.4291,0.4518,0.4737,0.4956,0.5173,0.5392,0.5607
0.5820,0.6032,0.6240,0.6443,0.6647,0.6843,0.7039,0.7236,0.7427,0.7619
0.7804,0.7983,0.8157,0.8322,0.8475,0.8620,0.8758,0.8882,0.8994,0.9096
0.9191,0.9277,0.9354,0.9421,0.9483,0.9542,0.9594,0.9643,0.9688,0.9728
0.9764,0.9796,0.9822,0.9846,0.9866,0.9883,0.9897,0.9908,0.9919,0.9927
0.9934,0.9940,0.9945,0.9950,0.9955,0.9959,0.9963,0.9966,0.9969,0.9971
0.9974,0.9976,0.9978,0.9980,0.9982,0.9983,0.9985,0.9987,0.9988,0.9989
0.9989,0.9990,0.9991,0.9992,0.9993,0.9994,0.9994,0.9995,0.9996,0.9996
0.9996,0.9997,0.9997,0.9998,0.9998,0.9998,0.9998,0.9998,0.9999,0.9999
0.9999,0.9999,0.9999,0.9999,0.9999,0.9999,1.0000,1.0000,1.0000,1.0000
hwc2x1fract=0.0001,0.0001,0.0002,0.0003,0.0004,0.0005,0.0006,0.0007
0.0008,0.0010,0.0012,0.0015,0.0017,0.0021,0.0025,0.0030,0.0037,0.0047
0.0065,0.0093,0.0132,0.0190,0.0271,0.0374,0.0498,0.0641,0.0800,0.0971
0.1159,0.1360,0.1567,0.1785,0.2004,0.2229,0.2460,0.2694,0.2927,0.3159
0.3392,0.3630,0.3861,0.4091,0.4323,0.4552,0.4782,0.5010,0.5234,0.5455
0.5670,0.5887,0.6101,0.6317,0.6524,0.6729,0.6930,0.7130,0.7329,0.7522
0.7709,0.7889,0.8068,0.8241,0.8405,0.8556,0.8698,0.8834,0.8958,0.9063
0.9165,0.9254,0.9335,0.9410,0.9475,0.9532,0.9589,0.9637,0.9683,0.9723
0.9760,0.9792,0.9823,0.9847,0.9868,0.9885,0.9899,0.9911,0.9921,0.9930
0.9938,0.9944,0.9950,0.9955,0.9958,0.9962,0.9966,0.9969,0.9971,0.9974
0.9976,0.9977,0.9979,0.9981,0.9983,0.9985,0.9986,0.9987,0.9989,0.9990
0.9991,0.9991,0.9992,0.9993,0.9994,0.9995,0.9995,0.9996,0.9996,0.9996
0.9997,0.9997,0.9998,0.9998,0.9998,0.9998,0.9998,0.9999,0.9999,0.9999
0.9999,0.9999,0.9999,1.0000,1.0000,1.0000,1.0000,1.0000,1.0000,1.0000
hwc2y1fract=0.0000,0.0000,0.0000,0.0000,0.0000,0.0001,0.0001,0.0001
0.0001,0.0001,0.0002,0.0002,0.0002,0.0003,0.0003,0.0005,0.0008,0.0013
0.0024,0.0047,0.0092,0.0168,0.0281,0.0429,0.0609,0.0819,0.1045,0.1292
0.1544,0.1803,0.2059,0.2313,0.2566,0.2814,0.3058,0.3302,0.3540,0.3773
0.4001,0.4227,0.4451,0.4673,0.4891,0.5105,0.5319,0.5533,0.5739,0.5947
0.6151,0.6356,0.6558,0.6759,0.6958,0.7152,0.7348,0.7538,0.7726,0.7907
0.8085,0.8260,0.8423,0.8582,0.8729,0.8865,0.8990,0.9103,0.9204,0.9295
0.9374,0.9442,0.9504,0.9559,0.9607,0.9650,0.9688,0.9723,0.9754,0.9780
0.9805,0.9827,0.9847,0.9863,0.9878,0.9891,0.9901,0.9910,0.9919,0.9926
0.9932,0.9938,0.9943,0.9947,0.9951,0.9955,0.9958,0.9961,0.9964,0.9967
0.9969,0.9971,0.9973,0.9975,0.9977,0.9979,0.9980,0.9982,0.9983,0.9985
0.9986,0.9987,0.9989,0.9990,0.9991,0.9992,0.9992,0.9993,0.9994,0.9995
0.9995,0.9996,0.9996,0.9997,0.9997,0.9998,0.9998,0.9998,0.9999,0.9999
0.9999,0.9999,0.9999,0.9999,1.0000,1.0000,1.0000,1.0000,1.0000,1.0000
hwc2u1fract=0.0000,0.0000,0.0000,0.0000,0.0000,0.0001,0.0001,0.0001
0.0001,0.0002,0.0002,0.0003,0.0003,0.0004,0.0005,0.0007,0.0009,0.0016
0.0029,0.0059,0.0122,0.0221,0.0362,0.0538,0.0741,0.0965,0.1203,0.1452
0.1704,0.1955,0.2207,0.2454,0.2700,0.2942,0.3185,0.3421,0.3647,0.3875
0.4100,0.4324,0.4543,0.4761,0.4974,0.5186,0.5391,0.5599,0.5810,0.6016
0.6219,0.6419,0.6620,0.6819,0.7014,0.7209,0.7397,0.7586,0.7772,0.7954
0.8130,0.8301,0.8464,0.8620,0.8769,0.8905,0.9028,0.9141,0.9234,0.9318
0.9394,0.9459,0.9518,0.9571,0.9617,0.9657,0.9694,0.9726,0.9755,0.9781
0.9805,0.9826,0.9846,0.9863,0.9877,0.9890,0.9901,0.9910,0.9918,0.9924
0.9930,0.9935,0.9940,0.9944,0.9948,0.9951,0.9954,0.9957,0.9960,0.9963
0.9965,0.9967,0.9969,0.9972,0.9974,0.9976,0.9978,0.9980,0.9981,0.9983
0.9985,0.9987,0.9988,0.9989,0.9991,0.9992,0.9993,0.9994,0.9995,0.9996
0.9996,0.9997,0.9997,0.9997,0.9998,0.9998,0.9998,0.9999,0.9999,0.9999
0.9999,0.9999,0.9999,0.9999,1.0000,1.0000,1.0000,1.0000,1.0000,1.0000
hwc2v1fract=0.0000,0.0000,0.0001,0.0001,0.0001,0.0001,0.0002,0.0002
0.0003,0.0003,0.0004,0.0005,0.0006,0.0008,0.0010,0.0014,0.0021,0.0033
0.0058,0.0106,0.0188,0.0310,0.0468,0.0655,0.0870,0.1099,0.1342,0.1589
0.1842,0.2093,0.2342,0.2586,0.2830,0.3069,0.3304,0.3537,0.3771,0.4001
0.4223,0.4449,0.4668,0.4885,0.5094,0.5304,0.5513,0.5721,0.5925,0.6124
0.6323,0.6522,0.6722,0.6918,0.7111,0.7303,0.7493,0.7680,0.7861,0.8040
0.8213,0.8374,0.8536,0.8687,0.8824,0.8956,0.9077,0.9183,0.9274,0.9354
0.9423,0.9487,0.9540,0.9588,0.9631,0.9669,0.9704,0.9736,0.9765,0.9791
0.9814,0.9835,0.9853,0.9868,0.9881,0.9893,0.9903,0.9912,0.9919,0.9926
0.9932,0.9937,0.9942,0.9946,0.9950,0.9954,0.9957,0.9960,0.9963,0.9966
0.9969,0.9971,0.9973,0.9975,0.9977,0.9979,0.9981,0.9983,0.9984,0.9985
0.9987,0.9989,0.9990,0.9991,0.9992,0.9993,0.9994,0.9995,0.9996,0.9996
0.9997,0.9997,0.9997,0.9998,0.9998,0.9998,0.9998,0.9999,0.9999,0.9999
0.9999,0.9999,0.9999,0.9999,1.0000,1.0000,1.0000,1.0000,1.0000,1.0000
hwc2y2fract=0.0000,0.0000,0.0000,0.0000,0.0001,0.0001,0.0001,0.0002
0.0002,0.0002,0.0003,0.0003,0.0004,0.0005,0.0007,0.0010,0.0015,0.0025
0.0043,0.0075,0.0134,0.0223,0.0346,0.0503,0.0693,0.0905,0.1146,0.1391
0.1649,0.1908,0.2164,0.2417,0.2669,0.2920,0.3165,0.3404,0.3640,0.3868
0.4091,0.4318,0.4539,0.4760,0.4976,0.5194,0.5407,0.5620,0.5831,0.6037
0.6238,0.6437,0.6636,0.6835,0.7037,0.7232,0.7422,0.7608,0.7791,0.7970
0.8142,0.8314,0.8477,0.8632,0.8772,0.8907,0.9030,0.9139,0.9234,0.9320
0.9397,0.9464,0.9525,0.9576,0.9622,0.9661,0.9697,0.9729,0.9758,0.9785
0.9808,0.9828,0.9845,0.9860,0.9873,0.9885,0.9896,0.9906,0.9915,0.9921
0.9927,0.9933,0.9938,0.9943,0.9947,0.9951,0.9954,0.9957,0.9961,0.9963
0.9966,0.9968,0.9971,0.9973,0.9974,0.9977,0.9978,0.9980,0.9982,0.9983
0.9985,0.9987,0.9987,0.9989,0.9990,0.9991,0.9992,0.9993,0.9994,0.9995
0.9996,0.9996,0.9997,0.9997,0.9998,0.9998,0.9998,0.9998,0.9999,0.9999
0.9999,0.9999,0.9999,0.9999,0.9999,1.0000,1.0000,1.0000,1.0000,1.0000
hwc2x2fract=0.0000,0.0001,0.0001,0.0002,0.0002,0.0003,0.0004,0.0005
0.0007,0.0008,0.0009,0.0011,0.0013,0.0015,0.0018,0.0022,0.0027,0.0034
0.0045,0.0063,0.0094,0.0145,0.0224,0.0330,0.0460,0.0611,0.0785,0.0972
0.1179,0.1391,0.1613,0.1842,0.2072,0.2307,0.2545,0.2785,0.3024,0.3263
0.3501,0.3734,0.3963,0.4191,0.4418,0.4644,0.4865,0.5087,0.5303,0.5520
0.5740,0.5948,0.6158,0.6361,0.6561,0.6762,0.6960,0.7155,0.7350,0.7543
0.7731,0.7916,0.8090,0.8260,0.8422,0.8577,0.8721,0.8853,0.8976,0.9085
0.9184,0.9272,0.9350,0.9420,0.9483,0.9541,0.9592,0.9639,0.9683,0.9721
0.9755,0.9786,0.9813,0.9837,0.9856,0.9874,0.9889,0.9901,0.9912,0.9923
0.9930,0.9938,0.9943,0.9949,0.9953,0.9958,0.9962,0.9965,0.9968,0.9971
0.9974,0.9976,0.9978,0.9980,0.9982,0.9983,0.9985,0.9986,0.9987,0.9989
0.9990,0.9991,0.9991,0.9992,0.9993,0.9994,0.9995,0.9995,0.9996,0.9996
0.9996,0.9997,0.9997,0.9997,0.9998,0.9998,0.9998,0.9999,0.9999,0.9999
0.9999,0.9999,0.9999,0.9999,0.9999,1.0000,1.0000,1.0000,1.0000,1.0000
