; Lookup table
;number of bins in Meek's time to distance lookup table
hdriftbins=138
;number of 1st bin in Meek's table in ns
hdrift1stbin=-24
;bin size in ns of Meek's table
hdriftbinsz=2
hwc1x1fract=0.0000,0.0001,0.0001,0.0002,0.0003,0.0003,0.0004,0.0005
0.0006,0.0007,0.0009,0.0011,0.0013,0.0014,0.0016,0.0018,0.0021,0.0027
0.0037,0.0054,0.0085,0.0134,0.0206,0.0301,0.0419,0.0560,0.0715,0.0888
0.1066,0.1256,0.1455,0.1664,0.1882,0.2108,0.2341,0.2574,0.2806,0.3039
0.3271,0.3495,0.3727,0.3955,0.4183,0.4407,0.4632,0.4855,0.5071,0.5288
0.5510,0.5727,0.5946,0.6157,0.6363,0.6574,0.6777,0.6977,0.7172,0.7370
0.7562,0.7745,0.7928,0.8108,0.8274,0.8433,0.8583,0.8723,0.8853,0.8966
0.9069,0.9163,0.9253,0.9329,0.9402,0.9469,0.9529,0.9582,0.9631,0.9678
0.9719,0.9756,0.9792,0.9820,0.9845,0.9866,0.9885,0.9901,0.9913,0.9924
0.9933,0.9941,0.9946,0.9954,0.9960,0.9965,0.9968,0.9972,0.9974,0.9976
0.9979,0.9981,0.9983,0.9984,0.9986,0.9988,0.9989,0.9990,0.9991,0.9991
0.9992,0.9993,0.9994,0.9994,0.9995,0.9995,0.9995,0.9996,0.9996,0.9997
0.9997,0.9997,0.9997,0.9998,0.9998,0.9999,0.9999,0.9999,0.9999,0.9999
0.9999,0.9999,1.0000,1.0000,1.0000,1.0000,1.0000,1.0000,1.0000,1.0000
hwc1y1fract=0.0000,0.0000,0.0000,0.0001,0.0001,0.0002,0.0002,0.0003
0.0003,0.0004,0.0005,0.0007,0.0008,0.0010,0.0013,0.0016,0.0022,0.0032
0.0050,0.0079,0.0129,0.0211,0.0329,0.0483,0.0660,0.0863,0.1087,0.1330
0.1572,0.1822,0.2073,0.2326,0.2575,0.2820,0.3061,0.3298,0.3534,0.3772
0.3995,0.4216,0.4436,0.4656,0.4866,0.5078,0.5284,0.5489,0.5698,0.5910
0.6121,0.6321,0.6526,0.6730,0.6922,0.7117,0.7302,0.7483,0.7663,0.7844
0.8018,0.8188,0.8349,0.8501,0.8643,0.8776,0.8908,0.9031,0.9139,0.9229
0.9308,0.9383,0.9448,0.9503,0.9551,0.9598,0.9642,0.9681,0.9712,0.9743
0.9771,0.9797,0.9818,0.9836,0.9853,0.9867,0.9879,0.9891,0.9901,0.9912
0.9921,0.9928,0.9936,0.9943,0.9947,0.9953,0.9958,0.9962,0.9966,0.9970
0.9972,0.9974,0.9977,0.9979,0.9981,0.9983,0.9985,0.9986,0.9987,0.9988
0.9990,0.9991,0.9992,0.9993,0.9995,0.9996,0.9997,0.9997,0.9998,0.9998
0.9998,0.9999,0.9999,0.9999,0.9999,1.0000,1.0000,1.0000,1.0000,1.0000
1.0000,1.0000,1.0000,1.0000,1.0000,1.0000,1.0000,1.0000,1.0000,1.0000
hwc1u1fract=0.0000,0.0000,0.0000,0.0000,0.0000,0.0000,0.0000,0.0000
0.0000,0.0000,0.0001,0.0001,0.0001,0.0002,0.0002,0.0003,0.0005,0.0009
0.0018,0.0034,0.0072,0.0142,0.0246,0.0384,0.0548,0.0732,0.0932,0.1153
0.1388,0.1619,0.1853,0.2097,0.2332,0.2572,0.2810,0.3044,0.3278,0.3510
0.3741,0.3962,0.4188,0.4406,0.4621,0.4838,0.5057,0.5264,0.5469,0.5674
0.5877,0.6077,0.6277,0.6480,0.6683,0.6876,0.7073,0.7268,0.7451,0.7644
0.7826,0.8001,0.8169,0.8333,0.8485,0.8626,0.8759,0.8885,0.8999,0.9101
0.9187,0.9265,0.9335,0.9399,0.9453,0.9503,0.9551,0.9594,0.9635,0.9677
0.9709,0.9741,0.9770,0.9793,0.9817,0.9837,0.9855,0.9869,0.9882,0.9891
0.9902,0.9911,0.9918,0.9925,0.9932,0.9938,0.9944,0.9949,0.9953,0.9956
0.9960,0.9964,0.9967,0.9969,0.9972,0.9975,0.9977,0.9979,0.9981,0.9984
0.9985,0.9986,0.9987,0.9988,0.9990,0.9991,0.9992,0.9993,0.9994,0.9995
0.9995,0.9996,0.9997,0.9997,0.9998,0.9998,0.9998,0.9998,0.9998,0.9999
0.9999,0.9999,0.9999,0.9999,0.9999,1.0000,1.0000,1.0000,1.0000,1.0000
hwc1v1fract=0.0000,0.0000,0.0000,0.0000,0.0001,0.0001,0.0001,0.0001
0.0001,0.0002,0.0002,0.0003,0.0004,0.0005,0.0007,0.0011,0.0018,0.0031
0.0056,0.0106,0.0191,0.0308,0.0460,0.0636,0.0828,0.1027,0.1247,0.1483
0.1709,0.1940,0.2170,0.2406,0.2635,0.2874,0.3106,0.3340,0.3566,0.3785
0.4011,0.4229,0.4438,0.4659,0.4875,0.5089,0.5302,0.5512,0.5719,0.5927
0.6127,0.6327,0.6520,0.6721,0.6921,0.7117,0.7306,0.7490,0.7680,0.7860
0.8044,0.8221,0.8382,0.8541,0.8685,0.8821,0.8942,0.9058,0.9153,0.9237
0.9318,0.9386,0.9444,0.9499,0.9547,0.9592,0.9633,0.9675,0.9710,0.9739
0.9768,0.9795,0.9818,0.9839,0.9858,0.9872,0.9887,0.9897,0.9908,0.9917
0.9925,0.9932,0.9939,0.9944,0.9949,0.9954,0.9959,0.9962,0.9966,0.9968
0.9971,0.9974,0.9977,0.9979,0.9981,0.9983,0.9985,0.9986,0.9987,0.9988
0.9989,0.9991,0.9992,0.9993,0.9994,0.9995,0.9995,0.9996,0.9997,0.9997
0.9997,0.9998,0.9998,0.9998,0.9998,0.9999,0.9999,0.9999,0.9999,0.9999
0.9999,1.0000,1.0000,1.0000,1.0000,1.0000,1.0000,1.0000,1.0000,1.0000
hwc1y2fract=0.0000,0.0000,0.0000,0.0001,0.0001,0.0001,0.0001,0.0001
0.0001,0.0002,0.0002,0.0002,0.0003,0.0003,0.0004,0.0006,0.0009,0.0015
0.0027,0.0049,0.0088,0.0155,0.0249,0.0377,0.0537,0.0727,0.0930,0.1157
0.1389,0.1638,0.1874,0.2116,0.2367,0.2611,0.2853,0.3084,0.3320,0.3562
0.3789,0.4018,0.4242,0.4476,0.4693,0.4908,0.5124,0.5329,0.5538,0.5736
0.5938,0.6141,0.6340,0.6539,0.6742,0.6938,0.7126,0.7318,0.7504,0.7682
0.7856,0.8034,0.8199,0.8358,0.8509,0.8651,0.8784,0.8905,0.9010,0.9105
0.9195,0.9272,0.9347,0.9413,0.9473,0.9523,0.9572,0.9614,0.9650,0.9683
0.9717,0.9747,0.9776,0.9797,0.9814,0.9832,0.9850,0.9866,0.9877,0.9889
0.9900,0.9907,0.9915,0.9922,0.9929,0.9936,0.9941,0.9947,0.9952,0.9957
0.9961,0.9964,0.9967,0.9970,0.9973,0.9976,0.9978,0.9980,0.9983,0.9985
0.9987,0.9988,0.9989,0.9991,0.9992,0.9993,0.9994,0.9995,0.9996,0.9996
0.9997,0.9997,0.9998,0.9998,0.9998,0.9998,0.9998,0.9999,0.9999,0.9999
0.9999,0.9999,0.9999,0.9999,1.0000,1.0000,1.0000,1.0000,1.0000,1.0000
hwc1x2fract=0.0000,0.0000,0.0000,0.0001,0.0001,0.0002,0.0002,0.0003
0.0003,0.0003,0.0004,0.0005,0.0006,0.0008,0.0009,0.0013,0.0019,0.0030
0.0050,0.0086,0.0140,0.0218,0.0318,0.0441,0.0585,0.0747,0.0924,0.1116
0.1313,0.1526,0.1747,0.1969,0.2192,0.2431,0.2663,0.2893,0.3130,0.3365
0.3605,0.3834,0.4065,0.4301,0.4526,0.4743,0.4966,0.5188,0.5403,0.5620
0.5834,0.6043,0.6249,0.6451,0.6656,0.6863,0.7059,0.7260,0.7450,0.7644
0.7829,0.8008,0.8180,0.8341,0.8492,0.8633,0.8771,0.8896,0.9005,0.9105
0.9197,0.9281,0.9353,0.9420,0.9483,0.9542,0.9595,0.9645,0.9691,0.9731
0.9765,0.9795,0.9821,0.9845,0.9862,0.9881,0.9895,0.9908,0.9920,0.9930
0.9936,0.9942,0.9949,0.9955,0.9961,0.9965,0.9968,0.9972,0.9976,0.9978
0.9980,0.9981,0.9983,0.9984,0.9986,0.9987,0.9988,0.9989,0.9990,0.9992
0.9992,0.9993,0.9994,0.9995,0.9996,0.9996,0.9997,0.9997,0.9998,0.9998
0.9998,0.9998,0.9998,0.9999,0.9999,0.9999,0.9999,0.9999,0.9999,0.9999
1.0000,1.0000,1.0000,1.0000,1.0000,1.0000,1.0000,1.0000,1.0000,1.0000
hwc2x1fract=0.0000,0.0001,0.0002,0.0002,0.0003,0.0003,0.0004,0.0005
0.0007,0.0008,0.0010,0.0012,0.0014,0.0017,0.0019,0.0023,0.0030,0.0038
0.0057,0.0087,0.0131,0.0198,0.0279,0.0391,0.0519,0.0667,0.0834,0.1016
0.1200,0.1402,0.1601,0.1819,0.2040,0.2266,0.2498,0.2729,0.2962,0.3193
0.3421,0.3656,0.3891,0.4114,0.4349,0.4577,0.4809,0.5029,0.5250,0.5475
0.5694,0.5903,0.6107,0.6328,0.6542,0.6743,0.6949,0.7148,0.7348,0.7544
0.7731,0.7918,0.8094,0.8265,0.8420,0.8574,0.8712,0.8845,0.8966,0.9068
0.9166,0.9251,0.9330,0.9403,0.9469,0.9529,0.9582,0.9635,0.9681,0.9722
0.9760,0.9792,0.9819,0.9845,0.9864,0.9882,0.9897,0.9910,0.9921,0.9930
0.9938,0.9945,0.9951,0.9957,0.9960,0.9966,0.9969,0.9973,0.9976,0.9978
0.9979,0.9981,0.9984,0.9985,0.9987,0.9988,0.9990,0.9990,0.9991,0.9992
0.9993,0.9994,0.9994,0.9995,0.9995,0.9996,0.9996,0.9997,0.9997,0.9998
0.9998,0.9998,0.9998,0.9999,0.9999,0.9999,0.9999,0.9999,0.9999,0.9999
1.0000,1.0000,1.0000,1.0000,1.0000,1.0000,1.0000,1.0000,1.0000,1.0000
hwc2y1fract=0.0000,0.0000,0.0000,0.0000,0.0000,0.0000,0.0000,0.0000
0.0001,0.0001,0.0001,0.0001,0.0002,0.0002,0.0003,0.0004,0.0007,0.0014
0.0026,0.0050,0.0099,0.0176,0.0291,0.0444,0.0631,0.0845,0.1070,0.1306
0.1554,0.1804,0.2054,0.2296,0.2548,0.2794,0.3041,0.3273,0.3505,0.3737
0.3960,0.4190,0.4412,0.4634,0.4857,0.5065,0.5268,0.5478,0.5683,0.5888
0.6097,0.6300,0.6502,0.6714,0.6914,0.7114,0.7305,0.7497,0.7688,0.7874
0.8051,0.8223,0.8387,0.8543,0.8694,0.8831,0.8961,0.9079,0.9180,0.9274
0.9351,0.9422,0.9485,0.9539,0.9587,0.9629,0.9667,0.9703,0.9734,0.9765
0.9790,0.9812,0.9830,0.9846,0.9863,0.9876,0.9887,0.9897,0.9909,0.9919
0.9926,0.9933,0.9939,0.9945,0.9949,0.9953,0.9956,0.9960,0.9963,0.9965
0.9968,0.9971,0.9972,0.9975,0.9977,0.9980,0.9981,0.9982,0.9984,0.9985
0.9987,0.9988,0.9990,0.9991,0.9993,0.9994,0.9995,0.9995,0.9996,0.9996
0.9997,0.9998,0.9998,0.9998,0.9998,0.9999,0.9999,0.9999,0.9999,0.9999
1.0000,1.0000,1.0000,1.0000,1.0000,1.0000,1.0000,1.0000,1.0000,1.0000
hwc2u1fract=0.0000,0.0000,0.0000,0.0000,0.0001,0.0001,0.0001,0.0001
0.0001,0.0002,0.0002,0.0002,0.0003,0.0003,0.0004,0.0006,0.0009,0.0016
0.0028,0.0061,0.0127,0.0228,0.0371,0.0546,0.0748,0.0974,0.1215,0.1462
0.1713,0.1961,0.2215,0.2462,0.2698,0.2935,0.3177,0.3408,0.3634,0.3861
0.4086,0.4307,0.4522,0.4735,0.4947,0.5163,0.5371,0.5575,0.5776,0.5982
0.6183,0.6383,0.6579,0.6778,0.6974,0.7169,0.7361,0.7557,0.7741,0.7919
0.8095,0.8265,0.8430,0.8594,0.8736,0.8870,0.8992,0.9108,0.9207,0.9294
0.9371,0.9439,0.9497,0.9547,0.9595,0.9638,0.9673,0.9707,0.9736,0.9764
0.9790,0.9814,0.9835,0.9853,0.9868,0.9881,0.9893,0.9904,0.9913,0.9919
0.9926,0.9933,0.9938,0.9943,0.9947,0.9951,0.9955,0.9958,0.9961,0.9963
0.9966,0.9969,0.9971,0.9974,0.9976,0.9978,0.9980,0.9982,0.9984,0.9986
0.9987,0.9989,0.9990,0.9991,0.9992,0.9993,0.9994,0.9995,0.9995,0.9996
0.9997,0.9997,0.9997,0.9997,0.9998,0.9998,0.9998,0.9998,0.9999,0.9999
0.9999,0.9999,0.9999,0.9999,0.9999,1.0000,1.0000,1.0000,1.0000,1.0000
hwc2v1fract=0.0000,0.0000,0.0000,0.0000,0.0001,0.0001,0.0001,0.0001
0.0002,0.0002,0.0003,0.0004,0.0005,0.0006,0.0009,0.0011,0.0015,0.0024
0.0040,0.0082,0.0155,0.0268,0.0416,0.0603,0.0810,0.1042,0.1281,0.1526
0.1775,0.2028,0.2276,0.2530,0.2772,0.3011,0.3243,0.3478,0.3702,0.3935
0.4158,0.4385,0.4604,0.4819,0.5033,0.5247,0.5460,0.5660,0.5862,0.6065
0.6262,0.6465,0.6657,0.6850,0.7044,0.7246,0.7435,0.7619,0.7801,0.7978
0.8147,0.8314,0.8481,0.8642,0.8786,0.8916,0.9038,0.9139,0.9231,0.9314
0.9387,0.9452,0.9509,0.9561,0.9604,0.9642,0.9679,0.9713,0.9741,0.9764
0.9788,0.9810,0.9830,0.9846,0.9863,0.9877,0.9891,0.9902,0.9909,0.9919
0.9926,0.9932,0.9938,0.9942,0.9948,0.9952,0.9955,0.9959,0.9961,0.9965
0.9967,0.9970,0.9972,0.9974,0.9977,0.9978,0.9980,0.9982,0.9984,0.9985
0.9987,0.9989,0.9990,0.9991,0.9992,0.9993,0.9994,0.9994,0.9995,0.9996
0.9997,0.9997,0.9998,0.9998,0.9998,0.9999,0.9999,0.9999,0.9999,0.9999
0.9999,0.9999,1.0000,1.0000,1.0000,1.0000,1.0000,1.0000,1.0000,1.0000
hwc2y2fract=0.0000,0.0000,0.0000,0.0000,0.0000,0.0000,0.0001,0.0001
0.0001,0.0001,0.0001,0.0002,0.0003,0.0004,0.0005,0.0007,0.0010,0.0018
0.0032,0.0059,0.0115,0.0202,0.0330,0.0489,0.0671,0.0891,0.1123,0.1362
0.1624,0.1883,0.2140,0.2395,0.2648,0.2901,0.3139,0.3382,0.3615,0.3852
0.4082,0.4305,0.4528,0.4745,0.4964,0.5177,0.5391,0.5592,0.5800,0.6011
0.6213,0.6417,0.6617,0.6821,0.7017,0.7218,0.7409,0.7594,0.7778,0.7955
0.8131,0.8300,0.8457,0.8615,0.8754,0.8894,0.9017,0.9125,0.9223,0.9309
0.9386,0.9454,0.9516,0.9569,0.9618,0.9660,0.9693,0.9726,0.9755,0.9782
0.9804,0.9827,0.9844,0.9860,0.9873,0.9885,0.9896,0.9906,0.9915,0.9922
0.9929,0.9935,0.9943,0.9947,0.9951,0.9955,0.9958,0.9961,0.9965,0.9968
0.9971,0.9972,0.9975,0.9978,0.9980,0.9981,0.9983,0.9985,0.9986,0.9988
0.9989,0.9990,0.9991,0.9992,0.9993,0.9994,0.9995,0.9995,0.9996,0.9997
0.9997,0.9997,0.9998,0.9998,0.9999,0.9999,0.9999,0.9999,0.9999,1.0000
1.0000,1.0000,1.0000,1.0000,1.0000,1.0000,1.0000,1.0000,1.0000,1.0000
hwc2x2fract=0.0000,0.0000,0.0000,0.0001,0.0002,0.0002,0.0003,0.0003
0.0005,0.0005,0.0006,0.0008,0.0009,0.0011,0.0013,0.0016,0.0020,0.0026
0.0038,0.0058,0.0095,0.0151,0.0241,0.0361,0.0499,0.0652,0.0822,0.1007
0.1212,0.1429,0.1655,0.1881,0.2117,0.2347,0.2583,0.2824,0.3061,0.3299
0.3535,0.3775,0.4018,0.4252,0.4476,0.4703,0.4931,0.5149,0.5366,0.5585
0.5797,0.6001,0.6207,0.6414,0.6620,0.6824,0.7026,0.7218,0.7416,0.7601
0.7789,0.7969,0.8136,0.8312,0.8471,0.8619,0.8753,0.8879,0.9005,0.9106
0.9207,0.9288,0.9364,0.9430,0.9495,0.9553,0.9601,0.9641,0.9685,0.9723
0.9757,0.9788,0.9815,0.9839,0.9861,0.9879,0.9895,0.9908,0.9919,0.9930
0.9937,0.9944,0.9949,0.9954,0.9959,0.9964,0.9968,0.9971,0.9974,0.9977
0.9979,0.9982,0.9983,0.9984,0.9985,0.9987,0.9988,0.9990,0.9991,0.9992
0.9993,0.9993,0.9995,0.9995,0.9996,0.9996,0.9997,0.9997,0.9998,0.9998
0.9999,0.9999,0.9999,0.9999,0.9999,0.9999,0.9999,1.0000,1.0000,1.0000
1.0000,1.0000,1.0000,1.0000,1.0000,1.0000,1.0000,1.0000,1.0000,1.0000
