; Lookup table
;number of bins in Meek's time to distance lookup table
hdriftbins=138
;number of 1st bin in Meek's table in ns
hdrift1stbin=-24
;bin size in ns of Meek's table
hdriftbinsz=2
hwc1x1fract=0.0000,0.0001,0.0001,0.0002,0.0002,0.0003,0.0003,0.0004
0.0004,0.0005,0.0006,0.0007,0.0008,0.0010,0.0012,0.0015,0.0020,0.0027
0.0037,0.0052,0.0073,0.0105,0.0153,0.0217,0.0301,0.0406,0.0525,0.0658
0.0801,0.0952,0.1114,0.1289,0.1474,0.1668,0.1865,0.2062,0.2273,0.2488
0.2706,0.2930,0.3151,0.3378,0.3604,0.3833,0.4065,0.4292,0.4518,0.4743
0.4971,0.5194,0.5414,0.5634,0.5849,0.6062,0.6275,0.6486,0.6693,0.6899
0.7098,0.7300,0.7496,0.7686,0.7873,0.8050,0.8217,0.8380,0.8530,0.8675
0.8809,0.8931,0.9046,0.9154,0.9253,0.9342,0.9423,0.9498,0.9565,0.9625
0.9680,0.9728,0.9772,0.9810,0.9841,0.9869,0.9892,0.9910,0.9925,0.9936
0.9945,0.9953,0.9960,0.9964,0.9969,0.9972,0.9975,0.9977,0.9980,0.9982
0.9983,0.9986,0.9987,0.9988,0.9989,0.9990,0.9991,0.9992,0.9993,0.9994
0.9994,0.9995,0.9995,0.9996,0.9996,0.9996,0.9997,0.9997,0.9997,0.9998
0.9998,0.9998,0.9998,0.9999,0.9999,0.9999,0.9999,0.9999,0.9999,0.9999
0.9999,1.0000,1.0000,1.0000,1.0000,1.0000,1.0000,1.0000,1.0000,1.0000
hwc1y1fract=0.0000,0.0001,0.0001,0.0001,0.0001,0.0002,0.0002,0.0003
0.0004,0.0005,0.0006,0.0006,0.0008,0.0010,0.0011,0.0015,0.0020,0.0029
0.0044,0.0070,0.0114,0.0182,0.0282,0.0407,0.0555,0.0726,0.0908,0.1105
0.1317,0.1531,0.1752,0.1979,0.2208,0.2437,0.2666,0.2899,0.3125,0.3354
0.3578,0.3801,0.4021,0.4239,0.4458,0.4681,0.4896,0.5110,0.5322,0.5534
0.5739,0.5947,0.6151,0.6356,0.6554,0.6754,0.6953,0.7146,0.7337,0.7526
0.7712,0.7894,0.8070,0.8238,0.8399,0.8548,0.8689,0.8819,0.8943,0.9054
0.9157,0.9248,0.9328,0.9402,0.9468,0.9526,0.9578,0.9628,0.9671,0.9711
0.9747,0.9778,0.9805,0.9830,0.9850,0.9869,0.9884,0.9898,0.9910,0.9920
0.9929,0.9938,0.9945,0.9952,0.9958,0.9962,0.9967,0.9971,0.9974,0.9976
0.9979,0.9981,0.9983,0.9985,0.9987,0.9988,0.9989,0.9991,0.9992,0.9993
0.9994,0.9995,0.9995,0.9996,0.9996,0.9997,0.9997,0.9998,0.9998,0.9999
0.9999,0.9999,0.9999,0.9999,0.9999,1.0000,1.0000,1.0000,1.0000,1.0000
1.0000,1.0000,1.0000,1.0000,1.0000,1.0000,1.0000,1.0000,1.0000,1.0000
hwc1u1fract=0.0000,0.0000,0.0000,0.0000,0.0000,0.0000,0.0000,0.0001
0.0001,0.0001,0.0001,0.0001,0.0001,0.0001,0.0002,0.0003,0.0007,0.0013
0.0023,0.0038,0.0060,0.0098,0.0159,0.0247,0.0361,0.0497,0.0654,0.0823
0.1006,0.1204,0.1405,0.1613,0.1824,0.2043,0.2263,0.2486,0.2709,0.2937
0.3162,0.3386,0.3610,0.3831,0.4053,0.4269,0.4489,0.4704,0.4923,0.5136
0.5349,0.5560,0.5769,0.5978,0.6184,0.6388,0.6588,0.6787,0.6985,0.7177
0.7368,0.7559,0.7740,0.7918,0.8089,0.8252,0.8407,0.8556,0.8697,0.8823
0.8942,0.9048,0.9148,0.9238,0.9321,0.9394,0.9460,0.9520,0.9573,0.9621
0.9668,0.9709,0.9745,0.9778,0.9807,0.9834,0.9855,0.9873,0.9888,0.9902
0.9915,0.9924,0.9933,0.9940,0.9946,0.9952,0.9957,0.9961,0.9965,0.9969
0.9972,0.9975,0.9977,0.9979,0.9981,0.9983,0.9985,0.9987,0.9988,0.9990
0.9991,0.9992,0.9993,0.9994,0.9995,0.9995,0.9996,0.9996,0.9997,0.9997
0.9998,0.9998,0.9998,0.9999,0.9999,0.9999,0.9999,0.9999,1.0000,1.0000
1.0000,1.0000,1.0000,1.0000,1.0000,1.0000,1.0000,1.0000,1.0000,1.0000
hwc1v1fract=0.0000,0.0000,0.0000,0.0000,0.0001,0.0001,0.0001,0.0001
0.0001,0.0001,0.0002,0.0002,0.0003,0.0003,0.0005,0.0008,0.0014,0.0026
0.0047,0.0086,0.0151,0.0243,0.0359,0.0503,0.0668,0.0845,0.1033,0.1228
0.1426,0.1636,0.1851,0.2062,0.2283,0.2506,0.2727,0.2948,0.3173,0.3397
0.3619,0.3842,0.4061,0.4281,0.4499,0.4719,0.4929,0.5144,0.5353,0.5562
0.5771,0.5978,0.6183,0.6385,0.6589,0.6791,0.6984,0.7178,0.7372,0.7561
0.7744,0.7927,0.8101,0.8268,0.8431,0.8588,0.8729,0.8859,0.8979,0.9085
0.9179,0.9265,0.9343,0.9417,0.9481,0.9539,0.9592,0.9641,0.9684,0.9722
0.9758,0.9790,0.9818,0.9843,0.9864,0.9882,0.9896,0.9909,0.9919,0.9928
0.9936,0.9943,0.9949,0.9954,0.9959,0.9963,0.9966,0.9969,0.9972,0.9975
0.9977,0.9980,0.9982,0.9984,0.9986,0.9988,0.9989,0.9990,0.9991,0.9992
0.9993,0.9994,0.9995,0.9995,0.9996,0.9997,0.9997,0.9997,0.9998,0.9998
0.9998,0.9999,0.9999,0.9999,0.9999,0.9999,0.9999,0.9999,1.0000,1.0000
1.0000,1.0000,1.0000,1.0000,1.0000,1.0000,1.0000,1.0000,1.0000,1.0000
hwc1y2fract=0.0000,0.0000,0.0000,0.0001,0.0001,0.0001,0.0001,0.0001
0.0001,0.0001,0.0002,0.0002,0.0003,0.0003,0.0004,0.0006,0.0009,0.0014
0.0025,0.0043,0.0078,0.0132,0.0210,0.0315,0.0443,0.0597,0.0771,0.0962
0.1162,0.1369,0.1585,0.1808,0.2032,0.2257,0.2483,0.2714,0.2941,0.3173
0.3398,0.3626,0.3848,0.4072,0.4292,0.4511,0.4726,0.4939,0.5155,0.5369
0.5577,0.5782,0.5984,0.6187,0.6391,0.6595,0.6794,0.6991,0.7180,0.7369
0.7554,0.7739,0.7916,0.8086,0.8251,0.8411,0.8557,0.8699,0.8831,0.8950
0.9059,0.9157,0.9244,0.9324,0.9395,0.9460,0.9522,0.9574,0.9621,0.9665
0.9703,0.9737,0.9768,0.9796,0.9820,0.9841,0.9859,0.9876,0.9890,0.9903
0.9914,0.9923,0.9932,0.9939,0.9945,0.9951,0.9956,0.9961,0.9965,0.9968
0.9972,0.9975,0.9977,0.9980,0.9982,0.9984,0.9985,0.9987,0.9988,0.9989
0.9991,0.9992,0.9993,0.9994,0.9995,0.9995,0.9996,0.9997,0.9997,0.9997
0.9998,0.9998,0.9998,0.9999,0.9999,0.9999,0.9999,0.9999,0.9999,0.9999
0.9999,0.9999,1.0000,1.0000,1.0000,1.0000,1.0000,1.0000,1.0000,1.0000
hwc1x2fract=0.0000,0.0000,0.0000,0.0001,0.0001,0.0001,0.0001,0.0002
0.0002,0.0003,0.0004,0.0004,0.0005,0.0006,0.0008,0.0011,0.0015,0.0024
0.0038,0.0064,0.0104,0.0163,0.0239,0.0336,0.0453,0.0582,0.0725,0.0878
0.1040,0.1211,0.1396,0.1584,0.1778,0.1979,0.2188,0.2400,0.2618,0.2837
0.3060,0.3283,0.3511,0.3738,0.3964,0.4188,0.4416,0.4641,0.4864,0.5084
0.5307,0.5527,0.5748,0.5965,0.6180,0.6390,0.6598,0.6806,0.7011,0.7210
0.7406,0.7603,0.7790,0.7970,0.8140,0.8310,0.8465,0.8615,0.8754,0.8883
0.9002,0.9111,0.9210,0.9306,0.9389,0.9465,0.9538,0.9601,0.9659,0.9710
0.9755,0.9795,0.9830,0.9858,0.9881,0.9900,0.9915,0.9928,0.9939,0.9947
0.9954,0.9959,0.9964,0.9968,0.9971,0.9975,0.9978,0.9980,0.9982,0.9984
0.9986,0.9988,0.9989,0.9990,0.9991,0.9992,0.9993,0.9993,0.9994,0.9995
0.9995,0.9996,0.9996,0.9997,0.9997,0.9997,0.9997,0.9998,0.9998,0.9998
0.9998,0.9999,0.9999,0.9999,0.9999,0.9999,0.9999,0.9999,0.9999,0.9999
0.9999,1.0000,1.0000,1.0000,1.0000,1.0000,1.0000,1.0000,1.0000,1.0000
hwc2x1fract=0.0000,0.0000,0.0001,0.0001,0.0002,0.0002,0.0003,0.0003
0.0004,0.0005,0.0006,0.0007,0.0008,0.0010,0.0012,0.0014,0.0018,0.0023
0.0032,0.0050,0.0078,0.0119,0.0177,0.0251,0.0343,0.0457,0.0584,0.0728
0.0878,0.1040,0.1215,0.1396,0.1587,0.1785,0.1986,0.2192,0.2405,0.2623
0.2844,0.3065,0.3291,0.3515,0.3745,0.3973,0.4203,0.4429,0.4654,0.4884
0.5105,0.5326,0.5550,0.5769,0.5989,0.6206,0.6417,0.6629,0.6836,0.7044
0.7245,0.7445,0.7640,0.7832,0.8017,0.8192,0.8362,0.8517,0.8665,0.8802
0.8925,0.9043,0.9146,0.9243,0.9332,0.9414,0.9489,0.9556,0.9617,0.9673
0.9719,0.9762,0.9798,0.9829,0.9857,0.9880,0.9898,0.9914,0.9927,0.9937
0.9946,0.9954,0.9960,0.9964,0.9968,0.9972,0.9975,0.9978,0.9980,0.9982
0.9984,0.9986,0.9987,0.9989,0.9990,0.9991,0.9992,0.9993,0.9994,0.9994
0.9995,0.9995,0.9996,0.9996,0.9997,0.9997,0.9998,0.9998,0.9998,0.9998
0.9999,0.9999,0.9999,0.9999,0.9999,0.9999,0.9999,1.0000,1.0000,1.0000
1.0000,1.0000,1.0000,1.0000,1.0000,1.0000,1.0000,1.0000,1.0000,1.0000
hwc2y1fract=0.0000,0.0000,0.0000,0.0000,0.0001,0.0001,0.0001,0.0001
0.0001,0.0001,0.0002,0.0003,0.0003,0.0004,0.0005,0.0007,0.0010,0.0016
0.0027,0.0049,0.0089,0.0157,0.0256,0.0386,0.0541,0.0718,0.0916,0.1124
0.1343,0.1573,0.1806,0.2041,0.2281,0.2516,0.2754,0.2987,0.3217,0.3448
0.3675,0.3901,0.4121,0.4340,0.4561,0.4777,0.4989,0.5199,0.5412,0.5622
0.5832,0.6040,0.6244,0.6445,0.6649,0.6851,0.7040,0.7236,0.7427,0.7615
0.7800,0.7982,0.8153,0.8319,0.8481,0.8632,0.8772,0.8903,0.9023,0.9133
0.9230,0.9316,0.9394,0.9464,0.9525,0.9580,0.9629,0.9673,0.9711,0.9746
0.9778,0.9806,0.9829,0.9850,0.9867,0.9884,0.9896,0.9910,0.9920,0.9929
0.9937,0.9943,0.9949,0.9954,0.9959,0.9963,0.9966,0.9970,0.9973,0.9976
0.9978,0.9980,0.9982,0.9984,0.9985,0.9987,0.9988,0.9989,0.9991,0.9992
0.9993,0.9993,0.9994,0.9995,0.9996,0.9996,0.9997,0.9997,0.9997,0.9998
0.9998,0.9998,0.9999,0.9999,0.9999,0.9999,0.9999,0.9999,1.0000,1.0000
1.0000,1.0000,1.0000,1.0000,1.0000,1.0000,1.0000,1.0000,1.0000,1.0000
hwc2u1fract=0.0000,0.0000,0.0000,0.0000,0.0000,0.0000,0.0000,0.0001
0.0001,0.0001,0.0001,0.0001,0.0002,0.0002,0.0003,0.0003,0.0005,0.0009
0.0019,0.0042,0.0090,0.0173,0.0285,0.0428,0.0596,0.0788,0.0994,0.1207
0.1426,0.1653,0.1883,0.2119,0.2348,0.2586,0.2816,0.3047,0.3274,0.3501
0.3729,0.3953,0.4176,0.4398,0.4611,0.4823,0.5038,0.5246,0.5452,0.5658
0.5860,0.6063,0.6259,0.6455,0.6654,0.6847,0.7045,0.7239,0.7428,0.7618
0.7804,0.7981,0.8158,0.8327,0.8487,0.8639,0.8782,0.8913,0.9030,0.9135
0.9231,0.9317,0.9391,0.9457,0.9518,0.9571,0.9619,0.9662,0.9700,0.9735
0.9767,0.9795,0.9821,0.9843,0.9861,0.9877,0.9890,0.9902,0.9913,0.9922
0.9930,0.9937,0.9943,0.9948,0.9952,0.9957,0.9961,0.9964,0.9968,0.9971
0.9973,0.9976,0.9978,0.9980,0.9982,0.9984,0.9986,0.9987,0.9989,0.9990
0.9991,0.9992,0.9993,0.9994,0.9995,0.9995,0.9996,0.9996,0.9997,0.9997
0.9998,0.9998,0.9998,0.9998,0.9999,0.9999,0.9999,0.9999,0.9999,0.9999
0.9999,1.0000,1.0000,1.0000,1.0000,1.0000,1.0000,1.0000,1.0000,1.0000
hwc2v1fract=0.0000,0.0000,0.0000,0.0000,0.0000,0.0000,0.0001,0.0001
0.0001,0.0001,0.0002,0.0002,0.0003,0.0004,0.0005,0.0006,0.0010,0.0016
0.0030,0.0061,0.0120,0.0215,0.0340,0.0494,0.0669,0.0864,0.1070,0.1288
0.1506,0.1733,0.1964,0.2199,0.2432,0.2667,0.2894,0.3122,0.3349,0.3576
0.3800,0.4023,0.4244,0.4460,0.4671,0.4887,0.5097,0.5308,0.5513,0.5718
0.5916,0.6120,0.6323,0.6525,0.6720,0.6919,0.7110,0.7303,0.7490,0.7681
0.7866,0.8045,0.8214,0.8378,0.8537,0.8684,0.8821,0.8947,0.9060,0.9163
0.9254,0.9336,0.9408,0.9472,0.9529,0.9581,0.9627,0.9669,0.9708,0.9743
0.9774,0.9801,0.9825,0.9847,0.9866,0.9882,0.9895,0.9908,0.9917,0.9925
0.9933,0.9939,0.9945,0.9951,0.9955,0.9959,0.9963,0.9966,0.9970,0.9972
0.9975,0.9978,0.9980,0.9982,0.9984,0.9986,0.9987,0.9989,0.9990,0.9992
0.9993,0.9994,0.9995,0.9995,0.9996,0.9997,0.9997,0.9998,0.9998,0.9998
0.9998,0.9999,0.9999,0.9999,0.9999,0.9999,0.9999,0.9999,0.9999,1.0000
1.0000,1.0000,1.0000,1.0000,1.0000,1.0000,1.0000,1.0000,1.0000,1.0000
hwc2y2fract=0.0000,0.0000,0.0000,0.0000,0.0000,0.0001,0.0001,0.0001
0.0001,0.0002,0.0002,0.0003,0.0003,0.0004,0.0005,0.0006,0.0008,0.0013
0.0020,0.0035,0.0060,0.0106,0.0179,0.0283,0.0415,0.0575,0.0757,0.0953
0.1165,0.1389,0.1618,0.1852,0.2090,0.2328,0.2563,0.2793,0.3030,0.3264
0.3492,0.3717,0.3945,0.4168,0.4390,0.4608,0.4820,0.5032,0.5244,0.5455
0.5662,0.5863,0.6069,0.6274,0.6479,0.6681,0.6881,0.7074,0.7270,0.7462
0.7654,0.7840,0.8013,0.8191,0.8357,0.8514,0.8663,0.8801,0.8928,0.9046
0.9151,0.9247,0.9331,0.9404,0.9470,0.9528,0.9584,0.9632,0.9675,0.9714
0.9748,0.9778,0.9805,0.9828,0.9849,0.9866,0.9882,0.9895,0.9907,0.9917
0.9926,0.9933,0.9940,0.9946,0.9952,0.9956,0.9961,0.9965,0.9968,0.9972
0.9975,0.9977,0.9979,0.9981,0.9982,0.9984,0.9986,0.9988,0.9989,0.9990
0.9991,0.9992,0.9993,0.9994,0.9995,0.9996,0.9996,0.9997,0.9997,0.9998
0.9998,0.9998,0.9998,0.9999,0.9999,0.9999,0.9999,0.9999,0.9999,1.0000
1.0000,1.0000,1.0000,1.0000,1.0000,1.0000,1.0000,1.0000,1.0000,1.0000
hwc2x2fract=0.0000,0.0000,0.0001,0.0001,0.0001,0.0001,0.0002,0.0002
0.0003,0.0004,0.0004,0.0005,0.0006,0.0007,0.0008,0.0010,0.0012,0.0017
0.0025,0.0040,0.0062,0.0098,0.0152,0.0227,0.0324,0.0436,0.0570,0.0716
0.0875,0.1047,0.1228,0.1415,0.1613,0.1818,0.2028,0.2242,0.2460,0.2678
0.2900,0.3127,0.3354,0.3583,0.3806,0.4036,0.4264,0.4492,0.4719,0.4942
0.5161,0.5381,0.5598,0.5819,0.6033,0.6246,0.6458,0.6668,0.6872,0.7077
0.7274,0.7474,0.7664,0.7854,0.8035,0.8211,0.8376,0.8531,0.8675,0.8812
0.8939,0.9054,0.9159,0.9254,0.9339,0.9421,0.9492,0.9558,0.9616,0.9669
0.9718,0.9760,0.9796,0.9826,0.9853,0.9876,0.9895,0.9910,0.9923,0.9933
0.9943,0.9951,0.9957,0.9963,0.9967,0.9971,0.9974,0.9977,0.9979,0.9981
0.9983,0.9984,0.9986,0.9988,0.9989,0.9991,0.9992,0.9993,0.9994,0.9995
0.9995,0.9996,0.9996,0.9997,0.9997,0.9998,0.9998,0.9998,0.9998,0.9998
0.9999,0.9999,0.9999,0.9999,0.9999,0.9999,0.9999,0.9999,0.9999,0.9999
1.0000,1.0000,1.0000,1.0000,1.0000,1.0000,1.0000,1.0000,1.0000,1.0000
