; Lookup table
;number of bins in Meek's time to distance lookup table
hdriftbins=138
;number of 1st bin in Meek's table in ns
hdrift1stbin=-24
;bin size in ns of Meek's table
hdriftbinsz=2
hwc1x1fract=0.0001,0.0003,0.0005,0.0007,0.0009,0.0011,0.0013,0.0016
0.0019,0.0023,0.0026,0.0032,0.0040,0.0051,0.0070,0.0096,0.0129,0.0171
0.0228,0.0301,0.0390,0.0499,0.0624,0.0761,0.0912,0.1069,0.1237,0.1413
0.1597,0.1786,0.1984,0.2184,0.2392,0.2599,0.2819,0.3039,0.3259,0.3484
0.3705,0.3929,0.4151,0.4374,0.4597,0.4818,0.5042,0.5261,0.5477,0.5691
0.5907,0.6118,0.6330,0.6534,0.6738,0.6943,0.7142,0.7335,0.7524,0.7706
0.7887,0.8058,0.8218,0.8370,0.8515,0.8650,0.8776,0.8891,0.9000,0.9097
0.9190,0.9271,0.9347,0.9416,0.9479,0.9537,0.9589,0.9636,0.9677,0.9714
0.9746,0.9772,0.9795,0.9814,0.9829,0.9843,0.9854,0.9864,0.9872,0.9880
0.9886,0.9892,0.9897,0.9902,0.9907,0.9910,0.9914,0.9918,0.9921,0.9924
0.9927,0.9931,0.9933,0.9936,0.9938,0.9940,0.9942,0.9945,0.9947,0.9949
0.9951,0.9953,0.9955,0.9957,0.9960,0.9961,0.9963,0.9965,0.9967,0.9969
0.9971,0.9973,0.9974,0.9976,0.9978,0.9979,0.9981,0.9982,0.9984,0.9986
0.9987,0.9989,0.9990,0.9991,0.9993,0.9994,0.9996,0.9997,0.9999,1.0000
hwc1y1fract=0.0002,0.0003,0.0005,0.0007,0.0009,0.0011,0.0013,0.0016
0.0018,0.0021,0.0025,0.0028,0.0032,0.0037,0.0044,0.0054,0.0066,0.0082
0.0109,0.0155,0.0224,0.0323,0.0450,0.0601,0.0777,0.0970,0.1175,0.1388
0.1608,0.1834,0.2058,0.2288,0.2516,0.2743,0.2969,0.3196,0.3418,0.3637
0.3854,0.4069,0.4288,0.4502,0.4715,0.4922,0.5127,0.5332,0.5535,0.5733
0.5935,0.6133,0.6333,0.6527,0.6721,0.6912,0.7103,0.7289,0.7472,0.7655
0.7833,0.8008,0.8173,0.8332,0.8484,0.8625,0.8759,0.8880,0.8990,0.9090
0.9176,0.9254,0.9324,0.9387,0.9443,0.9496,0.9542,0.9584,0.9623,0.9659
0.9690,0.9718,0.9742,0.9763,0.9782,0.9799,0.9814,0.9827,0.9839,0.9850
0.9859,0.9868,0.9877,0.9883,0.9890,0.9896,0.9901,0.9906,0.9911,0.9916
0.9920,0.9924,0.9927,0.9931,0.9934,0.9938,0.9941,0.9944,0.9947,0.9949
0.9952,0.9954,0.9956,0.9958,0.9960,0.9962,0.9965,0.9967,0.9968,0.9970
0.9972,0.9974,0.9976,0.9978,0.9979,0.9981,0.9982,0.9984,0.9985,0.9987
0.9988,0.9990,0.9991,0.9993,0.9994,0.9995,0.9997,0.9998,0.9999,1.0000
hwc1u1fract=0.0001,0.0002,0.0003,0.0004,0.0006,0.0007,0.0008,0.0009
0.0011,0.0013,0.0014,0.0016,0.0019,0.0023,0.0033,0.0049,0.0074,0.0108
0.0154,0.0218,0.0306,0.0414,0.0547,0.0701,0.0869,0.1051,0.1241,0.1441
0.1647,0.1856,0.2070,0.2286,0.2505,0.2723,0.2945,0.3161,0.3381,0.3604
0.3820,0.4039,0.4256,0.4469,0.4684,0.4893,0.5106,0.5318,0.5529,0.5735
0.5940,0.6143,0.6344,0.6545,0.6742,0.6936,0.7131,0.7322,0.7507,0.7688
0.7862,0.8031,0.8193,0.8345,0.8490,0.8626,0.8752,0.8865,0.8969,0.9064
0.9150,0.9228,0.9298,0.9364,0.9423,0.9477,0.9527,0.9573,0.9614,0.9652
0.9686,0.9716,0.9742,0.9766,0.9784,0.9802,0.9817,0.9831,0.9843,0.9853
0.9862,0.9871,0.9877,0.9884,0.9891,0.9897,0.9903,0.9908,0.9912,0.9916
0.9920,0.9924,0.9928,0.9931,0.9934,0.9938,0.9941,0.9943,0.9946,0.9949
0.9952,0.9954,0.9956,0.9958,0.9961,0.9963,0.9965,0.9967,0.9968,0.9971
0.9972,0.9974,0.9976,0.9977,0.9979,0.9981,0.9982,0.9983,0.9985,0.9987
0.9988,0.9990,0.9991,0.9992,0.9994,0.9995,0.9996,0.9997,0.9999,1.0000
hwc1v1fract=0.0001,0.0002,0.0003,0.0005,0.0006,0.0007,0.0008,0.0010
0.0011,0.0013,0.0014,0.0016,0.0017,0.0019,0.0021,0.0024,0.0028,0.0035
0.0047,0.0071,0.0113,0.0185,0.0285,0.0412,0.0568,0.0746,0.0935,0.1133
0.1339,0.1554,0.1771,0.1988,0.2213,0.2435,0.2661,0.2886,0.3109,0.3329
0.3546,0.3765,0.3980,0.4195,0.4410,0.4622,0.4834,0.5040,0.5247,0.5452
0.5657,0.5856,0.6057,0.6256,0.6453,0.6647,0.6839,0.7032,0.7221,0.7407
0.7594,0.7775,0.7947,0.8116,0.8281,0.8436,0.8580,0.8713,0.8839,0.8951
0.9050,0.9139,0.9221,0.9291,0.9355,0.9414,0.9468,0.9516,0.9559,0.9601
0.9639,0.9673,0.9705,0.9732,0.9757,0.9779,0.9797,0.9812,0.9826,0.9838
0.9849,0.9858,0.9867,0.9874,0.9882,0.9888,0.9894,0.9899,0.9905,0.9909
0.9914,0.9919,0.9923,0.9927,0.9930,0.9933,0.9937,0.9941,0.9944,0.9947
0.9949,0.9952,0.9955,0.9957,0.9959,0.9961,0.9963,0.9966,0.9968,0.9970
0.9972,0.9974,0.9975,0.9977,0.9979,0.9980,0.9982,0.9984,0.9985,0.9987
0.9988,0.9989,0.9990,0.9992,0.9993,0.9995,0.9996,0.9998,0.9999,1.0000
hwc1y2fract=0.0001,0.0002,0.0004,0.0005,0.0007,0.0008,0.0010,0.0012
0.0013,0.0015,0.0017,0.0020,0.0022,0.0026,0.0030,0.0035,0.0044,0.0057
0.0079,0.0113,0.0171,0.0252,0.0361,0.0498,0.0657,0.0834,0.1031,0.1238
0.1450,0.1668,0.1894,0.2121,0.2354,0.2579,0.2804,0.3032,0.3251,0.3474
0.3691,0.3906,0.4126,0.4342,0.4553,0.4764,0.4976,0.5183,0.5386,0.5588
0.5791,0.5988,0.6189,0.6382,0.6578,0.6773,0.6969,0.7162,0.7348,0.7527
0.7702,0.7871,0.8037,0.8197,0.8350,0.8494,0.8631,0.8757,0.8876,0.8981
0.9076,0.9160,0.9236,0.9306,0.9370,0.9425,0.9476,0.9522,0.9565,0.9604
0.9639,0.9671,0.9699,0.9725,0.9747,0.9767,0.9785,0.9801,0.9815,0.9827
0.9839,0.9850,0.9859,0.9868,0.9876,0.9883,0.9890,0.9896,0.9902,0.9907
0.9912,0.9917,0.9921,0.9925,0.9928,0.9932,0.9935,0.9938,0.9941,0.9945
0.9947,0.9950,0.9952,0.9955,0.9957,0.9960,0.9962,0.9964,0.9966,0.9968
0.9970,0.9972,0.9974,0.9976,0.9978,0.9980,0.9981,0.9983,0.9984,0.9986
0.9987,0.9989,0.9991,0.9992,0.9994,0.9995,0.9996,0.9997,0.9999,1.0000
hwc1x2fract=0.0001,0.0002,0.0004,0.0005,0.0006,0.0008,0.0009,0.0011
0.0012,0.0014,0.0016,0.0019,0.0021,0.0024,0.0028,0.0034,0.0042,0.0056
0.0078,0.0110,0.0159,0.0222,0.0308,0.0413,0.0532,0.0671,0.0822,0.0982
0.1151,0.1331,0.1518,0.1714,0.1919,0.2124,0.2337,0.2555,0.2769,0.2991
0.3214,0.3435,0.3654,0.3876,0.4095,0.4316,0.4539,0.4762,0.4977,0.5194
0.5410,0.5627,0.5838,0.6045,0.6254,0.6459,0.6662,0.6861,0.7061,0.7257
0.7451,0.7640,0.7820,0.7993,0.8158,0.8316,0.8466,0.8607,0.8736,0.8855
0.8968,0.9070,0.9164,0.9250,0.9329,0.9403,0.9467,0.9525,0.9578,0.9627
0.9668,0.9707,0.9739,0.9765,0.9790,0.9808,0.9825,0.9839,0.9851,0.9861
0.9870,0.9877,0.9884,0.9890,0.9895,0.9900,0.9905,0.9909,0.9914,0.9917
0.9921,0.9925,0.9928,0.9931,0.9934,0.9936,0.9939,0.9941,0.9944,0.9946
0.9949,0.9951,0.9953,0.9955,0.9957,0.9959,0.9961,0.9963,0.9966,0.9967
0.9969,0.9971,0.9973,0.9974,0.9976,0.9978,0.9980,0.9982,0.9983,0.9986
0.9987,0.9988,0.9990,0.9992,0.9993,0.9994,0.9996,0.9997,0.9999,1.0000
hwc2x1fract=0.0001,0.0003,0.0005,0.0006,0.0008,0.0010,0.0012,0.0015
0.0017,0.0019,0.0022,0.0025,0.0029,0.0033,0.0038,0.0045,0.0056,0.0075
0.0105,0.0150,0.0211,0.0288,0.0383,0.0496,0.0627,0.0765,0.0922,0.1088
0.1260,0.1441,0.1631,0.1824,0.2028,0.2236,0.2445,0.2658,0.2877,0.3094
0.3317,0.3540,0.3764,0.3989,0.4218,0.4440,0.4662,0.4882,0.5104,0.5320
0.5539,0.5751,0.5964,0.6179,0.6390,0.6600,0.6806,0.7010,0.7212,0.7406
0.7599,0.7785,0.7960,0.8133,0.8298,0.8453,0.8598,0.8732,0.8854,0.8966
0.9070,0.9162,0.9248,0.9327,0.9398,0.9461,0.9519,0.9572,0.9618,0.9661
0.9699,0.9730,0.9759,0.9783,0.9802,0.9821,0.9836,0.9849,0.9860,0.9869
0.9876,0.9884,0.9889,0.9895,0.9900,0.9905,0.9909,0.9913,0.9916,0.9920
0.9923,0.9926,0.9930,0.9932,0.9935,0.9938,0.9941,0.9943,0.9946,0.9948
0.9950,0.9952,0.9954,0.9957,0.9959,0.9961,0.9963,0.9964,0.9966,0.9968
0.9970,0.9972,0.9974,0.9975,0.9977,0.9979,0.9980,0.9982,0.9984,0.9985
0.9987,0.9988,0.9990,0.9992,0.9993,0.9995,0.9996,0.9998,0.9999,1.0000
hwc2y1fract=0.0001,0.0002,0.0003,0.0005,0.0006,0.0007,0.0009,0.0011
0.0013,0.0014,0.0017,0.0019,0.0022,0.0026,0.0032,0.0041,0.0055,0.0077
0.0119,0.0187,0.0286,0.0419,0.0577,0.0758,0.0961,0.1179,0.1403,0.1633
0.1874,0.2110,0.2346,0.2580,0.2812,0.3041,0.3266,0.3492,0.3715,0.3938
0.4155,0.4370,0.4577,0.4791,0.4999,0.5203,0.5404,0.5605,0.5807,0.6011
0.6210,0.6408,0.6605,0.6800,0.6996,0.7185,0.7372,0.7555,0.7737,0.7913
0.8088,0.8250,0.8406,0.8559,0.8701,0.8830,0.8948,0.9058,0.9154,0.9239
0.9313,0.9380,0.9439,0.9492,0.9540,0.9581,0.9617,0.9653,0.9683,0.9711
0.9735,0.9757,0.9775,0.9792,0.9807,0.9821,0.9832,0.9843,0.9853,0.9862
0.9870,0.9878,0.9884,0.9890,0.9896,0.9901,0.9906,0.9910,0.9915,0.9919
0.9922,0.9925,0.9929,0.9932,0.9935,0.9938,0.9941,0.9943,0.9946,0.9949
0.9951,0.9954,0.9956,0.9958,0.9961,0.9962,0.9964,0.9967,0.9968,0.9970
0.9972,0.9974,0.9976,0.9977,0.9979,0.9981,0.9982,0.9984,0.9985,0.9987
0.9988,0.9990,0.9991,0.9993,0.9994,0.9995,0.9996,0.9998,0.9999,1.0000
hwc2u1fract=0.0001,0.0002,0.0003,0.0004,0.0005,0.0006,0.0007,0.0008
0.0010,0.0011,0.0012,0.0014,0.0015,0.0017,0.0019,0.0021,0.0024,0.0031
0.0043,0.0072,0.0127,0.0220,0.0349,0.0508,0.0689,0.0894,0.1110,0.1334
0.1560,0.1793,0.2026,0.2259,0.2492,0.2722,0.2948,0.3174,0.3397,0.3622
0.3842,0.4060,0.4273,0.4486,0.4698,0.4907,0.5113,0.5318,0.5518,0.5722
0.5918,0.6115,0.6309,0.6502,0.6695,0.6888,0.7080,0.7265,0.7451,0.7631
0.7809,0.7986,0.8154,0.8317,0.8472,0.8622,0.8761,0.8887,0.9000,0.9099
0.9188,0.9268,0.9337,0.9398,0.9453,0.9503,0.9548,0.9588,0.9625,0.9657
0.9686,0.9713,0.9738,0.9760,0.9779,0.9796,0.9811,0.9825,0.9835,0.9846
0.9854,0.9862,0.9869,0.9876,0.9882,0.9888,0.9893,0.9898,0.9903,0.9908
0.9912,0.9916,0.9920,0.9925,0.9928,0.9932,0.9935,0.9938,0.9941,0.9944
0.9948,0.9950,0.9953,0.9956,0.9958,0.9961,0.9963,0.9965,0.9967,0.9969
0.9970,0.9972,0.9974,0.9976,0.9978,0.9980,0.9981,0.9983,0.9985,0.9987
0.9988,0.9990,0.9991,0.9992,0.9994,0.9995,0.9996,0.9998,0.9999,1.0000
hwc2v1fract=0.0001,0.0002,0.0003,0.0004,0.0005,0.0006,0.0008,0.0009
0.0010,0.0011,0.0012,0.0014,0.0015,0.0018,0.0020,0.0023,0.0027,0.0033
0.0044,0.0065,0.0107,0.0182,0.0292,0.0434,0.0603,0.0800,0.1010,0.1228
0.1455,0.1683,0.1917,0.2146,0.2379,0.2614,0.2842,0.3070,0.3297,0.3518
0.3739,0.3956,0.4173,0.4385,0.4597,0.4803,0.5012,0.5214,0.5420,0.5618
0.5821,0.6016,0.6214,0.6409,0.6605,0.6794,0.6984,0.7171,0.7359,0.7542
0.7725,0.7903,0.8075,0.8237,0.8398,0.8547,0.8688,0.8817,0.8936,0.9044
0.9140,0.9225,0.9299,0.9367,0.9424,0.9477,0.9525,0.9568,0.9607,0.9642
0.9675,0.9704,0.9731,0.9754,0.9775,0.9792,0.9808,0.9821,0.9833,0.9843
0.9852,0.9861,0.9869,0.9877,0.9884,0.9890,0.9895,0.9900,0.9906,0.9910
0.9915,0.9919,0.9923,0.9927,0.9931,0.9934,0.9938,0.9941,0.9944,0.9947
0.9950,0.9953,0.9955,0.9957,0.9960,0.9962,0.9964,0.9967,0.9968,0.9970
0.9972,0.9974,0.9976,0.9978,0.9979,0.9981,0.9982,0.9984,0.9986,0.9987
0.9989,0.9990,0.9991,0.9993,0.9994,0.9995,0.9996,0.9998,0.9999,1.0000
hwc2y2fract=0.0001,0.0002,0.0004,0.0005,0.0006,0.0008,0.0009,0.0011
0.0013,0.0015,0.0017,0.0019,0.0022,0.0026,0.0031,0.0038,0.0049,0.0065
0.0092,0.0140,0.0212,0.0317,0.0451,0.0612,0.0801,0.1004,0.1221,0.1451
0.1683,0.1919,0.2154,0.2391,0.2623,0.2851,0.3081,0.3308,0.3529,0.3752
0.3973,0.4191,0.4406,0.4619,0.4827,0.5037,0.5245,0.5448,0.5652,0.5854
0.6054,0.6254,0.6451,0.6649,0.6844,0.7034,0.7224,0.7411,0.7595,0.7775
0.7951,0.8117,0.8281,0.8432,0.8578,0.8717,0.8846,0.8964,0.9067,0.9162
0.9246,0.9319,0.9387,0.9446,0.9497,0.9541,0.9581,0.9620,0.9654,0.9684
0.9712,0.9737,0.9759,0.9777,0.9795,0.9810,0.9823,0.9835,0.9846,0.9855
0.9864,0.9872,0.9879,0.9885,0.9891,0.9896,0.9901,0.9906,0.9910,0.9914
0.9918,0.9922,0.9926,0.9930,0.9933,0.9936,0.9939,0.9942,0.9944,0.9947
0.9950,0.9952,0.9954,0.9957,0.9959,0.9961,0.9964,0.9965,0.9967,0.9969
0.9971,0.9973,0.9975,0.9976,0.9978,0.9980,0.9981,0.9983,0.9984,0.9986
0.9987,0.9989,0.9990,0.9992,0.9994,0.9995,0.9996,0.9997,0.9999,1.0000
hwc2x2fract=0.0002,0.0003,0.0005,0.0006,0.0008,0.0009,0.0011,0.0013
0.0015,0.0017,0.0020,0.0023,0.0027,0.0031,0.0039,0.0050,0.0070,0.0103
0.0147,0.0207,0.0288,0.0391,0.0511,0.0647,0.0794,0.0956,0.1125,0.1307
0.1497,0.1694,0.1898,0.2106,0.2318,0.2533,0.2753,0.2974,0.3197,0.3423
0.3647,0.3870,0.4092,0.4315,0.4539,0.4762,0.4980,0.5201,0.5416,0.5631
0.5841,0.6053,0.6265,0.6474,0.6677,0.6880,0.7078,0.7274,0.7467,0.7655
0.7836,0.8011,0.8180,0.8336,0.8487,0.8632,0.8763,0.8882,0.8989,0.9088
0.9180,0.9263,0.9340,0.9409,0.9472,0.9528,0.9577,0.9623,0.9664,0.9700
0.9732,0.9759,0.9783,0.9803,0.9821,0.9835,0.9848,0.9858,0.9867,0.9875
0.9883,0.9889,0.9895,0.9900,0.9904,0.9909,0.9912,0.9916,0.9919,0.9923
0.9926,0.9929,0.9932,0.9934,0.9936,0.9939,0.9942,0.9944,0.9947,0.9949
0.9951,0.9953,0.9955,0.9957,0.9959,0.9961,0.9963,0.9965,0.9967,0.9969
0.9970,0.9972,0.9974,0.9976,0.9978,0.9980,0.9981,0.9983,0.9985,0.9986
0.9987,0.9989,0.9991,0.9992,0.9993,0.9995,0.9996,0.9997,0.9999,1.0000
