; Lookup table
;number of bins in Meek's time to distance lookup table
hdriftbins=138
;number of 1st bin in Meek's table in ns
hdrift1stbin=-24
;bin size in ns of Meek's table
hdriftbinsz=2
hwc1x1fract=0.0003,0.0006,0.0009,0.0013,0.0016,0.0019,0.0023,0.0026
0.0029,0.0033,0.0037,0.0041,0.0046,0.0050,0.0056,0.0063,0.0070,0.0081
0.0095,0.0115,0.0144,0.0187,0.0249,0.0329,0.0429,0.0541,0.0665,0.0803
0.0948,0.1106,0.1272,0.1447,0.1626,0.1815,0.2010,0.2211,0.2412,0.2620
0.2832,0.3047,0.3263,0.3482,0.3702,0.3919,0.4133,0.4350,0.4566,0.4780
0.4996,0.5206,0.5418,0.5628,0.5834,0.6041,0.6245,0.6444,0.6640,0.6835
0.7025,0.7211,0.7395,0.7572,0.7745,0.7911,0.8072,0.8224,0.8363,0.8493
0.8614,0.8726,0.8830,0.8930,0.9019,0.9103,0.9179,0.9250,0.9314,0.9374
0.9428,0.9476,0.9519,0.9556,0.9589,0.9617,0.9642,0.9662,0.9678,0.9694
0.9708,0.9719,0.9731,0.9741,0.9751,0.9759,0.9769,0.9777,0.9785,0.9792
0.9800,0.9806,0.9812,0.9819,0.9826,0.9832,0.9838,0.9844,0.9850,0.9856
0.9862,0.9867,0.9873,0.9878,0.9883,0.9888,0.9894,0.9899,0.9904,0.9909
0.9914,0.9920,0.9924,0.9929,0.9933,0.9938,0.9943,0.9948,0.9952,0.9957
0.9962,0.9966,0.9971,0.9976,0.9980,0.9984,0.9988,0.9992,0.9996,1.0000
hwc1y1fract=0.0002,0.0005,0.0007,0.0010,0.0013,0.0015,0.0018,0.0021
0.0025,0.0029,0.0033,0.0036,0.0040,0.0045,0.0051,0.0056,0.0065,0.0076
0.0092,0.0117,0.0156,0.0217,0.0303,0.0413,0.0548,0.0703,0.0875,0.1060
0.1258,0.1462,0.1674,0.1886,0.2105,0.2324,0.2542,0.2762,0.2981,0.3198
0.3419,0.3639,0.3853,0.4068,0.4280,0.4490,0.4697,0.4902,0.5108,0.5311
0.5513,0.5715,0.5913,0.6110,0.6307,0.6501,0.6688,0.6877,0.7062,0.7246
0.7425,0.7597,0.7770,0.7933,0.8090,0.8233,0.8375,0.8506,0.8629,0.8743
0.8843,0.8936,0.9020,0.9097,0.9167,0.9231,0.9288,0.9341,0.9390,0.9434
0.9476,0.9513,0.9546,0.9576,0.9603,0.9626,0.9648,0.9668,0.9685,0.9701
0.9716,0.9729,0.9741,0.9753,0.9763,0.9772,0.9782,0.9790,0.9798,0.9806
0.9814,0.9821,0.9827,0.9834,0.9841,0.9846,0.9853,0.9858,0.9864,0.9870
0.9875,0.9881,0.9886,0.9891,0.9896,0.9902,0.9907,0.9912,0.9917,0.9922
0.9927,0.9931,0.9936,0.9940,0.9944,0.9948,0.9952,0.9956,0.9959,0.9963
0.9967,0.9971,0.9975,0.9978,0.9982,0.9986,0.9989,0.9993,0.9997,1.0000
hwc1u1fract=0.0002,0.0004,0.0006,0.0008,0.0010,0.0012,0.0015,0.0017
0.0019,0.0022,0.0024,0.0027,0.0030,0.0033,0.0036,0.0039,0.0043,0.0051
0.0064,0.0087,0.0130,0.0199,0.0294,0.0412,0.0549,0.0700,0.0868,0.1044
0.1228,0.1424,0.1624,0.1829,0.2039,0.2253,0.2468,0.2684,0.2902,0.3122
0.3337,0.3552,0.3764,0.3978,0.4187,0.4397,0.4604,0.4811,0.5014,0.5218
0.5418,0.5618,0.5815,0.6013,0.6207,0.6402,0.6593,0.6780,0.6965,0.7149
0.7328,0.7503,0.7677,0.7843,0.8000,0.8151,0.8293,0.8424,0.8545,0.8659
0.8762,0.8855,0.8941,0.9019,0.9089,0.9155,0.9218,0.9277,0.9331,0.9381
0.9427,0.9469,0.9507,0.9541,0.9570,0.9596,0.9620,0.9640,0.9659,0.9676
0.9692,0.9706,0.9719,0.9730,0.9741,0.9751,0.9760,0.9770,0.9779,0.9787
0.9794,0.9803,0.9809,0.9816,0.9823,0.9830,0.9836,0.9843,0.9849,0.9855
0.9861,0.9867,0.9872,0.9878,0.9883,0.9888,0.9893,0.9899,0.9904,0.9909
0.9914,0.9919,0.9924,0.9929,0.9934,0.9939,0.9943,0.9948,0.9953,0.9957
0.9962,0.9967,0.9971,0.9975,0.9979,0.9983,0.9988,0.9993,0.9997,1.0000
hwc1v1fract=0.0002,0.0004,0.0006,0.0008,0.0011,0.0013,0.0016,0.0018
0.0021,0.0023,0.0026,0.0028,0.0031,0.0034,0.0038,0.0042,0.0048,0.0057
0.0071,0.0097,0.0139,0.0207,0.0302,0.0423,0.0565,0.0721,0.0892,0.1078
0.1270,0.1469,0.1672,0.1878,0.2088,0.2304,0.2521,0.2744,0.2963,0.3180
0.3394,0.3604,0.3814,0.4028,0.4241,0.4447,0.4653,0.4861,0.5068,0.5272
0.5477,0.5675,0.5869,0.6065,0.6261,0.6453,0.6643,0.6834,0.7023,0.7209
0.7390,0.7567,0.7740,0.7906,0.8066,0.8215,0.8357,0.8487,0.8608,0.8720
0.8820,0.8912,0.8993,0.9065,0.9134,0.9198,0.9257,0.9312,0.9362,0.9409
0.9453,0.9495,0.9530,0.9563,0.9592,0.9618,0.9640,0.9661,0.9679,0.9695
0.9710,0.9723,0.9736,0.9747,0.9758,0.9768,0.9776,0.9784,0.9792,0.9800
0.9808,0.9815,0.9822,0.9829,0.9835,0.9842,0.9848,0.9854,0.9860,0.9866
0.9871,0.9877,0.9883,0.9888,0.9893,0.9898,0.9903,0.9908,0.9913,0.9918
0.9922,0.9927,0.9931,0.9936,0.9941,0.9945,0.9949,0.9954,0.9958,0.9963
0.9967,0.9971,0.9975,0.9978,0.9982,0.9986,0.9989,0.9993,0.9996,1.0000
hwc1y2fract=0.0002,0.0004,0.0007,0.0009,0.0011,0.0014,0.0016,0.0019
0.0021,0.0024,0.0026,0.0029,0.0032,0.0036,0.0040,0.0045,0.0054,0.0065
0.0083,0.0114,0.0163,0.0234,0.0331,0.0452,0.0591,0.0752,0.0927,0.1118
0.1314,0.1522,0.1733,0.1948,0.2166,0.2385,0.2604,0.2823,0.3045,0.3266
0.3484,0.3702,0.3920,0.4135,0.4346,0.4556,0.4762,0.4971,0.5171,0.5375
0.5575,0.5775,0.5976,0.6173,0.6367,0.6558,0.6749,0.6936,0.7118,0.7297
0.7476,0.7650,0.7812,0.7972,0.8124,0.8265,0.8401,0.8527,0.8644,0.8751
0.8848,0.8936,0.9019,0.9095,0.9163,0.9225,0.9282,0.9335,0.9382,0.9426
0.9466,0.9502,0.9534,0.9564,0.9592,0.9616,0.9638,0.9658,0.9675,0.9691
0.9705,0.9719,0.9732,0.9743,0.9754,0.9764,0.9773,0.9782,0.9790,0.9798
0.9806,0.9813,0.9820,0.9827,0.9834,0.9840,0.9846,0.9852,0.9858,0.9865
0.9870,0.9876,0.9881,0.9886,0.9891,0.9896,0.9901,0.9906,0.9911,0.9916
0.9920,0.9925,0.9929,0.9934,0.9939,0.9943,0.9947,0.9952,0.9956,0.9960
0.9965,0.9969,0.9973,0.9977,0.9981,0.9984,0.9989,0.9993,0.9996,1.0000
hwc1x2fract=0.0003,0.0005,0.0008,0.0010,0.0013,0.0016,0.0019,0.0022
0.0024,0.0027,0.0031,0.0034,0.0038,0.0042,0.0047,0.0052,0.0060,0.0071
0.0088,0.0114,0.0156,0.0215,0.0296,0.0392,0.0507,0.0630,0.0767,0.0914
0.1071,0.1236,0.1411,0.1596,0.1786,0.1984,0.2182,0.2385,0.2599,0.2811
0.3026,0.3242,0.3460,0.3677,0.3895,0.4115,0.4330,0.4545,0.4763,0.4976
0.5190,0.5401,0.5610,0.5816,0.6025,0.6228,0.6427,0.6625,0.6821,0.7012
0.7199,0.7381,0.7564,0.7736,0.7900,0.8057,0.8205,0.8346,0.8478,0.8602
0.8716,0.8820,0.8918,0.9007,0.9089,0.9165,0.9236,0.9300,0.9360,0.9415
0.9463,0.9506,0.9545,0.9578,0.9607,0.9631,0.9652,0.9670,0.9685,0.9700
0.9713,0.9724,0.9734,0.9744,0.9753,0.9762,0.9769,0.9776,0.9783,0.9790
0.9796,0.9803,0.9809,0.9816,0.9822,0.9828,0.9834,0.9841,0.9846,0.9853
0.9858,0.9863,0.9869,0.9874,0.9879,0.9884,0.9890,0.9895,0.9901,0.9906
0.9911,0.9917,0.9921,0.9927,0.9932,0.9937,0.9942,0.9947,0.9952,0.9957
0.9961,0.9966,0.9970,0.9975,0.9979,0.9983,0.9987,0.9992,0.9996,1.0000
hwc2x1fract=0.0003,0.0006,0.0009,0.0013,0.0017,0.0020,0.0025,0.0029
0.0033,0.0038,0.0044,0.0050,0.0057,0.0066,0.0078,0.0097,0.0130,0.0184
0.0261,0.0355,0.0468,0.0599,0.0735,0.0885,0.1040,0.1202,0.1371,0.1543
0.1727,0.1913,0.2103,0.2304,0.2506,0.2713,0.2917,0.3124,0.3342,0.3557
0.3770,0.3988,0.4205,0.4424,0.4638,0.4851,0.5068,0.5286,0.5497,0.5712
0.5923,0.6135,0.6343,0.6551,0.6756,0.6961,0.7158,0.7350,0.7540,0.7722
0.7894,0.8059,0.8216,0.8363,0.8498,0.8622,0.8731,0.8830,0.8923,0.9008
0.9087,0.9160,0.9228,0.9289,0.9347,0.9401,0.9451,0.9496,0.9536,0.9572
0.9603,0.9630,0.9652,0.9670,0.9687,0.9700,0.9712,0.9723,0.9732,0.9741
0.9750,0.9758,0.9766,0.9773,0.9780,0.9788,0.9794,0.9800,0.9806,0.9813
0.9820,0.9825,0.9831,0.9837,0.9843,0.9849,0.9854,0.9859,0.9864,0.9869
0.9874,0.9879,0.9885,0.9889,0.9894,0.9899,0.9903,0.9907,0.9913,0.9917
0.9921,0.9926,0.9930,0.9935,0.9939,0.9944,0.9948,0.9952,0.9957,0.9961
0.9965,0.9969,0.9973,0.9977,0.9981,0.9986,0.9990,0.9993,0.9996,1.0000
hwc2y1fract=0.0002,0.0004,0.0006,0.0008,0.0011,0.0013,0.0015,0.0017
0.0020,0.0022,0.0025,0.0027,0.0030,0.0033,0.0036,0.0039,0.0043,0.0050
0.0060,0.0078,0.0113,0.0170,0.0254,0.0369,0.0510,0.0676,0.0860,0.1058
0.1268,0.1487,0.1709,0.1935,0.2156,0.2384,0.2613,0.2844,0.3069,0.3292
0.3512,0.3733,0.3952,0.4166,0.4376,0.4586,0.4794,0.4998,0.5200,0.5404
0.5605,0.5804,0.6001,0.6199,0.6397,0.6590,0.6783,0.6972,0.7159,0.7341
0.7518,0.7691,0.7859,0.8023,0.8178,0.8325,0.8465,0.8594,0.8712,0.8820
0.8918,0.9006,0.9085,0.9155,0.9220,0.9278,0.9331,0.9380,0.9425,0.9465
0.9502,0.9534,0.9564,0.9591,0.9616,0.9636,0.9656,0.9675,0.9691,0.9705
0.9719,0.9731,0.9744,0.9755,0.9765,0.9775,0.9784,0.9792,0.9800,0.9808
0.9815,0.9822,0.9828,0.9834,0.9840,0.9847,0.9853,0.9859,0.9865,0.9871
0.9876,0.9882,0.9888,0.9893,0.9898,0.9903,0.9908,0.9912,0.9917,0.9922
0.9927,0.9931,0.9935,0.9940,0.9944,0.9949,0.9952,0.9956,0.9960,0.9963
0.9967,0.9971,0.9975,0.9979,0.9982,0.9986,0.9990,0.9993,0.9996,1.0000
hwc2u1fract=0.0002,0.0004,0.0006,0.0008,0.0011,0.0013,0.0016,0.0018
0.0020,0.0023,0.0025,0.0028,0.0030,0.0033,0.0036,0.0039,0.0046,0.0058
0.0080,0.0124,0.0200,0.0307,0.0444,0.0604,0.0786,0.0979,0.1183,0.1393
0.1610,0.1832,0.2057,0.2283,0.2507,0.2733,0.2955,0.3172,0.3397,0.3617
0.3834,0.4046,0.4257,0.4465,0.4673,0.4880,0.5084,0.5282,0.5482,0.5681
0.5877,0.6071,0.6265,0.6454,0.6644,0.6830,0.7018,0.7200,0.7380,0.7558
0.7731,0.7901,0.8061,0.8215,0.8364,0.8498,0.8624,0.8739,0.8841,0.8933
0.9016,0.9090,0.9157,0.9218,0.9274,0.9325,0.9372,0.9415,0.9454,0.9492
0.9527,0.9557,0.9585,0.9609,0.9631,0.9650,0.9667,0.9682,0.9697,0.9710
0.9723,0.9734,0.9744,0.9753,0.9763,0.9771,0.9779,0.9787,0.9795,0.9802
0.9809,0.9816,0.9823,0.9829,0.9836,0.9842,0.9848,0.9854,0.9860,0.9866
0.9871,0.9877,0.9883,0.9888,0.9893,0.9898,0.9903,0.9908,0.9913,0.9917
0.9922,0.9927,0.9932,0.9936,0.9940,0.9945,0.9949,0.9954,0.9958,0.9962
0.9966,0.9970,0.9974,0.9978,0.9982,0.9985,0.9989,0.9993,0.9997,1.0000
hwc2v1fract=0.0002,0.0004,0.0007,0.0009,0.0012,0.0015,0.0017,0.0020
0.0023,0.0026,0.0028,0.0031,0.0034,0.0037,0.0041,0.0045,0.0052,0.0062
0.0077,0.0107,0.0160,0.0247,0.0363,0.0507,0.0672,0.0852,0.1049,0.1252
0.1460,0.1675,0.1895,0.2116,0.2336,0.2556,0.2776,0.2997,0.3215,0.3432
0.3643,0.3856,0.4068,0.4276,0.4480,0.4686,0.4887,0.5086,0.5283,0.5481
0.5677,0.5875,0.6070,0.6263,0.6453,0.6638,0.6823,0.7007,0.7186,0.7364
0.7541,0.7714,0.7882,0.8043,0.8195,0.8340,0.8477,0.8602,0.8715,0.8817
0.8907,0.8989,0.9063,0.9132,0.9193,0.9252,0.9303,0.9350,0.9395,0.9436
0.9475,0.9510,0.9542,0.9571,0.9598,0.9621,0.9643,0.9662,0.9678,0.9694
0.9709,0.9722,0.9733,0.9745,0.9755,0.9765,0.9774,0.9783,0.9792,0.9800
0.9808,0.9815,0.9822,0.9829,0.9835,0.9841,0.9847,0.9854,0.9860,0.9866
0.9872,0.9878,0.9883,0.9888,0.9894,0.9899,0.9904,0.9909,0.9914,0.9919
0.9923,0.9928,0.9933,0.9937,0.9941,0.9946,0.9950,0.9955,0.9959,0.9963
0.9967,0.9971,0.9974,0.9978,0.9982,0.9986,0.9989,0.9993,0.9997,1.0000
hwc2y2fract=0.0002,0.0004,0.0006,0.0009,0.0011,0.0013,0.0015,0.0018
0.0021,0.0023,0.0026,0.0029,0.0032,0.0035,0.0038,0.0043,0.0048,0.0056
0.0067,0.0089,0.0127,0.0188,0.0281,0.0397,0.0542,0.0711,0.0897,0.1096
0.1308,0.1528,0.1752,0.1975,0.2202,0.2428,0.2658,0.2884,0.3108,0.3329
0.3551,0.3771,0.3988,0.4202,0.4415,0.4622,0.4831,0.5035,0.5237,0.5440
0.5642,0.5841,0.6040,0.6236,0.6428,0.6619,0.6811,0.7001,0.7189,0.7373
0.7547,0.7719,0.7887,0.8046,0.8197,0.8345,0.8482,0.8610,0.8726,0.8833
0.8929,0.9014,0.9094,0.9165,0.9228,0.9286,0.9339,0.9386,0.9430,0.9470
0.9507,0.9540,0.9567,0.9594,0.9617,0.9638,0.9657,0.9674,0.9691,0.9705
0.9719,0.9732,0.9744,0.9755,0.9765,0.9774,0.9783,0.9792,0.9800,0.9807
0.9814,0.9820,0.9827,0.9834,0.9840,0.9846,0.9853,0.9859,0.9865,0.9870
0.9876,0.9881,0.9886,0.9892,0.9897,0.9901,0.9907,0.9912,0.9916,0.9921
0.9926,0.9930,0.9934,0.9938,0.9943,0.9947,0.9951,0.9955,0.9959,0.9963
0.9967,0.9970,0.9974,0.9978,0.9982,0.9986,0.9990,0.9993,0.9996,1.0000
hwc2x2fract=0.0003,0.0005,0.0008,0.0011,0.0013,0.0016,0.0020,0.0023
0.0026,0.0029,0.0032,0.0037,0.0041,0.0045,0.0050,0.0056,0.0064,0.0075
0.0091,0.0117,0.0158,0.0222,0.0308,0.0415,0.0538,0.0676,0.0827,0.0986
0.1157,0.1338,0.1526,0.1722,0.1921,0.2131,0.2340,0.2552,0.2766,0.2985
0.3204,0.3426,0.3642,0.3861,0.4081,0.4297,0.4515,0.4733,0.4948,0.5160
0.5368,0.5574,0.5782,0.5986,0.6189,0.6391,0.6589,0.6786,0.6976,0.7166
0.7352,0.7535,0.7715,0.7883,0.8048,0.8202,0.8348,0.8483,0.8609,0.8727
0.8832,0.8929,0.9017,0.9099,0.9173,0.9242,0.9304,0.9362,0.9416,0.9463
0.9507,0.9545,0.9579,0.9609,0.9635,0.9658,0.9678,0.9695,0.9709,0.9722
0.9734,0.9745,0.9755,0.9764,0.9772,0.9780,0.9788,0.9794,0.9801,0.9808
0.9814,0.9820,0.9826,0.9832,0.9838,0.9844,0.9849,0.9855,0.9860,0.9865
0.9870,0.9876,0.9881,0.9886,0.9891,0.9896,0.9900,0.9906,0.9910,0.9915
0.9920,0.9924,0.9929,0.9934,0.9938,0.9943,0.9948,0.9952,0.9956,0.9960
0.9965,0.9969,0.9973,0.9977,0.9981,0.9985,0.9989,0.9993,0.9996,1.0000
