; Lookup table
;number of bins in Meek's time to distance lookup table
hdriftbins=138
;number of 1st bin in Meek's table in ns
hdrift1stbin=-24
;bin size in ns of Meek's table
hdriftbinsz=2
hwc1x1fract=0.0001,0.0002,0.0002,0.0003,0.0004,0.0006,0.0007,0.0008
0.0010,0.0012,0.0013,0.0015,0.0018,0.0021,0.0025,0.0029,0.0035,0.0042
0.0054,0.0071,0.0100,0.0144,0.0211,0.0297,0.0409,0.0535,0.0677,0.0831
0.1003,0.1177,0.1360,0.1552,0.1752,0.1953,0.2162,0.2376,0.2594,0.2815
0.3040,0.3268,0.3492,0.3719,0.3943,0.4164,0.4385,0.4607,0.4835,0.5057
0.5278,0.5491,0.5706,0.5919,0.6132,0.6338,0.6551,0.6755,0.6957,0.7156
0.7356,0.7547,0.7734,0.7916,0.8095,0.8265,0.8431,0.8585,0.8730,0.8863
0.8988,0.9099,0.9201,0.9293,0.9379,0.9457,0.9527,0.9589,0.9646,0.9697
0.9740,0.9780,0.9815,0.9843,0.9868,0.9889,0.9905,0.9918,0.9929,0.9939
0.9946,0.9952,0.9958,0.9962,0.9966,0.9969,0.9972,0.9975,0.9977,0.9979
0.9981,0.9983,0.9984,0.9986,0.9987,0.9988,0.9989,0.9990,0.9991,0.9992
0.9993,0.9993,0.9994,0.9994,0.9995,0.9995,0.9996,0.9996,0.9997,0.9997
0.9997,0.9997,0.9998,0.9998,0.9998,0.9998,0.9999,0.9999,0.9999,0.9999
0.9999,0.9999,0.9999,1.0000,1.0000,1.0000,1.0000,1.0000,1.0000,1.0000
hwc1y1fract=0.0001,0.0001,0.0002,0.0002,0.0003,0.0004,0.0004,0.0005
0.0006,0.0008,0.0009,0.0011,0.0014,0.0016,0.0020,0.0024,0.0031,0.0042
0.0059,0.0091,0.0140,0.0218,0.0325,0.0465,0.0629,0.0812,0.1016,0.1234
0.1463,0.1694,0.1933,0.2166,0.2399,0.2633,0.2867,0.3101,0.3332,0.3558
0.3784,0.4010,0.4227,0.4440,0.4654,0.4864,0.5073,0.5281,0.5487,0.5689
0.5892,0.6090,0.6290,0.6490,0.6689,0.6886,0.7078,0.7266,0.7452,0.7636
0.7818,0.7994,0.8165,0.8329,0.8488,0.8638,0.8778,0.8910,0.9029,0.9138
0.9236,0.9322,0.9400,0.9468,0.9531,0.9585,0.9633,0.9674,0.9712,0.9747
0.9775,0.9801,0.9825,0.9845,0.9863,0.9878,0.9891,0.9903,0.9914,0.9923
0.9930,0.9937,0.9943,0.9949,0.9954,0.9958,0.9962,0.9966,0.9969,0.9971
0.9974,0.9976,0.9978,0.9980,0.9982,0.9984,0.9986,0.9987,0.9989,0.9990
0.9991,0.9992,0.9993,0.9994,0.9994,0.9995,0.9995,0.9996,0.9996,0.9996
0.9997,0.9997,0.9997,0.9998,0.9998,0.9998,0.9998,0.9998,0.9998,0.9999
0.9999,0.9999,0.9999,0.9999,0.9999,1.0000,1.0000,1.0000,1.0000,1.0000
hwc1u1fract=0.0000,0.0000,0.0000,0.0000,0.0001,0.0001,0.0001,0.0001
0.0001,0.0002,0.0002,0.0002,0.0003,0.0003,0.0004,0.0005,0.0007,0.0011
0.0016,0.0029,0.0060,0.0119,0.0208,0.0327,0.0468,0.0636,0.0826,0.1026
0.1237,0.1454,0.1675,0.1903,0.2135,0.2359,0.2588,0.2816,0.3043,0.3269
0.3497,0.3721,0.3941,0.4163,0.4383,0.4596,0.4811,0.5022,0.5232,0.5437
0.5644,0.5846,0.6048,0.6246,0.6445,0.6641,0.6835,0.7026,0.7216,0.7402
0.7587,0.7766,0.7943,0.8115,0.8284,0.8444,0.8596,0.8737,0.8869,0.8988
0.9097,0.9193,0.9280,0.9358,0.9426,0.9489,0.9545,0.9596,0.9642,0.9685
0.9723,0.9757,0.9788,0.9812,0.9835,0.9856,0.9873,0.9887,0.9899,0.9910
0.9919,0.9927,0.9934,0.9940,0.9945,0.9949,0.9953,0.9957,0.9961,0.9964
0.9967,0.9970,0.9972,0.9975,0.9978,0.9980,0.9982,0.9984,0.9985,0.9986
0.9988,0.9989,0.9990,0.9991,0.9992,0.9993,0.9994,0.9995,0.9995,0.9996
0.9996,0.9997,0.9997,0.9997,0.9998,0.9998,0.9998,0.9998,0.9999,0.9999
0.9999,0.9999,0.9999,0.9999,0.9999,0.9999,1.0000,1.0000,1.0000,1.0000
hwc1v1fract=0.0000,0.0000,0.0001,0.0001,0.0001,0.0002,0.0002,0.0003
0.0003,0.0004,0.0005,0.0006,0.0008,0.0011,0.0016,0.0026,0.0042,0.0071
0.0121,0.0198,0.0305,0.0445,0.0602,0.0778,0.0960,0.1148,0.1338,0.1531
0.1726,0.1924,0.2125,0.2331,0.2538,0.2748,0.2955,0.3165,0.3374,0.3592
0.3803,0.4022,0.4238,0.4453,0.4665,0.4885,0.5099,0.5315,0.5527,0.5740
0.5951,0.6158,0.6362,0.6566,0.6771,0.6976,0.7174,0.7376,0.7570,0.7761
0.7947,0.8129,0.8302,0.8474,0.8632,0.8780,0.8913,0.9039,0.9147,0.9241
0.9326,0.9400,0.9467,0.9530,0.9584,0.9636,0.9680,0.9721,0.9759,0.9793
0.9823,0.9849,0.9872,0.9891,0.9905,0.9918,0.9929,0.9938,0.9944,0.9950
0.9956,0.9961,0.9964,0.9968,0.9971,0.9974,0.9977,0.9979,0.9980,0.9982
0.9984,0.9985,0.9986,0.9988,0.9989,0.9990,0.9991,0.9992,0.9993,0.9993
0.9994,0.9995,0.9995,0.9996,0.9996,0.9996,0.9997,0.9997,0.9997,0.9998
0.9998,0.9998,0.9998,0.9998,0.9998,0.9998,0.9999,0.9999,0.9999,0.9999
0.9999,0.9999,1.0000,1.0000,1.0000,1.0000,1.0000,1.0000,1.0000,1.0000
hwc1y2fract=0.0000,0.0000,0.0000,0.0000,0.0001,0.0001,0.0001,0.0001
0.0001,0.0002,0.0002,0.0002,0.0003,0.0004,0.0005,0.0006,0.0010,0.0016
0.0028,0.0053,0.0095,0.0161,0.0255,0.0374,0.0526,0.0700,0.0889,0.1096
0.1317,0.1541,0.1770,0.2002,0.2236,0.2470,0.2701,0.2930,0.3158,0.3383
0.3610,0.3831,0.4049,0.4272,0.4486,0.4700,0.4909,0.5122,0.5327,0.5532
0.5734,0.5938,0.6138,0.6340,0.6539,0.6738,0.6927,0.7119,0.7304,0.7490
0.7672,0.7851,0.8023,0.8185,0.8344,0.8495,0.8638,0.8772,0.8896,0.9009
0.9115,0.9207,0.9291,0.9367,0.9435,0.9495,0.9550,0.9602,0.9645,0.9685
0.9722,0.9753,0.9781,0.9806,0.9827,0.9846,0.9862,0.9877,0.9890,0.9901
0.9911,0.9920,0.9928,0.9934,0.9941,0.9946,0.9951,0.9955,0.9960,0.9963
0.9967,0.9969,0.9972,0.9975,0.9977,0.9980,0.9981,0.9983,0.9985,0.9986
0.9988,0.9989,0.9990,0.9991,0.9992,0.9993,0.9994,0.9994,0.9995,0.9996
0.9996,0.9997,0.9997,0.9997,0.9998,0.9998,0.9998,0.9998,0.9998,0.9999
0.9999,0.9999,0.9999,0.9999,0.9999,1.0000,1.0000,1.0000,1.0000,1.0000
hwc1x2fract=0.0000,0.0001,0.0001,0.0001,0.0002,0.0003,0.0003,0.0004
0.0005,0.0007,0.0008,0.0010,0.0012,0.0015,0.0018,0.0024,0.0034,0.0050
0.0080,0.0130,0.0202,0.0297,0.0411,0.0543,0.0692,0.0857,0.1031,0.1215
0.1408,0.1608,0.1812,0.2025,0.2240,0.2461,0.2684,0.2903,0.3130,0.3355
0.3580,0.3801,0.4028,0.4249,0.4472,0.4693,0.4912,0.5128,0.5346,0.5558
0.5769,0.5981,0.6192,0.6397,0.6605,0.6808,0.7005,0.7202,0.7398,0.7588
0.7773,0.7957,0.8134,0.8304,0.8464,0.8615,0.8757,0.8888,0.9007,0.9117
0.9215,0.9306,0.9387,0.9462,0.9529,0.9590,0.9644,0.9694,0.9738,0.9777
0.9810,0.9839,0.9863,0.9882,0.9898,0.9913,0.9924,0.9933,0.9941,0.9947
0.9952,0.9956,0.9961,0.9964,0.9968,0.9971,0.9973,0.9976,0.9978,0.9979
0.9981,0.9982,0.9984,0.9985,0.9987,0.9988,0.9989,0.9990,0.9991,0.9992
0.9992,0.9993,0.9994,0.9994,0.9995,0.9995,0.9996,0.9996,0.9997,0.9997
0.9997,0.9997,0.9998,0.9998,0.9998,0.9998,0.9998,0.9999,0.9999,0.9999
0.9999,0.9999,0.9999,0.9999,1.0000,1.0000,1.0000,1.0000,1.0000,1.0000
hwc2x1fract=0.0001,0.0001,0.0002,0.0002,0.0003,0.0004,0.0005,0.0006
0.0007,0.0009,0.0010,0.0012,0.0015,0.0017,0.0021,0.0026,0.0031,0.0039
0.0052,0.0075,0.0109,0.0158,0.0227,0.0321,0.0435,0.0572,0.0720,0.0881
0.1054,0.1237,0.1426,0.1628,0.1835,0.2051,0.2263,0.2483,0.2703,0.2928
0.3156,0.3387,0.3613,0.3843,0.4070,0.4294,0.4515,0.4740,0.4963,0.5182
0.5399,0.5616,0.5827,0.6042,0.6256,0.6466,0.6676,0.6882,0.7086,0.7287
0.7484,0.7677,0.7862,0.8044,0.8218,0.8387,0.8547,0.8698,0.8837,0.8964
0.9079,0.9183,0.9280,0.9367,0.9445,0.9516,0.9578,0.9635,0.9684,0.9729
0.9767,0.9802,0.9831,0.9858,0.9879,0.9896,0.9912,0.9924,0.9934,0.9942
0.9949,0.9955,0.9960,0.9964,0.9967,0.9970,0.9973,0.9975,0.9977,0.9979
0.9981,0.9983,0.9984,0.9986,0.9987,0.9988,0.9989,0.9990,0.9991,0.9992
0.9993,0.9993,0.9994,0.9994,0.9995,0.9995,0.9996,0.9996,0.9997,0.9997
0.9997,0.9998,0.9998,0.9998,0.9998,0.9998,0.9999,0.9999,0.9999,0.9999
0.9999,0.9999,0.9999,0.9999,1.0000,1.0000,1.0000,1.0000,1.0000,1.0000
hwc2y1fract=0.0000,0.0000,0.0000,0.0001,0.0001,0.0001,0.0001,0.0001
0.0001,0.0001,0.0002,0.0002,0.0003,0.0003,0.0004,0.0005,0.0007,0.0011
0.0021,0.0042,0.0082,0.0152,0.0256,0.0397,0.0565,0.0762,0.0980,0.1211
0.1450,0.1695,0.1942,0.2187,0.2431,0.2673,0.2911,0.3145,0.3378,0.3608
0.3838,0.4064,0.4287,0.4504,0.4723,0.4931,0.5142,0.5354,0.5560,0.5765
0.5971,0.6173,0.6374,0.6573,0.6772,0.6970,0.7165,0.7357,0.7543,0.7728
0.7912,0.8088,0.8258,0.8422,0.8580,0.8727,0.8868,0.8997,0.9115,0.9221
0.9313,0.9393,0.9469,0.9534,0.9590,0.9641,0.9683,0.9722,0.9755,0.9785
0.9811,0.9833,0.9852,0.9869,0.9884,0.9897,0.9909,0.9918,0.9927,0.9934
0.9940,0.9946,0.9951,0.9955,0.9959,0.9962,0.9965,0.9968,0.9971,0.9973
0.9975,0.9977,0.9979,0.9981,0.9982,0.9984,0.9985,0.9986,0.9987,0.9988
0.9990,0.9991,0.9992,0.9993,0.9994,0.9994,0.9995,0.9995,0.9996,0.9996
0.9997,0.9997,0.9997,0.9998,0.9998,0.9998,0.9998,0.9998,0.9999,0.9999
0.9999,0.9999,0.9999,0.9999,1.0000,1.0000,1.0000,1.0000,1.0000,1.0000
hwc2u1fract=0.0000,0.0000,0.0000,0.0001,0.0001,0.0001,0.0001,0.0001
0.0001,0.0002,0.0002,0.0003,0.0003,0.0004,0.0005,0.0006,0.0010,0.0017
0.0030,0.0061,0.0122,0.0218,0.0354,0.0523,0.0720,0.0938,0.1163,0.1395
0.1633,0.1873,0.2112,0.2355,0.2598,0.2836,0.3074,0.3305,0.3533,0.3760
0.3979,0.4196,0.4413,0.4628,0.4835,0.5049,0.5259,0.5468,0.5672,0.5875
0.6074,0.6277,0.6475,0.6670,0.6866,0.7057,0.7250,0.7437,0.7621,0.7801
0.7982,0.8157,0.8328,0.8496,0.8653,0.8800,0.8934,0.9056,0.9168,0.9266
0.9353,0.9430,0.9495,0.9553,0.9605,0.9651,0.9692,0.9728,0.9759,0.9787
0.9812,0.9835,0.9855,0.9873,0.9887,0.9900,0.9911,0.9921,0.9929,0.9935
0.9941,0.9946,0.9950,0.9954,0.9958,0.9960,0.9963,0.9966,0.9968,0.9971
0.9973,0.9975,0.9977,0.9979,0.9981,0.9982,0.9984,0.9985,0.9987,0.9988
0.9989,0.9991,0.9992,0.9993,0.9993,0.9994,0.9994,0.9995,0.9996,0.9996
0.9996,0.9997,0.9997,0.9998,0.9998,0.9998,0.9998,0.9999,0.9999,0.9999
0.9999,0.9999,0.9999,1.0000,1.0000,1.0000,1.0000,1.0000,1.0000,1.0000
hwc2v1fract=0.0000,0.0000,0.0001,0.0001,0.0001,0.0001,0.0001,0.0002
0.0002,0.0003,0.0003,0.0004,0.0005,0.0007,0.0009,0.0013,0.0019,0.0031
0.0057,0.0108,0.0192,0.0315,0.0475,0.0660,0.0868,0.1090,0.1317,0.1555
0.1792,0.2032,0.2272,0.2510,0.2746,0.2979,0.3207,0.3437,0.3661,0.3886
0.4103,0.4321,0.4541,0.4750,0.4960,0.5169,0.5378,0.5582,0.5786,0.5985
0.6184,0.6387,0.6582,0.6778,0.6970,0.7162,0.7352,0.7542,0.7728,0.7913
0.8088,0.8260,0.8425,0.8584,0.8740,0.8878,0.9007,0.9124,0.9227,0.9319
0.9398,0.9469,0.9531,0.9586,0.9634,0.9676,0.9715,0.9749,0.9780,0.9806
0.9830,0.9850,0.9869,0.9884,0.9898,0.9909,0.9919,0.9927,0.9934,0.9940
0.9945,0.9950,0.9954,0.9958,0.9961,0.9964,0.9966,0.9969,0.9972,0.9974
0.9976,0.9978,0.9980,0.9982,0.9984,0.9985,0.9987,0.9988,0.9989,0.9990
0.9992,0.9993,0.9994,0.9994,0.9995,0.9996,0.9996,0.9997,0.9997,0.9997
0.9998,0.9998,0.9998,0.9998,0.9998,0.9999,0.9999,0.9999,0.9999,0.9999
0.9999,0.9999,0.9999,0.9999,0.9999,1.0000,1.0000,1.0000,1.0000,1.0000
hwc2y2fract=0.0000,0.0000,0.0000,0.0001,0.0001,0.0001,0.0001,0.0001
0.0002,0.0002,0.0002,0.0003,0.0003,0.0004,0.0005,0.0007,0.0012,0.0020
0.0037,0.0066,0.0120,0.0202,0.0320,0.0471,0.0650,0.0856,0.1076,0.1307
0.1546,0.1791,0.2036,0.2282,0.2525,0.2769,0.3008,0.3242,0.3475,0.3703
0.3928,0.4150,0.4369,0.4589,0.4807,0.5022,0.5228,0.5437,0.5641,0.5847
0.6050,0.6252,0.6447,0.6646,0.6839,0.7038,0.7230,0.7422,0.7610,0.7792
0.7973,0.8148,0.8319,0.8482,0.8639,0.8785,0.8918,0.9041,0.9152,0.9254
0.9347,0.9426,0.9496,0.9557,0.9609,0.9656,0.9695,0.9731,0.9764,0.9793
0.9818,0.9839,0.9858,0.9874,0.9889,0.9901,0.9912,0.9922,0.9931,0.9938
0.9943,0.9949,0.9954,0.9958,0.9961,0.9965,0.9967,0.9970,0.9972,0.9974
0.9976,0.9978,0.9980,0.9981,0.9983,0.9984,0.9985,0.9987,0.9988,0.9989
0.9990,0.9991,0.9992,0.9993,0.9993,0.9994,0.9995,0.9995,0.9996,0.9996
0.9997,0.9997,0.9997,0.9998,0.9998,0.9998,0.9998,0.9998,0.9999,0.9999
0.9999,0.9999,0.9999,0.9999,0.9999,1.0000,1.0000,1.0000,1.0000,1.0000
hwc2x2fract=0.0000,0.0001,0.0001,0.0002,0.0002,0.0003,0.0003,0.0004
0.0005,0.0006,0.0007,0.0008,0.0010,0.0011,0.0013,0.0016,0.0021,0.0026
0.0036,0.0052,0.0078,0.0126,0.0198,0.0298,0.0421,0.0561,0.0718,0.0891
0.1076,0.1271,0.1474,0.1683,0.1900,0.2117,0.2340,0.2566,0.2794,0.3025
0.3257,0.3486,0.3711,0.3935,0.4164,0.4389,0.4610,0.4831,0.5047,0.5262
0.5479,0.5691,0.5901,0.6110,0.6316,0.6522,0.6723,0.6925,0.7124,0.7321
0.7516,0.7706,0.7892,0.8070,0.8245,0.8410,0.8568,0.8716,0.8853,0.8978
0.9092,0.9198,0.9290,0.9373,0.9451,0.9519,0.9580,0.9633,0.9681,0.9724
0.9763,0.9797,0.9827,0.9851,0.9873,0.9891,0.9906,0.9918,0.9928,0.9936
0.9944,0.9950,0.9955,0.9959,0.9963,0.9966,0.9969,0.9971,0.9974,0.9977
0.9979,0.9981,0.9982,0.9984,0.9986,0.9987,0.9988,0.9989,0.9990,0.9991
0.9992,0.9993,0.9993,0.9994,0.9995,0.9995,0.9996,0.9996,0.9996,0.9997
0.9997,0.9997,0.9997,0.9998,0.9998,0.9998,0.9998,0.9998,0.9999,0.9999
0.9999,0.9999,0.9999,0.9999,0.9999,0.9999,1.0000,1.0000,1.0000,1.0000
