; Lookup table
;number of bins in Meek's time to distance lookup table
hdriftbins=138
;number of 1st bin in Meek's table in ns
hdrift1stbin=-24
;bin size in ns of Meek's table
hdriftbinsz=2
hwc1x1fract=0.0006,0.0011,0.0016,0.0023,0.0029,0.0036,0.0042,0.0048
0.0056,0.0062,0.0069,0.0077,0.0086,0.0095,0.0105,0.0117,0.0132,0.0151
0.0175,0.0209,0.0258,0.0322,0.0401,0.0497,0.0610,0.0731,0.0860,0.1002
0.1152,0.1312,0.1475,0.1651,0.1830,0.2009,0.2200,0.2392,0.2591,0.2792
0.2994,0.3201,0.3411,0.3621,0.3824,0.4030,0.4237,0.4448,0.4655,0.4858
0.5059,0.5260,0.5465,0.5661,0.5856,0.6049,0.6244,0.6429,0.6616,0.6802
0.6976,0.7149,0.7321,0.7489,0.7647,0.7801,0.7944,0.8077,0.8201,0.8317
0.8426,0.8531,0.8625,0.8715,0.8798,0.8878,0.8951,0.9018,0.9081,0.9137
0.9188,0.9234,0.9276,0.9313,0.9347,0.9377,0.9403,0.9427,0.9448,0.9469
0.9487,0.9502,0.9518,0.9532,0.9546,0.9560,0.9572,0.9584,0.9597,0.9608
0.9620,0.9632,0.9644,0.9654,0.9665,0.9678,0.9690,0.9701,0.9711,0.9722
0.9732,0.9741,0.9753,0.9764,0.9774,0.9783,0.9793,0.9802,0.9811,0.9822
0.9832,0.9843,0.9853,0.9862,0.9871,0.9881,0.9890,0.9898,0.9907,0.9916
0.9925,0.9934,0.9943,0.9952,0.9960,0.9969,0.9976,0.9984,0.9991,1.0000
hwc1y1fract=0.0005,0.0010,0.0015,0.0020,0.0025,0.0031,0.0037,0.0043
0.0050,0.0056,0.0064,0.0072,0.0081,0.0090,0.0100,0.0111,0.0124,0.0142
0.0165,0.0196,0.0239,0.0307,0.0391,0.0497,0.0622,0.0762,0.0915,0.1086
0.1266,0.1451,0.1645,0.1840,0.2044,0.2242,0.2444,0.2646,0.2852,0.3059
0.3259,0.3467,0.3671,0.3872,0.4074,0.4278,0.4479,0.4675,0.4874,0.5069
0.5265,0.5453,0.5645,0.5839,0.6025,0.6215,0.6402,0.6581,0.6759,0.6935
0.7110,0.7282,0.7447,0.7608,0.7762,0.7908,0.8045,0.8174,0.8288,0.8400
0.8504,0.8600,0.8683,0.8763,0.8836,0.8903,0.8968,0.9024,0.9079,0.9129
0.9176,0.9219,0.9257,0.9296,0.9329,0.9358,0.9385,0.9409,0.9432,0.9453
0.9473,0.9491,0.9509,0.9525,0.9541,0.9554,0.9568,0.9582,0.9597,0.9610
0.9623,0.9635,0.9647,0.9659,0.9671,0.9683,0.9695,0.9705,0.9717,0.9728
0.9739,0.9750,0.9761,0.9772,0.9782,0.9791,0.9800,0.9808,0.9818,0.9828
0.9838,0.9848,0.9857,0.9866,0.9877,0.9885,0.9894,0.9902,0.9910,0.9919
0.9926,0.9935,0.9943,0.9950,0.9959,0.9968,0.9977,0.9985,0.9993,1.0000
hwc1u1fract=0.0005,0.0009,0.0014,0.0018,0.0022,0.0027,0.0032,0.0036
0.0041,0.0045,0.0052,0.0057,0.0061,0.0067,0.0071,0.0077,0.0085,0.0096
0.0113,0.0145,0.0198,0.0274,0.0373,0.0490,0.0626,0.0767,0.0920,0.1086
0.1260,0.1439,0.1628,0.1818,0.2014,0.2212,0.2413,0.2618,0.2823,0.3028
0.3234,0.3446,0.3647,0.3849,0.4046,0.4243,0.4442,0.4635,0.4833,0.5028
0.5228,0.5420,0.5615,0.5807,0.5994,0.6183,0.6374,0.6559,0.6742,0.6922
0.7094,0.7265,0.7434,0.7597,0.7754,0.7896,0.8038,0.8164,0.8285,0.8393
0.8493,0.8588,0.8676,0.8757,0.8831,0.8901,0.8964,0.9026,0.9084,0.9138
0.9189,0.9235,0.9276,0.9313,0.9344,0.9374,0.9401,0.9426,0.9449,0.9470
0.9489,0.9507,0.9524,0.9540,0.9557,0.9572,0.9586,0.9600,0.9612,0.9626
0.9639,0.9649,0.9661,0.9672,0.9682,0.9693,0.9704,0.9714,0.9724,0.9734
0.9744,0.9754,0.9764,0.9773,0.9784,0.9793,0.9803,0.9812,0.9822,0.9831
0.9840,0.9850,0.9859,0.9869,0.9877,0.9886,0.9894,0.9903,0.9911,0.9920
0.9929,0.9937,0.9945,0.9953,0.9962,0.9969,0.9977,0.9985,0.9992,1.0000
hwc1v1fract=0.0004,0.0008,0.0012,0.0017,0.0022,0.0027,0.0031,0.0036
0.0041,0.0047,0.0052,0.0057,0.0062,0.0068,0.0074,0.0081,0.0092,0.0105
0.0125,0.0163,0.0218,0.0300,0.0404,0.0531,0.0673,0.0831,0.0995,0.1175
0.1359,0.1548,0.1738,0.1935,0.2136,0.2337,0.2541,0.2748,0.2956,0.3163
0.3372,0.3574,0.3780,0.3980,0.4180,0.4376,0.4573,0.4770,0.4968,0.5162
0.5355,0.5547,0.5740,0.5927,0.6110,0.6295,0.6480,0.6663,0.6843,0.7023
0.7200,0.7368,0.7533,0.7697,0.7852,0.8000,0.8136,0.8263,0.8380,0.8484
0.8580,0.8666,0.8747,0.8824,0.8894,0.8958,0.9019,0.9073,0.9126,0.9173
0.9219,0.9262,0.9300,0.9335,0.9367,0.9397,0.9423,0.9447,0.9470,0.9490
0.9508,0.9526,0.9542,0.9557,0.9571,0.9584,0.9598,0.9611,0.9622,0.9635
0.9647,0.9659,0.9671,0.9683,0.9694,0.9705,0.9715,0.9726,0.9737,0.9748
0.9758,0.9767,0.9777,0.9786,0.9795,0.9805,0.9814,0.9823,0.9831,0.9841
0.9850,0.9859,0.9867,0.9876,0.9884,0.9892,0.9900,0.9908,0.9916,0.9924
0.9932,0.9940,0.9947,0.9954,0.9963,0.9971,0.9979,0.9986,0.9993,1.0000
hwc1y2fract=0.0005,0.0009,0.0014,0.0019,0.0024,0.0029,0.0035,0.0041
0.0046,0.0051,0.0057,0.0062,0.0069,0.0075,0.0084,0.0093,0.0106,0.0121
0.0144,0.0178,0.0228,0.0295,0.0386,0.0500,0.0628,0.0774,0.0933,0.1103
0.1287,0.1476,0.1671,0.1872,0.2072,0.2275,0.2482,0.2687,0.2892,0.3101
0.3301,0.3508,0.3713,0.3908,0.4111,0.4312,0.4511,0.4712,0.4911,0.5102
0.5293,0.5493,0.5685,0.5875,0.6065,0.6248,0.6430,0.6614,0.6796,0.6975
0.7141,0.7309,0.7475,0.7629,0.7775,0.7921,0.8051,0.8174,0.8294,0.8406
0.8507,0.8598,0.8680,0.8758,0.8830,0.8894,0.8955,0.9009,0.9061,0.9108
0.9156,0.9196,0.9232,0.9268,0.9299,0.9329,0.9357,0.9382,0.9405,0.9426
0.9447,0.9467,0.9485,0.9503,0.9518,0.9534,0.9549,0.9563,0.9576,0.9591
0.9604,0.9616,0.9628,0.9641,0.9654,0.9665,0.9677,0.9688,0.9700,0.9711
0.9721,0.9731,0.9742,0.9753,0.9763,0.9773,0.9784,0.9795,0.9804,0.9815
0.9825,0.9834,0.9845,0.9855,0.9865,0.9875,0.9884,0.9893,0.9902,0.9910
0.9920,0.9930,0.9939,0.9948,0.9957,0.9966,0.9976,0.9984,0.9992,1.0000
hwc1x2fract=0.0005,0.0010,0.0015,0.0021,0.0027,0.0033,0.0038,0.0043
0.0051,0.0058,0.0064,0.0072,0.0080,0.0089,0.0100,0.0113,0.0132,0.0160
0.0199,0.0254,0.0328,0.0413,0.0515,0.0632,0.0760,0.0900,0.1046,0.1199
0.1361,0.1532,0.1709,0.1890,0.2072,0.2259,0.2459,0.2657,0.2860,0.3065
0.3267,0.3475,0.3680,0.3887,0.4091,0.4290,0.4492,0.4697,0.4901,0.5103
0.5305,0.5501,0.5696,0.5893,0.6088,0.6275,0.6467,0.6654,0.6839,0.7015
0.7184,0.7352,0.7513,0.7666,0.7814,0.7956,0.8086,0.8210,0.8326,0.8435
0.8531,0.8626,0.8716,0.8797,0.8871,0.8943,0.9007,0.9065,0.9120,0.9172
0.9218,0.9258,0.9293,0.9326,0.9354,0.9379,0.9402,0.9424,0.9444,0.9464
0.9481,0.9497,0.9511,0.9526,0.9540,0.9551,0.9564,0.9576,0.9588,0.9600
0.9613,0.9626,0.9637,0.9647,0.9657,0.9667,0.9678,0.9690,0.9701,0.9712
0.9724,0.9734,0.9745,0.9754,0.9764,0.9775,0.9785,0.9796,0.9805,0.9815
0.9824,0.9835,0.9846,0.9856,0.9864,0.9873,0.9885,0.9895,0.9905,0.9915
0.9924,0.9932,0.9941,0.9949,0.9958,0.9965,0.9974,0.9983,0.9992,1.0000
hwc2x1fract=0.0005,0.0011,0.0016,0.0021,0.0027,0.0032,0.0039,0.0044
0.0052,0.0059,0.0066,0.0074,0.0082,0.0093,0.0105,0.0117,0.0136,0.0161
0.0196,0.0242,0.0304,0.0385,0.0478,0.0587,0.0713,0.0848,0.0998,0.1151
0.1316,0.1490,0.1668,0.1847,0.2036,0.2238,0.2440,0.2643,0.2844,0.3050
0.3260,0.3466,0.3681,0.3893,0.4105,0.4312,0.4519,0.4727,0.4931,0.5134
0.5332,0.5535,0.5731,0.5933,0.6127,0.6320,0.6513,0.6703,0.6887,0.7069
0.7250,0.7418,0.7584,0.7745,0.7896,0.8040,0.8174,0.8298,0.8416,0.8525
0.8625,0.8715,0.8802,0.8884,0.8961,0.9027,0.9089,0.9149,0.9202,0.9248
0.9293,0.9333,0.9366,0.9396,0.9424,0.9448,0.9470,0.9491,0.9509,0.9526
0.9541,0.9557,0.9571,0.9584,0.9597,0.9610,0.9622,0.9634,0.9645,0.9656
0.9665,0.9676,0.9686,0.9697,0.9706,0.9717,0.9727,0.9736,0.9746,0.9755
0.9765,0.9775,0.9785,0.9794,0.9804,0.9813,0.9822,0.9830,0.9840,0.9848
0.9857,0.9865,0.9873,0.9882,0.9890,0.9899,0.9907,0.9914,0.9922,0.9930
0.9937,0.9945,0.9953,0.9961,0.9967,0.9974,0.9980,0.9987,0.9994,1.0000
hwc2y1fract=0.0005,0.0009,0.0014,0.0018,0.0022,0.0026,0.0030,0.0034
0.0039,0.0043,0.0049,0.0055,0.0060,0.0066,0.0073,0.0081,0.0090,0.0103
0.0119,0.0143,0.0183,0.0245,0.0329,0.0438,0.0575,0.0726,0.0892,0.1072
0.1260,0.1454,0.1656,0.1862,0.2072,0.2281,0.2487,0.2697,0.2905,0.3119
0.3331,0.3542,0.3753,0.3961,0.4171,0.4371,0.4576,0.4777,0.4976,0.5178
0.5368,0.5560,0.5750,0.5942,0.6137,0.6327,0.6515,0.6701,0.6885,0.7063
0.7236,0.7401,0.7569,0.7725,0.7878,0.8020,0.8156,0.8283,0.8398,0.8505
0.8602,0.8689,0.8768,0.8843,0.8910,0.8973,0.9031,0.9086,0.9135,0.9179
0.9221,0.9261,0.9294,0.9326,0.9355,0.9382,0.9406,0.9428,0.9449,0.9470
0.9490,0.9507,0.9525,0.9540,0.9556,0.9571,0.9585,0.9597,0.9609,0.9622
0.9635,0.9647,0.9658,0.9670,0.9681,0.9692,0.9703,0.9713,0.9724,0.9735
0.9745,0.9756,0.9765,0.9775,0.9785,0.9793,0.9803,0.9812,0.9821,0.9831
0.9840,0.9849,0.9859,0.9867,0.9876,0.9884,0.9893,0.9902,0.9909,0.9918
0.9926,0.9935,0.9942,0.9950,0.9958,0.9966,0.9974,0.9982,0.9991,1.0000
hwc2u1fract=0.0004,0.0008,0.0012,0.0016,0.0021,0.0025,0.0030,0.0035
0.0040,0.0044,0.0048,0.0053,0.0057,0.0062,0.0068,0.0074,0.0085,0.0101
0.0127,0.0178,0.0255,0.0361,0.0492,0.0640,0.0803,0.0978,0.1164,0.1358
0.1557,0.1761,0.1965,0.2172,0.2384,0.2591,0.2804,0.3015,0.3228,0.3435
0.3639,0.3839,0.4041,0.4240,0.4440,0.4637,0.4838,0.5035,0.5230,0.5421
0.5615,0.5804,0.5991,0.6179,0.6364,0.6547,0.6727,0.6905,0.7084,0.7262
0.7430,0.7596,0.7755,0.7911,0.8058,0.8196,0.8322,0.8439,0.8543,0.8634
0.8719,0.8795,0.8868,0.8934,0.8994,0.9050,0.9104,0.9154,0.9201,0.9244
0.9283,0.9316,0.9351,0.9379,0.9407,0.9432,0.9456,0.9477,0.9497,0.9515
0.9533,0.9549,0.9564,0.9578,0.9591,0.9603,0.9617,0.9630,0.9641,0.9653
0.9665,0.9676,0.9687,0.9698,0.9708,0.9719,0.9730,0.9740,0.9750,0.9759
0.9769,0.9778,0.9788,0.9798,0.9807,0.9816,0.9823,0.9832,0.9840,0.9849
0.9857,0.9865,0.9875,0.9884,0.9893,0.9902,0.9909,0.9917,0.9924,0.9932
0.9939,0.9946,0.9955,0.9961,0.9968,0.9974,0.9980,0.9987,0.9993,1.0000
hwc2v1fract=0.0004,0.0008,0.0013,0.0018,0.0021,0.0025,0.0030,0.0034
0.0040,0.0045,0.0050,0.0055,0.0060,0.0066,0.0071,0.0079,0.0087,0.0099
0.0115,0.0147,0.0200,0.0279,0.0387,0.0519,0.0671,0.0838,0.1015,0.1206
0.1399,0.1606,0.1811,0.2014,0.2219,0.2428,0.2641,0.2850,0.3060,0.3270
0.3481,0.3686,0.3890,0.4093,0.4289,0.4490,0.4688,0.4888,0.5078,0.5277
0.5470,0.5663,0.5848,0.6041,0.6224,0.6410,0.6592,0.6779,0.6956,0.7131
0.7302,0.7467,0.7626,0.7785,0.7935,0.8078,0.8208,0.8336,0.8450,0.8553
0.8647,0.8732,0.8809,0.8881,0.8946,0.9007,0.9062,0.9115,0.9164,0.9208
0.9250,0.9291,0.9326,0.9358,0.9388,0.9415,0.9439,0.9462,0.9482,0.9501
0.9519,0.9536,0.9552,0.9568,0.9583,0.9597,0.9610,0.9622,0.9636,0.9648
0.9660,0.9672,0.9683,0.9694,0.9705,0.9716,0.9726,0.9735,0.9744,0.9755
0.9765,0.9775,0.9784,0.9794,0.9803,0.9812,0.9821,0.9830,0.9840,0.9847
0.9857,0.9866,0.9873,0.9881,0.9889,0.9897,0.9904,0.9913,0.9921,0.9929
0.9936,0.9943,0.9951,0.9958,0.9965,0.9971,0.9978,0.9986,0.9993,1.0000
hwc2y2fract=0.0005,0.0009,0.0013,0.0018,0.0023,0.0028,0.0034,0.0038
0.0044,0.0050,0.0056,0.0062,0.0068,0.0074,0.0081,0.0090,0.0100,0.0113
0.0132,0.0159,0.0201,0.0265,0.0350,0.0459,0.0592,0.0748,0.0913,0.1095
0.1281,0.1476,0.1680,0.1886,0.2094,0.2304,0.2512,0.2728,0.2943,0.3149
0.3359,0.3567,0.3769,0.3977,0.4182,0.4385,0.4586,0.4791,0.4989,0.5187
0.5381,0.5572,0.5766,0.5963,0.6155,0.6343,0.6529,0.6715,0.6895,0.7076
0.7248,0.7422,0.7581,0.7741,0.7893,0.8039,0.8175,0.8299,0.8415,0.8524
0.8625,0.8712,0.8794,0.8866,0.8936,0.8999,0.9056,0.9109,0.9155,0.9201
0.9241,0.9278,0.9312,0.9342,0.9370,0.9396,0.9419,0.9442,0.9462,0.9481
0.9496,0.9513,0.9529,0.9545,0.9559,0.9573,0.9585,0.9600,0.9612,0.9624
0.9635,0.9647,0.9657,0.9668,0.9678,0.9689,0.9701,0.9711,0.9722,0.9733
0.9744,0.9753,0.9763,0.9772,0.9782,0.9791,0.9799,0.9810,0.9819,0.9828
0.9837,0.9846,0.9857,0.9867,0.9876,0.9885,0.9893,0.9901,0.9910,0.9919
0.9927,0.9936,0.9945,0.9953,0.9961,0.9969,0.9977,0.9984,0.9992,1.0000
hwc2x2fract=0.0005,0.0011,0.0016,0.0021,0.0027,0.0032,0.0037,0.0043
0.0049,0.0055,0.0061,0.0068,0.0074,0.0082,0.0091,0.0101,0.0113,0.0132
0.0158,0.0199,0.0258,0.0333,0.0428,0.0536,0.0666,0.0801,0.0951,0.1107
0.1275,0.1449,0.1632,0.1822,0.2015,0.2214,0.2412,0.2615,0.2821,0.3026
0.3231,0.3434,0.3645,0.3856,0.4063,0.4273,0.4476,0.4684,0.4886,0.5091
0.5294,0.5494,0.5690,0.5891,0.6084,0.6275,0.6468,0.6657,0.6844,0.7025
0.7199,0.7372,0.7541,0.7706,0.7860,0.8008,0.8149,0.8274,0.8395,0.8506
0.8605,0.8698,0.8784,0.8866,0.8938,0.9007,0.9071,0.9128,0.9182,0.9231
0.9278,0.9316,0.9352,0.9384,0.9412,0.9438,0.9461,0.9482,0.9499,0.9516
0.9532,0.9548,0.9562,0.9576,0.9589,0.9601,0.9612,0.9624,0.9636,0.9647
0.9658,0.9669,0.9682,0.9692,0.9703,0.9713,0.9721,0.9730,0.9740,0.9749
0.9759,0.9767,0.9776,0.9785,0.9793,0.9802,0.9811,0.9820,0.9829,0.9839
0.9848,0.9858,0.9866,0.9875,0.9884,0.9893,0.9901,0.9909,0.9917,0.9926
0.9934,0.9941,0.9949,0.9956,0.9964,0.9972,0.9979,0.9986,0.9992,1.0000
