hwc1x1fract=0.0003,0.0006,0.0009,0.0012,0.0016,0.0019,0.0022,0.0027
; Lookup table
;number of bins in Meek's time to distance lookup table
hdriftbins=138
;number of 1st bin in Meek's table in ns
hdrift1stbin=-24
;bin size in ns of Meek's table
hdriftbinsz=2
0.0031,0.0035,0.0040,0.0046,0.0051,0.0058,0.0065,0.0079,0.0097,0.0122
0.0154,0.0192,0.0244,0.0306,0.0384,0.0477,0.0584,0.0704,0.0837,0.0979
0.1127,0.1286,0.1457,0.1630,0.1811,0.1997,0.2192,0.2388,0.2591,0.2794
0.3001,0.3212,0.3425,0.3642,0.3863,0.4078,0.4296,0.4513,0.4731,0.4947
0.5163,0.5382,0.5595,0.5806,0.6017,0.6227,0.6432,0.6635,0.6834,0.7029
0.7220,0.7407,0.7591,0.7769,0.7936,0.8097,0.8252,0.8398,0.8535,0.8658
0.8777,0.8882,0.8979,0.9069,0.9152,0.9226,0.9296,0.9357,0.9411,0.9461
0.9505,0.9543,0.9576,0.9606,0.9631,0.9653,0.9672,0.9689,0.9703,0.9716
0.9727,0.9738,0.9747,0.9757,0.9765,0.9774,0.9781,0.9788,0.9795,0.9802
0.9808,0.9814,0.9820,0.9826,0.9833,0.9839,0.9844,0.9850,0.9856,0.9861
0.9866,0.9872,0.9877,0.9882,0.9887,0.9893,0.9898,0.9903,0.9907,0.9912
0.9917,0.9922,0.9927,0.9932,0.9937,0.9941,0.9946,0.9950,0.9955,0.9959
0.9963,0.9967,0.9972,0.9976,0.9980,0.9984,0.9988,0.9993,0.9996,1.0000
hwc1y1fract=0.0003,0.0006,0.0010,0.0013,0.0017,0.0020,0.0024,0.0029
0.0033,0.0038,0.0044,0.0049,0.0054,0.0061,0.0069,0.0080,0.0094,0.0112
0.0137,0.0176,0.0236,0.0317,0.0423,0.0553,0.0702,0.0872,0.1054,0.1246
0.1452,0.1659,0.1868,0.2078,0.2296,0.2515,0.2730,0.2949,0.3168,0.3383
0.3598,0.3812,0.4027,0.4239,0.4448,0.4656,0.4862,0.5069,0.5273,0.5473
0.5674,0.5877,0.6075,0.6277,0.6472,0.6669,0.6858,0.7046,0.7233,0.7416
0.7595,0.7771,0.7935,0.8096,0.8249,0.8398,0.8534,0.8662,0.8780,0.8887
0.8981,0.9068,0.9144,0.9212,0.9276,0.9333,0.9382,0.9428,0.9469,0.9507
0.9540,0.9568,0.9594,0.9618,0.9640,0.9659,0.9676,0.9693,0.9708,0.9721
0.9733,0.9745,0.9755,0.9765,0.9773,0.9782,0.9791,0.9799,0.9806,0.9813
0.9820,0.9827,0.9834,0.9840,0.9847,0.9853,0.9858,0.9865,0.9871,0.9876
0.9882,0.9887,0.9892,0.9897,0.9902,0.9906,0.9911,0.9916,0.9920,0.9924
0.9929,0.9933,0.9937,0.9941,0.9945,0.9949,0.9953,0.9957,0.9961,0.9965
0.9969,0.9972,0.9976,0.9980,0.9983,0.9987,0.9990,0.9994,0.9997,1.0000
hwc1u1fract=0.0002,0.0005,0.0008,0.0010,0.0013,0.0015,0.0018,0.0021
0.0024,0.0027,0.0030,0.0033,0.0037,0.0042,0.0047,0.0057,0.0074,0.0098
0.0131,0.0170,0.0224,0.0299,0.0395,0.0515,0.0648,0.0797,0.0957,0.1126
0.1307,0.1493,0.1687,0.1890,0.2094,0.2301,0.2512,0.2720,0.2928,0.3141
0.3352,0.3567,0.3782,0.4001,0.4210,0.4424,0.4632,0.4843,0.5053,0.5261
0.5464,0.5669,0.5873,0.6075,0.6274,0.6472,0.6671,0.6867,0.7060,0.7249
0.7430,0.7609,0.7779,0.7945,0.8110,0.8262,0.8405,0.8539,0.8662,0.8778
0.8881,0.8977,0.9060,0.9140,0.9210,0.9274,0.9330,0.9380,0.9429,0.9471
0.9509,0.9543,0.9574,0.9602,0.9627,0.9647,0.9667,0.9684,0.9699,0.9713
0.9726,0.9737,0.9748,0.9758,0.9767,0.9776,0.9785,0.9793,0.9800,0.9808
0.9816,0.9823,0.9829,0.9836,0.9842,0.9849,0.9855,0.9861,0.9866,0.9872
0.9877,0.9882,0.9887,0.9892,0.9896,0.9901,0.9906,0.9911,0.9915,0.9920
0.9925,0.9929,0.9934,0.9939,0.9943,0.9947,0.9951,0.9955,0.9959,0.9963
0.9968,0.9972,0.9975,0.9979,0.9982,0.9986,0.9990,0.9993,0.9997,1.0000
hwc1v1fract=0.0003,0.0005,0.0008,0.0011,0.0013,0.0016,0.0019,0.0022
0.0025,0.0028,0.0031,0.0034,0.0038,0.0042,0.0046,0.0052,0.0059,0.0071
0.0091,0.0126,0.0185,0.0266,0.0375,0.0511,0.0658,0.0821,0.0999,0.1188
0.1384,0.1585,0.1789,0.2001,0.2212,0.2427,0.2640,0.2855,0.3069,0.3284
0.3504,0.3715,0.3925,0.4135,0.4345,0.4556,0.4763,0.4968,0.5173,0.5377
0.5574,0.5776,0.5971,0.6167,0.6364,0.6559,0.6755,0.6948,0.7135,0.7321
0.7505,0.7684,0.7860,0.8029,0.8187,0.8339,0.8480,0.8611,0.8733,0.8843
0.8942,0.9030,0.9109,0.9181,0.9246,0.9305,0.9357,0.9405,0.9448,0.9488
0.9524,0.9556,0.9586,0.9612,0.9634,0.9654,0.9673,0.9688,0.9704,0.9717
0.9729,0.9741,0.9752,0.9763,0.9772,0.9780,0.9789,0.9797,0.9806,0.9813
0.9821,0.9827,0.9834,0.9840,0.9846,0.9852,0.9858,0.9863,0.9869,0.9875
0.9880,0.9885,0.9890,0.9896,0.9900,0.9905,0.9910,0.9915,0.9919,0.9924
0.9928,0.9932,0.9937,0.9941,0.9945,0.9949,0.9954,0.9958,0.9962,0.9966
0.9969,0.9973,0.9977,0.9980,0.9984,0.9987,0.9991,0.9994,0.9997,1.0000
hwc1y2fract=0.0003,0.0006,0.0008,0.0011,0.0014,0.0017,0.0020,0.0024
0.0028,0.0031,0.0035,0.0040,0.0044,0.0049,0.0055,0.0061,0.0071,0.0085
0.0104,0.0135,0.0182,0.0249,0.0342,0.0457,0.0589,0.0746,0.0916,0.1097
0.1288,0.1488,0.1694,0.1908,0.2121,0.2335,0.2552,0.2766,0.2988,0.3204
0.3420,0.3634,0.3848,0.4061,0.4272,0.4483,0.4689,0.4890,0.5100,0.5304
0.5508,0.5712,0.5909,0.6108,0.6308,0.6506,0.6699,0.6889,0.7075,0.7260
0.7439,0.7616,0.7787,0.7954,0.8110,0.8261,0.8404,0.8538,0.8661,0.8774
0.8877,0.8969,0.9054,0.9130,0.9200,0.9261,0.9316,0.9365,0.9411,0.9455
0.9492,0.9526,0.9556,0.9584,0.9608,0.9630,0.9650,0.9669,0.9685,0.9700
0.9714,0.9726,0.9736,0.9747,0.9758,0.9768,0.9778,0.9787,0.9795,0.9803
0.9811,0.9818,0.9825,0.9832,0.9839,0.9845,0.9852,0.9859,0.9864,0.9870
0.9875,0.9880,0.9886,0.9891,0.9896,0.9901,0.9906,0.9911,0.9916,0.9921
0.9925,0.9930,0.9934,0.9938,0.9943,0.9947,0.9951,0.9955,0.9959,0.9963
0.9967,0.9971,0.9975,0.9978,0.9982,0.9985,0.9989,0.9993,0.9997,1.0000
hwc1x2fract=0.0003,0.0005,0.0008,0.0011,0.0014,0.0017,0.0020,0.0024
0.0027,0.0031,0.0035,0.0039,0.0044,0.0050,0.0057,0.0066,0.0080,0.0099
0.0128,0.0168,0.0225,0.0297,0.0386,0.0489,0.0608,0.0738,0.0879,0.1028
0.1188,0.1355,0.1530,0.1714,0.1904,0.2100,0.2299,0.2500,0.2706,0.2916
0.3125,0.3338,0.3554,0.3769,0.3990,0.4202,0.4423,0.4637,0.4855,0.5074
0.5285,0.5499,0.5712,0.5920,0.6128,0.6335,0.6540,0.6739,0.6935,0.7132
0.7326,0.7512,0.7691,0.7868,0.8036,0.8196,0.8344,0.8483,0.8609,0.8731
0.8845,0.8947,0.9040,0.9121,0.9199,0.9271,0.9334,0.9391,0.9442,0.9486
0.9527,0.9561,0.9592,0.9619,0.9642,0.9662,0.9679,0.9695,0.9708,0.9720
0.9732,0.9742,0.9751,0.9759,0.9766,0.9774,0.9781,0.9788,0.9795,0.9802
0.9810,0.9817,0.9823,0.9829,0.9836,0.9841,0.9848,0.9853,0.9858,0.9863
0.9868,0.9873,0.9879,0.9884,0.9890,0.9895,0.9900,0.9905,0.9910,0.9915
0.9921,0.9925,0.9930,0.9935,0.9939,0.9943,0.9948,0.9952,0.9956,0.9960
0.9965,0.9969,0.9973,0.9978,0.9981,0.9985,0.9989,0.9993,0.9996,1.0000
hwc2x1fract=0.0003,0.0005,0.0009,0.0012,0.0015,0.0018,0.0022,0.0026
0.0030,0.0034,0.0038,0.0043,0.0048,0.0055,0.0062,0.0071,0.0083,0.0101
0.0130,0.0172,0.0228,0.0298,0.0382,0.0482,0.0595,0.0719,0.0856,0.1004
0.1157,0.1324,0.1496,0.1677,0.1863,0.2054,0.2254,0.2453,0.2659,0.2866
0.3079,0.3292,0.3506,0.3719,0.3936,0.4151,0.4373,0.4588,0.4806,0.5023
0.5240,0.5456,0.5671,0.5881,0.6092,0.6300,0.6509,0.6709,0.6910,0.7107
0.7302,0.7491,0.7675,0.7855,0.8027,0.8189,0.8341,0.8483,0.8614,0.8737
0.8851,0.8954,0.9051,0.9137,0.9215,0.9284,0.9349,0.9406,0.9456,0.9502
0.9541,0.9577,0.9608,0.9634,0.9657,0.9677,0.9694,0.9709,0.9723,0.9735
0.9746,0.9756,0.9765,0.9774,0.9782,0.9790,0.9797,0.9804,0.9811,0.9818
0.9824,0.9830,0.9836,0.9842,0.9847,0.9852,0.9857,0.9863,0.9868,0.9874
0.9879,0.9883,0.9888,0.9893,0.9897,0.9902,0.9907,0.9912,0.9916,0.9920
0.9925,0.9929,0.9934,0.9938,0.9943,0.9947,0.9950,0.9954,0.9959,0.9964
0.9968,0.9972,0.9975,0.9978,0.9983,0.9986,0.9990,0.9993,0.9996,1.0000
hwc2y1fract=0.0002,0.0005,0.0008,0.0011,0.0013,0.0016,0.0020,0.0023
0.0026,0.0030,0.0034,0.0038,0.0041,0.0046,0.0052,0.0059,0.0068,0.0082
0.0103,0.0136,0.0192,0.0272,0.0381,0.0516,0.0674,0.0852,0.1041,0.1244
0.1456,0.1672,0.1893,0.2115,0.2344,0.2568,0.2795,0.3021,0.3242,0.3462
0.3682,0.3901,0.4115,0.4328,0.4538,0.4747,0.4954,0.5160,0.5364,0.5565
0.5766,0.5966,0.6168,0.6364,0.6559,0.6749,0.6942,0.7130,0.7314,0.7498
0.7679,0.7855,0.8022,0.8184,0.8337,0.8482,0.8620,0.8746,0.8859,0.8961
0.9052,0.9136,0.9210,0.9274,0.9331,0.9384,0.9431,0.9471,0.9507,0.9541
0.9571,0.9596,0.9619,0.9640,0.9660,0.9675,0.9690,0.9704,0.9717,0.9730
0.9741,0.9751,0.9760,0.9769,0.9778,0.9786,0.9794,0.9801,0.9809,0.9817
0.9824,0.9829,0.9836,0.9842,0.9849,0.9855,0.9861,0.9867,0.9872,0.9877
0.9882,0.9887,0.9891,0.9896,0.9901,0.9906,0.9911,0.9915,0.9919,0.9924
0.9928,0.9932,0.9936,0.9940,0.9945,0.9949,0.9954,0.9958,0.9961,0.9965
0.9969,0.9973,0.9976,0.9980,0.9983,0.9987,0.9990,0.9993,0.9997,1.0000
hwc2u1fract=0.0002,0.0005,0.0007,0.0010,0.0012,0.0015,0.0017,0.0020
0.0023,0.0026,0.0029,0.0033,0.0036,0.0040,0.0044,0.0049,0.0056,0.0068
0.0092,0.0136,0.0208,0.0312,0.0445,0.0604,0.0785,0.0976,0.1180,0.1391
0.1608,0.1829,0.2055,0.2276,0.2501,0.2724,0.2948,0.3169,0.3387,0.3599
0.3815,0.4027,0.4240,0.4446,0.4652,0.4854,0.5058,0.5260,0.5464,0.5663
0.5866,0.6061,0.6254,0.6447,0.6640,0.6834,0.7022,0.7206,0.7390,0.7572
0.7752,0.7927,0.8093,0.8253,0.8406,0.8544,0.8675,0.8797,0.8908,0.9004
0.9090,0.9167,0.9237,0.9296,0.9350,0.9400,0.9444,0.9482,0.9518,0.9550
0.9578,0.9603,0.9627,0.9647,0.9665,0.9682,0.9697,0.9711,0.9723,0.9734
0.9744,0.9755,0.9764,0.9773,0.9782,0.9790,0.9798,0.9805,0.9812,0.9820
0.9827,0.9833,0.9839,0.9845,0.9852,0.9858,0.9863,0.9869,0.9875,0.9880
0.9886,0.9891,0.9895,0.9900,0.9905,0.9910,0.9915,0.9919,0.9924,0.9928
0.9932,0.9936,0.9940,0.9944,0.9947,0.9951,0.9955,0.9959,0.9963,0.9967
0.9971,0.9974,0.9978,0.9981,0.9984,0.9988,0.9991,0.9994,0.9997,1.0000
hwc2v1fract=0.0003,0.0005,0.0007,0.0010,0.0013,0.0016,0.0019,0.0022
0.0025,0.0028,0.0032,0.0035,0.0039,0.0042,0.0047,0.0052,0.0058,0.0069
0.0087,0.0121,0.0181,0.0272,0.0391,0.0539,0.0706,0.0890,0.1085,0.1297
0.1509,0.1727,0.1945,0.2170,0.2395,0.2619,0.2845,0.3067,0.3284,0.3506
0.3720,0.3938,0.4147,0.4357,0.4564,0.4771,0.4975,0.5180,0.5376,0.5578
0.5776,0.5973,0.6171,0.6363,0.6555,0.6748,0.6937,0.7126,0.7310,0.7489
0.7667,0.7843,0.8011,0.8176,0.8330,0.8477,0.8615,0.8742,0.8856,0.8958
0.9048,0.9130,0.9200,0.9266,0.9323,0.9374,0.9418,0.9459,0.9497,0.9532
0.9563,0.9590,0.9615,0.9637,0.9658,0.9675,0.9691,0.9706,0.9718,0.9730
0.9742,0.9752,0.9762,0.9771,0.9780,0.9788,0.9795,0.9803,0.9810,0.9818
0.9825,0.9831,0.9838,0.9844,0.9850,0.9856,0.9863,0.9868,0.9873,0.9879
0.9884,0.9889,0.9894,0.9899,0.9903,0.9907,0.9912,0.9916,0.9920,0.9925
0.9929,0.9934,0.9937,0.9941,0.9946,0.9949,0.9954,0.9958,0.9962,0.9966
0.9970,0.9974,0.9978,0.9981,0.9985,0.9988,0.9991,0.9994,0.9997,1.0000
hwc2y2fract=0.0003,0.0005,0.0009,0.0011,0.0015,0.0018,0.0021,0.0025
0.0028,0.0032,0.0036,0.0040,0.0045,0.0050,0.0057,0.0065,0.0075,0.0092
0.0118,0.0156,0.0216,0.0302,0.0415,0.0556,0.0717,0.0899,0.1096,0.1302
0.1516,0.1732,0.1951,0.2176,0.2400,0.2623,0.2845,0.3068,0.3289,0.3509
0.3727,0.3942,0.4158,0.4370,0.4578,0.4787,0.4992,0.5197,0.5399,0.5603
0.5808,0.6010,0.6211,0.6409,0.6604,0.6800,0.6992,0.7181,0.7368,0.7548
0.7727,0.7900,0.8070,0.8230,0.8380,0.8526,0.8656,0.8777,0.8887,0.8986
0.9076,0.9156,0.9226,0.9291,0.9346,0.9397,0.9441,0.9481,0.9516,0.9548
0.9575,0.9600,0.9622,0.9643,0.9663,0.9680,0.9695,0.9709,0.9721,0.9733
0.9744,0.9754,0.9763,0.9771,0.9780,0.9788,0.9796,0.9804,0.9811,0.9817
0.9823,0.9830,0.9836,0.9842,0.9848,0.9854,0.9860,0.9866,0.9871,0.9876
0.9881,0.9886,0.9891,0.9896,0.9902,0.9907,0.9912,0.9916,0.9920,0.9925
0.9929,0.9933,0.9937,0.9941,0.9945,0.9948,0.9952,0.9956,0.9961,0.9964
0.9968,0.9971,0.9975,0.9978,0.9982,0.9985,0.9989,0.9993,0.9997,1.0000
hwc2x2fract=0.0002,0.0005,0.0008,0.0010,0.0014,0.0016,0.0020,0.0023
0.0026,0.0030,0.0034,0.0039,0.0043,0.0048,0.0055,0.0062,0.0075,0.0094
0.0123,0.0165,0.0220,0.0289,0.0376,0.0481,0.0599,0.0735,0.0878,0.1034
0.1194,0.1364,0.1544,0.1732,0.1921,0.2119,0.2324,0.2528,0.2740,0.2955
0.3173,0.3385,0.3602,0.3820,0.4039,0.4262,0.4479,0.4697,0.4910,0.5127
0.5342,0.5560,0.5769,0.5982,0.6194,0.6400,0.6606,0.6811,0.7007,0.7205
0.7396,0.7582,0.7766,0.7940,0.8108,0.8265,0.8412,0.8548,0.8677,0.8797
0.8907,0.9006,0.9097,0.9176,0.9249,0.9315,0.9374,0.9426,0.9475,0.9517
0.9554,0.9586,0.9616,0.9641,0.9663,0.9682,0.9698,0.9713,0.9726,0.9739
0.9749,0.9759,0.9768,0.9776,0.9785,0.9792,0.9799,0.9806,0.9812,0.9819
0.9825,0.9831,0.9837,0.9843,0.9848,0.9853,0.9858,0.9863,0.9868,0.9873
0.9879,0.9884,0.9889,0.9893,0.9898,0.9903,0.9907,0.9912,0.9917,0.9921
0.9926,0.9930,0.9934,0.9940,0.9943,0.9947,0.9951,0.9955,0.9959,0.9963
0.9968,0.9972,0.9976,0.9979,0.9982,0.9986,0.9990,0.9994,0.9997,1.0000
