; Lookup table
;number of bins in Meek's time to distance lookup table
hdriftbins=138
;number of 1st bin in Meek's table in ns
hdrift1stbin=-24
;bin size in ns of Meek's table
hdriftbinsz=2
hwc1x1fract=0.0000,0.0001,0.0002,0.0002,0.0003,0.0004,0.0004,0.0005
0.0007,0.0008,0.0009,0.0011,0.0014,0.0017,0.0021,0.0029,0.0041,0.0061
0.0089,0.0124,0.0171,0.0235,0.0315,0.0413,0.0526,0.0651,0.0788,0.0938
0.1093,0.1259,0.1433,0.1618,0.1808,0.2003,0.2205,0.2411,0.2624,0.2836
0.3050,0.3271,0.3492,0.3718,0.3941,0.4169,0.4397,0.4619,0.4845,0.5069
0.5296,0.5519,0.5740,0.5965,0.6188,0.6404,0.6620,0.6828,0.7041,0.7249
0.7450,0.7643,0.7834,0.8018,0.8193,0.8364,0.8521,0.8673,0.8815,0.8942
0.9059,0.9169,0.9271,0.9363,0.9444,0.9517,0.9583,0.9641,0.9694,0.9738
0.9777,0.9813,0.9843,0.9867,0.9887,0.9904,0.9917,0.9929,0.9938,0.9946
0.9952,0.9957,0.9962,0.9965,0.9969,0.9972,0.9975,0.9977,0.9979,0.9980
0.9982,0.9983,0.9985,0.9987,0.9988,0.9989,0.9990,0.9991,0.9992,0.9992
0.9993,0.9993,0.9994,0.9994,0.9995,0.9995,0.9995,0.9996,0.9996,0.9996
0.9997,0.9997,0.9997,0.9997,0.9998,0.9998,0.9998,0.9998,0.9998,0.9999
0.9999,0.9999,0.9999,0.9999,0.9999,0.9999,1.0000,1.0000,1.0000,1.0000
hwc1y1fract=0.0000,0.0001,0.0001,0.0002,0.0003,0.0004,0.0004,0.0005
0.0007,0.0008,0.0009,0.0011,0.0013,0.0016,0.0020,0.0027,0.0035,0.0050
0.0072,0.0109,0.0168,0.0255,0.0372,0.0512,0.0679,0.0861,0.1061,0.1267
0.1482,0.1703,0.1925,0.2153,0.2378,0.2602,0.2831,0.3054,0.3280,0.3506
0.3728,0.3951,0.4172,0.4391,0.4606,0.4824,0.5036,0.5252,0.5462,0.5672
0.5880,0.6085,0.6287,0.6489,0.6692,0.6892,0.7088,0.7281,0.7474,0.7665
0.7852,0.8035,0.8209,0.8377,0.8535,0.8682,0.8824,0.8956,0.9073,0.9180
0.9275,0.9362,0.9437,0.9504,0.9561,0.9615,0.9661,0.9701,0.9736,0.9767
0.9794,0.9817,0.9839,0.9857,0.9873,0.9886,0.9899,0.9910,0.9920,0.9928
0.9934,0.9941,0.9946,0.9951,0.9955,0.9959,0.9963,0.9967,0.9969,0.9972
0.9975,0.9977,0.9979,0.9981,0.9982,0.9984,0.9985,0.9987,0.9988,0.9990
0.9991,0.9992,0.9993,0.9993,0.9994,0.9995,0.9995,0.9996,0.9996,0.9996
0.9997,0.9997,0.9997,0.9997,0.9998,0.9998,0.9998,0.9998,0.9998,0.9998
0.9998,0.9999,0.9999,0.9999,0.9999,0.9999,0.9999,1.0000,1.0000,1.0000
hwc1u1fract=0.0000,0.0001,0.0001,0.0001,0.0001,0.0002,0.0002,0.0002
0.0002,0.0002,0.0003,0.0003,0.0004,0.0005,0.0008,0.0015,0.0028,0.0048
0.0076,0.0114,0.0169,0.0244,0.0344,0.0469,0.0609,0.0764,0.0931,0.1116
0.1311,0.1507,0.1707,0.1916,0.2127,0.2346,0.2562,0.2783,0.3003,0.3225
0.3451,0.3676,0.3898,0.4118,0.4340,0.4558,0.4777,0.4990,0.5206,0.5419
0.5629,0.5841,0.6048,0.6254,0.6458,0.6662,0.6861,0.7062,0.7255,0.7447
0.7638,0.7826,0.8006,0.8182,0.8346,0.8502,0.8649,0.8785,0.8912,0.9031
0.9137,0.9232,0.9316,0.9391,0.9460,0.9522,0.9578,0.9628,0.9673,0.9712
0.9747,0.9777,0.9806,0.9829,0.9850,0.9867,0.9882,0.9895,0.9907,0.9917
0.9925,0.9932,0.9939,0.9944,0.9949,0.9953,0.9957,0.9961,0.9964,0.9967
0.9970,0.9973,0.9975,0.9977,0.9979,0.9981,0.9983,0.9984,0.9986,0.9987
0.9989,0.9990,0.9991,0.9992,0.9992,0.9993,0.9994,0.9994,0.9995,0.9995
0.9996,0.9996,0.9997,0.9997,0.9997,0.9998,0.9998,0.9998,0.9998,0.9999
0.9999,0.9999,0.9999,0.9999,0.9999,0.9999,0.9999,1.0000,1.0000,1.0000
hwc1v1fract=0.0000,0.0000,0.0001,0.0001,0.0001,0.0001,0.0002,0.0002
0.0003,0.0003,0.0003,0.0004,0.0005,0.0005,0.0007,0.0010,0.0014,0.0024
0.0042,0.0075,0.0134,0.0222,0.0337,0.0478,0.0640,0.0817,0.1010,0.1209
0.1414,0.1624,0.1839,0.2060,0.2277,0.2503,0.2725,0.2949,0.3168,0.3390
0.3612,0.3835,0.4054,0.4271,0.4484,0.4699,0.4912,0.5124,0.5335,0.5546
0.5753,0.5959,0.6162,0.6367,0.6566,0.6768,0.6968,0.7161,0.7353,0.7544
0.7732,0.7917,0.8097,0.8270,0.8437,0.8593,0.8740,0.8875,0.8998,0.9111
0.9210,0.9300,0.9378,0.9449,0.9509,0.9565,0.9616,0.9660,0.9702,0.9736
0.9769,0.9799,0.9822,0.9843,0.9861,0.9877,0.9891,0.9902,0.9912,0.9921
0.9928,0.9934,0.9940,0.9945,0.9949,0.9953,0.9957,0.9960,0.9964,0.9966
0.9970,0.9972,0.9975,0.9977,0.9979,0.9981,0.9983,0.9985,0.9986,0.9987
0.9989,0.9990,0.9991,0.9992,0.9993,0.9993,0.9994,0.9995,0.9995,0.9996
0.9996,0.9996,0.9997,0.9997,0.9997,0.9998,0.9998,0.9998,0.9998,0.9999
0.9999,0.9999,0.9999,0.9999,0.9999,1.0000,1.0000,1.0000,1.0000,1.0000
hwc1y2fract=0.0000,0.0000,0.0001,0.0001,0.0002,0.0002,0.0002,0.0003
0.0004,0.0004,0.0005,0.0006,0.0007,0.0009,0.0011,0.0015,0.0020,0.0031
0.0048,0.0078,0.0128,0.0201,0.0300,0.0424,0.0571,0.0736,0.0918,0.1113
0.1318,0.1527,0.1743,0.1966,0.2191,0.2417,0.2643,0.2868,0.3092,0.3318
0.3542,0.3768,0.3992,0.4214,0.4430,0.4643,0.4859,0.5069,0.5280,0.5489
0.5700,0.5906,0.6113,0.6323,0.6527,0.6726,0.6926,0.7122,0.7318,0.7508
0.7694,0.7875,0.8052,0.8224,0.8388,0.8539,0.8686,0.8820,0.8947,0.9061
0.9167,0.9258,0.9342,0.9414,0.9479,0.9538,0.9590,0.9637,0.9679,0.9718
0.9750,0.9778,0.9802,0.9825,0.9844,0.9860,0.9875,0.9888,0.9899,0.9909
0.9918,0.9925,0.9932,0.9938,0.9943,0.9948,0.9952,0.9957,0.9960,0.9964
0.9967,0.9969,0.9972,0.9975,0.9977,0.9979,0.9981,0.9983,0.9985,0.9986
0.9988,0.9989,0.9990,0.9991,0.9992,0.9993,0.9994,0.9994,0.9995,0.9995
0.9996,0.9996,0.9996,0.9997,0.9997,0.9998,0.9998,0.9998,0.9998,0.9998
0.9998,0.9999,0.9999,0.9999,0.9999,0.9999,1.0000,1.0000,1.0000,1.0000
hwc1x2fract=0.0000,0.0001,0.0001,0.0002,0.0002,0.0002,0.0003,0.0003
0.0004,0.0004,0.0005,0.0006,0.0008,0.0010,0.0013,0.0020,0.0030,0.0046
0.0072,0.0113,0.0168,0.0245,0.0341,0.0453,0.0577,0.0713,0.0865,0.1026
0.1195,0.1376,0.1561,0.1753,0.1951,0.2150,0.2359,0.2573,0.2791,0.3015
0.3238,0.3459,0.3686,0.3911,0.4140,0.4367,0.4596,0.4818,0.5039,0.5256
0.5479,0.5694,0.5916,0.6136,0.6351,0.6562,0.6774,0.6982,0.7188,0.7388
0.7584,0.7780,0.7970,0.8149,0.8321,0.8477,0.8631,0.8775,0.8912,0.9034
0.9148,0.9250,0.9338,0.9422,0.9496,0.9562,0.9623,0.9678,0.9724,0.9767
0.9804,0.9834,0.9859,0.9882,0.9898,0.9913,0.9924,0.9933,0.9940,0.9947
0.9952,0.9957,0.9961,0.9964,0.9967,0.9970,0.9973,0.9975,0.9977,0.9979
0.9980,0.9982,0.9983,0.9985,0.9986,0.9987,0.9988,0.9989,0.9990,0.9991
0.9991,0.9992,0.9993,0.9993,0.9994,0.9994,0.9995,0.9995,0.9995,0.9996
0.9996,0.9996,0.9997,0.9997,0.9997,0.9997,0.9998,0.9998,0.9998,0.9998
0.9999,0.9999,0.9999,0.9999,0.9999,1.0000,1.0000,1.0000,1.0000,1.0000
hwc2x1fract=0.0001,0.0001,0.0002,0.0002,0.0003,0.0003,0.0004,0.0005
0.0006,0.0007,0.0009,0.0010,0.0012,0.0015,0.0018,0.0022,0.0029,0.0043
0.0068,0.0105,0.0156,0.0223,0.0308,0.0411,0.0531,0.0661,0.0806,0.0959
0.1122,0.1294,0.1478,0.1666,0.1861,0.2062,0.2265,0.2479,0.2694,0.2909
0.3127,0.3346,0.3567,0.3788,0.4014,0.4240,0.4469,0.4696,0.4919,0.5142
0.5366,0.5588,0.5807,0.6027,0.6245,0.6462,0.6677,0.6893,0.7104,0.7312
0.7513,0.7711,0.7902,0.8084,0.8262,0.8432,0.8594,0.8741,0.8879,0.9003
0.9119,0.9225,0.9320,0.9406,0.9485,0.9553,0.9615,0.9671,0.9716,0.9760
0.9796,0.9826,0.9852,0.9875,0.9894,0.9910,0.9922,0.9931,0.9940,0.9947
0.9953,0.9957,0.9962,0.9966,0.9969,0.9972,0.9974,0.9976,0.9978,0.9980
0.9981,0.9983,0.9985,0.9986,0.9987,0.9988,0.9989,0.9990,0.9991,0.9992
0.9993,0.9993,0.9994,0.9994,0.9995,0.9995,0.9996,0.9996,0.9996,0.9997
0.9997,0.9997,0.9997,0.9998,0.9998,0.9998,0.9998,0.9999,0.9999,0.9999
0.9999,0.9999,0.9999,0.9999,0.9999,1.0000,1.0000,1.0000,1.0000,1.0000
hwc2y1fract=0.0000,0.0000,0.0001,0.0001,0.0001,0.0002,0.0002,0.0002
0.0003,0.0004,0.0005,0.0005,0.0006,0.0007,0.0009,0.0012,0.0017,0.0028
0.0046,0.0080,0.0135,0.0219,0.0332,0.0473,0.0640,0.0824,0.1027,0.1242
0.1466,0.1693,0.1921,0.2154,0.2387,0.2615,0.2844,0.3076,0.3306,0.3533
0.3759,0.3982,0.4202,0.4424,0.4641,0.4855,0.5071,0.5283,0.5496,0.5705
0.5912,0.6120,0.6330,0.6534,0.6737,0.6937,0.7135,0.7333,0.7524,0.7712
0.7897,0.8076,0.8253,0.8419,0.8579,0.8732,0.8873,0.9002,0.9119,0.9224
0.9318,0.9400,0.9472,0.9538,0.9594,0.9643,0.9686,0.9725,0.9759,0.9788
0.9814,0.9836,0.9854,0.9870,0.9885,0.9896,0.9906,0.9916,0.9924,0.9932
0.9938,0.9944,0.9949,0.9954,0.9957,0.9961,0.9964,0.9967,0.9969,0.9972
0.9974,0.9976,0.9978,0.9980,0.9982,0.9983,0.9985,0.9986,0.9988,0.9989
0.9990,0.9991,0.9992,0.9993,0.9993,0.9994,0.9995,0.9995,0.9996,0.9996
0.9996,0.9997,0.9997,0.9997,0.9998,0.9998,0.9998,0.9998,0.9998,0.9999
0.9999,0.9999,0.9999,0.9999,0.9999,1.0000,1.0000,1.0000,1.0000,1.0000
hwc2u1fract=0.0000,0.0000,0.0001,0.0001,0.0001,0.0001,0.0001,0.0002
0.0002,0.0002,0.0002,0.0003,0.0003,0.0003,0.0004,0.0005,0.0007,0.0011
0.0020,0.0043,0.0090,0.0168,0.0282,0.0424,0.0593,0.0781,0.0984,0.1193
0.1410,0.1636,0.1861,0.2094,0.2322,0.2555,0.2785,0.3016,0.3245,0.3471
0.3692,0.3915,0.4132,0.4353,0.4567,0.4783,0.4997,0.5209,0.5414,0.5622
0.5826,0.6033,0.6235,0.6440,0.6639,0.6840,0.7036,0.7233,0.7421,0.7610
0.7795,0.7979,0.8157,0.8330,0.8494,0.8654,0.8800,0.8934,0.9057,0.9168
0.9266,0.9353,0.9430,0.9498,0.9558,0.9610,0.9655,0.9695,0.9729,0.9761
0.9789,0.9812,0.9833,0.9851,0.9868,0.9883,0.9894,0.9904,0.9913,0.9921
0.9927,0.9933,0.9939,0.9944,0.9949,0.9953,0.9956,0.9960,0.9963,0.9966
0.9968,0.9971,0.9974,0.9976,0.9978,0.9980,0.9981,0.9983,0.9985,0.9987
0.9988,0.9989,0.9991,0.9992,0.9992,0.9993,0.9994,0.9995,0.9995,0.9996
0.9996,0.9997,0.9997,0.9997,0.9997,0.9998,0.9998,0.9998,0.9998,0.9999
0.9999,0.9999,0.9999,0.9999,0.9999,0.9999,1.0000,1.0000,1.0000,1.0000
hwc2v1fract=0.0000,0.0000,0.0001,0.0001,0.0001,0.0001,0.0001,0.0002
0.0002,0.0003,0.0003,0.0004,0.0004,0.0005,0.0006,0.0008,0.0012,0.0019
0.0035,0.0069,0.0129,0.0222,0.0346,0.0499,0.0673,0.0866,0.1070,0.1284
0.1501,0.1721,0.1948,0.2183,0.2413,0.2647,0.2879,0.3108,0.3333,0.3562
0.3785,0.4007,0.4227,0.4442,0.4658,0.4874,0.5087,0.5297,0.5502,0.5709
0.5914,0.6117,0.6319,0.6519,0.6714,0.6912,0.7107,0.7306,0.7490,0.7680
0.7860,0.8042,0.8220,0.8392,0.8553,0.8705,0.8849,0.8980,0.9097,0.9203
0.9295,0.9378,0.9451,0.9518,0.9574,0.9626,0.9670,0.9710,0.9743,0.9773
0.9799,0.9823,0.9843,0.9861,0.9876,0.9889,0.9901,0.9912,0.9920,0.9927
0.9934,0.9940,0.9944,0.9949,0.9953,0.9957,0.9960,0.9964,0.9967,0.9970
0.9973,0.9976,0.9978,0.9980,0.9982,0.9984,0.9986,0.9987,0.9989,0.9990
0.9991,0.9992,0.9993,0.9994,0.9994,0.9995,0.9996,0.9996,0.9996,0.9997
0.9997,0.9997,0.9997,0.9998,0.9998,0.9998,0.9998,0.9998,0.9999,0.9999
0.9999,0.9999,0.9999,0.9999,0.9999,0.9999,1.0000,1.0000,1.0000,1.0000
hwc2y2fract=0.0000,0.0001,0.0001,0.0001,0.0002,0.0002,0.0002,0.0003
0.0003,0.0004,0.0005,0.0006,0.0007,0.0010,0.0012,0.0016,0.0023,0.0036
0.0058,0.0097,0.0158,0.0246,0.0364,0.0511,0.0685,0.0879,0.1087,0.1303
0.1529,0.1758,0.1989,0.2226,0.2456,0.2689,0.2922,0.3152,0.3378,0.3608
0.3832,0.4061,0.4286,0.4509,0.4726,0.4940,0.5153,0.5363,0.5575,0.5783
0.5990,0.6197,0.6402,0.6605,0.6808,0.7010,0.7206,0.7400,0.7589,0.7774
0.7954,0.8135,0.8308,0.8471,0.8629,0.8778,0.8916,0.9041,0.9153,0.9256
0.9346,0.9427,0.9498,0.9560,0.9613,0.9660,0.9700,0.9738,0.9769,0.9797
0.9820,0.9842,0.9857,0.9873,0.9886,0.9898,0.9908,0.9916,0.9924,0.9931
0.9938,0.9943,0.9948,0.9952,0.9956,0.9960,0.9963,0.9966,0.9968,0.9971
0.9973,0.9975,0.9977,0.9980,0.9982,0.9983,0.9985,0.9987,0.9988,0.9989
0.9990,0.9991,0.9992,0.9993,0.9994,0.9995,0.9995,0.9996,0.9996,0.9996
0.9997,0.9997,0.9997,0.9998,0.9998,0.9998,0.9998,0.9998,0.9998,0.9999
0.9999,0.9999,0.9999,0.9999,0.9999,0.9999,0.9999,1.0000,1.0000,1.0000
hwc2x2fract=0.0000,0.0001,0.0001,0.0002,0.0002,0.0003,0.0003,0.0004
0.0005,0.0006,0.0007,0.0008,0.0009,0.0011,0.0014,0.0018,0.0026,0.0041
0.0066,0.0102,0.0152,0.0222,0.0310,0.0416,0.0540,0.0677,0.0826,0.0986
0.1154,0.1335,0.1525,0.1721,0.1921,0.2127,0.2336,0.2550,0.2770,0.2987
0.3211,0.3436,0.3661,0.3886,0.4114,0.4341,0.4564,0.4788,0.5012,0.5234
0.5455,0.5676,0.5895,0.6112,0.6331,0.6550,0.6764,0.6975,0.7183,0.7387
0.7585,0.7780,0.7968,0.8144,0.8320,0.8486,0.8643,0.8786,0.8919,0.9041
0.9157,0.9257,0.9347,0.9429,0.9503,0.9567,0.9629,0.9680,0.9726,0.9766
0.9801,0.9832,0.9857,0.9877,0.9894,0.9909,0.9921,0.9932,0.9940,0.9947
0.9954,0.9959,0.9963,0.9966,0.9969,0.9972,0.9975,0.9977,0.9979,0.9981
0.9983,0.9984,0.9985,0.9987,0.9989,0.9990,0.9990,0.9991,0.9992,0.9993
0.9993,0.9994,0.9995,0.9995,0.9995,0.9996,0.9996,0.9997,0.9997,0.9997
0.9997,0.9998,0.9998,0.9998,0.9998,0.9998,0.9999,0.9999,0.9999,0.9999
0.9999,0.9999,0.9999,0.9999,1.0000,1.0000,1.0000,1.0000,1.0000,1.0000
