; Lookup table
;number of bins in Meek's time to distance lookup table
hdriftbins=138
;number of 1st bin in Meek's table in ns
hdrift1stbin=-24
;bin size in ns of Meek's table
hdriftbinsz=2
hwc1x1fract=0.0001,0.0002,0.0003,0.0005,0.0006,0.0008,0.0010,0.0012
0.0014,0.0017,0.0020,0.0024,0.0031,0.0043,0.0061,0.0086,0.0119,0.0162
0.0216,0.0289,0.0381,0.0487,0.0613,0.0745,0.0892,0.1050,0.1218,0.1397
0.1580,0.1772,0.1970,0.2176,0.2386,0.2602,0.2819,0.3041,0.3266,0.3490
0.3714,0.3938,0.4163,0.4388,0.4615,0.4838,0.5061,0.5281,0.5500,0.5717
0.5935,0.6145,0.6354,0.6566,0.6768,0.6972,0.7175,0.7370,0.7563,0.7747
0.7923,0.8093,0.8255,0.8409,0.8557,0.8693,0.8821,0.8933,0.9042,0.9142
0.9234,0.9317,0.9395,0.9464,0.9527,0.9587,0.9638,0.9684,0.9726,0.9762
0.9792,0.9817,0.9840,0.9859,0.9875,0.9889,0.9900,0.9908,0.9916,0.9922
0.9928,0.9933,0.9937,0.9940,0.9943,0.9946,0.9949,0.9952,0.9954,0.9956
0.9958,0.9960,0.9962,0.9963,0.9965,0.9966,0.9968,0.9969,0.9970,0.9972
0.9973,0.9974,0.9975,0.9976,0.9978,0.9979,0.9980,0.9981,0.9982,0.9983
0.9984,0.9985,0.9986,0.9987,0.9988,0.9989,0.9990,0.9991,0.9992,0.9993
0.9993,0.9994,0.9995,0.9996,0.9997,0.9998,0.9998,0.9999,0.9999,1.0000
hwc1y1fract=0.0001,0.0002,0.0003,0.0004,0.0006,0.0007,0.0009,0.0011
0.0012,0.0014,0.0017,0.0019,0.0022,0.0027,0.0033,0.0041,0.0053,0.0071
0.0098,0.0141,0.0210,0.0307,0.0439,0.0593,0.0767,0.0960,0.1170,0.1387
0.1612,0.1839,0.2069,0.2300,0.2532,0.2761,0.2991,0.3215,0.3440,0.3663
0.3887,0.4103,0.4317,0.4534,0.4747,0.4956,0.5161,0.5367,0.5573,0.5775
0.5978,0.6179,0.6377,0.6572,0.6771,0.6962,0.7154,0.7338,0.7522,0.7706
0.7882,0.8052,0.8219,0.8377,0.8527,0.8670,0.8801,0.8922,0.9034,0.9134
0.9224,0.9302,0.9372,0.9434,0.9493,0.9542,0.9587,0.9628,0.9665,0.9699
0.9729,0.9757,0.9781,0.9802,0.9821,0.9837,0.9853,0.9866,0.9877,0.9888
0.9896,0.9904,0.9912,0.9919,0.9924,0.9929,0.9934,0.9938,0.9942,0.9946
0.9949,0.9952,0.9955,0.9958,0.9961,0.9963,0.9965,0.9967,0.9969,0.9971
0.9972,0.9974,0.9976,0.9977,0.9978,0.9979,0.9980,0.9982,0.9983,0.9984
0.9985,0.9986,0.9987,0.9988,0.9989,0.9989,0.9990,0.9991,0.9992,0.9993
0.9994,0.9995,0.9995,0.9996,0.9997,0.9997,0.9998,0.9999,0.9999,1.0000
hwc1u1fract=0.0000,0.0001,0.0001,0.0002,0.0003,0.0004,0.0004,0.0005
0.0006,0.0007,0.0008,0.0009,0.0011,0.0015,0.0025,0.0041,0.0067,0.0099
0.0142,0.0203,0.0289,0.0398,0.0537,0.0693,0.0868,0.1050,0.1245,0.1446
0.1653,0.1868,0.2087,0.2303,0.2527,0.2746,0.2970,0.3194,0.3418,0.3643
0.3861,0.4081,0.4303,0.4520,0.4738,0.4953,0.5165,0.5371,0.5577,0.5786
0.5985,0.6189,0.6390,0.6589,0.6786,0.6984,0.7176,0.7367,0.7553,0.7736
0.7913,0.8081,0.8243,0.8398,0.8544,0.8677,0.8805,0.8918,0.9026,0.9121
0.9210,0.9286,0.9358,0.9421,0.9479,0.9532,0.9581,0.9625,0.9666,0.9699
0.9733,0.9763,0.9789,0.9811,0.9829,0.9846,0.9860,0.9872,0.9883,0.9893
0.9901,0.9909,0.9915,0.9921,0.9927,0.9931,0.9936,0.9939,0.9943,0.9946
0.9950,0.9953,0.9955,0.9958,0.9960,0.9963,0.9965,0.9967,0.9969,0.9970
0.9972,0.9974,0.9975,0.9976,0.9978,0.9980,0.9981,0.9982,0.9983,0.9984
0.9985,0.9986,0.9987,0.9988,0.9988,0.9989,0.9990,0.9991,0.9992,0.9993
0.9993,0.9994,0.9995,0.9996,0.9996,0.9997,0.9998,0.9998,0.9999,1.0000
hwc1v1fract=0.0001,0.0001,0.0002,0.0002,0.0003,0.0003,0.0004,0.0005
0.0006,0.0006,0.0007,0.0008,0.0010,0.0011,0.0013,0.0015,0.0019,0.0026
0.0037,0.0062,0.0105,0.0174,0.0274,0.0404,0.0565,0.0743,0.0932,0.1139
0.1352,0.1565,0.1786,0.2008,0.2233,0.2457,0.2680,0.2903,0.3129,0.3353
0.3577,0.3795,0.4014,0.4230,0.4445,0.4659,0.4869,0.5076,0.5285,0.5489
0.5690,0.5894,0.6095,0.6291,0.6487,0.6686,0.6881,0.7070,0.7258,0.7448
0.7633,0.7815,0.7988,0.8160,0.8326,0.8482,0.8629,0.8766,0.8889,0.9001
0.9102,0.9193,0.9272,0.9346,0.9410,0.9470,0.9523,0.9571,0.9615,0.9654
0.9691,0.9726,0.9755,0.9781,0.9803,0.9823,0.9840,0.9855,0.9868,0.9878
0.9888,0.9896,0.9904,0.9910,0.9916,0.9922,0.9927,0.9932,0.9936,0.9940
0.9944,0.9947,0.9950,0.9954,0.9956,0.9959,0.9962,0.9964,0.9966,0.9968
0.9970,0.9972,0.9974,0.9975,0.9977,0.9978,0.9980,0.9981,0.9983,0.9984
0.9985,0.9986,0.9986,0.9988,0.9989,0.9990,0.9990,0.9992,0.9992,0.9993
0.9994,0.9995,0.9996,0.9996,0.9997,0.9998,0.9998,0.9999,1.0000,1.0000
hwc1y2fract=0.0001,0.0001,0.0002,0.0003,0.0004,0.0005,0.0005,0.0006
0.0007,0.0009,0.0010,0.0011,0.0013,0.0015,0.0018,0.0023,0.0031,0.0043
0.0063,0.0099,0.0152,0.0231,0.0342,0.0474,0.0634,0.0815,0.1015,0.1225
0.1442,0.1667,0.1896,0.2126,0.2349,0.2580,0.2804,0.3038,0.3262,0.3488
0.3709,0.3933,0.4149,0.4365,0.4578,0.4788,0.4997,0.5204,0.5411,0.5615
0.5820,0.6021,0.6222,0.6421,0.6620,0.6816,0.7010,0.7199,0.7383,0.7564
0.7742,0.7912,0.8084,0.8247,0.8399,0.8543,0.8682,0.8809,0.8922,0.9031
0.9121,0.9210,0.9287,0.9355,0.9417,0.9470,0.9521,0.9567,0.9611,0.9651
0.9686,0.9716,0.9744,0.9769,0.9792,0.9812,0.9829,0.9844,0.9857,0.9870
0.9880,0.9890,0.9898,0.9905,0.9912,0.9919,0.9925,0.9930,0.9934,0.9938
0.9942,0.9946,0.9949,0.9953,0.9956,0.9958,0.9961,0.9963,0.9966,0.9968
0.9970,0.9971,0.9973,0.9975,0.9976,0.9978,0.9980,0.9981,0.9982,0.9983
0.9984,0.9985,0.9986,0.9987,0.9988,0.9989,0.9990,0.9990,0.9991,0.9992
0.9993,0.9994,0.9995,0.9995,0.9996,0.9997,0.9998,0.9999,0.9999,1.0000
hwc1x2fract=0.0001,0.0001,0.0002,0.0003,0.0004,0.0004,0.0005,0.0006
0.0007,0.0008,0.0010,0.0012,0.0014,0.0017,0.0020,0.0024,0.0033,0.0046
0.0068,0.0102,0.0148,0.0214,0.0301,0.0408,0.0530,0.0670,0.0822,0.0985
0.1157,0.1336,0.1525,0.1723,0.1920,0.2127,0.2341,0.2557,0.2774,0.2997
0.3222,0.3447,0.3678,0.3905,0.4129,0.4349,0.4569,0.4791,0.5013,0.5236
0.5455,0.5672,0.5886,0.6095,0.6304,0.6509,0.6715,0.6918,0.7118,0.7313
0.7504,0.7691,0.7873,0.8046,0.8215,0.8374,0.8524,0.8666,0.8798,0.8918
0.9028,0.9128,0.9220,0.9304,0.9381,0.9454,0.9515,0.9573,0.9626,0.9674
0.9716,0.9752,0.9784,0.9812,0.9834,0.9853,0.9869,0.9883,0.9894,0.9904
0.9911,0.9917,0.9923,0.9928,0.9933,0.9937,0.9940,0.9943,0.9946,0.9949
0.9951,0.9954,0.9956,0.9958,0.9960,0.9963,0.9965,0.9966,0.9968,0.9969
0.9971,0.9973,0.9974,0.9975,0.9976,0.9977,0.9979,0.9980,0.9981,0.9983
0.9984,0.9985,0.9986,0.9986,0.9987,0.9988,0.9989,0.9990,0.9991,0.9992
0.9993,0.9994,0.9995,0.9996,0.9997,0.9997,0.9998,0.9999,0.9999,1.0000
hwc2x1fract=0.0001,0.0002,0.0003,0.0004,0.0005,0.0007,0.0008,0.0010
0.0012,0.0014,0.0016,0.0019,0.0022,0.0026,0.0030,0.0037,0.0048,0.0066
0.0097,0.0143,0.0206,0.0283,0.0378,0.0489,0.0618,0.0762,0.0919,0.1087
0.1265,0.1446,0.1638,0.1833,0.2037,0.2244,0.2455,0.2672,0.2895,0.3116
0.3340,0.3567,0.3792,0.4020,0.4246,0.4470,0.4696,0.4920,0.5140,0.5361
0.5576,0.5791,0.6010,0.6223,0.6436,0.6642,0.6852,0.7055,0.7258,0.7456
0.7651,0.7837,0.8019,0.8192,0.8359,0.8516,0.8658,0.8792,0.8915,0.9029
0.9132,0.9227,0.9313,0.9391,0.9459,0.9521,0.9577,0.9627,0.9672,0.9713
0.9750,0.9781,0.9809,0.9832,0.9852,0.9867,0.9881,0.9893,0.9903,0.9911
0.9918,0.9925,0.9930,0.9934,0.9938,0.9941,0.9945,0.9948,0.9950,0.9953
0.9956,0.9958,0.9960,0.9962,0.9964,0.9966,0.9968,0.9969,0.9971,0.9972
0.9973,0.9975,0.9976,0.9977,0.9979,0.9980,0.9981,0.9982,0.9983,0.9984
0.9985,0.9986,0.9987,0.9988,0.9988,0.9989,0.9990,0.9991,0.9991,0.9992
0.9993,0.9994,0.9995,0.9996,0.9996,0.9997,0.9998,0.9999,0.9999,1.0000
hwc2y1fract=0.0001,0.0001,0.0002,0.0003,0.0004,0.0005,0.0006,0.0007
0.0008,0.0010,0.0012,0.0013,0.0016,0.0019,0.0024,0.0031,0.0043,0.0066
0.0107,0.0173,0.0273,0.0406,0.0565,0.0752,0.0957,0.1180,0.1407,0.1640
0.1878,0.2121,0.2362,0.2600,0.2837,0.3070,0.3298,0.3522,0.3747,0.3967
0.4184,0.4399,0.4615,0.4827,0.5036,0.5245,0.5450,0.5655,0.5858,0.6062
0.6261,0.6464,0.6664,0.6862,0.7056,0.7247,0.7435,0.7622,0.7802,0.7978
0.8148,0.8316,0.8474,0.8624,0.8764,0.8896,0.9015,0.9121,0.9215,0.9298
0.9374,0.9438,0.9496,0.9547,0.9594,0.9636,0.9673,0.9707,0.9736,0.9762
0.9785,0.9805,0.9823,0.9839,0.9853,0.9865,0.9876,0.9885,0.9894,0.9902
0.9908,0.9914,0.9920,0.9925,0.9929,0.9934,0.9937,0.9941,0.9944,0.9947
0.9949,0.9952,0.9954,0.9957,0.9959,0.9962,0.9964,0.9966,0.9968,0.9969
0.9971,0.9973,0.9974,0.9976,0.9978,0.9979,0.9980,0.9981,0.9982,0.9983
0.9985,0.9986,0.9987,0.9988,0.9989,0.9990,0.9991,0.9991,0.9992,0.9993
0.9994,0.9995,0.9995,0.9996,0.9997,0.9998,0.9998,0.9999,1.0000,1.0000
hwc2u1fract=0.0000,0.0001,0.0001,0.0002,0.0002,0.0003,0.0003,0.0004
0.0005,0.0006,0.0006,0.0007,0.0008,0.0009,0.0011,0.0012,0.0015,0.0021
0.0034,0.0062,0.0117,0.0209,0.0336,0.0496,0.0685,0.0891,0.1110,0.1337
0.1567,0.1799,0.2036,0.2273,0.2512,0.2747,0.2976,0.3209,0.3440,0.3666
0.3886,0.4102,0.4318,0.4532,0.4743,0.4953,0.5159,0.5361,0.5565,0.5768
0.5967,0.6169,0.6365,0.6560,0.6751,0.6947,0.7137,0.7326,0.7509,0.7693
0.7872,0.8042,0.8212,0.8377,0.8532,0.8680,0.8816,0.8941,0.9053,0.9155
0.9244,0.9322,0.9390,0.9452,0.9507,0.9555,0.9598,0.9638,0.9672,0.9705
0.9735,0.9762,0.9783,0.9803,0.9821,0.9837,0.9851,0.9865,0.9875,0.9885
0.9893,0.9900,0.9907,0.9912,0.9918,0.9923,0.9927,0.9931,0.9935,0.9939
0.9943,0.9946,0.9949,0.9952,0.9955,0.9957,0.9960,0.9963,0.9965,0.9967
0.9969,0.9971,0.9973,0.9975,0.9977,0.9979,0.9980,0.9981,0.9982,0.9983
0.9984,0.9986,0.9987,0.9988,0.9989,0.9990,0.9991,0.9992,0.9992,0.9993
0.9994,0.9995,0.9995,0.9996,0.9997,0.9997,0.9998,0.9998,0.9999,1.0000
hwc2v1fract=0.0001,0.0001,0.0001,0.0002,0.0003,0.0004,0.0004,0.0005
0.0006,0.0006,0.0007,0.0008,0.0009,0.0011,0.0012,0.0015,0.0018,0.0023
0.0033,0.0054,0.0096,0.0171,0.0281,0.0425,0.0598,0.0793,0.1006,0.1228
0.1458,0.1690,0.1927,0.2164,0.2402,0.2636,0.2868,0.3095,0.3321,0.3548
0.3774,0.3992,0.4209,0.4422,0.4634,0.4841,0.5052,0.5257,0.5462,0.5665
0.5865,0.6065,0.6262,0.6458,0.6653,0.6843,0.7038,0.7224,0.7415,0.7602
0.7787,0.7962,0.8135,0.8302,0.8462,0.8612,0.8755,0.8882,0.9000,0.9105
0.9199,0.9280,0.9354,0.9419,0.9476,0.9529,0.9576,0.9617,0.9656,0.9690
0.9720,0.9746,0.9771,0.9792,0.9811,0.9828,0.9842,0.9855,0.9866,0.9876
0.9885,0.9893,0.9901,0.9907,0.9914,0.9920,0.9924,0.9929,0.9933,0.9937
0.9941,0.9945,0.9948,0.9951,0.9954,0.9957,0.9960,0.9963,0.9965,0.9967
0.9969,0.9971,0.9972,0.9974,0.9975,0.9977,0.9979,0.9980,0.9981,0.9982
0.9984,0.9985,0.9986,0.9987,0.9988,0.9989,0.9990,0.9991,0.9992,0.9993
0.9993,0.9994,0.9995,0.9996,0.9997,0.9997,0.9998,0.9999,0.9999,1.0000
hwc2y2fract=0.0001,0.0002,0.0002,0.0003,0.0004,0.0005,0.0006,0.0007
0.0009,0.0010,0.0012,0.0013,0.0016,0.0018,0.0022,0.0028,0.0037,0.0052
0.0078,0.0125,0.0197,0.0301,0.0438,0.0605,0.0796,0.1003,0.1219,0.1446
0.1681,0.1916,0.2153,0.2389,0.2624,0.2856,0.3088,0.3318,0.3551,0.3779
0.4001,0.4223,0.4443,0.4656,0.4867,0.5075,0.5281,0.5484,0.5689,0.5887
0.6088,0.6287,0.6488,0.6689,0.6885,0.7080,0.7275,0.7463,0.7646,0.7826
0.8000,0.8168,0.8332,0.8487,0.8638,0.8774,0.8900,0.9016,0.9120,0.9216
0.9299,0.9373,0.9439,0.9497,0.9549,0.9595,0.9635,0.9671,0.9704,0.9733
0.9758,0.9780,0.9800,0.9819,0.9834,0.9849,0.9861,0.9872,0.9881,0.9890
0.9898,0.9905,0.9912,0.9917,0.9923,0.9928,0.9932,0.9936,0.9939,0.9943
0.9946,0.9949,0.9952,0.9954,0.9957,0.9959,0.9962,0.9964,0.9966,0.9968
0.9971,0.9972,0.9974,0.9976,0.9977,0.9979,0.9980,0.9981,0.9982,0.9983
0.9985,0.9986,0.9986,0.9987,0.9988,0.9989,0.9990,0.9991,0.9992,0.9992
0.9993,0.9994,0.9995,0.9996,0.9996,0.9997,0.9998,0.9999,0.9999,1.0000
hwc2x2fract=0.0001,0.0001,0.0002,0.0003,0.0005,0.0006,0.0007,0.0008
0.0010,0.0012,0.0014,0.0016,0.0019,0.0024,0.0030,0.0040,0.0059,0.0090
0.0132,0.0194,0.0275,0.0377,0.0495,0.0633,0.0782,0.0947,0.1124,0.1310
0.1500,0.1700,0.1906,0.2119,0.2336,0.2559,0.2781,0.3006,0.3228,0.3454
0.3677,0.3906,0.4131,0.4351,0.4573,0.4799,0.5022,0.5237,0.5453,0.5674
0.5891,0.6101,0.6311,0.6521,0.6724,0.6928,0.7128,0.7328,0.7522,0.7712
0.7894,0.8072,0.8240,0.8401,0.8552,0.8695,0.8823,0.8944,0.9054,0.9153
0.9244,0.9326,0.9400,0.9468,0.9530,0.9585,0.9635,0.9679,0.9718,0.9753
0.9783,0.9809,0.9831,0.9850,0.9866,0.9880,0.9891,0.9902,0.9910,0.9917
0.9923,0.9928,0.9933,0.9937,0.9941,0.9945,0.9948,0.9951,0.9953,0.9956
0.9958,0.9960,0.9962,0.9964,0.9966,0.9968,0.9969,0.9971,0.9972,0.9973
0.9974,0.9975,0.9976,0.9978,0.9979,0.9980,0.9981,0.9982,0.9983,0.9984
0.9985,0.9986,0.9987,0.9987,0.9988,0.9989,0.9990,0.9991,0.9992,0.9993
0.9994,0.9994,0.9995,0.9996,0.9997,0.9998,0.9998,0.9999,0.9999,1.0000
