; Lookup table
;number of bins in Meek's time to distance lookup table
hdriftbins=138
;number of 1st bin in Meek's table in ns
hdrift1stbin=-24
;bin size in ns of Meek's table
hdriftbinsz=2
hwc1x1fract=0.0001,0.0001,0.0002,0.0002,0.0003,0.0004,0.0005,0.0006
0.0007,0.0008,0.0009,0.0011,0.0012,0.0014,0.0017,0.0020,0.0023,0.0028
0.0037,0.0050,0.0072,0.0111,0.0171,0.0254,0.0357,0.0478,0.0612,0.0759
0.0918,0.1088,0.1266,0.1452,0.1645,0.1844,0.2050,0.2260,0.2473,0.2688
0.2910,0.3132,0.3357,0.3579,0.3801,0.4026,0.4252,0.4473,0.4696,0.4915
0.5137,0.5358,0.5576,0.5790,0.6003,0.6213,0.6425,0.6631,0.6839,0.7043
0.7240,0.7435,0.7626,0.7811,0.7991,0.8165,0.8329,0.8487,0.8633,0.8771
0.8898,0.9014,0.9121,0.9220,0.9311,0.9392,0.9465,0.9532,0.9595,0.9649
0.9699,0.9742,0.9779,0.9812,0.9839,0.9862,0.9881,0.9897,0.9909,0.9919
0.9927,0.9935,0.9941,0.9945,0.9950,0.9953,0.9956,0.9959,0.9962,0.9965
0.9967,0.9969,0.9971,0.9973,0.9974,0.9976,0.9977,0.9978,0.9980,0.9981
0.9982,0.9983,0.9984,0.9985,0.9986,0.9987,0.9987,0.9988,0.9989,0.9990
0.9990,0.9991,0.9991,0.9992,0.9993,0.9993,0.9994,0.9995,0.9995,0.9996
0.9996,0.9997,0.9997,0.9998,0.9998,0.9998,0.9999,0.9999,1.0000,1.0000
hwc1y1fract=0.0000,0.0001,0.0001,0.0002,0.0002,0.0003,0.0003,0.0004
0.0005,0.0006,0.0007,0.0008,0.0009,0.0011,0.0013,0.0016,0.0021,0.0029
0.0044,0.0070,0.0117,0.0190,0.0293,0.0427,0.0589,0.0769,0.0970,0.1185
0.1407,0.1636,0.1867,0.2100,0.2333,0.2565,0.2798,0.3029,0.3255,0.3480
0.3701,0.3924,0.4145,0.4360,0.4574,0.4785,0.4995,0.5201,0.5407,0.5612
0.5814,0.6016,0.6215,0.6415,0.6611,0.6806,0.6999,0.7189,0.7377,0.7562
0.7743,0.7918,0.8090,0.8257,0.8416,0.8567,0.8710,0.8842,0.8965,0.9076
0.9176,0.9267,0.9347,0.9421,0.9483,0.9541,0.9592,0.9636,0.9676,0.9712
0.9744,0.9773,0.9798,0.9820,0.9839,0.9856,0.9871,0.9885,0.9896,0.9906
0.9915,0.9923,0.9929,0.9935,0.9941,0.9946,0.9950,0.9954,0.9958,0.9961
0.9964,0.9966,0.9969,0.9971,0.9973,0.9975,0.9977,0.9979,0.9980,0.9982
0.9983,0.9985,0.9986,0.9987,0.9988,0.9989,0.9990,0.9990,0.9991,0.9992
0.9992,0.9993,0.9993,0.9994,0.9994,0.9995,0.9995,0.9995,0.9996,0.9996
0.9997,0.9997,0.9998,0.9998,0.9998,0.9999,0.9999,0.9999,1.0000,1.0000
hwc1u1fract=0.0000,0.0001,0.0001,0.0001,0.0001,0.0002,0.0002,0.0002
0.0003,0.0003,0.0003,0.0004,0.0004,0.0005,0.0006,0.0007,0.0008,0.0012
0.0018,0.0034,0.0068,0.0133,0.0231,0.0358,0.0513,0.0686,0.0875,0.1075
0.1286,0.1504,0.1725,0.1947,0.2171,0.2397,0.2624,0.2851,0.3079,0.3302
0.3524,0.3744,0.3962,0.4179,0.4396,0.4606,0.4817,0.5024,0.5231,0.5436
0.5642,0.5844,0.6045,0.6243,0.6440,0.6636,0.6829,0.7022,0.7211,0.7398
0.7582,0.7762,0.7937,0.8107,0.8272,0.8432,0.8582,0.8723,0.8852,0.8969
0.9075,0.9171,0.9257,0.9333,0.9402,0.9464,0.9520,0.9572,0.9619,0.9661
0.9700,0.9735,0.9765,0.9793,0.9817,0.9837,0.9855,0.9870,0.9883,0.9893
0.9903,0.9911,0.9919,0.9925,0.9931,0.9936,0.9941,0.9946,0.9949,0.9953
0.9956,0.9960,0.9962,0.9965,0.9968,0.9970,0.9972,0.9974,0.9976,0.9978
0.9980,0.9981,0.9982,0.9984,0.9985,0.9986,0.9987,0.9988,0.9989,0.9989
0.9990,0.9991,0.9992,0.9992,0.9993,0.9994,0.9994,0.9995,0.9995,0.9996
0.9996,0.9997,0.9997,0.9998,0.9998,0.9998,0.9999,0.9999,1.0000,1.0000
hwc1v1fract=0.0000,0.0001,0.0001,0.0001,0.0002,0.0002,0.0002,0.0003
0.0003,0.0004,0.0005,0.0005,0.0006,0.0008,0.0010,0.0014,0.0023,0.0039
0.0073,0.0129,0.0214,0.0331,0.0470,0.0630,0.0803,0.0987,0.1180,0.1380
0.1585,0.1794,0.2006,0.2219,0.2435,0.2649,0.2866,0.3084,0.3300,0.3518
0.3732,0.3949,0.4160,0.4375,0.4588,0.4802,0.5011,0.5223,0.5430,0.5638
0.5846,0.6052,0.6256,0.6457,0.6653,0.6854,0.7048,0.7244,0.7432,0.7624
0.7808,0.7991,0.8168,0.8339,0.8499,0.8651,0.8789,0.8915,0.9031,0.9134
0.9226,0.9310,0.9383,0.9450,0.9509,0.9563,0.9612,0.9657,0.9698,0.9734
0.9766,0.9796,0.9821,0.9844,0.9863,0.9879,0.9892,0.9904,0.9913,0.9921
0.9928,0.9934,0.9939,0.9944,0.9948,0.9952,0.9955,0.9958,0.9961,0.9963
0.9965,0.9968,0.9970,0.9972,0.9973,0.9975,0.9977,0.9979,0.9980,0.9981
0.9983,0.9984,0.9985,0.9986,0.9987,0.9988,0.9988,0.9989,0.9990,0.9991
0.9992,0.9992,0.9993,0.9993,0.9994,0.9994,0.9995,0.9995,0.9996,0.9996
0.9996,0.9997,0.9997,0.9998,0.9998,0.9998,0.9999,0.9999,1.0000,1.0000
hwc1y2fract=0.0000,0.0001,0.0001,0.0001,0.0001,0.0002,0.0002,0.0003
0.0003,0.0003,0.0004,0.0004,0.0005,0.0005,0.0006,0.0008,0.0010,0.0016
0.0027,0.0049,0.0088,0.0152,0.0242,0.0360,0.0506,0.0673,0.0858,0.1057
0.1269,0.1487,0.1713,0.1944,0.2175,0.2405,0.2634,0.2862,0.3089,0.3316
0.3541,0.3762,0.3981,0.4199,0.4415,0.4627,0.4840,0.5049,0.5258,0.5464
0.5668,0.5870,0.6070,0.6273,0.6471,0.6667,0.6861,0.7056,0.7244,0.7431
0.7613,0.7790,0.7964,0.8133,0.8291,0.8444,0.8591,0.8730,0.8854,0.8972
0.9078,0.9174,0.9260,0.9337,0.9406,0.9468,0.9523,0.9573,0.9618,0.9660
0.9696,0.9729,0.9758,0.9784,0.9807,0.9827,0.9844,0.9860,0.9874,0.9886
0.9897,0.9906,0.9914,0.9921,0.9927,0.9933,0.9938,0.9944,0.9948,0.9951
0.9955,0.9958,0.9961,0.9964,0.9967,0.9969,0.9971,0.9973,0.9975,0.9977
0.9979,0.9980,0.9982,0.9983,0.9984,0.9985,0.9986,0.9987,0.9988,0.9989
0.9990,0.9991,0.9991,0.9992,0.9993,0.9993,0.9994,0.9995,0.9995,0.9996
0.9996,0.9996,0.9997,0.9997,0.9998,0.9998,0.9999,0.9999,1.0000,1.0000
hwc1x2fract=0.0000,0.0001,0.0001,0.0002,0.0002,0.0003,0.0004,0.0004
0.0005,0.0006,0.0007,0.0008,0.0009,0.0011,0.0014,0.0017,0.0025,0.0040
0.0065,0.0109,0.0175,0.0263,0.0373,0.0500,0.0643,0.0798,0.0962,0.1139
0.1324,0.1516,0.1714,0.1918,0.2127,0.2337,0.2554,0.2773,0.2996,0.3218
0.3441,0.3665,0.3892,0.4116,0.4339,0.4561,0.4781,0.4996,0.5213,0.5431
0.5643,0.5854,0.6065,0.6278,0.6487,0.6691,0.6894,0.7092,0.7290,0.7486
0.7676,0.7861,0.8038,0.8208,0.8371,0.8525,0.8669,0.8806,0.8929,0.9042
0.9147,0.9242,0.9329,0.9408,0.9480,0.9545,0.9603,0.9655,0.9703,0.9745
0.9781,0.9813,0.9839,0.9861,0.9880,0.9895,0.9907,0.9917,0.9926,0.9933
0.9939,0.9944,0.9948,0.9952,0.9955,0.9958,0.9961,0.9963,0.9966,0.9967
0.9969,0.9971,0.9973,0.9974,0.9976,0.9977,0.9979,0.9980,0.9981,0.9982
0.9983,0.9984,0.9985,0.9986,0.9987,0.9988,0.9988,0.9989,0.9990,0.9990
0.9991,0.9992,0.9992,0.9993,0.9994,0.9994,0.9995,0.9995,0.9996,0.9996
0.9996,0.9997,0.9997,0.9998,0.9998,0.9998,0.9999,0.9999,1.0000,1.0000
hwc2x1fract=0.0001,0.0001,0.0002,0.0002,0.0003,0.0004,0.0005,0.0006
0.0007,0.0009,0.0010,0.0012,0.0014,0.0016,0.0019,0.0023,0.0029,0.0040
0.0060,0.0096,0.0145,0.0214,0.0303,0.0411,0.0536,0.0680,0.0835,0.1002
0.1178,0.1362,0.1555,0.1754,0.1957,0.2165,0.2376,0.2593,0.2814,0.3036
0.3258,0.3482,0.3705,0.3930,0.4157,0.4382,0.4605,0.4826,0.5044,0.5262
0.5482,0.5696,0.5911,0.6123,0.6334,0.6546,0.6755,0.6961,0.7163,0.7363
0.7562,0.7755,0.7941,0.8122,0.8292,0.8454,0.8609,0.8751,0.8883,0.9003
0.9113,0.9214,0.9305,0.9386,0.9459,0.9525,0.9585,0.9639,0.9686,0.9729
0.9767,0.9799,0.9827,0.9852,0.9872,0.9889,0.9902,0.9914,0.9923,0.9931
0.9937,0.9942,0.9946,0.9951,0.9954,0.9957,0.9960,0.9963,0.9965,0.9968
0.9969,0.9971,0.9973,0.9975,0.9976,0.9978,0.9979,0.9980,0.9981,0.9983
0.9984,0.9985,0.9985,0.9986,0.9987,0.9988,0.9989,0.9989,0.9990,0.9991
0.9991,0.9992,0.9992,0.9993,0.9993,0.9994,0.9994,0.9995,0.9995,0.9996
0.9996,0.9997,0.9997,0.9998,0.9998,0.9998,0.9999,0.9999,1.0000,1.0000
hwc2y1fract=0.0000,0.0001,0.0001,0.0001,0.0001,0.0002,0.0002,0.0002
0.0003,0.0003,0.0003,0.0004,0.0004,0.0005,0.0006,0.0007,0.0009,0.0014
0.0023,0.0044,0.0086,0.0159,0.0265,0.0404,0.0575,0.0771,0.0986,0.1214
0.1448,0.1692,0.1936,0.2179,0.2422,0.2660,0.2894,0.3127,0.3360,0.3588
0.3811,0.4035,0.4252,0.4468,0.4682,0.4896,0.5107,0.5314,0.5521,0.5724
0.5927,0.6129,0.6330,0.6529,0.6725,0.6921,0.7115,0.7307,0.7495,0.7681
0.7864,0.8041,0.8213,0.8379,0.8536,0.8683,0.8822,0.8952,0.9070,0.9176
0.9271,0.9356,0.9430,0.9494,0.9550,0.9601,0.9645,0.9686,0.9721,0.9751
0.9779,0.9804,0.9826,0.9844,0.9860,0.9874,0.9886,0.9897,0.9906,0.9914
0.9921,0.9927,0.9933,0.9938,0.9943,0.9947,0.9950,0.9954,0.9957,0.9959
0.9962,0.9965,0.9967,0.9969,0.9971,0.9973,0.9974,0.9976,0.9978,0.9979
0.9981,0.9982,0.9984,0.9985,0.9986,0.9987,0.9988,0.9989,0.9990,0.9991
0.9991,0.9992,0.9993,0.9994,0.9994,0.9995,0.9995,0.9996,0.9996,0.9996
0.9997,0.9997,0.9998,0.9998,0.9998,0.9999,0.9999,0.9999,1.0000,1.0000
hwc2u1fract=0.0000,0.0000,0.0001,0.0001,0.0001,0.0001,0.0002,0.0002
0.0002,0.0003,0.0003,0.0004,0.0005,0.0005,0.0006,0.0008,0.0011,0.0016
0.0030,0.0062,0.0126,0.0229,0.0368,0.0542,0.0741,0.0956,0.1182,0.1417
0.1652,0.1894,0.2134,0.2374,0.2608,0.2841,0.3071,0.3301,0.3527,0.3749
0.3970,0.4190,0.4404,0.4614,0.4824,0.5032,0.5239,0.5447,0.5648,0.5851
0.6050,0.6248,0.6446,0.6641,0.6835,0.7027,0.7216,0.7404,0.7588,0.7772
0.7952,0.8125,0.8294,0.8458,0.8615,0.8759,0.8894,0.9016,0.9129,0.9228
0.9314,0.9391,0.9458,0.9517,0.9568,0.9615,0.9657,0.9694,0.9728,0.9757
0.9784,0.9807,0.9829,0.9847,0.9863,0.9877,0.9888,0.9898,0.9907,0.9914
0.9921,0.9926,0.9931,0.9936,0.9940,0.9944,0.9948,0.9951,0.9955,0.9958
0.9960,0.9963,0.9965,0.9968,0.9970,0.9972,0.9974,0.9976,0.9978,0.9979
0.9981,0.9982,0.9983,0.9985,0.9986,0.9987,0.9988,0.9989,0.9990,0.9990
0.9991,0.9992,0.9993,0.9993,0.9994,0.9994,0.9995,0.9995,0.9996,0.9996
0.9997,0.9997,0.9998,0.9998,0.9998,0.9999,0.9999,0.9999,1.0000,1.0000
hwc2v1fract=0.0000,0.0001,0.0001,0.0001,0.0002,0.0002,0.0003,0.0003
0.0004,0.0004,0.0005,0.0006,0.0007,0.0008,0.0010,0.0012,0.0018,0.0027
0.0049,0.0094,0.0172,0.0290,0.0438,0.0618,0.0818,0.1036,0.1260,0.1490
0.1728,0.1964,0.2200,0.2436,0.2669,0.2900,0.3130,0.3357,0.3581,0.3803
0.4023,0.4240,0.4453,0.4665,0.4877,0.5086,0.5288,0.5491,0.5694,0.5897
0.6092,0.6290,0.6484,0.6680,0.6875,0.7067,0.7259,0.7444,0.7630,0.7812
0.7992,0.8166,0.8330,0.8493,0.8642,0.8785,0.8918,0.9037,0.9142,0.9236
0.9320,0.9395,0.9461,0.9520,0.9572,0.9617,0.9657,0.9694,0.9728,0.9758
0.9785,0.9808,0.9828,0.9847,0.9862,0.9876,0.9887,0.9897,0.9906,0.9914
0.9920,0.9926,0.9931,0.9936,0.9941,0.9945,0.9948,0.9952,0.9955,0.9958
0.9961,0.9964,0.9966,0.9968,0.9971,0.9973,0.9975,0.9977,0.9979,0.9980
0.9982,0.9983,0.9984,0.9985,0.9986,0.9987,0.9988,0.9989,0.9990,0.9991
0.9992,0.9992,0.9993,0.9994,0.9994,0.9995,0.9995,0.9996,0.9996,0.9996
0.9997,0.9997,0.9997,0.9998,0.9998,0.9999,0.9999,0.9999,1.0000,1.0000
hwc2y2fract=0.0000,0.0001,0.0001,0.0001,0.0001,0.0002,0.0002,0.0003
0.0003,0.0003,0.0004,0.0004,0.0005,0.0006,0.0007,0.0009,0.0012,0.0018
0.0032,0.0058,0.0106,0.0186,0.0300,0.0448,0.0620,0.0821,0.1037,0.1268
0.1505,0.1748,0.1991,0.2235,0.2476,0.2714,0.2949,0.3185,0.3417,0.3644
0.3869,0.4092,0.4311,0.4529,0.4742,0.4953,0.5161,0.5368,0.5573,0.5776
0.5976,0.6176,0.6377,0.6576,0.6773,0.6970,0.7162,0.7353,0.7540,0.7724
0.7904,0.8079,0.8250,0.8413,0.8568,0.8716,0.8853,0.8980,0.9094,0.9197
0.9288,0.9369,0.9440,0.9503,0.9558,0.9609,0.9652,0.9691,0.9724,0.9755
0.9781,0.9805,0.9826,0.9844,0.9860,0.9874,0.9886,0.9897,0.9906,0.9915
0.9922,0.9928,0.9934,0.9938,0.9943,0.9947,0.9951,0.9954,0.9957,0.9960
0.9962,0.9964,0.9967,0.9969,0.9971,0.9972,0.9974,0.9976,0.9977,0.9979
0.9981,0.9982,0.9984,0.9985,0.9986,0.9987,0.9988,0.9989,0.9990,0.9991
0.9991,0.9992,0.9992,0.9993,0.9993,0.9994,0.9994,0.9995,0.9995,0.9996
0.9996,0.9997,0.9997,0.9998,0.9998,0.9998,0.9999,0.9999,0.9999,1.0000
hwc2x2fract=0.0000,0.0001,0.0001,0.0002,0.0003,0.0003,0.0004,0.0005
0.0005,0.0006,0.0007,0.0008,0.0010,0.0011,0.0013,0.0015,0.0018,0.0023
0.0032,0.0047,0.0075,0.0124,0.0200,0.0302,0.0426,0.0570,0.0728,0.0900
0.1084,0.1277,0.1477,0.1685,0.1895,0.2111,0.2332,0.2557,0.2784,0.3011
0.3240,0.3466,0.3695,0.3921,0.4145,0.4368,0.4587,0.4808,0.5024,0.5240
0.5455,0.5667,0.5879,0.6089,0.6298,0.6502,0.6707,0.6910,0.7109,0.7306
0.7499,0.7691,0.7879,0.8056,0.8229,0.8392,0.8550,0.8696,0.8833,0.8958
0.9074,0.9177,0.9270,0.9353,0.9428,0.9496,0.9555,0.9611,0.9661,0.9704
0.9744,0.9779,0.9809,0.9835,0.9856,0.9874,0.9890,0.9903,0.9914,0.9923
0.9931,0.9937,0.9942,0.9947,0.9951,0.9955,0.9958,0.9961,0.9963,0.9966
0.9968,0.9970,0.9972,0.9974,0.9976,0.9977,0.9979,0.9980,0.9981,0.9983
0.9984,0.9985,0.9986,0.9987,0.9988,0.9989,0.9989,0.9990,0.9990,0.9991
0.9992,0.9992,0.9993,0.9993,0.9994,0.9994,0.9995,0.9995,0.9995,0.9996
0.9996,0.9997,0.9997,0.9998,0.9998,0.9999,0.9999,0.9999,1.0000,1.0000
