; Lookup table
;number of bins in Meek's time to distance lookup table
hdriftbins=138
;number of 1st bin in Meek's table in ns
hdrift1stbin=-24
;bin size in ns of Meek's table
hdriftbinsz=2
hwc1x1fract=0.0002,0.0003,0.0005,0.0006,0.0008,0.0010,0.0012,0.0015
0.0017,0.0020,0.0023,0.0026,0.0030,0.0036,0.0042,0.0054,0.0071,0.0095
0.0126,0.0167,0.0223,0.0297,0.0390,0.0504,0.0633,0.0779,0.0940,0.1113
0.1298,0.1492,0.1693,0.1901,0.2114,0.2335,0.2557,0.2786,0.3014,0.3243
0.3473,0.3703,0.3930,0.4159,0.4385,0.4607,0.4828,0.5053,0.5270,0.5489
0.5703,0.5917,0.6129,0.6338,0.6542,0.6747,0.6948,0.7146,0.7339,0.7528
0.7714,0.7884,0.8053,0.8213,0.8363,0.8503,0.8636,0.8757,0.8870,0.8975
0.9070,0.9157,0.9237,0.9307,0.9374,0.9432,0.9489,0.9541,0.9586,0.9626
0.9664,0.9697,0.9726,0.9751,0.9772,0.9790,0.9806,0.9820,0.9832,0.9843
0.9853,0.9861,0.9869,0.9875,0.9881,0.9887,0.9893,0.9898,0.9902,0.9906
0.9910,0.9914,0.9917,0.9921,0.9924,0.9928,0.9931,0.9934,0.9937,0.9940
0.9942,0.9945,0.9947,0.9949,0.9952,0.9954,0.9957,0.9959,0.9961,0.9963
0.9966,0.9968,0.9971,0.9973,0.9975,0.9977,0.9978,0.9980,0.9982,0.9984
0.9986,0.9987,0.9989,0.9991,0.9992,0.9994,0.9996,0.9997,0.9999,1.0000
hwc1y1fract=0.0002,0.0003,0.0005,0.0007,0.0009,0.0011,0.0014,0.0016
0.0019,0.0022,0.0025,0.0029,0.0034,0.0039,0.0047,0.0056,0.0069,0.0088
0.0116,0.0161,0.0230,0.0334,0.0472,0.0636,0.0823,0.1033,0.1258,0.1490
0.1728,0.1970,0.2217,0.2460,0.2698,0.2939,0.3173,0.3404,0.3630,0.3855
0.4079,0.4298,0.4515,0.4730,0.4943,0.5155,0.5358,0.5557,0.5764,0.5964
0.6168,0.6364,0.6561,0.6759,0.6952,0.7140,0.7325,0.7510,0.7691,0.7863
0.8034,0.8198,0.8353,0.8503,0.8640,0.8766,0.8884,0.8992,0.9088,0.9171
0.9247,0.9314,0.9374,0.9426,0.9473,0.9514,0.9553,0.9588,0.9620,0.9651
0.9680,0.9703,0.9725,0.9744,0.9762,0.9778,0.9791,0.9803,0.9815,0.9825
0.9835,0.9843,0.9852,0.9860,0.9867,0.9874,0.9879,0.9885,0.9891,0.9896
0.9900,0.9905,0.9910,0.9914,0.9918,0.9922,0.9926,0.9930,0.9934,0.9937
0.9940,0.9944,0.9946,0.9949,0.9952,0.9955,0.9957,0.9960,0.9962,0.9965
0.9967,0.9969,0.9971,0.9973,0.9975,0.9977,0.9979,0.9981,0.9982,0.9984
0.9986,0.9987,0.9989,0.9991,0.9993,0.9994,0.9996,0.9997,0.9998,1.0000
hwc1u1fract=0.0001,0.0002,0.0003,0.0004,0.0005,0.0006,0.0007,0.0009
0.0010,0.0011,0.0013,0.0014,0.0016,0.0019,0.0024,0.0033,0.0050,0.0073
0.0105,0.0148,0.0210,0.0300,0.0412,0.0552,0.0718,0.0903,0.1103,0.1312
0.1531,0.1757,0.1984,0.2219,0.2452,0.2686,0.2919,0.3149,0.3380,0.3604
0.3827,0.4053,0.4269,0.4488,0.4702,0.4917,0.5126,0.5337,0.5541,0.5750
0.5953,0.6156,0.6357,0.6555,0.6750,0.6948,0.7141,0.7332,0.7517,0.7697
0.7873,0.8043,0.8205,0.8358,0.8501,0.8636,0.8760,0.8873,0.8974,0.9064
0.9146,0.9219,0.9286,0.9346,0.9399,0.9450,0.9496,0.9538,0.9576,0.9611
0.9643,0.9673,0.9699,0.9722,0.9743,0.9761,0.9778,0.9793,0.9806,0.9817
0.9828,0.9837,0.9845,0.9854,0.9861,0.9868,0.9875,0.9880,0.9886,0.9891
0.9896,0.9900,0.9905,0.9910,0.9914,0.9918,0.9922,0.9926,0.9930,0.9934
0.9937,0.9940,0.9943,0.9946,0.9949,0.9952,0.9955,0.9957,0.9960,0.9962
0.9965,0.9967,0.9970,0.9972,0.9974,0.9976,0.9978,0.9980,0.9981,0.9983
0.9985,0.9987,0.9989,0.9991,0.9992,0.9994,0.9995,0.9997,0.9998,1.0000
hwc1v1fract=0.0001,0.0002,0.0004,0.0004,0.0005,0.0007,0.0008,0.0010
0.0011,0.0013,0.0014,0.0016,0.0018,0.0021,0.0024,0.0028,0.0035,0.0048
0.0071,0.0114,0.0181,0.0279,0.0414,0.0579,0.0763,0.0966,0.1185,0.1408
0.1636,0.1871,0.2106,0.2341,0.2580,0.2810,0.3041,0.3271,0.3492,0.3713
0.3932,0.4149,0.4366,0.4578,0.4785,0.4996,0.5205,0.5412,0.5611,0.5814
0.6013,0.6212,0.6408,0.6606,0.6801,0.6995,0.7183,0.7371,0.7557,0.7742
0.7918,0.8090,0.8254,0.8410,0.8557,0.8693,0.8817,0.8928,0.9028,0.9117
0.9195,0.9263,0.9324,0.9379,0.9429,0.9473,0.9514,0.9553,0.9591,0.9625
0.9656,0.9682,0.9706,0.9728,0.9747,0.9764,0.9780,0.9793,0.9805,0.9816
0.9826,0.9836,0.9845,0.9853,0.9860,0.9868,0.9874,0.9881,0.9887,0.9892
0.9897,0.9902,0.9907,0.9912,0.9916,0.9921,0.9924,0.9928,0.9932,0.9935
0.9938,0.9941,0.9945,0.9948,0.9950,0.9953,0.9955,0.9958,0.9960,0.9963
0.9965,0.9967,0.9970,0.9972,0.9974,0.9976,0.9978,0.9980,0.9982,0.9984
0.9986,0.9988,0.9989,0.9991,0.9992,0.9994,0.9996,0.9997,0.9999,1.0000
hwc1y2fract=0.0001,0.0003,0.0004,0.0005,0.0006,0.0008,0.0009,0.0011
0.0012,0.0014,0.0016,0.0019,0.0021,0.0025,0.0029,0.0035,0.0043,0.0056
0.0077,0.0113,0.0168,0.0252,0.0367,0.0512,0.0683,0.0879,0.1089,0.1311
0.1545,0.1781,0.2021,0.2263,0.2504,0.2740,0.2972,0.3202,0.3436,0.3663
0.3886,0.4110,0.4330,0.4546,0.4758,0.4969,0.5177,0.5385,0.5589,0.5794
0.5996,0.6198,0.6396,0.6593,0.6785,0.6977,0.7165,0.7351,0.7532,0.7709
0.7879,0.8044,0.8207,0.8360,0.8504,0.8637,0.8761,0.8872,0.8974,0.9067
0.9149,0.9223,0.9289,0.9348,0.9400,0.9448,0.9491,0.9531,0.9566,0.9599
0.9629,0.9656,0.9680,0.9703,0.9722,0.9741,0.9757,0.9773,0.9787,0.9799
0.9810,0.9821,0.9831,0.9839,0.9848,0.9856,0.9864,0.9871,0.9877,0.9883
0.9889,0.9894,0.9899,0.9904,0.9908,0.9913,0.9917,0.9921,0.9925,0.9929
0.9933,0.9937,0.9940,0.9943,0.9946,0.9949,0.9952,0.9955,0.9957,0.9960
0.9963,0.9965,0.9968,0.9969,0.9972,0.9974,0.9976,0.9978,0.9980,0.9982
0.9984,0.9986,0.9988,0.9989,0.9991,0.9993,0.9995,0.9997,0.9998,1.0000
hwc1x2fract=0.0001,0.0003,0.0004,0.0005,0.0007,0.0008,0.0010,0.0011
0.0013,0.0015,0.0017,0.0019,0.0022,0.0024,0.0028,0.0034,0.0043,0.0056
0.0078,0.0111,0.0157,0.0226,0.0317,0.0429,0.0559,0.0708,0.0870,0.1046
0.1232,0.1431,0.1638,0.1852,0.2069,0.2294,0.2522,0.2751,0.2980,0.3208
0.3440,0.3672,0.3900,0.4127,0.4353,0.4573,0.4795,0.5019,0.5235,0.5451
0.5663,0.5874,0.6083,0.6291,0.6494,0.6696,0.6896,0.7096,0.7291,0.7481
0.7665,0.7843,0.8014,0.8177,0.8333,0.8480,0.8615,0.8742,0.8855,0.8960
0.9055,0.9141,0.9219,0.9292,0.9359,0.9420,0.9476,0.9526,0.9570,0.9612
0.9648,0.9681,0.9711,0.9737,0.9759,0.9778,0.9794,0.9810,0.9823,0.9835
0.9844,0.9853,0.9861,0.9868,0.9874,0.9880,0.9886,0.9891,0.9896,0.9901
0.9905,0.9909,0.9913,0.9917,0.9920,0.9924,0.9927,0.9931,0.9934,0.9936
0.9939,0.9942,0.9945,0.9947,0.9950,0.9952,0.9955,0.9957,0.9959,0.9961
0.9963,0.9966,0.9968,0.9970,0.9972,0.9974,0.9976,0.9978,0.9980,0.9982
0.9984,0.9986,0.9988,0.9990,0.9991,0.9993,0.9995,0.9996,0.9998,1.0000
hwc2x1fract=0.0002,0.0004,0.0006,0.0008,0.0010,0.0012,0.0014,0.0016
0.0019,0.0021,0.0025,0.0028,0.0032,0.0036,0.0042,0.0050,0.0060,0.0078
0.0108,0.0152,0.0212,0.0287,0.0379,0.0493,0.0625,0.0774,0.0937,0.1114
0.1301,0.1497,0.1700,0.1911,0.2126,0.2346,0.2569,0.2793,0.3019,0.3249
0.3476,0.3703,0.3929,0.4152,0.4380,0.4602,0.4828,0.5051,0.5271,0.5490
0.5706,0.5921,0.6135,0.6343,0.6551,0.6759,0.6960,0.7162,0.7358,0.7551
0.7740,0.7920,0.8093,0.8259,0.8416,0.8560,0.8696,0.8818,0.8930,0.9032
0.9124,0.9206,0.9281,0.9349,0.9409,0.9466,0.9519,0.9566,0.9608,0.9645
0.9680,0.9710,0.9736,0.9761,0.9780,0.9798,0.9815,0.9828,0.9839,0.9849
0.9858,0.9866,0.9873,0.9879,0.9885,0.9890,0.9895,0.9900,0.9905,0.9909
0.9913,0.9916,0.9920,0.9923,0.9926,0.9929,0.9933,0.9936,0.9938,0.9941
0.9944,0.9946,0.9949,0.9951,0.9954,0.9956,0.9959,0.9961,0.9963,0.9965
0.9967,0.9969,0.9971,0.9973,0.9975,0.9977,0.9979,0.9981,0.9982,0.9984
0.9986,0.9987,0.9989,0.9991,0.9993,0.9994,0.9996,0.9997,0.9999,1.0000
hwc2y1fract=0.0001,0.0003,0.0004,0.0005,0.0007,0.0008,0.0009,0.0011
0.0013,0.0015,0.0017,0.0019,0.0021,0.0024,0.0029,0.0035,0.0044,0.0058
0.0081,0.0121,0.0188,0.0288,0.0422,0.0589,0.0781,0.0994,0.1224,0.1467
0.1710,0.1953,0.2202,0.2449,0.2692,0.2930,0.3170,0.3406,0.3637,0.3863
0.4088,0.4312,0.4530,0.4745,0.4957,0.5167,0.5376,0.5582,0.5788,0.5991
0.6188,0.6387,0.6585,0.6781,0.6977,0.7171,0.7360,0.7544,0.7724,0.7903
0.8076,0.8244,0.8405,0.8557,0.8699,0.8826,0.8944,0.9051,0.9145,0.9228
0.9300,0.9364,0.9421,0.9471,0.9517,0.9557,0.9594,0.9627,0.9656,0.9683
0.9707,0.9727,0.9746,0.9764,0.9779,0.9793,0.9805,0.9817,0.9827,0.9835
0.9844,0.9851,0.9859,0.9866,0.9872,0.9878,0.9883,0.9888,0.9893,0.9898
0.9902,0.9906,0.9910,0.9914,0.9918,0.9922,0.9925,0.9929,0.9932,0.9936
0.9939,0.9942,0.9945,0.9947,0.9950,0.9953,0.9956,0.9958,0.9961,0.9963
0.9966,0.9968,0.9970,0.9972,0.9975,0.9976,0.9978,0.9980,0.9982,0.9984
0.9986,0.9987,0.9989,0.9990,0.9992,0.9994,0.9996,0.9997,0.9999,1.0000
hwc2u1fract=0.0001,0.0002,0.0003,0.0004,0.0005,0.0006,0.0007,0.0008
0.0010,0.0011,0.0012,0.0014,0.0015,0.0017,0.0019,0.0021,0.0025,0.0032
0.0044,0.0073,0.0128,0.0219,0.0348,0.0513,0.0705,0.0919,0.1146,0.1388
0.1629,0.1875,0.2120,0.2363,0.2604,0.2841,0.3079,0.3311,0.3541,0.3763
0.3982,0.4204,0.4422,0.4638,0.4850,0.5057,0.5265,0.5467,0.5669,0.5872
0.6073,0.6270,0.6463,0.6658,0.6850,0.7041,0.7233,0.7422,0.7608,0.7790
0.7966,0.8139,0.8305,0.8461,0.8610,0.8746,0.8871,0.8985,0.9087,0.9175
0.9254,0.9322,0.9381,0.9433,0.9480,0.9522,0.9561,0.9596,0.9628,0.9657
0.9685,0.9709,0.9731,0.9751,0.9768,0.9782,0.9796,0.9808,0.9819,0.9828
0.9836,0.9844,0.9851,0.9857,0.9864,0.9870,0.9876,0.9881,0.9887,0.9892
0.9896,0.9901,0.9906,0.9911,0.9915,0.9919,0.9923,0.9927,0.9930,0.9934
0.9937,0.9940,0.9943,0.9947,0.9950,0.9952,0.9955,0.9958,0.9961,0.9963
0.9965,0.9967,0.9970,0.9972,0.9974,0.9976,0.9978,0.9980,0.9982,0.9984
0.9986,0.9987,0.9990,0.9991,0.9993,0.9995,0.9996,0.9997,0.9999,1.0000
hwc2v1fract=0.0001,0.0003,0.0004,0.0005,0.0006,0.0008,0.0009,0.0011
0.0012,0.0014,0.0016,0.0018,0.0020,0.0022,0.0025,0.0029,0.0035,0.0046
0.0067,0.0107,0.0180,0.0291,0.0437,0.0613,0.0813,0.1036,0.1267,0.1510
0.1754,0.1996,0.2238,0.2484,0.2723,0.2960,0.3195,0.3424,0.3650,0.3876
0.4094,0.4313,0.4527,0.4741,0.4953,0.5159,0.5363,0.5568,0.5768,0.5969
0.6167,0.6363,0.6556,0.6752,0.6943,0.7134,0.7320,0.7508,0.7691,0.7869
0.8043,0.8212,0.8374,0.8527,0.8669,0.8803,0.8924,0.9031,0.9122,0.9208
0.9279,0.9343,0.9399,0.9449,0.9493,0.9534,0.9570,0.9604,0.9635,0.9664
0.9691,0.9713,0.9734,0.9753,0.9769,0.9784,0.9797,0.9808,0.9818,0.9828
0.9836,0.9844,0.9852,0.9859,0.9865,0.9872,0.9878,0.9883,0.9888,0.9893
0.9898,0.9903,0.9907,0.9911,0.9916,0.9920,0.9924,0.9928,0.9932,0.9935
0.9939,0.9942,0.9945,0.9948,0.9951,0.9954,0.9957,0.9959,0.9962,0.9964
0.9967,0.9969,0.9971,0.9973,0.9975,0.9977,0.9978,0.9980,0.9982,0.9984
0.9985,0.9987,0.9989,0.9990,0.9992,0.9993,0.9995,0.9997,0.9999,1.0000
hwc2y2fract=0.0001,0.0003,0.0004,0.0006,0.0007,0.0009,0.0011,0.0012
0.0014,0.0016,0.0019,0.0021,0.0025,0.0028,0.0033,0.0041,0.0053,0.0070
0.0098,0.0145,0.0219,0.0325,0.0467,0.0637,0.0833,0.1048,0.1281,0.1522
0.1768,0.2017,0.2261,0.2506,0.2751,0.2991,0.3227,0.3458,0.3689,0.3916
0.4142,0.4364,0.4580,0.4792,0.5003,0.5215,0.5422,0.5631,0.5832,0.6032
0.6237,0.6437,0.6633,0.6833,0.7027,0.7217,0.7403,0.7587,0.7769,0.7947
0.8117,0.8283,0.8440,0.8587,0.8727,0.8855,0.8968,0.9072,0.9163,0.9244
0.9317,0.9379,0.9434,0.9482,0.9525,0.9564,0.9600,0.9632,0.9661,0.9689
0.9713,0.9734,0.9752,0.9769,0.9783,0.9796,0.9807,0.9818,0.9827,0.9836
0.9845,0.9853,0.9860,0.9867,0.9872,0.9878,0.9883,0.9888,0.9893,0.9898
0.9902,0.9907,0.9911,0.9915,0.9918,0.9921,0.9925,0.9929,0.9932,0.9936
0.9939,0.9943,0.9946,0.9948,0.9951,0.9954,0.9956,0.9959,0.9961,0.9964
0.9966,0.9968,0.9970,0.9972,0.9974,0.9976,0.9978,0.9980,0.9982,0.9984
0.9985,0.9987,0.9989,0.9990,0.9992,0.9994,0.9995,0.9997,0.9999,1.0000
hwc2x2fract=0.0002,0.0003,0.0004,0.0006,0.0007,0.0009,0.0011,0.0013
0.0016,0.0018,0.0021,0.0024,0.0026,0.0030,0.0036,0.0042,0.0054,0.0075
0.0106,0.0149,0.0213,0.0294,0.0399,0.0522,0.0664,0.0825,0.0998,0.1182
0.1380,0.1585,0.1797,0.2016,0.2238,0.2463,0.2696,0.2925,0.3158,0.3388
0.3622,0.3850,0.4082,0.4305,0.4532,0.4756,0.4977,0.5194,0.5412,0.5623
0.5838,0.6051,0.6260,0.6467,0.6674,0.6882,0.7083,0.7278,0.7472,0.7659
0.7841,0.8019,0.8186,0.8347,0.8496,0.8638,0.8765,0.8881,0.8988,0.9085
0.9172,0.9249,0.9321,0.9384,0.9442,0.9495,0.9544,0.9587,0.9627,0.9662
0.9694,0.9722,0.9748,0.9769,0.9788,0.9804,0.9819,0.9831,0.9841,0.9851
0.9860,0.9867,0.9875,0.9880,0.9887,0.9892,0.9897,0.9901,0.9905,0.9909
0.9913,0.9916,0.9920,0.9923,0.9927,0.9930,0.9933,0.9936,0.9938,0.9941
0.9944,0.9946,0.9949,0.9951,0.9953,0.9956,0.9958,0.9960,0.9962,0.9964
0.9965,0.9968,0.9970,0.9972,0.9973,0.9975,0.9977,0.9979,0.9981,0.9983
0.9984,0.9986,0.9988,0.9990,0.9992,0.9993,0.9995,0.9997,0.9998,1.0000
