; Lookup table
;number of bins in Meek's time to distance lookup table
hdriftbins=138
;number of 1st bin in Meek's table in ns
hdrift1stbin=-24
;bin size in ns of Meek's table
hdriftbinsz=2
hwc1x1fract=0.0005,0.0009,0.0015,0.0021,0.0026,0.0032,0.0037,0.0044
0.0051,0.0057,0.0065,0.0073,0.0083,0.0096,0.0115,0.0141,0.0177,0.0222
0.0275,0.0341,0.0423,0.0517,0.0627,0.0752,0.0890,0.1039,0.1199,0.1366
0.1539,0.1719,0.1902,0.2092,0.2287,0.2488,0.2691,0.2898,0.3107,0.3318
0.3533,0.3745,0.3954,0.4167,0.4377,0.4589,0.4799,0.5008,0.5213,0.5416
0.5622,0.5827,0.6027,0.6222,0.6416,0.6611,0.6800,0.6986,0.7165,0.7339
0.7508,0.7672,0.7827,0.7972,0.8112,0.8243,0.8364,0.8480,0.8587,0.8687
0.8781,0.8867,0.8946,0.9019,0.9085,0.9147,0.9205,0.9259,0.9306,0.9347
0.9384,0.9418,0.9450,0.9475,0.9498,0.9520,0.9539,0.9555,0.9570,0.9584
0.9597,0.9610,0.9622,0.9633,0.9644,0.9654,0.9665,0.9674,0.9684,0.9693
0.9702,0.9711,0.9720,0.9728,0.9737,0.9746,0.9755,0.9764,0.9772,0.9781
0.9789,0.9797,0.9805,0.9814,0.9821,0.9829,0.9836,0.9844,0.9852,0.9859
0.9867,0.9875,0.9882,0.9890,0.9897,0.9905,0.9913,0.9921,0.9927,0.9935
0.9942,0.9950,0.9956,0.9964,0.9970,0.9976,0.9982,0.9988,0.9994,1.0000
hwc1y1fract=0.0005,0.0010,0.0015,0.0019,0.0025,0.0031,0.0037,0.0044
0.0050,0.0057,0.0064,0.0073,0.0082,0.0093,0.0106,0.0121,0.0140,0.0167
0.0201,0.0252,0.0325,0.0426,0.0555,0.0706,0.0873,0.1060,0.1258,0.1464
0.1673,0.1892,0.2109,0.2330,0.2546,0.2766,0.2983,0.3196,0.3407,0.3619
0.3825,0.4032,0.4236,0.4438,0.4641,0.4840,0.5034,0.5227,0.5420,0.5614
0.5805,0.5996,0.6185,0.6375,0.6555,0.6738,0.6915,0.7091,0.7262,0.7430
0.7595,0.7755,0.7910,0.8058,0.8197,0.8330,0.8453,0.8565,0.8664,0.8755
0.8839,0.8916,0.8985,0.9047,0.9104,0.9156,0.9205,0.9248,0.9289,0.9328
0.9362,0.9396,0.9423,0.9450,0.9475,0.9499,0.9520,0.9541,0.9559,0.9575
0.9591,0.9606,0.9619,0.9633,0.9646,0.9658,0.9669,0.9681,0.9692,0.9704
0.9714,0.9724,0.9733,0.9742,0.9751,0.9761,0.9769,0.9778,0.9787,0.9795
0.9804,0.9812,0.9821,0.9829,0.9836,0.9843,0.9851,0.9858,0.9865,0.9873
0.9881,0.9888,0.9895,0.9901,0.9909,0.9916,0.9922,0.9929,0.9935,0.9941
0.9948,0.9953,0.9960,0.9966,0.9971,0.9978,0.9984,0.9989,0.9994,1.0000
hwc1u1fract=0.0003,0.0007,0.0011,0.0015,0.0019,0.0023,0.0028,0.0032
0.0037,0.0041,0.0046,0.0051,0.0057,0.0065,0.0080,0.0101,0.0132,0.0174
0.0227,0.0294,0.0383,0.0491,0.0621,0.0769,0.0932,0.1108,0.1291,0.1481
0.1677,0.1878,0.2087,0.2293,0.2504,0.2712,0.2926,0.3141,0.3351,0.3563
0.3771,0.3980,0.4191,0.4396,0.4603,0.4803,0.5006,0.5209,0.5407,0.5601
0.5798,0.5992,0.6185,0.6376,0.6566,0.6753,0.6937,0.7115,0.7294,0.7467
0.7634,0.7794,0.7949,0.8090,0.8228,0.8354,0.8472,0.8578,0.8674,0.8764
0.8846,0.8923,0.8992,0.9056,0.9116,0.9170,0.9219,0.9266,0.9308,0.9349
0.9386,0.9420,0.9450,0.9477,0.9501,0.9524,0.9544,0.9562,0.9579,0.9595
0.9610,0.9624,0.9636,0.9649,0.9660,0.9671,0.9682,0.9692,0.9702,0.9712
0.9721,0.9730,0.9740,0.9748,0.9756,0.9765,0.9773,0.9782,0.9790,0.9798
0.9805,0.9813,0.9820,0.9828,0.9836,0.9844,0.9851,0.9858,0.9866,0.9873
0.9880,0.9887,0.9894,0.9902,0.9909,0.9915,0.9922,0.9929,0.9936,0.9942
0.9948,0.9955,0.9960,0.9966,0.9973,0.9979,0.9984,0.9990,0.9995,1.0000
hwc1v1fract=0.0004,0.0008,0.0012,0.0015,0.0020,0.0024,0.0028,0.0032
0.0036,0.0040,0.0045,0.0050,0.0055,0.0060,0.0066,0.0073,0.0082,0.0098
0.0122,0.0164,0.0231,0.0326,0.0446,0.0590,0.0757,0.0937,0.1126,0.1327
0.1532,0.1740,0.1954,0.2164,0.2376,0.2592,0.2807,0.3020,0.3231,0.3445
0.3653,0.3860,0.4067,0.4268,0.4473,0.4675,0.4871,0.5068,0.5263,0.5460
0.5653,0.5847,0.6040,0.6227,0.6413,0.6600,0.6783,0.6963,0.7142,0.7320
0.7490,0.7658,0.7820,0.7974,0.8122,0.8259,0.8391,0.8510,0.8619,0.8715
0.8802,0.8881,0.8953,0.9019,0.9080,0.9137,0.9189,0.9238,0.9281,0.9324
0.9363,0.9399,0.9433,0.9460,0.9487,0.9511,0.9533,0.9552,0.9570,0.9586
0.9601,0.9616,0.9630,0.9643,0.9655,0.9667,0.9678,0.9690,0.9700,0.9709
0.9719,0.9729,0.9738,0.9747,0.9755,0.9764,0.9773,0.9782,0.9790,0.9798
0.9806,0.9814,0.9822,0.9829,0.9837,0.9844,0.9851,0.9858,0.9866,0.9873
0.9880,0.9887,0.9894,0.9901,0.9908,0.9915,0.9921,0.9928,0.9934,0.9941
0.9947,0.9953,0.9959,0.9966,0.9972,0.9977,0.9983,0.9989,0.9995,1.0000
hwc1y2fract=0.0004,0.0009,0.0014,0.0018,0.0022,0.0027,0.0032,0.0037
0.0043,0.0049,0.0055,0.0062,0.0069,0.0078,0.0089,0.0103,0.0123,0.0151
0.0192,0.0254,0.0336,0.0445,0.0577,0.0731,0.0903,0.1093,0.1288,0.1491
0.1700,0.1914,0.2127,0.2343,0.2561,0.2776,0.2989,0.3203,0.3410,0.3624
0.3830,0.4039,0.4239,0.4442,0.4643,0.4841,0.5040,0.5234,0.5427,0.5620
0.5811,0.6002,0.6193,0.6378,0.6564,0.6745,0.6924,0.7100,0.7273,0.7443
0.7605,0.7762,0.7911,0.8054,0.8189,0.8317,0.8435,0.8542,0.8642,0.8733
0.8816,0.8891,0.8959,0.9021,0.9080,0.9133,0.9181,0.9226,0.9268,0.9308
0.9344,0.9377,0.9408,0.9435,0.9461,0.9485,0.9506,0.9527,0.9545,0.9562
0.9579,0.9594,0.9608,0.9621,0.9634,0.9647,0.9659,0.9671,0.9682,0.9693
0.9703,0.9713,0.9723,0.9732,0.9742,0.9751,0.9761,0.9770,0.9779,0.9788
0.9797,0.9806,0.9815,0.9823,0.9831,0.9838,0.9846,0.9854,0.9861,0.9868
0.9876,0.9883,0.9891,0.9898,0.9905,0.9912,0.9919,0.9925,0.9932,0.9939
0.9945,0.9952,0.9958,0.9964,0.9970,0.9976,0.9982,0.9988,0.9995,1.0000
hwc1x2fract=0.0005,0.0009,0.0014,0.0018,0.0023,0.0028,0.0033,0.0038
0.0043,0.0049,0.0055,0.0061,0.0068,0.0075,0.0085,0.0098,0.0116,0.0143
0.0179,0.0226,0.0289,0.0371,0.0469,0.0585,0.0717,0.0859,0.1011,0.1171
0.1344,0.1526,0.1711,0.1907,0.2100,0.2305,0.2508,0.2717,0.2927,0.3139
0.3353,0.3564,0.3778,0.3991,0.4205,0.4416,0.4625,0.4831,0.5038,0.5240
0.5444,0.5647,0.5847,0.6048,0.6244,0.6438,0.6628,0.6815,0.7005,0.7184
0.7360,0.7529,0.7692,0.7847,0.7998,0.8139,0.8271,0.8392,0.8504,0.8611
0.8710,0.8797,0.8882,0.8958,0.9029,0.9095,0.9156,0.9212,0.9263,0.9310
0.9352,0.9389,0.9423,0.9454,0.9479,0.9502,0.9522,0.9541,0.9558,0.9573
0.9588,0.9601,0.9614,0.9625,0.9637,0.9648,0.9659,0.9669,0.9679,0.9689
0.9698,0.9707,0.9717,0.9727,0.9735,0.9744,0.9752,0.9762,0.9770,0.9779
0.9787,0.9795,0.9803,0.9811,0.9819,0.9827,0.9835,0.9843,0.9850,0.9859
0.9866,0.9874,0.9882,0.9890,0.9898,0.9905,0.9913,0.9920,0.9927,0.9933
0.9940,0.9947,0.9955,0.9961,0.9968,0.9974,0.9981,0.9988,0.9994,1.0000
hwc2x1fract=0.0005,0.0010,0.0014,0.0020,0.0025,0.0030,0.0036,0.0042
0.0048,0.0055,0.0063,0.0072,0.0082,0.0096,0.0114,0.0139,0.0176,0.0231
0.0301,0.0385,0.0486,0.0601,0.0731,0.0874,0.1027,0.1189,0.1360,0.1536
0.1719,0.1906,0.2100,0.2299,0.2501,0.2705,0.2916,0.3125,0.3332,0.3542
0.3754,0.3964,0.4179,0.4392,0.4605,0.4817,0.5024,0.5235,0.5442,0.5647
0.5850,0.6051,0.6251,0.6446,0.6641,0.6834,0.7024,0.7206,0.7385,0.7558
0.7729,0.7888,0.8042,0.8181,0.8314,0.8435,0.8551,0.8653,0.8748,0.8836
0.8918,0.8993,0.9062,0.9127,0.9185,0.9238,0.9287,0.9331,0.9370,0.9407
0.9439,0.9468,0.9493,0.9515,0.9536,0.9554,0.9570,0.9585,0.9598,0.9611
0.9624,0.9635,0.9647,0.9657,0.9667,0.9677,0.9686,0.9696,0.9705,0.9714
0.9722,0.9731,0.9740,0.9748,0.9757,0.9764,0.9772,0.9781,0.9789,0.9797
0.9804,0.9812,0.9821,0.9828,0.9836,0.9843,0.9850,0.9858,0.9866,0.9873
0.9880,0.9888,0.9894,0.9901,0.9908,0.9915,0.9921,0.9928,0.9934,0.9941
0.9948,0.9954,0.9960,0.9967,0.9972,0.9978,0.9984,0.9989,0.9995,1.0000
hwc2y1fract=0.0004,0.0009,0.0012,0.0016,0.0020,0.0025,0.0030,0.0035
0.0040,0.0046,0.0052,0.0058,0.0065,0.0072,0.0080,0.0090,0.0104,0.0124
0.0154,0.0200,0.0271,0.0370,0.0497,0.0651,0.0827,0.1016,0.1223,0.1437
0.1655,0.1879,0.2103,0.2325,0.2547,0.2765,0.2984,0.3200,0.3415,0.3626
0.3837,0.4046,0.4253,0.4460,0.4661,0.4858,0.5054,0.5249,0.5445,0.5641
0.5832,0.6019,0.6209,0.6397,0.6583,0.6768,0.6951,0.7127,0.7304,0.7475
0.7644,0.7806,0.7962,0.8112,0.8253,0.8385,0.8505,0.8614,0.8716,0.8809
0.8892,0.8966,0.9032,0.9092,0.9147,0.9196,0.9242,0.9285,0.9323,0.9358
0.9390,0.9420,0.9449,0.9472,0.9496,0.9516,0.9535,0.9553,0.9571,0.9587
0.9601,0.9615,0.9628,0.9641,0.9653,0.9665,0.9676,0.9686,0.9697,0.9707
0.9717,0.9726,0.9736,0.9745,0.9754,0.9763,0.9772,0.9780,0.9789,0.9797
0.9806,0.9814,0.9822,0.9830,0.9838,0.9846,0.9853,0.9861,0.9868,0.9876
0.9883,0.9890,0.9897,0.9903,0.9910,0.9916,0.9923,0.9929,0.9935,0.9942
0.9948,0.9954,0.9960,0.9966,0.9972,0.9978,0.9983,0.9989,0.9995,1.0000
hwc2u1fract=0.0003,0.0006,0.0010,0.0014,0.0018,0.0022,0.0026,0.0030
0.0034,0.0038,0.0043,0.0048,0.0052,0.0057,0.0062,0.0068,0.0077,0.0090
0.0115,0.0165,0.0247,0.0361,0.0504,0.0674,0.0864,0.1067,0.1282,0.1503
0.1724,0.1946,0.2170,0.2392,0.2617,0.2839,0.3057,0.3274,0.3486,0.3698
0.3906,0.4109,0.4313,0.4516,0.4717,0.4916,0.5112,0.5303,0.5495,0.5687
0.5877,0.6062,0.6249,0.6436,0.6622,0.6805,0.6990,0.7171,0.7348,0.7521
0.7687,0.7848,0.8005,0.8154,0.8298,0.8430,0.8551,0.8661,0.8758,0.8844
0.8924,0.8994,0.9059,0.9117,0.9171,0.9219,0.9264,0.9304,0.9344,0.9379
0.9411,0.9440,0.9468,0.9491,0.9514,0.9534,0.9552,0.9568,0.9583,0.9597
0.9612,0.9624,0.9637,0.9649,0.9660,0.9670,0.9681,0.9692,0.9702,0.9712
0.9722,0.9732,0.9741,0.9750,0.9759,0.9768,0.9777,0.9785,0.9794,0.9802
0.9810,0.9819,0.9827,0.9835,0.9843,0.9850,0.9858,0.9865,0.9872,0.9879
0.9887,0.9893,0.9900,0.9907,0.9913,0.9919,0.9926,0.9932,0.9938,0.9944
0.9950,0.9956,0.9962,0.9967,0.9973,0.9978,0.9984,0.9989,0.9994,1.0000
hwc2v1fract=0.0004,0.0008,0.0012,0.0016,0.0020,0.0025,0.0029,0.0033
0.0038,0.0042,0.0047,0.0052,0.0056,0.0062,0.0068,0.0075,0.0083,0.0098
0.0120,0.0163,0.0236,0.0340,0.0475,0.0639,0.0820,0.1020,0.1226,0.1442
0.1658,0.1877,0.2098,0.2322,0.2541,0.2761,0.2977,0.3194,0.3405,0.3618
0.3828,0.4037,0.4242,0.4442,0.4642,0.4843,0.5039,0.5236,0.5426,0.5619
0.5807,0.5997,0.6184,0.6375,0.6558,0.6740,0.6921,0.7099,0.7274,0.7447
0.7618,0.7783,0.7939,0.8088,0.8232,0.8369,0.8493,0.8605,0.8702,0.8794
0.8876,0.8951,0.9020,0.9080,0.9137,0.9188,0.9234,0.9277,0.9317,0.9355
0.9390,0.9420,0.9449,0.9474,0.9498,0.9521,0.9541,0.9558,0.9575,0.9591
0.9605,0.9620,0.9633,0.9646,0.9657,0.9668,0.9679,0.9690,0.9700,0.9710
0.9720,0.9729,0.9738,0.9747,0.9756,0.9765,0.9774,0.9782,0.9790,0.9799
0.9807,0.9816,0.9824,0.9832,0.9839,0.9846,0.9854,0.9862,0.9868,0.9875
0.9882,0.9890,0.9897,0.9904,0.9910,0.9917,0.9924,0.9930,0.9936,0.9943
0.9949,0.9955,0.9961,0.9967,0.9973,0.9979,0.9984,0.9990,0.9995,1.0000
hwc2y2fract=0.0004,0.0009,0.0013,0.0017,0.0022,0.0026,0.0031,0.0037
0.0042,0.0048,0.0054,0.0060,0.0068,0.0076,0.0086,0.0099,0.0115,0.0140
0.0175,0.0231,0.0308,0.0412,0.0546,0.0705,0.0883,0.1078,0.1286,0.1503
0.1717,0.1940,0.2167,0.2386,0.2607,0.2827,0.3048,0.3266,0.3480,0.3692
0.3905,0.4111,0.4315,0.4517,0.4718,0.4918,0.5114,0.5311,0.5504,0.5695
0.5887,0.6077,0.6266,0.6455,0.6640,0.6822,0.7001,0.7177,0.7348,0.7516
0.7682,0.7841,0.7997,0.8141,0.8280,0.8410,0.8528,0.8637,0.8736,0.8827
0.8905,0.8977,0.9043,0.9102,0.9155,0.9205,0.9250,0.9290,0.9328,0.9362
0.9394,0.9423,0.9450,0.9476,0.9498,0.9519,0.9537,0.9556,0.9573,0.9588
0.9602,0.9616,0.9628,0.9641,0.9653,0.9664,0.9676,0.9686,0.9697,0.9706
0.9716,0.9725,0.9735,0.9744,0.9754,0.9762,0.9772,0.9781,0.9790,0.9798
0.9806,0.9814,0.9822,0.9830,0.9838,0.9845,0.9853,0.9860,0.9867,0.9874
0.9881,0.9888,0.9895,0.9902,0.9909,0.9915,0.9922,0.9928,0.9935,0.9942
0.9948,0.9954,0.9960,0.9966,0.9972,0.9978,0.9983,0.9989,0.9994,1.0000
hwc2x2fract=0.0004,0.0009,0.0013,0.0017,0.0022,0.0026,0.0032,0.0037
0.0043,0.0049,0.0055,0.0062,0.0070,0.0079,0.0091,0.0109,0.0136,0.0177
0.0231,0.0301,0.0387,0.0492,0.0611,0.0747,0.0895,0.1050,0.1216,0.1392
0.1574,0.1761,0.1955,0.2159,0.2362,0.2567,0.2775,0.2987,0.3200,0.3414
0.3626,0.3842,0.4056,0.4269,0.4483,0.4695,0.4901,0.5110,0.5317,0.5521
0.5726,0.5928,0.6129,0.6326,0.6523,0.6718,0.6908,0.7095,0.7277,0.7453
0.7626,0.7792,0.7950,0.8098,0.8238,0.8369,0.8488,0.8598,0.8700,0.8792
0.8878,0.8956,0.9028,0.9095,0.9158,0.9214,0.9265,0.9310,0.9352,0.9391
0.9426,0.9457,0.9487,0.9510,0.9531,0.9550,0.9567,0.9583,0.9598,0.9611
0.9624,0.9635,0.9647,0.9658,0.9669,0.9678,0.9689,0.9697,0.9706,0.9714
0.9723,0.9732,0.9741,0.9749,0.9757,0.9765,0.9774,0.9781,0.9790,0.9798
0.9805,0.9813,0.9820,0.9828,0.9835,0.9843,0.9850,0.9858,0.9865,0.9873
0.9880,0.9886,0.9893,0.9900,0.9907,0.9914,0.9921,0.9927,0.9934,0.9940
0.9947,0.9954,0.9960,0.9966,0.9972,0.9978,0.9983,0.9989,0.9995,1.0000
