52531
52532
52533
52535
52536
52537
52538
52539
52540
52541
52542
52544
52545
52546
52547
52548
52549
52550
52551
52552
52553
52554
52555
52556
52557
52558
52559
52560
52562
52563
52564
52565
52566
52567
52568
52569
52570
52571
52572
52573
52574
52575
52576
52577
52578
52579
52580
52581
52582
52583
52584
52585
52586
52587
52588
52589
52593
52594
52595
52598
52599
52602
52603
52605
52606
52607
52608
52609
52610
52611
52612
52613
52614
52617
52618
52619
52620
52621
52622
52623
52624
52625
52626
52627
52629
52630
52631
52632
52633
52634
52635
52636
52637
52638
52639
52640
52641
52642
52643
52644
52656
52657
52658
52659
52660
52661
52662
52663
52664
52665
52666
52667
52668
52669
52670
52671
52672
52673
52674
52675
52676
52677
52678
52679
52680
52681
52682
52683
52684
52685
52686
52687
52688
52689
52690
52691
52692
52694
52695
52696
52697
52698
52699
52700
52701
52702
52703
52704
52705
52706
52710
52711
52714
52715
52716
52718
52719
52720
52721
52722
52723
52726
52727
52731
52732
52733
52734
52735
52736
52737
52738
52739
52740
52741
52742
52743
52744
52745
52747
52748
52749
52750
52751
52752
52753
52754
52755
52756
52757
52758
52759
52760
52761
52762
52763
52764
52765
52766
52767
52768
52770
52771
52772
52774
52777
52779
52781
52782
52783
52784
52785
52787
52788
52789
52790
52794
52796
52798
52799
52801
52804
52805
52806
52807
52808
52809
52810
52811
52813
52814
52815
52816
52817
52818
52819
52820
52822
52823
52824
52825
52826
52827
52829
52830
52832
52833
52834
52835
52836
52837
52840
52841
52843
52844
52845
52846
52847
52848
52849
52850
52851
52852
52853
52855
52857
52858
52859
52860
52861
52862
52863
52864
52866
52867
52868
52869
52870
52871
52872
52873
52874
52875
52876
52877
52878
52879
52880
52881
52882
52883
52884
52888
52889
52890
52891
52892
52896
52897
52898
52899
52900
52901
52902
52905
52906
52908
52909
52910
52911
52912
52913
52914
52915
52916
52917
52918
52919
52920
52921
52922
52923
52924
52925
52926
52927
52928
52929
52930
52931
52932
52933
52934
52935
52936
52937
52938
52939
52940
52941
52942
52943
52944
52945
52946
52947
52948
52949
52951
52953
52954
52955
52956
52957
52958
52959
52960
52961
52962
52963
52964
52965
52966
52967
52968
52969
52970
52971
52973
52974
52975
52976
52977
52979
52986
52988
52989
52990
52991
52992
52993
52995
52996
52997
52998
52999
53000
53001
53002
53003
53004
53005
53006
53007
53008
53009
53010
53011
53013
53014
53015
53016
53017
53018
53019
53020
53021
53022
53023
53024
53025
53026
53027
53028
53029
53030
53031
53032
53033
53034
53035
53037
53038
53039
53040
53041
53042
53044
53045
53046
53047
53048
53049
53050
53051
53052
53053
53054
53055
53056
53057
53058
53059
53060
53061
53062
53063
53064
53065
53066
53067
53068
53069
53070
53071
53072
53073
53074
53075
53076
53077
53078
53079
53080
53081
53082
53084
53085
53086
53087
53088
53089
53090
53091
53092
53093
53094
53095
53096
53098
53100
53101
53103
53104
53105
53106
53107
53108
53109
53110
53111
53112
53136
53138
53139
53140
53142
53143
53144
53153
53154
53155
53156
53157
53165
53166
53167
53168
53169
53170
53171
53172
53174
53176
53177
53178
53180
53181
53182
53183
53184
53185
53186
53187
53188
53189
53190
53191
53192
53193
53194
53195
53196
53197
53198
53199
53200
53201
53202
53203
53204
53205
53207
53208
53209
53210
53211
53212
53213
53214
53215
53216
53217
53218
53219
53220
53221
53222
53223
53224
53225
53226
53227
53228
53229
53230
53231
53232
53233
53234
53235
53236
53237
53238
53239
53240
53241
53242
53243
53244
53245
53246
53247
53248
53249
53250
53251
53252
53254
53255
53256
53257
53258
53259
53260
53261
53262
53263
53264
53265
53266
53267
53269
53270
53271
53272
53273
53275
53278
53279
53280
53281
53282
53283
53284
53287
53288
53290
53291
53292
53294
53295
53296
53297
53298
53299
53300
53301
53302
53303
53304
53305
53307
53308
53309
53310
53311
53312
53313
53314
53315
53316
53317
53318
53320
53324
53325
53326
53327
53330
53331
53333
53335
53336
53337
53338
53339
53340
53341
53342
53344
53345
53346
53347
53348
53349
53353
53354
53355
53356
53357
53358
53359
53360
53361
53362
53363
53364
53365
53366
53367
53368
53369
53370
53371
53372
53373
53374
53375
53376
53377
53378
53379
53380
53381
53382
53385
53386
53387
53388
53389
53390
53391
53392
53393
53394
53395
53396
53397
53398
53399
53400
53401
53402
53403
53404
53405
53406
53407
53408
53409
53410
53411
53412
53414
