; Lookup table
;number of bins in Meek's time to distance lookup table
sdriftbins=138
;number of 1st bin in Meek's table in ns
sdrift1stbin=-24
;bin size in ns of Meek's table
sdriftbinsz=2
swc1u1fract=0.0002,0.0004,0.0006,0.0008,0.0011,0.0014,0.0017,0.0020
0.0022,0.0026,0.0029,0.0033,0.0038,0.0043,0.0051,0.0064,0.0082,0.0116
0.0165,0.0225,0.0301,0.0392,0.0504,0.0629,0.0771,0.0938,0.1113,0.1313
0.1516,0.1738,0.1963,0.2202,0.2445,0.2694,0.2953,0.3207,0.3463,0.3727
0.3983,0.4244,0.4509,0.4767,0.5017,0.5267,0.5505,0.5740,0.5957,0.6176
0.6393,0.6607,0.6813,0.7017,0.7225,0.7427,0.7612,0.7790,0.7970,0.8139
0.8306,0.8459,0.8609,0.8748,0.8867,0.8980,0.9077,0.9157,0.9236,0.9308
0.9367,0.9423,0.9472,0.9515,0.9552,0.9590,0.9623,0.9655,0.9679,0.9701
0.9720,0.9741,0.9758,0.9776,0.9794,0.9809,0.9823,0.9836,0.9847,0.9856
0.9865,0.9873,0.9881,0.9887,0.9892,0.9898,0.9903,0.9908,0.9912,0.9916
0.9920,0.9924,0.9927,0.9930,0.9933,0.9937,0.9939,0.9942,0.9944,0.9947
0.9950,0.9953,0.9956,0.9959,0.9961,0.9964,0.9966,0.9968,0.9970,0.9973
0.9974,0.9977,0.9978,0.9980,0.9982,0.9983,0.9986,0.9988,0.9989,0.9991
0.9993,0.9994,0.9997,0.9999,0.9999,1.0000,1.0000,1.0000,1.0000,1.0000
swc1u2fract=0.0002,0.0003,0.0005,0.0007,0.0009,0.0012,0.0014,0.0016
0.0018,0.0021,0.0024,0.0026,0.0029,0.0032,0.0035,0.0040,0.0050,0.0068
0.0098,0.0145,0.0205,0.0278,0.0363,0.0472,0.0607,0.0746,0.0912,0.1093
0.1283,0.1490,0.1708,0.1942,0.2177,0.2431,0.2688,0.2943,0.3196,0.3450
0.3719,0.3979,0.4235,0.4483,0.4732,0.4970,0.5203,0.5441,0.5675,0.5922
0.6142,0.6363,0.6573,0.6772,0.6970,0.7170,0.7360,0.7542,0.7718,0.7893
0.8063,0.8226,0.8381,0.8532,0.8674,0.8806,0.8923,0.9026,0.9120,0.9201
0.9268,0.9335,0.9389,0.9440,0.9486,0.9526,0.9561,0.9593,0.9624,0.9651
0.9678,0.9703,0.9724,0.9746,0.9766,0.9782,0.9796,0.9813,0.9824,0.9834
0.9845,0.9856,0.9864,0.9872,0.9880,0.9888,0.9892,0.9897,0.9901,0.9905
0.9909,0.9913,0.9916,0.9920,0.9924,0.9928,0.9932,0.9934,0.9936,0.9940
0.9942,0.9945,0.9949,0.9952,0.9955,0.9958,0.9960,0.9962,0.9964,0.9968
0.9970,0.9972,0.9976,0.9978,0.9979,0.9981,0.9983,0.9984,0.9987,0.9989
0.9991,0.9993,0.9994,0.9997,0.9998,0.9999,0.9999,1.0000,1.0000,1.0000
swc1x1fract=0.0002,0.0004,0.0006,0.0007,0.0010,0.0012,0.0014,0.0017
0.0020,0.0023,0.0025,0.0027,0.0030,0.0033,0.0037,0.0043,0.0053,0.0069
0.0099,0.0139,0.0204,0.0289,0.0387,0.0505,0.0644,0.0800,0.0966,0.1152
0.1353,0.1573,0.1799,0.2027,0.2267,0.2515,0.2762,0.3020,0.3271,0.3527
0.3773,0.4027,0.4281,0.4526,0.4771,0.5014,0.5250,0.5494,0.5723,0.5948
0.6161,0.6373,0.6576,0.6773,0.6967,0.7160,0.7353,0.7539,0.7721,0.7897
0.8073,0.8235,0.8399,0.8552,0.8697,0.8827,0.8950,0.9061,0.9154,0.9234
0.9306,0.9368,0.9424,0.9472,0.9514,0.9553,0.9590,0.9623,0.9653,0.9681
0.9706,0.9730,0.9750,0.9768,0.9785,0.9801,0.9816,0.9828,0.9839,0.9851
0.9860,0.9867,0.9876,0.9882,0.9887,0.9892,0.9897,0.9902,0.9905,0.9909
0.9912,0.9915,0.9920,0.9923,0.9926,0.9929,0.9932,0.9934,0.9937,0.9939
0.9942,0.9944,0.9947,0.9950,0.9952,0.9955,0.9956,0.9959,0.9962,0.9964
0.9966,0.9968,0.9971,0.9973,0.9975,0.9976,0.9979,0.9981,0.9983,0.9985
0.9987,0.9988,0.9991,0.9992,0.9994,0.9996,0.9997,0.9998,0.9999,1.0000
swc1x2fract=0.0002,0.0004,0.0007,0.0008,0.0010,0.0013,0.0015,0.0017
0.0020,0.0023,0.0026,0.0029,0.0032,0.0038,0.0047,0.0063,0.0090,0.0126
0.0179,0.0237,0.0314,0.0408,0.0518,0.0649,0.0791,0.0947,0.1124,0.1320
0.1528,0.1744,0.1966,0.2202,0.2441,0.2690,0.2937,0.3201,0.3458,0.3716
0.3975,0.4242,0.4500,0.4760,0.5012,0.5257,0.5498,0.5738,0.5964,0.6194
0.6405,0.6617,0.6818,0.7026,0.7222,0.7407,0.7598,0.7774,0.7947,0.8112
0.8275,0.8427,0.8572,0.8715,0.8840,0.8956,0.9057,0.9149,0.9230,0.9303
0.9367,0.9420,0.9474,0.9521,0.9557,0.9590,0.9622,0.9650,0.9678,0.9703
0.9727,0.9747,0.9765,0.9785,0.9800,0.9815,0.9828,0.9837,0.9848,0.9856
0.9863,0.9870,0.9877,0.9882,0.9887,0.9892,0.9897,0.9903,0.9906,0.9909
0.9913,0.9916,0.9919,0.9923,0.9925,0.9928,0.9932,0.9935,0.9938,0.9941
0.9944,0.9947,0.9949,0.9952,0.9955,0.9957,0.9960,0.9962,0.9964,0.9966
0.9969,0.9971,0.9974,0.9976,0.9978,0.9981,0.9983,0.9985,0.9988,0.9990
0.9992,0.9994,0.9995,0.9997,0.9998,0.9999,1.0000,1.0000,1.0000,1.0000
swc1v1fract=0.0002,0.0005,0.0008,0.0009,0.0011,0.0014,0.0016,0.0019
0.0022,0.0024,0.0027,0.0030,0.0034,0.0039,0.0045,0.0057,0.0081,0.0115
0.0164,0.0225,0.0307,0.0405,0.0520,0.0650,0.0798,0.0964,0.1142,0.1341
0.1553,0.1773,0.2011,0.2245,0.2488,0.2737,0.2984,0.3246,0.3503,0.3768
0.4025,0.4280,0.4539,0.4800,0.5048,0.5293,0.5523,0.5761,0.5988,0.6206
0.6430,0.6643,0.6843,0.7042,0.7232,0.7420,0.7604,0.7780,0.7952,0.8115
0.8279,0.8433,0.8580,0.8717,0.8846,0.8952,0.9053,0.9140,0.9224,0.9293
0.9354,0.9409,0.9458,0.9504,0.9546,0.9581,0.9616,0.9643,0.9674,0.9697
0.9719,0.9738,0.9759,0.9775,0.9790,0.9806,0.9819,0.9832,0.9847,0.9857
0.9867,0.9874,0.9881,0.9888,0.9894,0.9901,0.9905,0.9910,0.9913,0.9916
0.9919,0.9923,0.9926,0.9929,0.9932,0.9935,0.9938,0.9942,0.9944,0.9947
0.9950,0.9953,0.9955,0.9959,0.9962,0.9964,0.9966,0.9968,0.9971,0.9972
0.9975,0.9976,0.9978,0.9981,0.9983,0.9986,0.9987,0.9989,0.9992,0.9993
0.9995,0.9997,0.9998,0.9999,1.0000,1.0000,1.0000,1.0000,1.0000,1.0000
swc1v2fract=0.0002,0.0004,0.0006,0.0008,0.0011,0.0013,0.0015,0.0018
0.0021,0.0024,0.0028,0.0030,0.0033,0.0037,0.0042,0.0050,0.0064,0.0089
0.0129,0.0182,0.0255,0.0340,0.0448,0.0565,0.0705,0.0861,0.1040,0.1233
0.1432,0.1650,0.1875,0.2101,0.2339,0.2585,0.2843,0.3096,0.3356,0.3622
0.3878,0.4136,0.4388,0.4637,0.4885,0.5127,0.5365,0.5597,0.5821,0.6049
0.6269,0.6473,0.6683,0.6892,0.7095,0.7288,0.7472,0.7651,0.7831,0.8000
0.8163,0.8313,0.8462,0.8604,0.8739,0.8863,0.8973,0.9077,0.9160,0.9235
0.9301,0.9362,0.9411,0.9463,0.9504,0.9543,0.9578,0.9610,0.9640,0.9667
0.9691,0.9715,0.9736,0.9755,0.9771,0.9785,0.9801,0.9815,0.9828,0.9841
0.9851,0.9861,0.9870,0.9878,0.9884,0.9890,0.9895,0.9901,0.9904,0.9908
0.9912,0.9917,0.9921,0.9925,0.9928,0.9932,0.9934,0.9938,0.9941,0.9944
0.9947,0.9949,0.9951,0.9955,0.9958,0.9961,0.9963,0.9965,0.9967,0.9969
0.9971,0.9973,0.9976,0.9978,0.9979,0.9982,0.9984,0.9986,0.9988,0.9990
0.9992,0.9993,0.9995,0.9997,0.9998,0.9999,1.0000,1.0000,1.0000,1.0000
swc2u1fract=0.0002,0.0004,0.0007,0.0009,0.0011,0.0014,0.0016,0.0019
0.0021,0.0024,0.0026,0.0029,0.0031,0.0033,0.0036,0.0041,0.0051,0.0071
0.0100,0.0148,0.0207,0.0287,0.0390,0.0503,0.0647,0.0796,0.0971,0.1154
0.1361,0.1574,0.1804,0.2038,0.2281,0.2529,0.2779,0.3036,0.3298,0.3552
0.3811,0.4065,0.4313,0.4552,0.4801,0.5039,0.5285,0.5509,0.5739,0.5965
0.6184,0.6385,0.6598,0.6804,0.7002,0.7198,0.7388,0.7575,0.7755,0.7932
0.8103,0.8267,0.8425,0.8575,0.8715,0.8845,0.8963,0.9071,0.9165,0.9251
0.9321,0.9385,0.9442,0.9490,0.9535,0.9575,0.9611,0.9644,0.9674,0.9699
0.9726,0.9748,0.9769,0.9788,0.9802,0.9819,0.9833,0.9847,0.9859,0.9869
0.9879,0.9888,0.9896,0.9904,0.9910,0.9916,0.9923,0.9927,0.9930,0.9934
0.9939,0.9942,0.9946,0.9948,0.9951,0.9953,0.9957,0.9959,0.9961,0.9963
0.9965,0.9967,0.9968,0.9971,0.9972,0.9974,0.9976,0.9977,0.9979,0.9980
0.9982,0.9983,0.9984,0.9986,0.9987,0.9989,0.9990,0.9992,0.9994,0.9995
0.9996,0.9997,0.9998,0.9999,0.9999,1.0000,1.0000,1.0000,1.0000,1.0000
swc2u2fract=0.0002,0.0004,0.0006,0.0008,0.0009,0.0012,0.0015,0.0018
0.0021,0.0024,0.0026,0.0029,0.0032,0.0035,0.0039,0.0046,0.0056,0.0078
0.0110,0.0157,0.0223,0.0306,0.0407,0.0524,0.0664,0.0813,0.0990,0.1182
0.1388,0.1606,0.1843,0.2082,0.2319,0.2564,0.2814,0.3072,0.3326,0.3580
0.3837,0.4096,0.4350,0.4596,0.4838,0.5083,0.5322,0.5552,0.5784,0.6005
0.6218,0.6433,0.6642,0.6836,0.7034,0.7225,0.7415,0.7603,0.7778,0.7952
0.8123,0.8281,0.8434,0.8578,0.8721,0.8851,0.8968,0.9069,0.9166,0.9243
0.9316,0.9382,0.9434,0.9484,0.9531,0.9568,0.9605,0.9638,0.9669,0.9694
0.9719,0.9741,0.9763,0.9781,0.9795,0.9811,0.9826,0.9841,0.9853,0.9863
0.9874,0.9884,0.9894,0.9900,0.9906,0.9911,0.9917,0.9921,0.9925,0.9930
0.9935,0.9939,0.9943,0.9946,0.9949,0.9952,0.9954,0.9956,0.9958,0.9961
0.9963,0.9965,0.9966,0.9968,0.9969,0.9971,0.9974,0.9976,0.9978,0.9980
0.9983,0.9984,0.9986,0.9987,0.9987,0.9989,0.9991,0.9992,0.9994,0.9995
0.9996,0.9997,0.9997,0.9998,1.0000,1.0000,1.0000,1.0000,1.0000,1.0000
swc2x1fract=0.0002,0.0005,0.0007,0.0009,0.0011,0.0012,0.0014,0.0016
0.0018,0.0021,0.0024,0.0027,0.0030,0.0032,0.0035,0.0041,0.0052,0.0075
0.0111,0.0164,0.0240,0.0330,0.0444,0.0573,0.0727,0.0892,0.1084,0.1283
0.1495,0.1725,0.1950,0.2193,0.2436,0.2688,0.2936,0.3194,0.3448,0.3702
0.3950,0.4196,0.4448,0.4697,0.4933,0.5164,0.5399,0.5632,0.5846,0.6071
0.6287,0.6500,0.6708,0.6907,0.7101,0.7299,0.7482,0.7665,0.7843,0.8013
0.8181,0.8344,0.8501,0.8646,0.8781,0.8911,0.9026,0.9129,0.9223,0.9306
0.9373,0.9433,0.9483,0.9533,0.9575,0.9610,0.9642,0.9674,0.9703,0.9730
0.9754,0.9775,0.9795,0.9815,0.9830,0.9843,0.9855,0.9866,0.9877,0.9886
0.9894,0.9901,0.9907,0.9912,0.9917,0.9922,0.9927,0.9931,0.9934,0.9939
0.9941,0.9945,0.9947,0.9950,0.9953,0.9955,0.9959,0.9961,0.9963,0.9965
0.9966,0.9967,0.9969,0.9971,0.9973,0.9974,0.9976,0.9978,0.9979,0.9981
0.9984,0.9985,0.9987,0.9988,0.9990,0.9992,0.9994,0.9995,0.9996,0.9997
0.9998,0.9999,0.9999,1.0000,1.0000,1.0000,1.0000,1.0000,1.0000,1.0000
swc2x2fract=0.0001,0.0003,0.0006,0.0008,0.0010,0.0012,0.0014,0.0017
0.0020,0.0022,0.0024,0.0027,0.0029,0.0032,0.0036,0.0044,0.0058,0.0085
0.0128,0.0191,0.0271,0.0372,0.0493,0.0637,0.0795,0.0972,0.1171,0.1384
0.1611,0.1844,0.2092,0.2332,0.2584,0.2829,0.3085,0.3340,0.3590,0.3847
0.4095,0.4349,0.4588,0.4835,0.5068,0.5314,0.5537,0.5760,0.5975,0.6195
0.6407,0.6614,0.6812,0.7000,0.7189,0.7376,0.7555,0.7732,0.7908,0.8079
0.8242,0.8395,0.8551,0.8693,0.8831,0.8955,0.9066,0.9165,0.9251,0.9328
0.9397,0.9454,0.9510,0.9559,0.9599,0.9634,0.9667,0.9695,0.9722,0.9748
0.9770,0.9788,0.9807,0.9822,0.9838,0.9850,0.9861,0.9874,0.9883,0.9893
0.9901,0.9907,0.9913,0.9919,0.9925,0.9929,0.9934,0.9939,0.9943,0.9947
0.9951,0.9953,0.9956,0.9958,0.9960,0.9961,0.9963,0.9966,0.9968,0.9970
0.9972,0.9974,0.9976,0.9978,0.9980,0.9982,0.9983,0.9985,0.9986,0.9988
0.9990,0.9991,0.9992,0.9994,0.9996,0.9997,0.9999,0.9999,1.0000,1.0000
1.0000,1.0000,1.0000,1.0000,1.0000,1.0000,1.0000,1.0000,1.0000,1.0000
swc2v1fract=0.0002,0.0004,0.0006,0.0008,0.0011,0.0012,0.0014,0.0016
0.0019,0.0021,0.0023,0.0025,0.0028,0.0031,0.0035,0.0039,0.0047,0.0064
0.0092,0.0139,0.0203,0.0282,0.0375,0.0486,0.0627,0.0778,0.0946,0.1134
0.1342,0.1561,0.1790,0.2033,0.2267,0.2526,0.2776,0.3027,0.3280,0.3547
0.3795,0.4046,0.4302,0.4553,0.4801,0.5056,0.5305,0.5543,0.5769,0.5988
0.6209,0.6418,0.6628,0.6841,0.7042,0.7237,0.7420,0.7599,0.7784,0.7956
0.8119,0.8279,0.8433,0.8577,0.8727,0.8856,0.8968,0.9076,0.9163,0.9246
0.9316,0.9378,0.9436,0.9488,0.9531,0.9567,0.9604,0.9633,0.9668,0.9695
0.9722,0.9746,0.9766,0.9786,0.9801,0.9818,0.9831,0.9846,0.9858,0.9870
0.9879,0.9889,0.9898,0.9904,0.9912,0.9917,0.9924,0.9928,0.9933,0.9936
0.9939,0.9942,0.9944,0.9947,0.9950,0.9952,0.9954,0.9955,0.9956,0.9959
0.9961,0.9963,0.9965,0.9967,0.9970,0.9972,0.9973,0.9975,0.9977,0.9979
0.9980,0.9982,0.9983,0.9986,0.9987,0.9988,0.9990,0.9993,0.9995,0.9997
0.9998,0.9999,1.0000,1.0000,1.0000,1.0000,1.0000,1.0000,1.0000,1.0000
swc2v2fract=0.0002,0.0004,0.0005,0.0008,0.0010,0.0012,0.0014,0.0017
0.0019,0.0021,0.0024,0.0027,0.0029,0.0031,0.0036,0.0043,0.0057,0.0082
0.0124,0.0181,0.0262,0.0361,0.0477,0.0611,0.0765,0.0939,0.1127,0.1333
0.1545,0.1773,0.2009,0.2250,0.2496,0.2752,0.3004,0.3262,0.3513,0.3771
0.4024,0.4272,0.4519,0.4768,0.5012,0.5259,0.5487,0.5709,0.5936,0.6153
0.6359,0.6566,0.6766,0.6966,0.7148,0.7338,0.7528,0.7700,0.7879,0.8043
0.8210,0.8369,0.8518,0.8663,0.8793,0.8914,0.9028,0.9123,0.9211,0.9288
0.9355,0.9416,0.9468,0.9515,0.9558,0.9597,0.9629,0.9660,0.9687,0.9714
0.9736,0.9756,0.9776,0.9793,0.9810,0.9825,0.9840,0.9855,0.9867,0.9878
0.9886,0.9893,0.9902,0.9908,0.9914,0.9919,0.9924,0.9929,0.9934,0.9938
0.9942,0.9944,0.9948,0.9950,0.9953,0.9956,0.9958,0.9961,0.9963,0.9966
0.9968,0.9970,0.9972,0.9973,0.9976,0.9977,0.9979,0.9981,0.9983,0.9984
0.9986,0.9988,0.9989,0.9990,0.9991,0.9993,0.9994,0.9996,0.9997,0.9998
0.9999,1.0000,1.0000,1.0000,1.0000,1.0000,1.0000,1.0000,1.0000,1.0000
