; Lookup table
;number of bins in Meek's time to distance lookup table
sdriftbins=138
;number of 1st bin in Meek's table in ns
sdrift1stbin=-24
;bin size in ns of Meek's table
sdriftbinsz=2
swc1u1fract=0.0002,0.0004,0.0006,0.0007,0.0010,0.0012,0.0014,0.0017
0.0020,0.0022,0.0025,0.0027,0.0030,0.0034,0.0039,0.0050,0.0068,0.0103
0.0149,0.0211,0.0284,0.0381,0.0494,0.0623,0.0771,0.0938,0.1117,0.1310
0.1522,0.1738,0.1964,0.2209,0.2459,0.2708,0.2961,0.3228,0.3485,0.3740
0.4010,0.4272,0.4535,0.4788,0.5039,0.5287,0.5527,0.5760,0.5993,0.6218
0.6430,0.6633,0.6832,0.7030,0.7222,0.7404,0.7590,0.7770,0.7950,0.8118
0.8286,0.8438,0.8584,0.8723,0.8852,0.8964,0.9061,0.9153,0.9233,0.9302
0.9364,0.9421,0.9473,0.9517,0.9554,0.9589,0.9624,0.9652,0.9681,0.9706
0.9731,0.9751,0.9768,0.9786,0.9802,0.9817,0.9832,0.9846,0.9857,0.9867
0.9875,0.9885,0.9891,0.9897,0.9903,0.9908,0.9913,0.9917,0.9920,0.9924
0.9927,0.9929,0.9933,0.9935,0.9937,0.9941,0.9943,0.9945,0.9947,0.9949
0.9952,0.9953,0.9957,0.9958,0.9961,0.9963,0.9966,0.9969,0.9971,0.9973
0.9975,0.9977,0.9980,0.9982,0.9984,0.9986,0.9987,0.9989,0.9991,0.9993
0.9994,0.9996,0.9997,0.9999,0.9999,1.0000,1.0000,1.0000,1.0000,1.0000
swc1u2fract=0.0002,0.0004,0.0006,0.0008,0.0010,0.0011,0.0014,0.0016
0.0018,0.0021,0.0024,0.0027,0.0029,0.0031,0.0034,0.0039,0.0047,0.0065
0.0101,0.0151,0.0211,0.0293,0.0386,0.0501,0.0637,0.0790,0.0961,0.1152
0.1351,0.1563,0.1791,0.2025,0.2262,0.2510,0.2763,0.3014,0.3261,0.3522
0.3780,0.4030,0.4278,0.4531,0.4779,0.5025,0.5274,0.5515,0.5744,0.5965
0.6184,0.6406,0.6609,0.6813,0.7014,0.7206,0.7402,0.7590,0.7765,0.7937
0.8105,0.8264,0.8417,0.8565,0.8711,0.8850,0.8968,0.9072,0.9163,0.9248
0.9320,0.9379,0.9433,0.9483,0.9526,0.9565,0.9598,0.9632,0.9658,0.9684
0.9707,0.9728,0.9749,0.9769,0.9784,0.9800,0.9814,0.9828,0.9841,0.9852
0.9862,0.9871,0.9881,0.9888,0.9895,0.9901,0.9906,0.9911,0.9914,0.9918
0.9921,0.9924,0.9927,0.9930,0.9934,0.9937,0.9940,0.9944,0.9946,0.9949
0.9952,0.9954,0.9957,0.9960,0.9963,0.9964,0.9967,0.9970,0.9972,0.9975
0.9977,0.9978,0.9980,0.9982,0.9983,0.9985,0.9986,0.9988,0.9989,0.9991
0.9992,0.9993,0.9995,0.9996,0.9998,0.9999,1.0000,1.0000,1.0000,1.0000
swc1x1fract=0.0002,0.0003,0.0004,0.0005,0.0008,0.0009,0.0011,0.0013
0.0014,0.0017,0.0018,0.0020,0.0022,0.0023,0.0026,0.0030,0.0039,0.0055
0.0086,0.0128,0.0192,0.0274,0.0377,0.0498,0.0644,0.0796,0.0973,0.1172
0.1380,0.1603,0.1830,0.2071,0.2318,0.2560,0.2809,0.3065,0.3317,0.3574
0.3824,0.4077,0.4327,0.4571,0.4812,0.5061,0.5301,0.5535,0.5763,0.5992
0.6207,0.6410,0.6613,0.6816,0.7015,0.7208,0.7401,0.7591,0.7768,0.7949
0.8119,0.8285,0.8443,0.8591,0.8732,0.8856,0.8977,0.9086,0.9182,0.9264
0.9339,0.9404,0.9458,0.9507,0.9552,0.9589,0.9624,0.9655,0.9682,0.9706
0.9728,0.9751,0.9772,0.9789,0.9805,0.9817,0.9829,0.9842,0.9853,0.9863
0.9873,0.9880,0.9886,0.9891,0.9898,0.9904,0.9908,0.9913,0.9917,0.9920
0.9922,0.9925,0.9928,0.9931,0.9935,0.9937,0.9940,0.9942,0.9946,0.9948
0.9951,0.9953,0.9955,0.9957,0.9959,0.9962,0.9963,0.9966,0.9969,0.9971
0.9973,0.9975,0.9977,0.9979,0.9981,0.9982,0.9984,0.9985,0.9986,0.9988
0.9989,0.9990,0.9991,0.9993,0.9995,0.9996,0.9998,0.9999,1.0000,1.0000
swc1x2fract=0.0002,0.0003,0.0006,0.0007,0.0008,0.0010,0.0012,0.0013
0.0015,0.0018,0.0019,0.0021,0.0024,0.0028,0.0036,0.0055,0.0085,0.0122
0.0169,0.0231,0.0310,0.0407,0.0527,0.0656,0.0805,0.0964,0.1146,0.1343
0.1554,0.1775,0.2005,0.2247,0.2495,0.2743,0.2995,0.3251,0.3515,0.3778
0.4035,0.4296,0.4558,0.4815,0.5070,0.5317,0.5555,0.5789,0.6014,0.6234
0.6443,0.6654,0.6863,0.7059,0.7252,0.7451,0.7634,0.7819,0.7994,0.8169
0.8336,0.8493,0.8640,0.8779,0.8901,0.9015,0.9113,0.9201,0.9277,0.9345
0.9405,0.9455,0.9504,0.9545,0.9584,0.9618,0.9648,0.9678,0.9705,0.9730
0.9755,0.9776,0.9793,0.9808,0.9823,0.9837,0.9848,0.9857,0.9867,0.9874
0.9881,0.9887,0.9893,0.9899,0.9905,0.9908,0.9912,0.9916,0.9920,0.9923
0.9927,0.9930,0.9933,0.9936,0.9938,0.9939,0.9942,0.9944,0.9947,0.9950
0.9953,0.9955,0.9958,0.9960,0.9963,0.9965,0.9967,0.9969,0.9971,0.9973
0.9975,0.9976,0.9978,0.9980,0.9981,0.9983,0.9985,0.9987,0.9989,0.9991
0.9993,0.9995,0.9996,0.9998,0.9999,0.9999,1.0000,1.0000,1.0000,1.0000
swc1v1fract=0.0002,0.0004,0.0006,0.0008,0.0009,0.0011,0.0014,0.0016
0.0018,0.0020,0.0023,0.0025,0.0027,0.0029,0.0035,0.0047,0.0067,0.0104
0.0150,0.0213,0.0294,0.0393,0.0509,0.0651,0.0808,0.0974,0.1166,0.1366
0.1581,0.1809,0.2033,0.2268,0.2513,0.2770,0.3024,0.3288,0.3539,0.3800
0.4053,0.4313,0.4570,0.4810,0.5056,0.5300,0.5542,0.5780,0.6009,0.6238
0.6451,0.6648,0.6848,0.7049,0.7244,0.7429,0.7617,0.7804,0.7977,0.8149
0.8310,0.8460,0.8601,0.8740,0.8863,0.8976,0.9073,0.9167,0.9242,0.9311
0.9375,0.9429,0.9477,0.9524,0.9567,0.9601,0.9633,0.9663,0.9688,0.9714
0.9734,0.9752,0.9773,0.9789,0.9806,0.9821,0.9833,0.9846,0.9857,0.9867
0.9875,0.9883,0.9890,0.9897,0.9903,0.9908,0.9912,0.9917,0.9921,0.9924
0.9928,0.9932,0.9935,0.9938,0.9940,0.9943,0.9947,0.9949,0.9951,0.9955
0.9956,0.9959,0.9962,0.9965,0.9967,0.9970,0.9972,0.9974,0.9976,0.9977
0.9979,0.9981,0.9983,0.9985,0.9986,0.9987,0.9988,0.9990,0.9991,0.9993
0.9994,0.9997,0.9998,0.9999,1.0000,1.0000,1.0000,1.0000,1.0000,1.0000
swc1v2fract=0.0002,0.0003,0.0005,0.0007,0.0009,0.0010,0.0012,0.0014
0.0015,0.0017,0.0020,0.0022,0.0025,0.0028,0.0032,0.0040,0.0052,0.0077
0.0117,0.0171,0.0242,0.0335,0.0434,0.0557,0.0699,0.0855,0.1035,0.1222
0.1433,0.1653,0.1868,0.2107,0.2358,0.2597,0.2854,0.3107,0.3364,0.3621
0.3878,0.4133,0.4390,0.4646,0.4893,0.5135,0.5378,0.5617,0.5851,0.6072
0.6287,0.6493,0.6704,0.6914,0.7109,0.7302,0.7484,0.7662,0.7839,0.8010
0.8172,0.8341,0.8494,0.8648,0.8786,0.8904,0.9017,0.9118,0.9203,0.9278
0.9342,0.9401,0.9450,0.9495,0.9534,0.9572,0.9606,0.9639,0.9667,0.9698
0.9723,0.9745,0.9762,0.9781,0.9797,0.9811,0.9827,0.9840,0.9853,0.9863
0.9873,0.9882,0.9888,0.9894,0.9900,0.9905,0.9910,0.9914,0.9918,0.9922
0.9926,0.9931,0.9933,0.9936,0.9938,0.9941,0.9943,0.9946,0.9949,0.9951
0.9954,0.9956,0.9959,0.9961,0.9963,0.9965,0.9967,0.9969,0.9971,0.9973
0.9975,0.9976,0.9978,0.9980,0.9982,0.9984,0.9986,0.9987,0.9989,0.9991
0.9993,0.9994,0.9996,0.9997,0.9998,0.9999,1.0000,1.0000,1.0000,1.0000
swc2u1fract=0.0002,0.0004,0.0006,0.0008,0.0010,0.0012,0.0014,0.0016
0.0018,0.0019,0.0021,0.0023,0.0026,0.0028,0.0031,0.0035,0.0043,0.0060
0.0092,0.0144,0.0212,0.0295,0.0399,0.0524,0.0672,0.0832,0.1015,0.1214
0.1419,0.1642,0.1873,0.2114,0.2367,0.2616,0.2874,0.3122,0.3375,0.3633
0.3886,0.4135,0.4378,0.4631,0.4876,0.5112,0.5348,0.5581,0.5804,0.6023
0.6236,0.6454,0.6651,0.6853,0.7040,0.7227,0.7413,0.7596,0.7777,0.7946
0.8118,0.8281,0.8439,0.8590,0.8739,0.8870,0.8989,0.9096,0.9189,0.9269
0.9337,0.9400,0.9456,0.9503,0.9549,0.9588,0.9623,0.9657,0.9686,0.9712
0.9737,0.9759,0.9780,0.9799,0.9816,0.9830,0.9845,0.9857,0.9868,0.9880
0.9890,0.9899,0.9908,0.9915,0.9921,0.9926,0.9932,0.9936,0.9940,0.9944
0.9946,0.9950,0.9953,0.9955,0.9957,0.9959,0.9961,0.9964,0.9966,0.9969
0.9970,0.9972,0.9973,0.9975,0.9977,0.9978,0.9980,0.9981,0.9982,0.9984
0.9985,0.9986,0.9988,0.9988,0.9989,0.9990,0.9991,0.9993,0.9994,0.9995
0.9996,0.9997,0.9998,0.9999,0.9999,1.0000,1.0000,1.0000,1.0000,1.0000
swc2u2fract=0.0002,0.0004,0.0006,0.0008,0.0010,0.0012,0.0015,0.0017
0.0019,0.0021,0.0024,0.0027,0.0029,0.0031,0.0033,0.0039,0.0050,0.0074
0.0112,0.0168,0.0238,0.0327,0.0435,0.0566,0.0720,0.0887,0.1075,0.1273
0.1472,0.1698,0.1927,0.2165,0.2405,0.2648,0.2897,0.3160,0.3407,0.3667
0.3907,0.4149,0.4398,0.4645,0.4887,0.5132,0.5365,0.5591,0.5800,0.6019
0.6232,0.6433,0.6640,0.6844,0.7051,0.7239,0.7430,0.7614,0.7790,0.7969
0.8138,0.8303,0.8456,0.8606,0.8748,0.8878,0.8995,0.9097,0.9191,0.9270
0.9341,0.9401,0.9456,0.9506,0.9551,0.9590,0.9623,0.9658,0.9687,0.9712
0.9735,0.9757,0.9777,0.9796,0.9814,0.9831,0.9846,0.9859,0.9871,0.9880
0.9889,0.9898,0.9905,0.9912,0.9918,0.9922,0.9927,0.9932,0.9937,0.9940
0.9943,0.9946,0.9948,0.9951,0.9953,0.9955,0.9957,0.9959,0.9962,0.9964
0.9965,0.9967,0.9969,0.9971,0.9972,0.9975,0.9976,0.9978,0.9979,0.9981
0.9982,0.9984,0.9985,0.9986,0.9988,0.9989,0.9991,0.9992,0.9993,0.9994
0.9996,0.9997,0.9999,0.9999,1.0000,1.0000,1.0000,1.0000,1.0000,1.0000
swc2x1fract=0.0001,0.0003,0.0005,0.0007,0.0009,0.0011,0.0013,0.0015
0.0017,0.0018,0.0021,0.0023,0.0025,0.0027,0.0030,0.0035,0.0047,0.0067
0.0105,0.0157,0.0231,0.0322,0.0436,0.0567,0.0720,0.0889,0.1077,0.1284
0.1506,0.1727,0.1975,0.2222,0.2463,0.2720,0.2979,0.3228,0.3477,0.3726
0.3977,0.4217,0.4460,0.4709,0.4948,0.5183,0.5420,0.5646,0.5865,0.6083
0.6302,0.6517,0.6725,0.6914,0.7117,0.7311,0.7501,0.7684,0.7861,0.8033
0.8199,0.8363,0.8518,0.8670,0.8806,0.8935,0.9047,0.9149,0.9239,0.9321
0.9390,0.9453,0.9507,0.9555,0.9593,0.9632,0.9667,0.9698,0.9724,0.9749
0.9770,0.9793,0.9809,0.9826,0.9841,0.9856,0.9868,0.9879,0.9888,0.9895
0.9903,0.9910,0.9917,0.9922,0.9926,0.9930,0.9934,0.9938,0.9942,0.9944
0.9947,0.9950,0.9952,0.9955,0.9958,0.9960,0.9962,0.9964,0.9966,0.9969
0.9970,0.9971,0.9974,0.9975,0.9977,0.9979,0.9980,0.9982,0.9983,0.9985
0.9987,0.9987,0.9988,0.9990,0.9991,0.9992,0.9994,0.9995,0.9997,0.9998
0.9998,0.9999,1.0000,1.0000,1.0000,1.0000,1.0000,1.0000,1.0000,1.0000
swc2x2fract=0.0001,0.0004,0.0006,0.0007,0.0008,0.0010,0.0012,0.0014
0.0015,0.0017,0.0019,0.0020,0.0022,0.0024,0.0028,0.0033,0.0046,0.0075
0.0121,0.0188,0.0277,0.0385,0.0514,0.0661,0.0833,0.1027,0.1236,0.1459
0.1681,0.1907,0.2152,0.2403,0.2654,0.2893,0.3142,0.3396,0.3650,0.3898
0.4130,0.4380,0.4631,0.4867,0.5097,0.5334,0.5561,0.5779,0.6001,0.6217
0.6423,0.6621,0.6820,0.7015,0.7208,0.7389,0.7577,0.7757,0.7932,0.8115
0.8279,0.8436,0.8592,0.8739,0.8867,0.8990,0.9101,0.9200,0.9280,0.9354
0.9419,0.9476,0.9527,0.9574,0.9607,0.9643,0.9677,0.9709,0.9735,0.9758
0.9778,0.9800,0.9818,0.9833,0.9847,0.9859,0.9870,0.9881,0.9891,0.9900
0.9909,0.9915,0.9921,0.9926,0.9929,0.9934,0.9939,0.9943,0.9945,0.9948
0.9951,0.9953,0.9956,0.9959,0.9961,0.9963,0.9965,0.9966,0.9968,0.9971
0.9973,0.9974,0.9976,0.9978,0.9979,0.9981,0.9983,0.9984,0.9986,0.9987
0.9988,0.9990,0.9991,0.9994,0.9995,0.9997,0.9998,0.9999,1.0000,1.0000
1.0000,1.0000,1.0000,1.0000,1.0000,1.0000,1.0000,1.0000,1.0000,1.0000
swc2v1fract=0.0002,0.0003,0.0005,0.0007,0.0010,0.0012,0.0014,0.0015
0.0018,0.0019,0.0021,0.0023,0.0025,0.0028,0.0031,0.0036,0.0044,0.0063
0.0096,0.0149,0.0217,0.0303,0.0402,0.0527,0.0665,0.0835,0.1015,0.1207
0.1421,0.1641,0.1870,0.2107,0.2357,0.2604,0.2861,0.3113,0.3366,0.3624
0.3880,0.4135,0.4384,0.4630,0.4871,0.5112,0.5355,0.5583,0.5812,0.6037
0.6252,0.6455,0.6668,0.6869,0.7059,0.7256,0.7449,0.7635,0.7812,0.7986
0.8155,0.8318,0.8474,0.8622,0.8756,0.8890,0.9004,0.9111,0.9202,0.9282
0.9354,0.9413,0.9470,0.9515,0.9558,0.9597,0.9634,0.9669,0.9698,0.9723
0.9745,0.9766,0.9785,0.9802,0.9818,0.9833,0.9847,0.9860,0.9873,0.9884
0.9893,0.9901,0.9909,0.9916,0.9922,0.9927,0.9932,0.9935,0.9938,0.9941
0.9944,0.9947,0.9949,0.9952,0.9955,0.9957,0.9960,0.9962,0.9965,0.9967
0.9969,0.9971,0.9973,0.9974,0.9976,0.9978,0.9981,0.9982,0.9983,0.9985
0.9986,0.9988,0.9989,0.9991,0.9992,0.9993,0.9995,0.9996,0.9997,0.9998
0.9999,0.9999,1.0000,1.0000,1.0000,1.0000,1.0000,1.0000,1.0000,1.0000
swc2v2fract=0.0002,0.0003,0.0004,0.0006,0.0008,0.0011,0.0013,0.0015
0.0017,0.0019,0.0021,0.0023,0.0025,0.0028,0.0031,0.0036,0.0045,0.0064
0.0098,0.0154,0.0229,0.0323,0.0439,0.0573,0.0727,0.0900,0.1091,0.1306
0.1516,0.1742,0.1980,0.2218,0.2468,0.2721,0.2970,0.3225,0.3482,0.3733
0.3984,0.4233,0.4481,0.4718,0.4961,0.5200,0.5438,0.5664,0.5880,0.6098
0.6310,0.6520,0.6722,0.6919,0.7118,0.7302,0.7489,0.7668,0.7847,0.8026
0.8192,0.8352,0.8512,0.8656,0.8792,0.8925,0.9045,0.9144,0.9230,0.9306
0.9366,0.9428,0.9478,0.9523,0.9562,0.9600,0.9634,0.9666,0.9694,0.9721
0.9743,0.9764,0.9784,0.9802,0.9819,0.9833,0.9847,0.9861,0.9873,0.9885
0.9894,0.9902,0.9909,0.9915,0.9923,0.9929,0.9933,0.9937,0.9941,0.9944
0.9947,0.9950,0.9952,0.9955,0.9957,0.9959,0.9961,0.9964,0.9966,0.9967
0.9969,0.9971,0.9974,0.9975,0.9976,0.9978,0.9980,0.9982,0.9985,0.9987
0.9988,0.9990,0.9991,0.9992,0.9993,0.9994,0.9995,0.9996,0.9997,0.9998
0.9999,1.0000,1.0000,1.0000,1.0000,1.0000,1.0000,1.0000,1.0000,1.0000
