; Lookup table
;number of bins in Meek's time to distance lookup table
sdriftbins=138
;number of 1st bin in Meek's table in ns
sdrift1stbin=-24
;bin size in ns of Meek's table
sdriftbinsz=2
swc1u1fract=0.0002,0.0003,0.0005,0.0007,0.0008,0.0010,0.0013,0.0015
0.0017,0.0021,0.0023,0.0024,0.0026,0.0029,0.0036,0.0048,0.0073,0.0110
0.0159,0.0222,0.0305,0.0406,0.0523,0.0654,0.0798,0.0975,0.1165,0.1359
0.1571,0.1796,0.2027,0.2256,0.2501,0.2772,0.3029,0.3288,0.3546,0.3803
0.4053,0.4311,0.4563,0.4808,0.5056,0.5294,0.5537,0.5778,0.6008,0.6235
0.6443,0.6656,0.6866,0.7065,0.7267,0.7456,0.7648,0.7832,0.8013,0.8183
0.8351,0.8507,0.8655,0.8787,0.8917,0.9032,0.9136,0.9221,0.9294,0.9365
0.9425,0.9479,0.9526,0.9571,0.9610,0.9641,0.9671,0.9699,0.9724,0.9744
0.9764,0.9784,0.9802,0.9818,0.9833,0.9845,0.9857,0.9868,0.9877,0.9886
0.9896,0.9903,0.9909,0.9914,0.9918,0.9922,0.9927,0.9930,0.9934,0.9937
0.9939,0.9942,0.9945,0.9947,0.9949,0.9951,0.9953,0.9955,0.9956,0.9958
0.9960,0.9962,0.9965,0.9967,0.9969,0.9971,0.9972,0.9974,0.9976,0.9977
0.9979,0.9981,0.9982,0.9984,0.9985,0.9988,0.9989,0.9990,0.9993,0.9995
0.9996,0.9997,0.9998,0.9999,1.0000,1.0000,1.0000,1.0000,1.0000,1.0000
swc1u2fract=0.0001,0.0003,0.0005,0.0006,0.0008,0.0011,0.0013,0.0014
0.0017,0.0020,0.0021,0.0023,0.0025,0.0027,0.0031,0.0035,0.0043,0.0061
0.0093,0.0141,0.0206,0.0289,0.0382,0.0499,0.0629,0.0783,0.0947,0.1142
0.1348,0.1567,0.1788,0.2024,0.2271,0.2530,0.2780,0.3040,0.3302,0.3565
0.3811,0.4063,0.4319,0.4565,0.4821,0.5062,0.5293,0.5527,0.5757,0.5985
0.6205,0.6419,0.6619,0.6825,0.7033,0.7231,0.7416,0.7600,0.7784,0.7956
0.8125,0.8286,0.8435,0.8584,0.8722,0.8857,0.8979,0.9083,0.9173,0.9256
0.9327,0.9393,0.9448,0.9497,0.9543,0.9580,0.9615,0.9646,0.9675,0.9697
0.9723,0.9746,0.9768,0.9785,0.9801,0.9817,0.9830,0.9842,0.9853,0.9864
0.9873,0.9883,0.9891,0.9896,0.9901,0.9907,0.9912,0.9916,0.9920,0.9923
0.9927,0.9932,0.9935,0.9938,0.9940,0.9943,0.9945,0.9948,0.9950,0.9952
0.9955,0.9956,0.9958,0.9961,0.9962,0.9965,0.9968,0.9969,0.9971,0.9973
0.9974,0.9977,0.9978,0.9980,0.9981,0.9984,0.9985,0.9986,0.9989,0.9990
0.9991,0.9992,0.9993,0.9995,0.9997,0.9998,0.9999,1.0000,1.0000,1.0000
swc1x1fract=0.0001,0.0002,0.0004,0.0006,0.0008,0.0009,0.0012,0.0013
0.0015,0.0017,0.0018,0.0020,0.0024,0.0026,0.0029,0.0034,0.0043,0.0061
0.0094,0.0144,0.0213,0.0297,0.0407,0.0535,0.0682,0.0849,0.1029,0.1224
0.1435,0.1649,0.1878,0.2122,0.2374,0.2631,0.2875,0.3123,0.3381,0.3624
0.3881,0.4133,0.4379,0.4626,0.4860,0.5099,0.5338,0.5574,0.5805,0.6023
0.6240,0.6443,0.6651,0.6856,0.7047,0.7242,0.7430,0.7620,0.7807,0.7979
0.8153,0.8316,0.8476,0.8629,0.8771,0.8907,0.9023,0.9135,0.9224,0.9308
0.9380,0.9442,0.9496,0.9541,0.9582,0.9621,0.9658,0.9691,0.9717,0.9739
0.9759,0.9779,0.9797,0.9811,0.9825,0.9838,0.9848,0.9858,0.9868,0.9878
0.9884,0.9891,0.9896,0.9903,0.9906,0.9911,0.9915,0.9918,0.9922,0.9926
0.9928,0.9931,0.9935,0.9938,0.9940,0.9943,0.9945,0.9946,0.9948,0.9950
0.9953,0.9955,0.9958,0.9959,0.9961,0.9963,0.9964,0.9967,0.9968,0.9969
0.9971,0.9972,0.9974,0.9976,0.9978,0.9979,0.9981,0.9982,0.9984,0.9985
0.9987,0.9989,0.9991,0.9992,0.9993,0.9995,0.9996,0.9997,0.9999,1.0000
swc1x2fract=0.0002,0.0003,0.0005,0.0006,0.0007,0.0009,0.0011,0.0013
0.0015,0.0017,0.0020,0.0021,0.0024,0.0029,0.0038,0.0056,0.0084,0.0125
0.0179,0.0248,0.0332,0.0435,0.0550,0.0689,0.0835,0.0990,0.1171,0.1376
0.1583,0.1800,0.2021,0.2254,0.2504,0.2754,0.3012,0.3264,0.3522,0.3779
0.4035,0.4290,0.4553,0.4813,0.5071,0.5320,0.5561,0.5800,0.6022,0.6249
0.6462,0.6663,0.6877,0.7076,0.7265,0.7465,0.7654,0.7842,0.8024,0.8199
0.8370,0.8536,0.8683,0.8816,0.8935,0.9050,0.9147,0.9233,0.9306,0.9375
0.9440,0.9489,0.9535,0.9573,0.9612,0.9644,0.9675,0.9705,0.9731,0.9758
0.9780,0.9798,0.9811,0.9826,0.9838,0.9848,0.9858,0.9868,0.9877,0.9883
0.9889,0.9895,0.9900,0.9904,0.9908,0.9912,0.9916,0.9919,0.9922,0.9926
0.9929,0.9932,0.9935,0.9939,0.9942,0.9945,0.9947,0.9949,0.9952,0.9954
0.9957,0.9959,0.9960,0.9962,0.9963,0.9966,0.9968,0.9970,0.9972,0.9973
0.9975,0.9977,0.9979,0.9980,0.9982,0.9984,0.9985,0.9987,0.9988,0.9990
0.9991,0.9993,0.9995,0.9996,0.9998,0.9999,1.0000,1.0000,1.0000,1.0000
swc1v1fract=0.0002,0.0003,0.0006,0.0007,0.0010,0.0011,0.0014,0.0015
0.0018,0.0021,0.0022,0.0025,0.0027,0.0031,0.0037,0.0046,0.0066,0.0103
0.0147,0.0215,0.0295,0.0397,0.0521,0.0659,0.0817,0.0991,0.1179,0.1386
0.1598,0.1824,0.2053,0.2294,0.2535,0.2780,0.3042,0.3297,0.3560,0.3815
0.4067,0.4328,0.4571,0.4829,0.5081,0.5325,0.5570,0.5798,0.6026,0.6242
0.6456,0.6668,0.6874,0.7065,0.7261,0.7452,0.7640,0.7823,0.8000,0.8173
0.8344,0.8504,0.8645,0.8777,0.8898,0.9010,0.9110,0.9195,0.9270,0.9338
0.9406,0.9461,0.9509,0.9555,0.9595,0.9629,0.9661,0.9690,0.9717,0.9737
0.9758,0.9778,0.9796,0.9813,0.9827,0.9841,0.9852,0.9863,0.9873,0.9882
0.9889,0.9895,0.9901,0.9907,0.9914,0.9918,0.9921,0.9925,0.9928,0.9932
0.9935,0.9938,0.9940,0.9943,0.9945,0.9948,0.9950,0.9952,0.9955,0.9957
0.9959,0.9961,0.9963,0.9965,0.9968,0.9969,0.9971,0.9974,0.9976,0.9978
0.9980,0.9982,0.9984,0.9986,0.9988,0.9989,0.9990,0.9992,0.9993,0.9994
0.9996,0.9997,0.9998,0.9999,0.9999,1.0000,1.0000,1.0000,1.0000,1.0000
swc1v2fract=0.0002,0.0004,0.0005,0.0007,0.0009,0.0011,0.0013,0.0014
0.0017,0.0018,0.0021,0.0022,0.0025,0.0028,0.0031,0.0042,0.0056,0.0086
0.0124,0.0179,0.0254,0.0348,0.0459,0.0585,0.0736,0.0903,0.1089,0.1287
0.1492,0.1712,0.1950,0.2181,0.2425,0.2687,0.2936,0.3196,0.3448,0.3698
0.3948,0.4206,0.4450,0.4700,0.4943,0.5194,0.5432,0.5668,0.5898,0.6124
0.6346,0.6546,0.6756,0.6956,0.7150,0.7345,0.7527,0.7706,0.7885,0.8055
0.8221,0.8383,0.8538,0.8685,0.8818,0.8947,0.9063,0.9162,0.9244,0.9318
0.9382,0.9438,0.9494,0.9538,0.9581,0.9615,0.9648,0.9678,0.9704,0.9730
0.9752,0.9772,0.9792,0.9808,0.9823,0.9837,0.9849,0.9860,0.9871,0.9879
0.9885,0.9892,0.9900,0.9904,0.9910,0.9914,0.9919,0.9923,0.9926,0.9929
0.9931,0.9936,0.9938,0.9942,0.9945,0.9947,0.9949,0.9951,0.9954,0.9956
0.9957,0.9960,0.9963,0.9965,0.9966,0.9968,0.9969,0.9972,0.9973,0.9975
0.9977,0.9979,0.9981,0.9983,0.9984,0.9986,0.9987,0.9988,0.9990,0.9991
0.9993,0.9994,0.9996,0.9998,0.9999,1.0000,1.0000,1.0000,1.0000,1.0000
swc2u1fract=0.0001,0.0002,0.0003,0.0005,0.0007,0.0008,0.0009,0.0010
0.0012,0.0014,0.0016,0.0018,0.0020,0.0022,0.0025,0.0028,0.0038,0.0058
0.0095,0.0149,0.0217,0.0308,0.0423,0.0547,0.0700,0.0869,0.1042,0.1234
0.1439,0.1651,0.1876,0.2113,0.2356,0.2600,0.2853,0.3094,0.3350,0.3604
0.3861,0.4107,0.4355,0.4608,0.4854,0.5098,0.5347,0.5579,0.5803,0.6030
0.6253,0.6462,0.6676,0.6886,0.7082,0.7284,0.7476,0.7658,0.7843,0.8018
0.8186,0.8359,0.8510,0.8658,0.8799,0.8932,0.9051,0.9156,0.9245,0.9329
0.9395,0.9456,0.9515,0.9561,0.9601,0.9639,0.9668,0.9701,0.9727,0.9752
0.9773,0.9795,0.9814,0.9831,0.9845,0.9858,0.9868,0.9878,0.9889,0.9896
0.9904,0.9912,0.9918,0.9924,0.9930,0.9935,0.9939,0.9942,0.9945,0.9947
0.9950,0.9953,0.9955,0.9957,0.9959,0.9962,0.9963,0.9965,0.9967,0.9969
0.9971,0.9972,0.9974,0.9974,0.9976,0.9978,0.9980,0.9981,0.9983,0.9984
0.9985,0.9986,0.9988,0.9989,0.9991,0.9992,0.9993,0.9994,0.9995,0.9996
0.9997,0.9998,0.9998,0.9999,0.9999,1.0000,1.0000,1.0000,1.0000,1.0000
swc2u2fract=0.0002,0.0004,0.0005,0.0007,0.0009,0.0011,0.0012,0.0013
0.0015,0.0017,0.0020,0.0021,0.0024,0.0026,0.0028,0.0033,0.0044,0.0062
0.0095,0.0149,0.0216,0.0303,0.0400,0.0521,0.0656,0.0821,0.0993,0.1179
0.1392,0.1602,0.1838,0.2077,0.2324,0.2567,0.2819,0.3070,0.3324,0.3581
0.3848,0.4102,0.4345,0.4597,0.4837,0.5075,0.5312,0.5541,0.5769,0.5999
0.6212,0.6426,0.6634,0.6836,0.7034,0.7223,0.7403,0.7594,0.7773,0.7951
0.8119,0.8280,0.8441,0.8590,0.8728,0.8860,0.8979,0.9094,0.9193,0.9279
0.9348,0.9410,0.9469,0.9520,0.9564,0.9605,0.9647,0.9681,0.9713,0.9734
0.9756,0.9779,0.9800,0.9816,0.9830,0.9844,0.9856,0.9869,0.9879,0.9888
0.9896,0.9904,0.9911,0.9918,0.9921,0.9926,0.9931,0.9935,0.9939,0.9943
0.9945,0.9947,0.9950,0.9952,0.9954,0.9956,0.9957,0.9960,0.9962,0.9965
0.9966,0.9967,0.9969,0.9970,0.9972,0.9974,0.9976,0.9978,0.9979,0.9981
0.9983,0.9984,0.9986,0.9987,0.9988,0.9990,0.9990,0.9992,0.9993,0.9995
0.9996,0.9996,0.9997,0.9999,0.9999,1.0000,1.0000,1.0000,1.0000,1.0000
swc2x1fract=0.0002,0.0004,0.0005,0.0006,0.0007,0.0008,0.0010,0.0012
0.0014,0.0015,0.0017,0.0019,0.0021,0.0022,0.0025,0.0031,0.0040,0.0057
0.0093,0.0151,0.0230,0.0329,0.0436,0.0575,0.0738,0.0908,0.1098,0.1300
0.1529,0.1752,0.1986,0.2231,0.2488,0.2744,0.2992,0.3246,0.3500,0.3748
0.3996,0.4249,0.4494,0.4739,0.4968,0.5203,0.5434,0.5663,0.5886,0.6108
0.6327,0.6540,0.6755,0.6959,0.7166,0.7350,0.7538,0.7727,0.7898,0.8075
0.8250,0.8418,0.8580,0.8727,0.8860,0.8988,0.9106,0.9202,0.9285,0.9363
0.9433,0.9492,0.9546,0.9593,0.9633,0.9670,0.9700,0.9731,0.9753,0.9774
0.9797,0.9812,0.9825,0.9841,0.9858,0.9869,0.9880,0.9890,0.9898,0.9906
0.9913,0.9919,0.9924,0.9928,0.9932,0.9936,0.9939,0.9942,0.9945,0.9947
0.9949,0.9952,0.9954,0.9957,0.9958,0.9960,0.9963,0.9965,0.9967,0.9969
0.9971,0.9972,0.9974,0.9976,0.9977,0.9978,0.9980,0.9981,0.9983,0.9986
0.9987,0.9989,0.9990,0.9990,0.9990,0.9992,0.9993,0.9994,0.9996,0.9998
0.9999,1.0000,1.0000,1.0000,1.0000,1.0000,1.0000,1.0000,1.0000,1.0000
swc2x2fract=0.0001,0.0002,0.0004,0.0005,0.0006,0.0007,0.0009,0.0011
0.0013,0.0015,0.0017,0.0020,0.0022,0.0026,0.0029,0.0034,0.0048,0.0075
0.0121,0.0185,0.0273,0.0380,0.0512,0.0667,0.0843,0.1021,0.1226,0.1438
0.1664,0.1906,0.2147,0.2391,0.2644,0.2902,0.3152,0.3405,0.3653,0.3900
0.4151,0.4390,0.4624,0.4865,0.5095,0.5321,0.5546,0.5764,0.5979,0.6187
0.6398,0.6602,0.6811,0.7011,0.7208,0.7398,0.7584,0.7770,0.7939,0.8117
0.8292,0.8443,0.8590,0.8735,0.8875,0.8998,0.9111,0.9210,0.9295,0.9374
0.9438,0.9495,0.9550,0.9594,0.9631,0.9665,0.9700,0.9726,0.9756,0.9779
0.9799,0.9816,0.9833,0.9848,0.9862,0.9873,0.9883,0.9894,0.9904,0.9912
0.9920,0.9926,0.9931,0.9935,0.9939,0.9942,0.9945,0.9948,0.9951,0.9954
0.9955,0.9957,0.9959,0.9961,0.9963,0.9965,0.9966,0.9968,0.9970,0.9973
0.9975,0.9976,0.9978,0.9979,0.9980,0.9982,0.9983,0.9985,0.9987,0.9989
0.9991,0.9992,0.9994,0.9995,0.9997,0.9998,0.9999,0.9999,1.0000,1.0000
1.0000,1.0000,1.0000,1.0000,1.0000,1.0000,1.0000,1.0000,1.0000,1.0000
swc2v1fract=0.0002,0.0005,0.0006,0.0007,0.0009,0.0010,0.0012,0.0014
0.0015,0.0016,0.0018,0.0020,0.0022,0.0024,0.0027,0.0031,0.0040,0.0054
0.0085,0.0135,0.0199,0.0287,0.0389,0.0512,0.0657,0.0818,0.0997,0.1195
0.1401,0.1623,0.1849,0.2088,0.2330,0.2579,0.2820,0.3066,0.3323,0.3581
0.3839,0.4091,0.4338,0.4597,0.4836,0.5079,0.5322,0.5556,0.5778,0.6003
0.6221,0.6435,0.6644,0.6859,0.7055,0.7247,0.7435,0.7625,0.7807,0.7989
0.8162,0.8326,0.8483,0.8625,0.8761,0.8900,0.9020,0.9119,0.9210,0.9291
0.9363,0.9424,0.9481,0.9531,0.9575,0.9614,0.9649,0.9681,0.9711,0.9738
0.9759,0.9781,0.9801,0.9820,0.9836,0.9853,0.9868,0.9879,0.9889,0.9899
0.9908,0.9914,0.9922,0.9928,0.9934,0.9937,0.9940,0.9943,0.9947,0.9949
0.9952,0.9954,0.9956,0.9958,0.9960,0.9962,0.9964,0.9965,0.9967,0.9970
0.9972,0.9974,0.9976,0.9977,0.9978,0.9980,0.9982,0.9983,0.9985,0.9985
0.9987,0.9988,0.9989,0.9990,0.9991,0.9992,0.9993,0.9994,0.9996,0.9998
0.9999,1.0000,1.0000,1.0000,1.0000,1.0000,1.0000,1.0000,1.0000,1.0000
swc2v2fract=0.0002,0.0003,0.0006,0.0007,0.0008,0.0010,0.0011,0.0014
0.0015,0.0018,0.0019,0.0021,0.0023,0.0025,0.0028,0.0036,0.0050,0.0074
0.0118,0.0185,0.0269,0.0365,0.0493,0.0634,0.0798,0.0972,0.1170,0.1381
0.1597,0.1836,0.2078,0.2322,0.2566,0.2814,0.3071,0.3326,0.3571,0.3824
0.4080,0.4335,0.4586,0.4831,0.5062,0.5300,0.5534,0.5756,0.5965,0.6180
0.6392,0.6599,0.6804,0.7001,0.7189,0.7380,0.7555,0.7737,0.7909,0.8075
0.8251,0.8419,0.8572,0.8715,0.8856,0.8986,0.9099,0.9196,0.9280,0.9359
0.9422,0.9479,0.9528,0.9568,0.9607,0.9640,0.9672,0.9699,0.9728,0.9753
0.9773,0.9794,0.9813,0.9832,0.9848,0.9863,0.9876,0.9886,0.9896,0.9903
0.9910,0.9916,0.9923,0.9928,0.9934,0.9939,0.9942,0.9944,0.9948,0.9950
0.9952,0.9954,0.9956,0.9959,0.9961,0.9964,0.9966,0.9967,0.9968,0.9970
0.9971,0.9973,0.9975,0.9977,0.9978,0.9980,0.9982,0.9984,0.9985,0.9986
0.9987,0.9988,0.9989,0.9990,0.9992,0.9993,0.9994,0.9996,0.9997,0.9998
0.9999,1.0000,1.0000,1.0000,1.0000,1.0000,1.0000,1.0000,1.0000,1.0000
