; Lookup table
;number of bins in Meek's time to distance lookup table
sdriftbins=138
;number of 1st bin in Meek's table in ns
sdrift1stbin=-24
;bin size in ns of Meek's table
sdriftbinsz=2
swc1u1fract=0.0000,0.0000,0.0000,0.0001,0.0001,0.0001,0.0001,0.0001
0.0002,0.0002,0.0002,0.0003,0.0003,0.0006,0.0010,0.0027,0.0055,0.0099
0.0154,0.0222,0.0316,0.0425,0.0548,0.0694,0.0858,0.1040,0.1229,0.1445
0.1654,0.1886,0.2128,0.2368,0.2629,0.2890,0.3150,0.3409,0.3677,0.3933
0.4192,0.4454,0.4702,0.4963,0.5213,0.5457,0.5709,0.5934,0.6163,0.6386
0.6597,0.6817,0.7020,0.7214,0.7411,0.7615,0.7803,0.7997,0.8176,0.8339
0.8503,0.8657,0.8785,0.8920,0.9048,0.9160,0.9254,0.9336,0.9410,0.9472
0.9535,0.9579,0.9624,0.9662,0.9698,0.9731,0.9762,0.9785,0.9809,0.9830
0.9850,0.9869,0.9889,0.9903,0.9913,0.9925,0.9934,0.9944,0.9953,0.9959
0.9965,0.9970,0.9975,0.9977,0.9982,0.9983,0.9984,0.9987,0.9988,0.9989
0.9990,0.9991,0.9992,0.9993,0.9994,0.9994,0.9994,0.9994,0.9994,0.9995
0.9995,0.9995,0.9995,0.9995,0.9995,0.9996,0.9996,0.9997,0.9997,0.9997
0.9997,0.9998,0.9998,0.9998,0.9998,0.9998,0.9999,1.0000,1.0000,1.0000
1.0000,1.0000,1.0000,1.0000,1.0000,1.0000,1.0000,1.0000,1.0000,1.0000
swc1u2fract=0.0000,0.0000,0.0000,0.0000,0.0000,0.0001,0.0001,0.0001
0.0001,0.0001,0.0001,0.0001,0.0002,0.0002,0.0003,0.0004,0.0013,0.0026
0.0058,0.0101,0.0162,0.0249,0.0346,0.0458,0.0592,0.0757,0.0944,0.1137
0.1341,0.1575,0.1791,0.2032,0.2299,0.2544,0.2802,0.3064,0.3330,0.3583
0.3857,0.4115,0.4370,0.4623,0.4872,0.5107,0.5359,0.5608,0.5832,0.6066
0.6291,0.6515,0.6710,0.6911,0.7100,0.7301,0.7481,0.7681,0.7863,0.8044
0.8218,0.8382,0.8538,0.8691,0.8843,0.8979,0.9105,0.9207,0.9308,0.9383
0.9451,0.9519,0.9564,0.9610,0.9654,0.9697,0.9726,0.9757,0.9784,0.9804
0.9823,0.9842,0.9862,0.9877,0.9894,0.9908,0.9922,0.9933,0.9946,0.9954
0.9960,0.9969,0.9973,0.9978,0.9981,0.9983,0.9986,0.9989,0.9991,0.9992
0.9993,0.9993,0.9993,0.9993,0.9994,0.9994,0.9995,0.9995,0.9995,0.9995
0.9995,0.9995,0.9995,0.9995,0.9996,0.9996,0.9996,0.9996,0.9996,0.9996
0.9997,0.9997,0.9997,0.9997,0.9998,0.9998,0.9998,0.9999,0.9999,0.9999
0.9999,0.9999,0.9999,0.9999,0.9999,0.9999,1.0000,1.0000,1.0000,1.0000
swc1x1fract=0.0000,0.0000,0.0000,0.0000,0.0000,0.0001,0.0001,0.0001
0.0001,0.0001,0.0002,0.0002,0.0002,0.0003,0.0005,0.0007,0.0014,0.0033
0.0065,0.0115,0.0196,0.0292,0.0409,0.0545,0.0698,0.0863,0.1070,0.1281
0.1507,0.1729,0.1968,0.2208,0.2455,0.2714,0.2963,0.3217,0.3475,0.3735
0.3975,0.4242,0.4498,0.4741,0.4985,0.5222,0.5463,0.5697,0.5917,0.6134
0.6346,0.6563,0.6771,0.6982,0.7184,0.7392,0.7577,0.7758,0.7950,0.8114
0.8282,0.8442,0.8608,0.8763,0.8905,0.9040,0.9151,0.9252,0.9347,0.9426
0.9492,0.9546,0.9598,0.9645,0.9683,0.9719,0.9751,0.9778,0.9804,0.9828
0.9852,0.9868,0.9887,0.9898,0.9913,0.9924,0.9935,0.9943,0.9954,0.9962
0.9968,0.9971,0.9976,0.9980,0.9983,0.9984,0.9986,0.9988,0.9990,0.9990
0.9992,0.9993,0.9993,0.9994,0.9994,0.9994,0.9995,0.9996,0.9996,0.9996
0.9997,0.9997,0.9998,0.9998,0.9998,0.9999,0.9999,0.9999,0.9999,0.9999
0.9999,0.9999,0.9999,0.9999,0.9999,0.9999,0.9999,0.9999,0.9999,0.9999
0.9999,0.9999,0.9999,0.9999,0.9999,1.0000,1.0000,1.0000,1.0000,1.0000
swc1x2fract=0.0001,0.0001,0.0001,0.0001,0.0002,0.0002,0.0002,0.0002
0.0002,0.0003,0.0003,0.0003,0.0003,0.0007,0.0017,0.0038,0.0073,0.0123
0.0178,0.0258,0.0361,0.0478,0.0617,0.0753,0.0921,0.1103,0.1305,0.1522
0.1746,0.1968,0.2207,0.2446,0.2694,0.2940,0.3208,0.3479,0.3744,0.4012
0.4278,0.4536,0.4801,0.5054,0.5299,0.5535,0.5767,0.5998,0.6232,0.6443
0.6681,0.6888,0.7112,0.7307,0.7525,0.7716,0.7913,0.8090,0.8265,0.8427
0.8598,0.8750,0.8892,0.9024,0.9138,0.9246,0.9343,0.9423,0.9487,0.9551
0.9598,0.9643,0.9686,0.9728,0.9760,0.9790,0.9815,0.9842,0.9861,0.9878
0.9892,0.9909,0.9924,0.9934,0.9940,0.9951,0.9957,0.9963,0.9967,0.9973
0.9979,0.9982,0.9985,0.9987,0.9988,0.9988,0.9989,0.9990,0.9991,0.9992
0.9992,0.9993,0.9994,0.9994,0.9994,0.9994,0.9994,0.9995,0.9995,0.9995
0.9995,0.9995,0.9995,0.9995,0.9996,0.9996,0.9996,0.9996,0.9997,0.9997
0.9997,0.9997,0.9997,0.9997,0.9998,0.9998,0.9998,0.9998,0.9998,0.9998
0.9998,0.9998,0.9999,0.9999,1.0000,1.0000,1.0000,1.0000,1.0000,1.0000
swc1v1fract=0.0000,0.0000,0.0000,0.0001,0.0001,0.0001,0.0001,0.0002
0.0002,0.0002,0.0002,0.0002,0.0002,0.0004,0.0007,0.0018,0.0045,0.0083
0.0133,0.0203,0.0296,0.0404,0.0535,0.0664,0.0813,0.1002,0.1200,0.1404
0.1632,0.1873,0.2110,0.2362,0.2610,0.2865,0.3142,0.3403,0.3664,0.3928
0.4196,0.4470,0.4726,0.4988,0.5230,0.5467,0.5713,0.5955,0.6171,0.6387
0.6607,0.6817,0.7014,0.7203,0.7406,0.7590,0.7769,0.7939,0.8116,0.8286
0.8464,0.8615,0.8770,0.8910,0.9030,0.9148,0.9245,0.9331,0.9406,0.9469
0.9523,0.9566,0.9612,0.9653,0.9690,0.9727,0.9759,0.9789,0.9808,0.9829
0.9847,0.9861,0.9876,0.9895,0.9910,0.9920,0.9932,0.9942,0.9953,0.9961
0.9966,0.9971,0.9977,0.9979,0.9983,0.9986,0.9989,0.9989,0.9991,0.9991
0.9992,0.9994,0.9994,0.9995,0.9996,0.9996,0.9996,0.9996,0.9996,0.9997
0.9997,0.9997,0.9997,0.9997,0.9998,0.9998,0.9998,0.9998,0.9999,0.9999
0.9999,1.0000,1.0000,1.0000,1.0000,1.0000,1.0000,1.0000,1.0000,1.0000
1.0000,1.0000,1.0000,1.0000,1.0000,1.0000,1.0000,1.0000,1.0000,1.0000
swc1v2fract=0.0000,0.0000,0.0000,0.0000,0.0000,0.0000,0.0000,0.0000
0.0000,0.0001,0.0002,0.0003,0.0003,0.0005,0.0008,0.0016,0.0034,0.0059
0.0111,0.0179,0.0259,0.0362,0.0486,0.0627,0.0791,0.0969,0.1157,0.1367
0.1578,0.1802,0.2049,0.2309,0.2576,0.2834,0.3106,0.3375,0.3638,0.3896
0.4147,0.4405,0.4661,0.4891,0.5137,0.5384,0.5604,0.5847,0.6073,0.6283
0.6503,0.6713,0.6923,0.7134,0.7321,0.7520,0.7708,0.7889,0.8059,0.8243
0.8406,0.8557,0.8697,0.8839,0.8987,0.9092,0.9191,0.9282,0.9363,0.9436
0.9504,0.9565,0.9616,0.9660,0.9695,0.9729,0.9757,0.9784,0.9807,0.9826
0.9848,0.9864,0.9880,0.9893,0.9909,0.9923,0.9937,0.9945,0.9954,0.9962
0.9966,0.9972,0.9976,0.9980,0.9982,0.9983,0.9985,0.9988,0.9989,0.9991
0.9993,0.9993,0.9994,0.9995,0.9995,0.9995,0.9995,0.9996,0.9996,0.9996
0.9996,0.9996,0.9996,0.9996,0.9997,0.9997,0.9997,0.9998,0.9998,0.9998
0.9998,0.9998,0.9999,0.9999,0.9999,0.9999,0.9999,0.9999,0.9999,0.9999
0.9999,0.9999,1.0000,1.0000,1.0000,1.0000,1.0000,1.0000,1.0000,1.0000
swc2u1fract=0.0000,0.0000,0.0000,0.0000,0.0001,0.0001,0.0001,0.0001
0.0001,0.0002,0.0003,0.0003,0.0003,0.0005,0.0005,0.0007,0.0017,0.0036
0.0067,0.0119,0.0198,0.0300,0.0422,0.0560,0.0703,0.0873,0.1056,0.1272
0.1503,0.1711,0.1948,0.2193,0.2446,0.2690,0.2953,0.3212,0.3474,0.3720
0.3980,0.4231,0.4480,0.4722,0.4954,0.5191,0.5433,0.5655,0.5870,0.6091
0.6298,0.6518,0.6710,0.6900,0.7102,0.7303,0.7492,0.7688,0.7873,0.8070
0.8256,0.8432,0.8593,0.8735,0.8869,0.8996,0.9118,0.9218,0.9310,0.9393
0.9464,0.9527,0.9578,0.9624,0.9664,0.9698,0.9727,0.9763,0.9791,0.9816
0.9836,0.9854,0.9872,0.9888,0.9905,0.9918,0.9927,0.9939,0.9947,0.9957
0.9964,0.9969,0.9974,0.9979,0.9982,0.9985,0.9988,0.9989,0.9990,0.9991
0.9993,0.9994,0.9994,0.9995,0.9995,0.9996,0.9996,0.9997,0.9998,0.9998
0.9998,0.9998,0.9998,0.9998,0.9998,0.9998,0.9998,0.9998,0.9998,0.9998
0.9999,0.9999,0.9999,0.9999,0.9999,0.9999,0.9999,0.9999,0.9999,0.9999
0.9999,1.0000,1.0000,1.0000,1.0000,1.0000,1.0000,1.0000,1.0000,1.0000
swc2u2fract=0.0000,0.0000,0.0000,0.0001,0.0001,0.0001,0.0001,0.0001
0.0002,0.0002,0.0002,0.0002,0.0002,0.0003,0.0004,0.0007,0.0014,0.0027
0.0057,0.0105,0.0173,0.0259,0.0373,0.0498,0.0654,0.0828,0.1020,0.1235
0.1440,0.1683,0.1920,0.2155,0.2407,0.2650,0.2895,0.3146,0.3392,0.3641
0.3919,0.4164,0.4404,0.4649,0.4911,0.5140,0.5382,0.5600,0.5822,0.6038
0.6261,0.6476,0.6690,0.6890,0.7089,0.7289,0.7484,0.7671,0.7845,0.8024
0.8189,0.8362,0.8526,0.8690,0.8837,0.8980,0.9101,0.9207,0.9298,0.9379
0.9455,0.9518,0.9562,0.9608,0.9651,0.9689,0.9718,0.9750,0.9777,0.9797
0.9822,0.9846,0.9861,0.9878,0.9894,0.9908,0.9924,0.9934,0.9943,0.9947
0.9954,0.9962,0.9969,0.9973,0.9979,0.9982,0.9984,0.9987,0.9989,0.9991
0.9992,0.9993,0.9994,0.9995,0.9997,0.9997,0.9997,0.9998,0.9999,0.9999
0.9999,0.9999,0.9999,0.9999,0.9999,0.9999,0.9999,0.9999,0.9999,0.9999
1.0000,1.0000,1.0000,1.0000,1.0000,1.0000,1.0000,1.0000,1.0000,1.0000
1.0000,1.0000,1.0000,1.0000,1.0000,1.0000,1.0000,1.0000,1.0000,1.0000
swc2x1fract=0.0000,0.0000,0.0000,0.0000,0.0000,0.0000,0.0000,0.0001
0.0001,0.0001,0.0001,0.0001,0.0001,0.0001,0.0002,0.0006,0.0013,0.0033
0.0072,0.0125,0.0196,0.0294,0.0403,0.0532,0.0692,0.0871,0.1059,0.1254
0.1480,0.1710,0.1944,0.2190,0.2453,0.2703,0.2949,0.3210,0.3466,0.3714
0.3969,0.4223,0.4471,0.4699,0.4956,0.5188,0.5420,0.5650,0.5882,0.6099
0.6321,0.6530,0.6747,0.6967,0.7157,0.7368,0.7555,0.7741,0.7909,0.8078
0.8258,0.8433,0.8586,0.8731,0.8879,0.9018,0.9147,0.9247,0.9336,0.9415
0.9485,0.9550,0.9599,0.9644,0.9689,0.9726,0.9761,0.9786,0.9808,0.9830
0.9851,0.9868,0.9883,0.9897,0.9909,0.9921,0.9933,0.9942,0.9951,0.9959
0.9966,0.9969,0.9974,0.9980,0.9982,0.9983,0.9987,0.9988,0.9990,0.9992
0.9992,0.9993,0.9993,0.9994,0.9994,0.9995,0.9995,0.9996,0.9997,0.9997
0.9997,0.9997,0.9997,0.9997,0.9998,0.9998,0.9998,0.9998,0.9998,0.9998
0.9999,0.9999,0.9999,1.0000,1.0000,1.0000,1.0000,1.0000,1.0000,1.0000
1.0000,1.0000,1.0000,1.0000,1.0000,1.0000,1.0000,1.0000,1.0000,1.0000
swc2x2fract=0.0001,0.0001,0.0001,0.0001,0.0001,0.0001,0.0001,0.0001
0.0001,0.0001,0.0002,0.0002,0.0003,0.0003,0.0004,0.0009,0.0023,0.0051
0.0092,0.0171,0.0272,0.0397,0.0542,0.0719,0.0909,0.1111,0.1346,0.1565
0.1792,0.2044,0.2298,0.2563,0.2815,0.3070,0.3324,0.3590,0.3849,0.4097
0.4328,0.4578,0.4825,0.5054,0.5284,0.5501,0.5727,0.5938,0.6155,0.6365
0.6563,0.6752,0.6965,0.7158,0.7355,0.7556,0.7747,0.7932,0.8117,0.8285
0.8448,0.8606,0.8754,0.8897,0.9027,0.9142,0.9242,0.9332,0.9420,0.9493
0.9552,0.9609,0.9650,0.9689,0.9722,0.9751,0.9777,0.9805,0.9832,0.9852
0.9871,0.9885,0.9896,0.9910,0.9918,0.9932,0.9943,0.9953,0.9958,0.9966
0.9970,0.9974,0.9978,0.9981,0.9985,0.9987,0.9988,0.9990,0.9992,0.9992
0.9993,0.9993,0.9994,0.9994,0.9994,0.9995,0.9995,0.9995,0.9995,0.9995
0.9996,0.9996,0.9996,0.9996,0.9997,0.9997,0.9997,0.9997,0.9998,0.9998
0.9998,0.9998,0.9999,0.9999,0.9999,0.9999,1.0000,1.0000,1.0000,1.0000
1.0000,1.0000,1.0000,1.0000,1.0000,1.0000,1.0000,1.0000,1.0000,1.0000
swc2v1fract=0.0000,0.0000,0.0000,0.0000,0.0000,0.0001,0.0001,0.0001
0.0001,0.0001,0.0001,0.0001,0.0001,0.0002,0.0002,0.0004,0.0007,0.0023
0.0056,0.0111,0.0175,0.0259,0.0371,0.0494,0.0643,0.0809,0.1001,0.1200
0.1402,0.1630,0.1851,0.2115,0.2375,0.2648,0.2906,0.3159,0.3427,0.3676
0.3934,0.4187,0.4437,0.4687,0.4933,0.5151,0.5387,0.5630,0.5852,0.6082
0.6309,0.6527,0.6743,0.6948,0.7138,0.7325,0.7514,0.7685,0.7859,0.8037
0.8212,0.8375,0.8538,0.8687,0.8835,0.8952,0.9076,0.9177,0.9271,0.9349
0.9426,0.9486,0.9544,0.9593,0.9631,0.9672,0.9708,0.9739,0.9771,0.9793
0.9818,0.9839,0.9857,0.9877,0.9889,0.9903,0.9916,0.9926,0.9937,0.9945
0.9952,0.9960,0.9965,0.9970,0.9975,0.9979,0.9982,0.9987,0.9989,0.9990
0.9992,0.9992,0.9993,0.9993,0.9994,0.9994,0.9995,0.9996,0.9996,0.9997
0.9997,0.9997,0.9997,0.9998,0.9998,0.9998,0.9999,0.9999,0.9999,0.9999
0.9999,0.9999,0.9999,0.9999,0.9999,0.9999,0.9999,0.9999,0.9999,0.9999
1.0000,1.0000,1.0000,1.0000,1.0000,1.0000,1.0000,1.0000,1.0000,1.0000
swc2v2fract=0.0001,0.0001,0.0001,0.0001,0.0001,0.0001,0.0001,0.0002
0.0002,0.0002,0.0003,0.0003,0.0004,0.0004,0.0005,0.0008,0.0021,0.0051
0.0092,0.0159,0.0242,0.0359,0.0494,0.0656,0.0827,0.1015,0.1210,0.1435
0.1670,0.1938,0.2190,0.2448,0.2691,0.2941,0.3194,0.3452,0.3703,0.3949
0.4192,0.4440,0.4685,0.4932,0.5176,0.5406,0.5630,0.5858,0.6080,0.6293
0.6497,0.6697,0.6899,0.7127,0.7325,0.7510,0.7685,0.7861,0.8038,0.8207
0.8359,0.8520,0.8667,0.8809,0.8948,0.9064,0.9174,0.9269,0.9349,0.9426
0.9489,0.9546,0.9595,0.9642,0.9681,0.9712,0.9739,0.9767,0.9791,0.9813
0.9833,0.9848,0.9864,0.9882,0.9894,0.9907,0.9916,0.9926,0.9937,0.9947
0.9956,0.9964,0.9969,0.9975,0.9978,0.9982,0.9986,0.9987,0.9990,0.9993
0.9993,0.9995,0.9995,0.9996,0.9996,0.9996,0.9996,0.9996,0.9996,0.9996
0.9996,0.9996,0.9996,0.9997,0.9997,0.9997,0.9998,0.9998,0.9998,0.9998
0.9998,0.9998,0.9999,0.9999,0.9999,0.9999,0.9999,1.0000,1.0000,1.0000
1.0000,1.0000,1.0000,1.0000,1.0000,1.0000,1.0000,1.0000,1.0000,1.0000
