; Lookup table
;number of bins in Meek's time to distance lookup table
sdriftbins=138
;number of 1st bin in Meek's table in ns
sdrift1stbin=-24
;bin size in ns of Meek's table
sdriftbinsz=2
swc1u1fract=0.0000,0.0001,0.0001,0.0001,0.0002,0.0002,0.0002,0.0003
0.0003,0.0003,0.0004,0.0004,0.0005,0.0007,0.0011,0.0021,0.0042,0.0075
0.0125,0.0187,0.0267,0.0369,0.0482,0.0614,0.0765,0.0930,0.1124,0.1327
0.1549,0.1784,0.2023,0.2274,0.2529,0.2792,0.3062,0.3322,0.3584,0.3850
0.4119,0.4379,0.4641,0.4901,0.5154,0.5403,0.5640,0.5883,0.6109,0.6335
0.6552,0.6760,0.6963,0.7159,0.7358,0.7545,0.7730,0.7908,0.8079,0.8257
0.8425,0.8579,0.8730,0.8875,0.8993,0.9111,0.9210,0.9299,0.9379,0.9443
0.9501,0.9552,0.9598,0.9639,0.9677,0.9714,0.9744,0.9771,0.9796,0.9815
0.9836,0.9857,0.9874,0.9889,0.9902,0.9915,0.9924,0.9934,0.9943,0.9950
0.9958,0.9964,0.9968,0.9974,0.9977,0.9980,0.9983,0.9984,0.9985,0.9987
0.9988,0.9988,0.9989,0.9989,0.9990,0.9991,0.9991,0.9992,0.9992,0.9993
0.9993,0.9993,0.9993,0.9994,0.9994,0.9995,0.9995,0.9995,0.9995,0.9996
0.9996,0.9996,0.9997,0.9997,0.9997,0.9998,0.9998,0.9998,0.9999,0.9999
0.9999,1.0000,1.0000,1.0000,1.0000,1.0000,1.0000,1.0000,1.0000,1.0000
swc1u2fract=0.0000,0.0001,0.0001,0.0001,0.0002,0.0002,0.0002,0.0002
0.0003,0.0003,0.0004,0.0004,0.0005,0.0005,0.0006,0.0008,0.0015,0.0028
0.0056,0.0101,0.0159,0.0233,0.0329,0.0444,0.0582,0.0745,0.0916,0.1108
0.1314,0.1542,0.1775,0.2013,0.2271,0.2528,0.2785,0.3045,0.3318,0.3578
0.3829,0.4083,0.4341,0.4604,0.4856,0.5098,0.5335,0.5576,0.5810,0.6038
0.6261,0.6477,0.6679,0.6886,0.7090,0.7288,0.7480,0.7671,0.7855,0.8032
0.8201,0.8363,0.8526,0.8683,0.8816,0.8949,0.9068,0.9174,0.9262,0.9346
0.9417,0.9478,0.9534,0.9585,0.9629,0.9668,0.9703,0.9731,0.9761,0.9786
0.9810,0.9828,0.9845,0.9862,0.9878,0.9892,0.9904,0.9915,0.9927,0.9936
0.9944,0.9951,0.9958,0.9964,0.9968,0.9972,0.9975,0.9978,0.9980,0.9982
0.9984,0.9985,0.9986,0.9987,0.9988,0.9989,0.9989,0.9989,0.9990,0.9991
0.9991,0.9991,0.9992,0.9992,0.9992,0.9993,0.9993,0.9994,0.9994,0.9995
0.9995,0.9995,0.9996,0.9996,0.9997,0.9997,0.9997,0.9998,0.9998,0.9998
0.9999,0.9999,0.9999,0.9999,0.9999,1.0000,1.0000,1.0000,1.0000,1.0000
swc1x1fract=0.0000,0.0001,0.0001,0.0001,0.0002,0.0002,0.0002,0.0003
0.0003,0.0004,0.0004,0.0004,0.0005,0.0006,0.0006,0.0009,0.0015,0.0030
0.0057,0.0102,0.0168,0.0254,0.0360,0.0495,0.0646,0.0816,0.1000,0.1201
0.1411,0.1639,0.1875,0.2124,0.2376,0.2633,0.2898,0.3152,0.3410,0.3670
0.3924,0.4176,0.4427,0.4672,0.4919,0.5163,0.5395,0.5635,0.5861,0.6081
0.6298,0.6515,0.6726,0.6930,0.7134,0.7327,0.7517,0.7696,0.7879,0.8053
0.8223,0.8389,0.8553,0.8704,0.8854,0.8987,0.9106,0.9211,0.9309,0.9387
0.9460,0.9521,0.9574,0.9621,0.9661,0.9700,0.9734,0.9763,0.9787,0.9811
0.9834,0.9855,0.9873,0.9891,0.9905,0.9916,0.9926,0.9937,0.9947,0.9953
0.9959,0.9965,0.9969,0.9973,0.9976,0.9979,0.9981,0.9982,0.9984,0.9985
0.9987,0.9988,0.9988,0.9989,0.9989,0.9990,0.9990,0.9990,0.9991,0.9992
0.9993,0.9993,0.9993,0.9993,0.9994,0.9994,0.9994,0.9994,0.9994,0.9995
0.9995,0.9995,0.9996,0.9996,0.9997,0.9997,0.9997,0.9997,0.9997,0.9997
0.9998,0.9998,0.9998,0.9998,0.9999,0.9999,0.9999,1.0000,1.0000,1.0000
swc1x2fract=0.0000,0.0001,0.0001,0.0001,0.0001,0.0002,0.0002,0.0003
0.0003,0.0003,0.0004,0.0004,0.0005,0.0009,0.0020,0.0040,0.0074,0.0122
0.0184,0.0264,0.0360,0.0477,0.0600,0.0748,0.0915,0.1093,0.1293,0.1496
0.1715,0.1940,0.2182,0.2426,0.2675,0.2941,0.3209,0.3475,0.3738,0.4004
0.4269,0.4525,0.4795,0.5055,0.5311,0.5559,0.5800,0.6032,0.6259,0.6480
0.6695,0.6908,0.7109,0.7308,0.7499,0.7682,0.7866,0.8046,0.8222,0.8387
0.8550,0.8705,0.8847,0.8976,0.9091,0.9191,0.9284,0.9366,0.9439,0.9500
0.9555,0.9607,0.9649,0.9689,0.9725,0.9757,0.9787,0.9813,0.9834,0.9855
0.9873,0.9888,0.9902,0.9913,0.9924,0.9934,0.9943,0.9950,0.9956,0.9961
0.9966,0.9969,0.9972,0.9975,0.9978,0.9979,0.9981,0.9983,0.9984,0.9985
0.9986,0.9987,0.9987,0.9988,0.9988,0.9989,0.9989,0.9990,0.9990,0.9991
0.9991,0.9992,0.9993,0.9993,0.9994,0.9994,0.9995,0.9995,0.9995,0.9995
0.9996,0.9996,0.9996,0.9997,0.9997,0.9997,0.9997,0.9998,0.9998,0.9999
0.9999,0.9999,0.9999,1.0000,1.0000,1.0000,1.0000,1.0000,1.0000,1.0000
swc1v1fract=0.0000,0.0000,0.0001,0.0001,0.0001,0.0002,0.0002,0.0003
0.0003,0.0003,0.0004,0.0004,0.0005,0.0006,0.0009,0.0016,0.0030,0.0058
0.0103,0.0160,0.0234,0.0326,0.0441,0.0576,0.0728,0.0896,0.1082,0.1287
0.1501,0.1736,0.1978,0.2226,0.2478,0.2736,0.3005,0.3269,0.3532,0.3797
0.4058,0.4325,0.4583,0.4830,0.5089,0.5339,0.5583,0.5823,0.6057,0.6282
0.6495,0.6699,0.6904,0.7110,0.7303,0.7489,0.7675,0.7857,0.8034,0.8200
0.8368,0.8531,0.8682,0.8832,0.8960,0.9075,0.9175,0.9266,0.9342,0.9413
0.9471,0.9530,0.9581,0.9624,0.9661,0.9695,0.9725,0.9753,0.9780,0.9803
0.9823,0.9842,0.9860,0.9876,0.9891,0.9906,0.9919,0.9929,0.9938,0.9947
0.9955,0.9960,0.9965,0.9970,0.9974,0.9977,0.9979,0.9982,0.9984,0.9985
0.9986,0.9987,0.9988,0.9988,0.9989,0.9989,0.9990,0.9990,0.9991,0.9992
0.9992,0.9992,0.9993,0.9993,0.9993,0.9994,0.9994,0.9995,0.9996,0.9996
0.9996,0.9996,0.9997,0.9997,0.9998,0.9998,0.9998,0.9999,0.9999,0.9999
0.9999,0.9999,1.0000,1.0000,1.0000,1.0000,1.0000,1.0000,1.0000,1.0000
swc1v2fract=0.0000,0.0001,0.0001,0.0001,0.0002,0.0002,0.0002,0.0002
0.0003,0.0003,0.0004,0.0004,0.0005,0.0007,0.0009,0.0014,0.0026,0.0050
0.0087,0.0145,0.0218,0.0310,0.0425,0.0560,0.0715,0.0883,0.1068,0.1268
0.1494,0.1720,0.1965,0.2212,0.2472,0.2735,0.2990,0.3260,0.3535,0.3793
0.4061,0.4327,0.4587,0.4837,0.5076,0.5317,0.5551,0.5790,0.6021,0.6245
0.6456,0.6661,0.6872,0.7074,0.7272,0.7465,0.7649,0.7828,0.8001,0.8174
0.8338,0.8494,0.8638,0.8782,0.8915,0.9035,0.9147,0.9244,0.9327,0.9402
0.9465,0.9522,0.9573,0.9618,0.9655,0.9688,0.9718,0.9746,0.9771,0.9795
0.9817,0.9837,0.9855,0.9871,0.9885,0.9899,0.9912,0.9924,0.9934,0.9943
0.9951,0.9957,0.9962,0.9968,0.9971,0.9975,0.9977,0.9979,0.9981,0.9983
0.9984,0.9985,0.9986,0.9987,0.9987,0.9988,0.9989,0.9989,0.9990,0.9991
0.9991,0.9992,0.9992,0.9993,0.9993,0.9993,0.9994,0.9994,0.9995,0.9995
0.9995,0.9996,0.9996,0.9997,0.9997,0.9997,0.9998,0.9998,0.9998,0.9998
0.9999,0.9999,0.9999,0.9999,0.9999,1.0000,1.0000,1.0000,1.0000,1.0000
swc2u1fract=0.0001,0.0001,0.0001,0.0001,0.0002,0.0002,0.0002,0.0003
0.0003,0.0004,0.0004,0.0005,0.0005,0.0005,0.0006,0.0009,0.0016,0.0033
0.0064,0.0117,0.0190,0.0274,0.0383,0.0514,0.0663,0.0838,0.1024,0.1233
0.1455,0.1690,0.1925,0.2170,0.2418,0.2673,0.2941,0.3208,0.3469,0.3728
0.3988,0.4251,0.4496,0.4745,0.4991,0.5234,0.5468,0.5699,0.5923,0.6138
0.6361,0.6566,0.6773,0.6968,0.7163,0.7355,0.7541,0.7727,0.7904,0.8078
0.8251,0.8420,0.8578,0.8726,0.8864,0.8994,0.9114,0.9212,0.9297,0.9378
0.9446,0.9507,0.9562,0.9611,0.9653,0.9687,0.9720,0.9752,0.9777,0.9800
0.9821,0.9841,0.9859,0.9875,0.9891,0.9902,0.9914,0.9925,0.9936,0.9944
0.9951,0.9958,0.9964,0.9971,0.9974,0.9976,0.9979,0.9982,0.9984,0.9986
0.9987,0.9989,0.9990,0.9991,0.9992,0.9992,0.9992,0.9993,0.9993,0.9994
0.9995,0.9995,0.9995,0.9995,0.9996,0.9996,0.9996,0.9996,0.9997,0.9997
0.9997,0.9998,0.9998,0.9998,0.9998,0.9998,0.9998,0.9999,0.9999,0.9999
0.9999,1.0000,1.0000,1.0000,1.0000,1.0000,1.0000,1.0000,1.0000,1.0000
swc2u2fract=0.0000,0.0000,0.0001,0.0001,0.0002,0.0002,0.0003,0.0003
0.0003,0.0004,0.0005,0.0005,0.0006,0.0006,0.0007,0.0010,0.0017,0.0035
0.0065,0.0109,0.0180,0.0264,0.0366,0.0492,0.0632,0.0797,0.0983,0.1185
0.1392,0.1621,0.1856,0.2102,0.2356,0.2611,0.2868,0.3130,0.3390,0.3650
0.3907,0.4153,0.4402,0.4652,0.4899,0.5126,0.5356,0.5585,0.5812,0.6036
0.6255,0.6475,0.6685,0.6887,0.7083,0.7279,0.7466,0.7648,0.7828,0.8007
0.8181,0.8347,0.8504,0.8657,0.8804,0.8936,0.9056,0.9162,0.9258,0.9342
0.9413,0.9475,0.9536,0.9585,0.9629,0.9667,0.9701,0.9734,0.9764,0.9787
0.9809,0.9830,0.9848,0.9865,0.9882,0.9896,0.9910,0.9922,0.9931,0.9939
0.9946,0.9953,0.9960,0.9967,0.9970,0.9974,0.9979,0.9983,0.9985,0.9986
0.9987,0.9989,0.9990,0.9991,0.9992,0.9993,0.9993,0.9994,0.9994,0.9995
0.9995,0.9995,0.9996,0.9997,0.9997,0.9997,0.9997,0.9997,0.9998,0.9998
0.9998,0.9998,0.9998,0.9998,0.9998,0.9999,0.9999,0.9999,0.9999,0.9999
1.0000,1.0000,1.0000,1.0000,1.0000,1.0000,1.0000,1.0000,1.0000,1.0000
swc2x1fract=0.0000,0.0001,0.0001,0.0001,0.0002,0.0002,0.0003,0.0003
0.0003,0.0003,0.0004,0.0004,0.0004,0.0005,0.0006,0.0008,0.0015,0.0031
0.0059,0.0106,0.0170,0.0260,0.0374,0.0504,0.0661,0.0833,0.1024,0.1237
0.1464,0.1699,0.1933,0.2179,0.2432,0.2690,0.2942,0.3202,0.3462,0.3719
0.3974,0.4227,0.4475,0.4712,0.4952,0.5191,0.5434,0.5668,0.5897,0.6121
0.6341,0.6563,0.6771,0.6966,0.7166,0.7358,0.7543,0.7723,0.7901,0.8074
0.8248,0.8414,0.8570,0.8721,0.8860,0.8995,0.9113,0.9222,0.9313,0.9392
0.9462,0.9527,0.9583,0.9628,0.9669,0.9706,0.9739,0.9768,0.9794,0.9818
0.9841,0.9860,0.9877,0.9893,0.9907,0.9919,0.9929,0.9938,0.9947,0.9954
0.9960,0.9965,0.9971,0.9975,0.9979,0.9982,0.9983,0.9985,0.9986,0.9987
0.9988,0.9989,0.9990,0.9990,0.9991,0.9992,0.9992,0.9993,0.9993,0.9994
0.9994,0.9994,0.9995,0.9995,0.9995,0.9996,0.9996,0.9996,0.9996,0.9997
0.9997,0.9997,0.9998,0.9998,0.9998,0.9999,0.9999,0.9999,0.9999,0.9999
0.9999,1.0000,1.0000,1.0000,1.0000,1.0000,1.0000,1.0000,1.0000,1.0000
swc2x2fract=0.0000,0.0001,0.0001,0.0001,0.0001,0.0002,0.0002,0.0002
0.0003,0.0003,0.0003,0.0004,0.0005,0.0005,0.0007,0.0012,0.0023,0.0048
0.0092,0.0159,0.0249,0.0360,0.0497,0.0651,0.0846,0.1037,0.1251,0.1475
0.1716,0.1960,0.2208,0.2468,0.2721,0.2980,0.3239,0.3491,0.3739,0.3994
0.4241,0.4487,0.4730,0.4967,0.5210,0.5443,0.5666,0.5890,0.6113,0.6322
0.6537,0.6739,0.6935,0.7132,0.7330,0.7511,0.7692,0.7867,0.8044,0.8216
0.8374,0.8535,0.8690,0.8833,0.8961,0.9086,0.9191,0.9282,0.9364,0.9436
0.9500,0.9553,0.9598,0.9643,0.9684,0.9718,0.9750,0.9778,0.9802,0.9824
0.9847,0.9867,0.9885,0.9898,0.9912,0.9924,0.9934,0.9942,0.9949,0.9955
0.9960,0.9965,0.9969,0.9972,0.9975,0.9977,0.9979,0.9981,0.9982,0.9984
0.9985,0.9987,0.9988,0.9989,0.9990,0.9991,0.9991,0.9992,0.9992,0.9993
0.9994,0.9994,0.9994,0.9996,0.9996,0.9996,0.9996,0.9997,0.9997,0.9997
0.9998,0.9998,0.9998,0.9999,0.9999,0.9999,1.0000,1.0000,1.0000,1.0000
1.0000,1.0000,1.0000,1.0000,1.0000,1.0000,1.0000,1.0000,1.0000,1.0000
swc2v1fract=0.0000,0.0000,0.0001,0.0001,0.0002,0.0002,0.0002,0.0002
0.0003,0.0003,0.0004,0.0004,0.0005,0.0005,0.0006,0.0007,0.0013,0.0027
0.0058,0.0104,0.0170,0.0247,0.0347,0.0471,0.0613,0.0778,0.0953,0.1153
0.1370,0.1596,0.1836,0.2087,0.2340,0.2603,0.2863,0.3120,0.3382,0.3642
0.3901,0.4160,0.4416,0.4663,0.4921,0.5156,0.5401,0.5646,0.5869,0.6100
0.6317,0.6523,0.6730,0.6937,0.7137,0.7336,0.7520,0.7706,0.7887,0.8062
0.8232,0.8391,0.8545,0.8700,0.8840,0.8967,0.9085,0.9181,0.9271,0.9348
0.9422,0.9481,0.9539,0.9586,0.9628,0.9666,0.9700,0.9732,0.9758,0.9782
0.9805,0.9825,0.9845,0.9864,0.9882,0.9894,0.9907,0.9920,0.9931,0.9939
0.9948,0.9955,0.9961,0.9967,0.9971,0.9975,0.9979,0.9981,0.9984,0.9986
0.9987,0.9989,0.9990,0.9991,0.9992,0.9992,0.9993,0.9993,0.9994,0.9994
0.9994,0.9995,0.9995,0.9995,0.9995,0.9996,0.9996,0.9996,0.9997,0.9997
0.9997,0.9998,0.9998,0.9998,0.9998,0.9999,0.9999,0.9999,1.0000,1.0000
1.0000,1.0000,1.0000,1.0000,1.0000,1.0000,1.0000,1.0000,1.0000,1.0000
swc2v2fract=0.0000,0.0000,0.0001,0.0001,0.0002,0.0002,0.0002,0.0002
0.0003,0.0003,0.0003,0.0004,0.0004,0.0005,0.0006,0.0010,0.0019,0.0036
0.0073,0.0129,0.0205,0.0305,0.0422,0.0562,0.0727,0.0912,0.1113,0.1331
0.1559,0.1797,0.2044,0.2303,0.2558,0.2806,0.3063,0.3326,0.3581,0.3840
0.4097,0.4348,0.4594,0.4846,0.5085,0.5325,0.5558,0.5783,0.6006,0.6223
0.6444,0.6657,0.6856,0.7052,0.7248,0.7439,0.7626,0.7805,0.7980,0.8146
0.8316,0.8468,0.8618,0.8767,0.8897,0.9021,0.9132,0.9232,0.9319,0.9393
0.9462,0.9518,0.9566,0.9612,0.9652,0.9690,0.9722,0.9749,0.9775,0.9798
0.9818,0.9840,0.9856,0.9871,0.9886,0.9899,0.9912,0.9923,0.9932,0.9942
0.9950,0.9958,0.9963,0.9969,0.9973,0.9976,0.9979,0.9982,0.9984,0.9986
0.9988,0.9989,0.9989,0.9990,0.9991,0.9992,0.9993,0.9993,0.9994,0.9994
0.9994,0.9995,0.9995,0.9995,0.9995,0.9996,0.9996,0.9996,0.9996,0.9997
0.9997,0.9997,0.9998,0.9998,0.9998,0.9998,0.9999,0.9999,0.9999,1.0000
1.0000,1.0000,1.0000,1.0000,1.0000,1.0000,1.0000,1.0000,1.0000,1.0000
