; Lookup table
;number of bins in Meek's time to distance lookup table
sdriftbins=138
;number of 1st bin in Meek's table in ns
sdrift1stbin=-24
;bin size in ns of Meek's table
sdriftbinsz=2
swc1u1fract=0.0002,0.0004,0.0007,0.0009,0.0010,0.0011,0.0014,0.0016
0.0019,0.0021,0.0024,0.0026,0.0029,0.0031,0.0034,0.0046,0.0058,0.0085
0.0125,0.0181,0.0244,0.0332,0.0431,0.0551,0.0680,0.0835,0.1004,0.1193
0.1388,0.1607,0.1824,0.2055,0.2302,0.2561,0.2824,0.3078,0.3344,0.3606
0.3873,0.4133,0.4407,0.4669,0.4934,0.5185,0.5431,0.5686,0.5915,0.6143
0.6364,0.6558,0.6760,0.6965,0.7161,0.7350,0.7532,0.7707,0.7879,0.8054
0.8223,0.8382,0.8533,0.8662,0.8785,0.8904,0.9011,0.9112,0.9200,0.9277
0.9341,0.9402,0.9459,0.9502,0.9542,0.9580,0.9613,0.9645,0.9674,0.9698
0.9719,0.9741,0.9761,0.9777,0.9796,0.9815,0.9829,0.9838,0.9847,0.9860
0.9871,0.9882,0.9889,0.9894,0.9901,0.9907,0.9911,0.9914,0.9919,0.9923
0.9928,0.9931,0.9933,0.9936,0.9938,0.9940,0.9943,0.9945,0.9948,0.9949
0.9953,0.9956,0.9958,0.9960,0.9961,0.9962,0.9964,0.9966,0.9968,0.9970
0.9972,0.9975,0.9978,0.9980,0.9982,0.9984,0.9987,0.9988,0.9990,0.9992
0.9993,0.9994,0.9997,0.9998,0.9999,0.9999,1.0000,1.0000,1.0000,1.0000
swc1u2fract=0.0001,0.0004,0.0006,0.0008,0.0010,0.0011,0.0014,0.0017
0.0018,0.0020,0.0023,0.0025,0.0028,0.0030,0.0032,0.0037,0.0046,0.0061
0.0093,0.0137,0.0195,0.0280,0.0368,0.0479,0.0594,0.0732,0.0889,0.1070
0.1258,0.1470,0.1694,0.1925,0.2160,0.2401,0.2652,0.2907,0.3163,0.3425
0.3673,0.3933,0.4187,0.4452,0.4701,0.4959,0.5209,0.5447,0.5675,0.5923
0.6156,0.6374,0.6587,0.6786,0.6995,0.7184,0.7377,0.7564,0.7755,0.7916
0.8096,0.8259,0.8419,0.8570,0.8701,0.8825,0.8942,0.9038,0.9126,0.9205
0.9278,0.9342,0.9402,0.9455,0.9499,0.9538,0.9580,0.9616,0.9652,0.9682
0.9709,0.9729,0.9749,0.9764,0.9782,0.9800,0.9815,0.9830,0.9842,0.9854
0.9863,0.9872,0.9879,0.9885,0.9894,0.9900,0.9904,0.9910,0.9915,0.9918
0.9924,0.9924,0.9927,0.9930,0.9933,0.9936,0.9938,0.9942,0.9944,0.9947
0.9950,0.9952,0.9955,0.9957,0.9960,0.9964,0.9966,0.9969,0.9970,0.9973
0.9974,0.9976,0.9978,0.9980,0.9982,0.9984,0.9985,0.9988,0.9992,0.9994
0.9995,0.9996,0.9997,0.9997,0.9997,0.9998,0.9999,1.0000,1.0000,1.0000
swc1x1fract=0.0002,0.0003,0.0005,0.0006,0.0008,0.0010,0.0011,0.0012
0.0015,0.0016,0.0018,0.0020,0.0022,0.0026,0.0027,0.0031,0.0039,0.0053
0.0073,0.0119,0.0175,0.0249,0.0334,0.0440,0.0567,0.0708,0.0862,0.1039
0.1247,0.1453,0.1673,0.1900,0.2135,0.2390,0.2642,0.2909,0.3164,0.3428
0.3677,0.3930,0.4175,0.4426,0.4667,0.4921,0.5174,0.5407,0.5632,0.5845
0.6082,0.6301,0.6507,0.6711,0.6922,0.7122,0.7325,0.7500,0.7679,0.7854
0.8027,0.8190,0.8348,0.8509,0.8656,0.8798,0.8917,0.9028,0.9120,0.9211
0.9290,0.9355,0.9415,0.9463,0.9513,0.9556,0.9594,0.9626,0.9658,0.9685
0.9707,0.9732,0.9753,0.9773,0.9792,0.9807,0.9825,0.9837,0.9848,0.9859
0.9868,0.9878,0.9888,0.9893,0.9899,0.9905,0.9908,0.9913,0.9916,0.9920
0.9925,0.9929,0.9931,0.9934,0.9937,0.9941,0.9943,0.9944,0.9945,0.9947
0.9949,0.9950,0.9952,0.9955,0.9957,0.9961,0.9962,0.9964,0.9967,0.9969
0.9972,0.9974,0.9975,0.9977,0.9978,0.9981,0.9983,0.9985,0.9985,0.9986
0.9988,0.9990,0.9992,0.9992,0.9994,0.9996,0.9997,0.9998,1.0000,1.0000
swc1x2fract=0.0002,0.0003,0.0005,0.0007,0.0008,0.0011,0.0012,0.0014
0.0016,0.0017,0.0019,0.0022,0.0025,0.0029,0.0035,0.0048,0.0069,0.0095
0.0132,0.0183,0.0256,0.0338,0.0441,0.0549,0.0683,0.0827,0.0985,0.1171
0.1370,0.1585,0.1821,0.2044,0.2269,0.2512,0.2769,0.3031,0.3289,0.3553
0.3802,0.4062,0.4321,0.4578,0.4836,0.5097,0.5337,0.5590,0.5831,0.6069
0.6290,0.6496,0.6699,0.6909,0.7102,0.7309,0.7495,0.7682,0.7854,0.8026
0.8201,0.8361,0.8507,0.8645,0.8785,0.8906,0.9022,0.9113,0.9199,0.9274
0.9341,0.9404,0.9453,0.9501,0.9549,0.9587,0.9622,0.9652,0.9680,0.9707
0.9732,0.9753,0.9774,0.9789,0.9805,0.9821,0.9836,0.9849,0.9856,0.9866
0.9873,0.9878,0.9884,0.9891,0.9897,0.9905,0.9910,0.9914,0.9916,0.9920
0.9924,0.9926,0.9928,0.9933,0.9935,0.9938,0.9940,0.9943,0.9947,0.9949
0.9952,0.9955,0.9958,0.9959,0.9962,0.9964,0.9967,0.9968,0.9972,0.9975
0.9977,0.9978,0.9981,0.9982,0.9986,0.9987,0.9989,0.9990,0.9992,0.9993
0.9995,0.9997,0.9998,0.9998,0.9999,0.9999,1.0000,1.0000,1.0000,1.0000
swc1v1fract=0.0002,0.0005,0.0007,0.0009,0.0011,0.0013,0.0015,0.0017
0.0019,0.0021,0.0024,0.0026,0.0031,0.0034,0.0037,0.0047,0.0061,0.0093
0.0131,0.0190,0.0254,0.0336,0.0442,0.0564,0.0707,0.0859,0.1024,0.1210
0.1409,0.1619,0.1844,0.2077,0.2317,0.2572,0.2822,0.3073,0.3333,0.3608
0.3878,0.4136,0.4396,0.4661,0.4929,0.5184,0.5429,0.5664,0.5886,0.6105
0.6326,0.6539,0.6751,0.6957,0.7156,0.7335,0.7515,0.7696,0.7889,0.8064
0.8224,0.8383,0.8538,0.8676,0.8798,0.8912,0.9028,0.9125,0.9203,0.9284
0.9347,0.9406,0.9458,0.9508,0.9545,0.9583,0.9614,0.9644,0.9674,0.9695
0.9721,0.9743,0.9762,0.9778,0.9795,0.9813,0.9828,0.9838,0.9850,0.9862
0.9872,0.9881,0.9892,0.9898,0.9905,0.9910,0.9916,0.9920,0.9924,0.9928
0.9929,0.9931,0.9934,0.9937,0.9939,0.9943,0.9947,0.9950,0.9952,0.9955
0.9958,0.9961,0.9964,0.9966,0.9967,0.9968,0.9970,0.9972,0.9973,0.9976
0.9976,0.9979,0.9980,0.9982,0.9983,0.9984,0.9987,0.9989,0.9991,0.9993
0.9995,0.9997,0.9999,0.9999,1.0000,1.0000,1.0000,1.0000,1.0000,1.0000
swc1v2fract=0.0002,0.0004,0.0006,0.0008,0.0010,0.0012,0.0014,0.0015
0.0017,0.0019,0.0022,0.0024,0.0027,0.0030,0.0032,0.0036,0.0046,0.0067
0.0101,0.0145,0.0208,0.0290,0.0388,0.0495,0.0623,0.0759,0.0905,0.1070
0.1264,0.1463,0.1684,0.1903,0.2137,0.2390,0.2632,0.2898,0.3166,0.3422
0.3679,0.3951,0.4216,0.4492,0.4754,0.5001,0.5261,0.5507,0.5737,0.5967
0.6201,0.6433,0.6643,0.6833,0.7029,0.7226,0.7412,0.7595,0.7776,0.7957
0.8128,0.8295,0.8442,0.8581,0.8710,0.8840,0.8954,0.9055,0.9149,0.9230
0.9299,0.9358,0.9412,0.9459,0.9508,0.9550,0.9590,0.9622,0.9653,0.9683
0.9709,0.9730,0.9750,0.9773,0.9793,0.9809,0.9823,0.9838,0.9851,0.9859
0.9868,0.9879,0.9887,0.9895,0.9902,0.9910,0.9916,0.9920,0.9924,0.9926
0.9930,0.9933,0.9935,0.9937,0.9939,0.9942,0.9943,0.9945,0.9947,0.9949
0.9951,0.9954,0.9957,0.9961,0.9962,0.9965,0.9967,0.9969,0.9970,0.9974
0.9976,0.9977,0.9978,0.9978,0.9982,0.9984,0.9985,0.9987,0.9990,0.9992
0.9994,0.9996,0.9997,0.9998,0.9998,0.9999,1.0000,1.0000,1.0000,1.0000
swc2u1fract=0.0002,0.0004,0.0007,0.0009,0.0012,0.0014,0.0015,0.0016
0.0018,0.0019,0.0021,0.0023,0.0025,0.0029,0.0030,0.0034,0.0038,0.0048
0.0075,0.0124,0.0174,0.0245,0.0337,0.0436,0.0569,0.0723,0.0895,0.1076
0.1275,0.1489,0.1710,0.1938,0.2178,0.2413,0.2663,0.2919,0.3177,0.3435
0.3676,0.3934,0.4184,0.4438,0.4684,0.4926,0.5179,0.5415,0.5652,0.5881
0.6112,0.6330,0.6544,0.6752,0.6944,0.7141,0.7335,0.7522,0.7701,0.7866
0.8051,0.8206,0.8361,0.8518,0.8654,0.8801,0.8923,0.9040,0.9134,0.9215
0.9290,0.9363,0.9424,0.9475,0.9527,0.9569,0.9605,0.9635,0.9666,0.9697
0.9724,0.9746,0.9765,0.9786,0.9806,0.9821,0.9832,0.9844,0.9855,0.9869
0.9883,0.9893,0.9901,0.9908,0.9916,0.9921,0.9926,0.9931,0.9935,0.9938
0.9941,0.9943,0.9945,0.9948,0.9950,0.9952,0.9953,0.9956,0.9959,0.9962
0.9964,0.9967,0.9971,0.9972,0.9974,0.9976,0.9978,0.9979,0.9983,0.9985
0.9986,0.9988,0.9989,0.9990,0.9990,0.9992,0.9993,0.9994,0.9995,0.9996
0.9997,0.9997,0.9998,0.9999,0.9999,0.9999,1.0000,1.0000,1.0000,1.0000
swc2u2fract=0.0002,0.0002,0.0004,0.0008,0.0009,0.0012,0.0015,0.0016
0.0018,0.0020,0.0021,0.0024,0.0026,0.0027,0.0029,0.0034,0.0047,0.0068
0.0103,0.0161,0.0230,0.0317,0.0418,0.0530,0.0671,0.0829,0.1002,0.1186
0.1388,0.1599,0.1838,0.2080,0.2321,0.2580,0.2825,0.3076,0.3348,0.3611
0.3870,0.4144,0.4394,0.4650,0.4905,0.5142,0.5387,0.5625,0.5843,0.6061
0.6281,0.6498,0.6713,0.6913,0.7108,0.7291,0.7474,0.7654,0.7825,0.7992
0.8156,0.8311,0.8460,0.8611,0.8746,0.8877,0.8984,0.9089,0.9186,0.9264
0.9336,0.9394,0.9445,0.9497,0.9545,0.9580,0.9618,0.9653,0.9680,0.9703
0.9732,0.9756,0.9773,0.9790,0.9808,0.9824,0.9838,0.9852,0.9866,0.9877
0.9888,0.9897,0.9902,0.9908,0.9913,0.9917,0.9924,0.9930,0.9933,0.9937
0.9940,0.9943,0.9946,0.9948,0.9950,0.9953,0.9957,0.9959,0.9960,0.9963
0.9966,0.9967,0.9969,0.9971,0.9973,0.9974,0.9975,0.9977,0.9981,0.9981
0.9982,0.9984,0.9986,0.9989,0.9991,0.9992,0.9992,0.9993,0.9994,0.9995
0.9996,0.9998,0.9998,0.9998,0.9999,1.0000,1.0000,1.0000,1.0000,1.0000
swc2x1fract=0.0002,0.0004,0.0005,0.0006,0.0008,0.0009,0.0011,0.0015
0.0016,0.0019,0.0021,0.0022,0.0025,0.0027,0.0030,0.0032,0.0043,0.0062
0.0094,0.0143,0.0207,0.0293,0.0390,0.0510,0.0653,0.0814,0.1012,0.1204
0.1411,0.1636,0.1867,0.2098,0.2345,0.2596,0.2856,0.3105,0.3359,0.3611
0.3861,0.4111,0.4371,0.4615,0.4870,0.5126,0.5359,0.5600,0.5826,0.6051
0.6279,0.6496,0.6702,0.6912,0.7095,0.7283,0.7460,0.7646,0.7829,0.7986
0.8152,0.8320,0.8474,0.8622,0.8774,0.8897,0.9008,0.9114,0.9205,0.9293
0.9358,0.9424,0.9474,0.9524,0.9565,0.9601,0.9636,0.9665,0.9697,0.9726
0.9750,0.9778,0.9800,0.9815,0.9830,0.9844,0.9857,0.9870,0.9881,0.9887
0.9893,0.9900,0.9907,0.9915,0.9921,0.9925,0.9930,0.9935,0.9937,0.9940
0.9942,0.9945,0.9948,0.9951,0.9953,0.9957,0.9959,0.9961,0.9963,0.9965
0.9968,0.9970,0.9971,0.9974,0.9975,0.9977,0.9979,0.9981,0.9984,0.9985
0.9988,0.9988,0.9989,0.9990,0.9991,0.9992,0.9994,0.9996,0.9997,0.9998
0.9998,0.9999,0.9999,1.0000,1.0000,1.0000,1.0000,1.0000,1.0000,1.0000
swc2x2fract=0.0001,0.0002,0.0003,0.0005,0.0005,0.0007,0.0009,0.0012
0.0013,0.0016,0.0018,0.0019,0.0023,0.0025,0.0029,0.0034,0.0043,0.0064
0.0098,0.0147,0.0220,0.0311,0.0418,0.0530,0.0681,0.0847,0.1024,0.1234
0.1446,0.1656,0.1883,0.2139,0.2383,0.2650,0.2901,0.3168,0.3426,0.3681
0.3927,0.4177,0.4432,0.4668,0.4910,0.5146,0.5374,0.5612,0.5834,0.6054
0.6259,0.6473,0.6678,0.6869,0.7063,0.7254,0.7438,0.7622,0.7813,0.7986
0.8168,0.8326,0.8473,0.8627,0.8764,0.8901,0.9020,0.9127,0.9222,0.9295
0.9367,0.9431,0.9485,0.9526,0.9569,0.9604,0.9641,0.9674,0.9702,0.9731
0.9753,0.9776,0.9793,0.9813,0.9831,0.9843,0.9857,0.9867,0.9876,0.9889
0.9896,0.9906,0.9913,0.9918,0.9923,0.9929,0.9933,0.9935,0.9937,0.9940
0.9942,0.9945,0.9948,0.9950,0.9952,0.9953,0.9956,0.9958,0.9962,0.9964
0.9967,0.9969,0.9971,0.9972,0.9974,0.9977,0.9979,0.9982,0.9984,0.9985
0.9987,0.9990,0.9991,0.9993,0.9995,0.9995,0.9997,0.9998,0.9999,1.0000
1.0000,1.0000,1.0000,1.0000,1.0000,1.0000,1.0000,1.0000,1.0000,1.0000
swc2v1fract=0.0001,0.0002,0.0005,0.0007,0.0008,0.0010,0.0012,0.0015
0.0017,0.0019,0.0021,0.0022,0.0025,0.0027,0.0029,0.0032,0.0041,0.0056
0.0078,0.0119,0.0173,0.0244,0.0337,0.0441,0.0569,0.0715,0.0872,0.1043
0.1233,0.1439,0.1664,0.1896,0.2137,0.2378,0.2626,0.2881,0.3139,0.3404
0.3663,0.3926,0.4184,0.4444,0.4685,0.4935,0.5178,0.5428,0.5665,0.5905
0.6127,0.6339,0.6553,0.6757,0.6946,0.7129,0.7329,0.7518,0.7711,0.7887
0.8050,0.8217,0.8372,0.8524,0.8667,0.8806,0.8940,0.9050,0.9145,0.9222
0.9298,0.9361,0.9423,0.9475,0.9529,0.9575,0.9609,0.9645,0.9671,0.9700
0.9728,0.9749,0.9768,0.9786,0.9803,0.9819,0.9831,0.9846,0.9859,0.9869
0.9879,0.9889,0.9897,0.9903,0.9910,0.9915,0.9923,0.9928,0.9932,0.9938
0.9944,0.9946,0.9951,0.9955,0.9957,0.9959,0.9962,0.9963,0.9965,0.9968
0.9969,0.9971,0.9974,0.9978,0.9980,0.9981,0.9982,0.9984,0.9986,0.9989
0.9989,0.9990,0.9991,0.9992,0.9993,0.9994,0.9995,0.9997,0.9997,0.9998
0.9999,1.0000,1.0000,1.0000,1.0000,1.0000,1.0000,1.0000,1.0000,1.0000
swc2v2fract=0.0002,0.0002,0.0004,0.0007,0.0008,0.0009,0.0011,0.0013
0.0017,0.0018,0.0022,0.0025,0.0027,0.0029,0.0032,0.0036,0.0043,0.0064
0.0095,0.0141,0.0206,0.0291,0.0385,0.0496,0.0627,0.0775,0.0952,0.1138
0.1339,0.1557,0.1778,0.2033,0.2278,0.2546,0.2801,0.3056,0.3303,0.3560
0.3807,0.4067,0.4334,0.4584,0.4842,0.5091,0.5339,0.5570,0.5800,0.6036
0.6261,0.6481,0.6696,0.6887,0.7083,0.7266,0.7452,0.7637,0.7818,0.7992
0.8144,0.8300,0.8450,0.8581,0.8720,0.8849,0.8954,0.9063,0.9164,0.9242
0.9305,0.9370,0.9425,0.9477,0.9518,0.9562,0.9597,0.9629,0.9662,0.9691
0.9714,0.9737,0.9762,0.9783,0.9799,0.9815,0.9831,0.9847,0.9863,0.9874
0.9885,0.9895,0.9904,0.9912,0.9919,0.9924,0.9931,0.9936,0.9940,0.9942
0.9944,0.9946,0.9950,0.9952,0.9954,0.9957,0.9959,0.9962,0.9964,0.9966
0.9969,0.9971,0.9973,0.9975,0.9978,0.9981,0.9982,0.9983,0.9984,0.9985
0.9987,0.9989,0.9990,0.9992,0.9993,0.9994,0.9995,0.9997,0.9998,0.9999
1.0000,1.0000,1.0000,1.0000,1.0000,1.0000,1.0000,1.0000,1.0000,1.0000
