; Lookup table
;number of bins in Meek's time to distance lookup table
sdriftbins=138
;number of 1st bin in Meek's table in ns
sdrift1stbin=-24
;bin size in ns of Meek's table
sdriftbinsz=2
swc1u1fract=0.0001,0.0003,0.0006,0.0007,0.0009,0.0010,0.0012,0.0014
0.0016,0.0018,0.0020,0.0021,0.0024,0.0026,0.0032,0.0040,0.0056,0.0082
0.0120,0.0171,0.0237,0.0318,0.0406,0.0512,0.0637,0.0778,0.0937,0.1114
0.1309,0.1511,0.1735,0.1959,0.2194,0.2443,0.2708,0.2971,0.3244,0.3511
0.3791,0.4062,0.4340,0.4606,0.4879,0.5143,0.5404,0.5653,0.5888,0.6118
0.6339,0.6559,0.6767,0.6971,0.7176,0.7374,0.7568,0.7758,0.7942,0.8114
0.8277,0.8434,0.8582,0.8719,0.8843,0.8961,0.9069,0.9161,0.9243,0.9316
0.9379,0.9432,0.9487,0.9534,0.9579,0.9616,0.9648,0.9679,0.9706,0.9732
0.9757,0.9780,0.9800,0.9816,0.9832,0.9846,0.9859,0.9872,0.9882,0.9890
0.9898,0.9905,0.9911,0.9917,0.9923,0.9927,0.9931,0.9935,0.9938,0.9941
0.9944,0.9947,0.9948,0.9950,0.9953,0.9955,0.9957,0.9959,0.9960,0.9963
0.9965,0.9967,0.9969,0.9970,0.9972,0.9973,0.9975,0.9976,0.9979,0.9980
0.9981,0.9983,0.9985,0.9987,0.9989,0.9990,0.9991,0.9992,0.9994,0.9995
0.9996,0.9997,0.9999,0.9999,0.9999,1.0000,1.0000,1.0000,1.0000,1.0000
swc1u2fract=0.0001,0.0003,0.0005,0.0006,0.0008,0.0009,0.0011,0.0012
0.0015,0.0016,0.0018,0.0019,0.0021,0.0024,0.0026,0.0030,0.0038,0.0052
0.0076,0.0114,0.0163,0.0230,0.0310,0.0408,0.0523,0.0653,0.0801,0.0968
0.1151,0.1346,0.1559,0.1780,0.2016,0.2260,0.2513,0.2771,0.3031,0.3302
0.3571,0.3834,0.4099,0.4367,0.4636,0.4897,0.5158,0.5409,0.5660,0.5893
0.6125,0.6346,0.6564,0.6774,0.6980,0.7178,0.7375,0.7565,0.7750,0.7930
0.8099,0.8261,0.8420,0.8567,0.8709,0.8839,0.8954,0.9059,0.9148,0.9231
0.9302,0.9367,0.9428,0.9480,0.9527,0.9570,0.9608,0.9640,0.9671,0.9698
0.9724,0.9750,0.9771,0.9790,0.9808,0.9824,0.9838,0.9851,0.9862,0.9873
0.9883,0.9892,0.9899,0.9907,0.9914,0.9919,0.9923,0.9928,0.9932,0.9934
0.9937,0.9941,0.9944,0.9947,0.9950,0.9952,0.9954,0.9956,0.9958,0.9961
0.9963,0.9965,0.9967,0.9968,0.9970,0.9972,0.9974,0.9976,0.9977,0.9979
0.9980,0.9982,0.9983,0.9985,0.9986,0.9987,0.9988,0.9990,0.9991,0.9992
0.9993,0.9994,0.9995,0.9997,0.9998,0.9999,0.9999,1.0000,1.0000,1.0000
swc1x1fract=0.0001,0.0003,0.0004,0.0006,0.0008,0.0009,0.0010,0.0011
0.0013,0.0015,0.0017,0.0018,0.0020,0.0022,0.0024,0.0028,0.0035,0.0048
0.0070,0.0108,0.0162,0.0230,0.0318,0.0423,0.0549,0.0686,0.0847,0.1030
0.1229,0.1437,0.1657,0.1892,0.2137,0.2389,0.2645,0.2901,0.3169,0.3428
0.3693,0.3957,0.4219,0.4479,0.4732,0.4986,0.5231,0.5476,0.5710,0.5940
0.6173,0.6398,0.6615,0.6819,0.7019,0.7216,0.7403,0.7587,0.7771,0.7951
0.8120,0.8285,0.8439,0.8589,0.8730,0.8858,0.8979,0.9087,0.9181,0.9265
0.9340,0.9404,0.9461,0.9513,0.9556,0.9594,0.9631,0.9663,0.9695,0.9720
0.9744,0.9766,0.9789,0.9807,0.9823,0.9839,0.9852,0.9863,0.9873,0.9882
0.9890,0.9898,0.9905,0.9911,0.9916,0.9920,0.9925,0.9928,0.9932,0.9935
0.9938,0.9940,0.9942,0.9945,0.9947,0.9949,0.9952,0.9954,0.9957,0.9959
0.9960,0.9962,0.9964,0.9966,0.9968,0.9971,0.9972,0.9973,0.9974,0.9976
0.9977,0.9979,0.9980,0.9982,0.9983,0.9985,0.9986,0.9987,0.9988,0.9989
0.9991,0.9992,0.9993,0.9994,0.9996,0.9997,0.9998,0.9999,1.0000,1.0000
swc1x2fract=0.0002,0.0003,0.0004,0.0005,0.0006,0.0008,0.0010,0.0011
0.0013,0.0015,0.0017,0.0019,0.0021,0.0025,0.0035,0.0053,0.0078,0.0117
0.0161,0.0223,0.0296,0.0389,0.0498,0.0619,0.0756,0.0912,0.1087,0.1277
0.1473,0.1688,0.1907,0.2144,0.2388,0.2640,0.2893,0.3154,0.3416,0.3679
0.3944,0.4211,0.4482,0.4745,0.5009,0.5267,0.5522,0.5763,0.6000,0.6228
0.6448,0.6661,0.6868,0.7067,0.7266,0.7461,0.7651,0.7842,0.8019,0.8188
0.8357,0.8513,0.8659,0.8791,0.8913,0.9027,0.9124,0.9212,0.9293,0.9363
0.9426,0.9481,0.9530,0.9571,0.9614,0.9649,0.9680,0.9709,0.9735,0.9759
0.9780,0.9800,0.9818,0.9833,0.9847,0.9858,0.9868,0.9877,0.9886,0.9893
0.9900,0.9906,0.9912,0.9917,0.9921,0.9926,0.9929,0.9932,0.9935,0.9938
0.9941,0.9944,0.9946,0.9948,0.9951,0.9953,0.9956,0.9958,0.9959,0.9961
0.9964,0.9966,0.9967,0.9969,0.9971,0.9973,0.9975,0.9977,0.9978,0.9980
0.9982,0.9983,0.9984,0.9987,0.9988,0.9989,0.9991,0.9992,0.9993,0.9994
0.9995,0.9996,0.9997,0.9998,0.9999,1.0000,1.0000,1.0000,1.0000,1.0000
swc1v1fract=0.0001,0.0003,0.0004,0.0006,0.0007,0.0009,0.0011,0.0013
0.0015,0.0017,0.0019,0.0021,0.0022,0.0025,0.0029,0.0038,0.0051,0.0079
0.0119,0.0170,0.0237,0.0319,0.0413,0.0525,0.0653,0.0799,0.0956,0.1137
0.1336,0.1541,0.1762,0.1999,0.2244,0.2496,0.2757,0.3026,0.3288,0.3551
0.3809,0.4075,0.4344,0.4605,0.4871,0.5123,0.5379,0.5622,0.5866,0.6092
0.6318,0.6533,0.6743,0.6948,0.7152,0.7348,0.7544,0.7728,0.7905,0.8079
0.8250,0.8408,0.8558,0.8697,0.8827,0.8945,0.9050,0.9144,0.9229,0.9303
0.9369,0.9434,0.9486,0.9531,0.9574,0.9612,0.9648,0.9677,0.9705,0.9731
0.9754,0.9773,0.9793,0.9811,0.9827,0.9841,0.9856,0.9868,0.9879,0.9888
0.9895,0.9903,0.9909,0.9915,0.9919,0.9924,0.9927,0.9932,0.9936,0.9939
0.9941,0.9944,0.9947,0.9950,0.9953,0.9955,0.9957,0.9959,0.9961,0.9963
0.9965,0.9967,0.9969,0.9971,0.9972,0.9974,0.9975,0.9977,0.9979,0.9980
0.9982,0.9984,0.9985,0.9987,0.9988,0.9990,0.9991,0.9993,0.9994,0.9996
0.9997,0.9998,0.9999,1.0000,1.0000,1.0000,1.0000,1.0000,1.0000,1.0000
swc1v2fract=0.0002,0.0004,0.0005,0.0007,0.0009,0.0010,0.0012,0.0014
0.0017,0.0019,0.0020,0.0022,0.0024,0.0026,0.0030,0.0036,0.0048,0.0068
0.0101,0.0148,0.0209,0.0280,0.0369,0.0477,0.0604,0.0747,0.0910,0.1084
0.1276,0.1482,0.1705,0.1948,0.2195,0.2449,0.2707,0.2973,0.3238,0.3511
0.3779,0.4048,0.4326,0.4591,0.4853,0.5102,0.5354,0.5600,0.5839,0.6076
0.6297,0.6513,0.6717,0.6925,0.7130,0.7322,0.7509,0.7692,0.7873,0.8045
0.8214,0.8373,0.8526,0.8660,0.8795,0.8917,0.9029,0.9126,0.9209,0.9285
0.9352,0.9414,0.9472,0.9522,0.9564,0.9602,0.9636,0.9667,0.9697,0.9722
0.9746,0.9768,0.9789,0.9806,0.9822,0.9836,0.9849,0.9861,0.9872,0.9882
0.9891,0.9898,0.9906,0.9912,0.9918,0.9924,0.9928,0.9932,0.9935,0.9938
0.9941,0.9944,0.9947,0.9950,0.9953,0.9955,0.9957,0.9959,0.9960,0.9962
0.9964,0.9966,0.9968,0.9969,0.9971,0.9973,0.9975,0.9976,0.9978,0.9980
0.9981,0.9982,0.9984,0.9986,0.9987,0.9988,0.9990,0.9991,0.9992,0.9993
0.9995,0.9996,0.9997,0.9998,0.9999,1.0000,1.0000,1.0000,1.0000,1.0000
swc2u1fract=0.0001,0.0003,0.0005,0.0006,0.0007,0.0008,0.0010,0.0011
0.0013,0.0015,0.0016,0.0018,0.0020,0.0022,0.0024,0.0027,0.0034,0.0051
0.0076,0.0115,0.0172,0.0243,0.0332,0.0433,0.0556,0.0701,0.0861,0.1038
0.1229,0.1441,0.1663,0.1895,0.2138,0.2389,0.2644,0.2905,0.3171,0.3435
0.3689,0.3954,0.4225,0.4481,0.4735,0.4990,0.5234,0.5484,0.5728,0.5955
0.6175,0.6397,0.6608,0.6815,0.7013,0.7213,0.7403,0.7586,0.7768,0.7945
0.8112,0.8274,0.8432,0.8583,0.8729,0.8862,0.8982,0.9083,0.9178,0.9258
0.9329,0.9393,0.9451,0.9503,0.9549,0.9591,0.9627,0.9660,0.9690,0.9719
0.9744,0.9766,0.9787,0.9807,0.9823,0.9840,0.9855,0.9867,0.9880,0.9891
0.9902,0.9911,0.9919,0.9925,0.9931,0.9936,0.9940,0.9944,0.9948,0.9951
0.9954,0.9956,0.9959,0.9961,0.9964,0.9966,0.9967,0.9969,0.9971,0.9972
0.9974,0.9975,0.9977,0.9979,0.9980,0.9982,0.9983,0.9984,0.9985,0.9986
0.9987,0.9988,0.9988,0.9989,0.9990,0.9991,0.9993,0.9994,0.9994,0.9995
0.9996,0.9997,0.9998,0.9999,0.9999,1.0000,1.0000,1.0000,1.0000,1.0000
swc2u2fract=0.0002,0.0003,0.0004,0.0006,0.0007,0.0008,0.0010,0.0012
0.0013,0.0015,0.0016,0.0018,0.0020,0.0021,0.0024,0.0029,0.0038,0.0055
0.0084,0.0131,0.0189,0.0264,0.0357,0.0467,0.0596,0.0740,0.0909,0.1086
0.1281,0.1491,0.1720,0.1949,0.2187,0.2439,0.2696,0.2956,0.3212,0.3474
0.3736,0.4004,0.4264,0.4522,0.4780,0.5027,0.5267,0.5501,0.5737,0.5965
0.6186,0.6408,0.6619,0.6823,0.7027,0.7224,0.7414,0.7598,0.7780,0.7952
0.8121,0.8283,0.8437,0.8586,0.8727,0.8854,0.8975,0.9085,0.9181,0.9265
0.9339,0.9403,0.9461,0.9514,0.9558,0.9598,0.9633,0.9666,0.9694,0.9723
0.9747,0.9770,0.9790,0.9810,0.9826,0.9843,0.9856,0.9870,0.9882,0.9893
0.9901,0.9911,0.9919,0.9926,0.9933,0.9938,0.9942,0.9946,0.9949,0.9952
0.9955,0.9958,0.9961,0.9963,0.9965,0.9967,0.9969,0.9971,0.9972,0.9973
0.9975,0.9977,0.9978,0.9980,0.9981,0.9982,0.9983,0.9984,0.9985,0.9987
0.9988,0.9989,0.9990,0.9991,0.9992,0.9993,0.9994,0.9995,0.9996,0.9997
0.9997,0.9998,0.9999,1.0000,1.0000,1.0000,1.0000,1.0000,1.0000,1.0000
swc2x1fract=0.0001,0.0003,0.0004,0.0005,0.0007,0.0009,0.0010,0.0011
0.0012,0.0014,0.0015,0.0017,0.0018,0.0020,0.0022,0.0025,0.0032,0.0049
0.0074,0.0117,0.0176,0.0252,0.0348,0.0461,0.0601,0.0754,0.0923,0.1108
0.1313,0.1530,0.1751,0.1992,0.2240,0.2494,0.2749,0.3013,0.3269,0.3521
0.3779,0.4040,0.4293,0.4546,0.4797,0.5048,0.5298,0.5540,0.5776,0.6003
0.6224,0.6439,0.6650,0.6851,0.7054,0.7246,0.7430,0.7616,0.7795,0.7971
0.8141,0.8307,0.8466,0.8616,0.8761,0.8894,0.9010,0.9115,0.9208,0.9296
0.9371,0.9433,0.9488,0.9541,0.9585,0.9623,0.9662,0.9696,0.9722,0.9749
0.9772,0.9795,0.9814,0.9834,0.9850,0.9865,0.9879,0.9891,0.9900,0.9909
0.9917,0.9925,0.9931,0.9937,0.9941,0.9946,0.9949,0.9952,0.9954,0.9956
0.9959,0.9961,0.9963,0.9965,0.9967,0.9968,0.9970,0.9971,0.9973,0.9974
0.9976,0.9977,0.9979,0.9980,0.9982,0.9983,0.9984,0.9986,0.9987,0.9988
0.9989,0.9991,0.9992,0.9993,0.9993,0.9994,0.9995,0.9996,0.9997,0.9998
0.9999,1.0000,1.0000,1.0000,1.0000,1.0000,1.0000,1.0000,1.0000,1.0000
swc2x2fract=0.0002,0.0003,0.0004,0.0005,0.0006,0.0008,0.0009,0.0011
0.0013,0.0014,0.0016,0.0017,0.0019,0.0020,0.0023,0.0029,0.0040,0.0063
0.0101,0.0159,0.0232,0.0328,0.0437,0.0574,0.0724,0.0902,0.1090,0.1298
0.1507,0.1738,0.1978,0.2221,0.2477,0.2741,0.3006,0.3273,0.3534,0.3792
0.4043,0.4298,0.4551,0.4796,0.5044,0.5287,0.5531,0.5761,0.5987,0.6205
0.6413,0.6617,0.6820,0.7016,0.7210,0.7400,0.7575,0.7751,0.7927,0.8099
0.8265,0.8422,0.8568,0.8706,0.8839,0.8960,0.9074,0.9175,0.9264,0.9342
0.9406,0.9467,0.9517,0.9564,0.9605,0.9642,0.9675,0.9704,0.9732,0.9757
0.9781,0.9803,0.9823,0.9839,0.9853,0.9867,0.9880,0.9892,0.9902,0.9911
0.9919,0.9925,0.9931,0.9935,0.9940,0.9944,0.9948,0.9950,0.9953,0.9956
0.9959,0.9961,0.9964,0.9965,0.9968,0.9970,0.9972,0.9973,0.9974,0.9976
0.9978,0.9980,0.9981,0.9983,0.9984,0.9986,0.9988,0.9989,0.9990,0.9992
0.9992,0.9993,0.9995,0.9995,0.9997,0.9998,0.9999,1.0000,1.0000,1.0000
1.0000,1.0000,1.0000,1.0000,1.0000,1.0000,1.0000,1.0000,1.0000,1.0000
swc2v1fract=0.0001,0.0003,0.0004,0.0006,0.0007,0.0009,0.0010,0.0012
0.0013,0.0014,0.0016,0.0018,0.0019,0.0021,0.0023,0.0028,0.0034,0.0049
0.0076,0.0117,0.0173,0.0243,0.0333,0.0437,0.0559,0.0707,0.0867,0.1047
0.1240,0.1453,0.1676,0.1910,0.2152,0.2402,0.2663,0.2926,0.3193,0.3455
0.3717,0.3989,0.4246,0.4506,0.4765,0.5018,0.5268,0.5508,0.5746,0.5975
0.6201,0.6417,0.6628,0.6831,0.7030,0.7224,0.7413,0.7597,0.7775,0.7946
0.8118,0.8280,0.8434,0.8586,0.8732,0.8862,0.8977,0.9084,0.9178,0.9257
0.9332,0.9394,0.9453,0.9506,0.9549,0.9590,0.9629,0.9664,0.9696,0.9724
0.9748,0.9771,0.9791,0.9811,0.9827,0.9843,0.9856,0.9869,0.9882,0.9893
0.9904,0.9913,0.9920,0.9926,0.9934,0.9939,0.9944,0.9948,0.9951,0.9955
0.9957,0.9960,0.9962,0.9964,0.9967,0.9969,0.9971,0.9973,0.9975,0.9975
0.9977,0.9978,0.9979,0.9981,0.9982,0.9984,0.9985,0.9987,0.9988,0.9989
0.9990,0.9991,0.9992,0.9993,0.9994,0.9995,0.9996,0.9997,0.9998,0.9999
1.0000,1.0000,1.0000,1.0000,1.0000,1.0000,1.0000,1.0000,1.0000,1.0000
swc2v2fract=0.0001,0.0002,0.0003,0.0004,0.0006,0.0007,0.0009,0.0010
0.0012,0.0013,0.0015,0.0017,0.0019,0.0020,0.0022,0.0026,0.0035,0.0052
0.0082,0.0129,0.0193,0.0274,0.0375,0.0497,0.0633,0.0788,0.0960,0.1150
0.1363,0.1589,0.1823,0.2063,0.2306,0.2559,0.2814,0.3076,0.3333,0.3596
0.3864,0.4130,0.4391,0.4641,0.4896,0.5148,0.5393,0.5631,0.5859,0.6084
0.6302,0.6517,0.6727,0.6934,0.7127,0.7318,0.7512,0.7698,0.7879,0.8051
0.8215,0.8371,0.8518,0.8662,0.8799,0.8920,0.9037,0.9139,0.9229,0.9306
0.9375,0.9433,0.9488,0.9536,0.9580,0.9615,0.9650,0.9680,0.9709,0.9735
0.9758,0.9780,0.9799,0.9818,0.9836,0.9850,0.9864,0.9878,0.9889,0.9900
0.9909,0.9918,0.9925,0.9932,0.9939,0.9944,0.9948,0.9952,0.9955,0.9959
0.9961,0.9963,0.9966,0.9968,0.9970,0.9972,0.9973,0.9975,0.9976,0.9978
0.9980,0.9981,0.9982,0.9983,0.9984,0.9986,0.9987,0.9988,0.9990,0.9991
0.9992,0.9993,0.9993,0.9994,0.9996,0.9996,0.9997,0.9999,0.9999,1.0000
1.0000,1.0000,1.0000,1.0000,1.0000,1.0000,1.0000,1.0000,1.0000,1.0000
